# SOURCE  = 'Quimby et al. 2018' /                                                
# OBJECT  = 'PTF12dam'           /                                                
# Z       =             0.107500 / wavelengths in OBSERVER FRAME                 
# NORM    =          1.30094E-12 / fluxes divided by norm                         
# CLIPPED =                    1 / galaxy emission lines removed                  
# SMOOTHED=                    1 / spectrum has been smoothed                     
# COLUMN01= 'Wavelength (Angstrom)' /                                             
# COLUMN02= 'Flux Density (erg/s/cm2/A)' /                                        
# COLUMN03= 'Flux Density Uncertainty (erg/s/cm2/A)' /                            
# END                                                                             
# 
# 
# 
# 
# 
# 
# 
# 
# 
# 
# Converted to Observer Frame using z=0.1075
 2108.47475 0.8376650 0.0194341
 2110.58439 0.8262297 0.0192031
 2112.69403 0.8147895 0.0189720
 2114.80382 0.8033314 0.0187405
 2116.92574 0.7918620 0.0185088
 2119.03538 0.7803804 0.0182769
 2121.15730 0.7691897 0.0180498
 2123.27922 0.7615436 0.0178825
 2125.40114 0.7538899 0.0177149
 2127.52320 0.7462287 0.0175472
 2129.65740 0.7385643 0.0173795
 2131.79160 0.7308879 0.0172114
 2133.91351 0.7232572 0.0170444
 2136.04771 0.7192522 0.0169597
 2138.18191 0.7152455 0.0168749
 2140.32838 0.7112324 0.0167900
 2142.46257 0.7072156 0.0167050
 2144.60905 0.7031969 0.0166199
 2146.75552 0.6991717 0.0165348
 2148.90199 0.6929513 0.0164272
 2151.04847 0.6865896 0.0163181
 2153.19494 0.6802248 0.0162089
 2155.35369 0.6738507 0.0160997
 2157.51244 0.6674700 0.0159903
 2159.67119 0.6610826 0.0158807
 2161.82995 0.6586657 0.0158020
 2163.98870 0.6567299 0.0157269
 2166.14745 0.6547921 0.0156517
 2168.31848 0.6528525 0.0155764
 2170.48936 0.6509119 0.0155011
 2172.66038 0.6489683 0.0154257
 2174.83141 0.6518382 0.0154685
 2177.00244 0.6555207 0.0155312
 2179.18575 0.6592045 0.0155940
 2181.35663 0.6628943 0.0156568
 2183.53993 0.6665874 0.0157197
 2185.72324 0.6702825 0.0157826
 2187.91882 0.6769627 0.0159177
 2190.10198 0.6842088 0.0160664
 2192.29756 0.6914623 0.0162153
 2194.48087 0.6987233 0.0163643
 2196.67645 0.7059878 0.0165134
 2198.87188 0.7132631 0.0166628
 2201.07975 0.7113930 0.0166400
 2203.27533 0.7078945 0.0165866
 2205.48304 0.7043908 0.0165332
 2207.67862 0.7008836 0.0164797
 2209.88634 0.6973727 0.0164261
 2212.10647 0.6938605 0.0163725
 2214.31434 0.6986573 0.0163825
 2216.53432 0.7046882 0.0164020
 2218.74219 0.7107252 0.0164214
 2220.96217 0.7167647 0.0164409
 2223.18231 0.7228135 0.0164604
 2225.41458 0.7288688 0.0164799
 2227.63472 0.7328758 0.0165272
 2229.86698 0.7366973 0.0165773
 2232.08712 0.7405226 0.0166274
 2234.31939 0.7443518 0.0166775
 2236.56393 0.7481846 0.0167277
 2238.79635 0.7520195 0.0167779
 2241.02862 0.7540647 0.0167898
 2243.27331 0.7560617 0.0168007
 2245.51785 0.7580599 0.0168115
 2247.76240 0.7600610 0.0168224
 2250.00709 0.7620640 0.0168333
 2252.26391 0.7641736 0.0168452
 2254.50846 0.7680156 0.0168731
 2256.76543 0.7718636 0.0169011
 2259.02225 0.7757156 0.0169290
 2261.29135 0.7795712 0.0169571
 2263.54817 0.7834289 0.0169851
 2265.80514 0.7872417 0.0170187
 2268.07424 0.7908190 0.0170785
 2270.34334 0.7943977 0.0171383
 2272.61244 0.7979824 0.0171982
 2274.88154 0.8015704 0.0172581
 2277.16307 0.8051618 0.0173182
 2279.44444 0.8087422 0.0173916
 2281.71354 0.8122905 0.0174952
 2283.99492 0.8158442 0.0175988
 2286.28857 0.8194014 0.0177026
 2288.56995 0.8229604 0.0178065
 2290.86360 0.8265249 0.0179105
 2293.14498 0.8333070 0.0180399
 2295.43863 0.8439204 0.0181996
 2297.74457 0.8545379 0.0183593
 2300.03822 0.8651721 0.0185193
 2302.33187 0.8758174 0.0186794
 2304.63781 0.8864730 0.0188397
 2306.94374 0.8940896 0.0189662
 2309.24967 0.8998879 0.0190726
 2311.55560 0.9056922 0.0191791
 2313.87381 0.9115025 0.0192856
 2316.19202 0.9173151 0.0193923
 2318.49795 0.9231371 0.0194990
 2320.82844 0.9244251 0.0195338
 2323.14665 0.9246633 0.0195519
 2325.46486 0.9249017 0.0195700
 2327.79519 0.9251405 0.0195881
 2330.12568 0.9253795 0.0196063
 2332.44389 0.9256067 0.0196236
 2334.78665 0.9249775 0.0195797
 2337.11714 0.9243478 0.0195358
 2339.45976 0.9237175 0.0194919
 2341.79024 0.9230869 0.0194479
 2344.13301 0.9224553 0.0194039
 2346.47577 0.9207810 0.0193436
 2348.83066 0.9157159 0.0192307
 2351.17343 0.9106485 0.0191177
 2353.52847 0.9055733 0.0190046
 2355.88336 0.9004930 0.0188913
 2358.23840 0.8954078 0.0187779
 2360.59330 0.8907115 0.0186716
 2362.96062 0.8864484 0.0185732
 2365.31566 0.8821810 0.0184747
 2367.68283 0.8779097 0.0183760
 2370.05015 0.8736361 0.0182773
 2372.41732 0.8693557 0.0181785
 2374.79691 0.8649604 0.0180770
 2377.16408 0.8605211 0.0179745
 2379.54368 0.8560749 0.0178718
 2381.92313 0.8516244 0.0177690
 2384.31500 0.8471692 0.0176661
 2386.69445 0.8427098 0.0175632
 2389.07405 0.8367863 0.0174496
 2391.46577 0.8308524 0.0173358
 2393.85750 0.8249128 0.0172219
 2396.24937 0.8189707 0.0171079
 2398.65337 0.8130189 0.0169938
 2401.04525 0.8071082 0.0168817
 2403.44925 0.8013083 0.0167748
 2405.85325 0.7955055 0.0166678
 2408.25740 0.7896940 0.0165606
 2410.67368 0.7838763 0.0164533
 2413.07769 0.7780532 0.0163460
 2415.49397 0.7752775 0.0163022
 2417.91040 0.7745554 0.0163012
 2420.32668 0.7738326 0.0163002
 2422.74296 0.7731094 0.0162992
 2425.17151 0.7723851 0.0162983
 2427.60007 0.7716601 0.0162973
 2430.02878 0.7801442 0.0164548
 2432.45733 0.7894147 0.0166259
 2434.88589 0.7986893 0.0167971
 2437.31445 0.8079782 0.0169685
 2439.75528 0.8172768 0.0171401
 2442.19612 0.8271302 0.0173248
 2444.63695 0.8385268 0.0175462
 2447.09007 0.8499347 0.0177677
 2449.53090 0.8613544 0.0179895
 2451.98401 0.8727797 0.0182114
 2454.43713 0.8842218 0.0184337
 2456.89024 0.8967838 0.0186991
 2459.34335 0.9100183 0.0189904
 2461.80874 0.9232592 0.0192819
 2464.26185 0.9365203 0.0195737
 2466.72724 0.9497951 0.0198659
 2469.19263 0.9630839 0.0201584
 2471.67030 0.9777843 0.0204755
 2474.13569 0.9924990 0.0207929
 2476.61336 1.0072279 0.0211107
 2479.09103 1.0219719 0.0214287
 2481.56855 1.0367233 0.0217470
 2484.04621 1.0521795 0.0220580
 2486.53616 1.0686598 0.0223580
 2489.02610 1.0851471 0.0226582
 2491.51605 1.1016605 0.0229588
 2494.00584 1.1181906 0.0232597
 2496.49579 1.1347367 0.0235609
 2498.99801 1.1488296 0.0238443
 2501.48781 1.1624020 0.0241240
 2503.99003 1.1759874 0.0244041
 2506.50453 1.1895866 0.0246845
 2509.00660 1.2031916 0.0249649
 2511.50883 1.2155606 0.0252158
 2514.02318 1.2242156 0.0253780
 2516.53768 1.2328743 0.0255403
 2519.05218 1.2415473 0.0257028
 2521.57895 1.2502286 0.0258655
 2524.09345 1.2589184 0.0260284
 2526.61993 1.2647882 0.0261734
 2529.14671 1.2694685 0.0263110
 2531.67349 1.2741568 0.0264487
 2534.21254 1.2788494 0.0265866
 2536.73902 1.2835438 0.0267245
 2539.27808 1.2883502 0.0268636
 2541.81713 1.2936653 0.0270070
 2544.35589 1.2989848 0.0271505
 2546.90722 1.3043075 0.0272941
 2549.45855 1.3096383 0.0274380
 2551.99761 1.3149741 0.0275819
 2554.56092 1.3269947 0.0278222
 2557.11225 1.3424963 0.0281125
 2559.66359 1.3580215 0.0284033
 2562.22690 1.3735613 0.0286943
 2564.79051 1.3891174 0.0289857
 2567.35382 1.4007374 0.0291998
 2569.91743 1.3910635 0.0289962
 2572.49332 1.3813792 0.0287923
 2575.06890 1.3716860 0.0285883
 2577.63251 1.3619882 0.0283841
 2580.22038 1.3522747 0.0281797
 2582.79627 1.3488451 0.0280851
 2585.38443 1.3484206 0.0280431
 2587.96002 1.3479955 0.0280011
 2590.54819 1.3475699 0.0279590
 2593.14833 1.3471440 0.0279169
 2595.73650 1.3459239 0.0278719
 2598.33664 1.3418504 0.0278165
 2600.93708 1.3377727 0.0277610
 2603.53723 1.3336914 0.0277055
 2606.13767 1.3296078 0.0276500
 2608.73781 1.3255180 0.0275944
 2611.35053 1.3209844 0.0274638
 2613.96295 1.3163202 0.0273115
 2616.57568 1.3116539 0.0271591
 2619.18810 1.3069805 0.0270064
 2621.81309 1.3023024 0.0268537
 2624.43779 1.2944657 0.0266696
 2627.06279 1.2808249 0.0264284
 2629.68749 1.2671607 0.0261868
 2632.31249 1.2534841 0.0259449
 2634.94946 1.2397997 0.0257029
 2637.58644 1.2260951 0.0254606
 2640.22372 1.2146348 0.0252457
 2642.86069 1.2032965 0.0250323
 2645.51025 1.1919481 0.0248187
 2648.14722 1.1805943 0.0246049
 2650.79648 1.1692226 0.0243909
 2653.44603 1.1572243 0.0241573
 2656.10756 1.1447301 0.0239084
 2658.75681 1.1322162 0.0236590
 2661.41864 1.1196910 0.0234094
 2664.08017 1.1071531 0.0231596
 2666.74171 1.0953230 0.0229249
 2669.41581 1.0865401 0.0227557
 2672.07735 1.0777484 0.0225863
 2674.75115 1.0689477 0.0224167
 2677.42496 1.0601432 0.0222470
 2680.11135 1.0513248 0.0220771
 2682.78516 1.0357873 0.0217582
 2685.47124 1.0189514 0.0214106
 2688.15733 1.0020890 0.0210625
 2690.84372 0.9852116 0.0207140
 2693.52980 0.9683154 0.0203651
 2696.22817 0.9520651 0.0200358
 2698.92653 0.9364497 0.0197255
 2701.62519 0.9208083 0.0194147
 2704.32356 0.9051530 0.0191037
 2707.03420 0.8894891 0.0187925
 2709.73256 0.8772733 0.0185476
 2712.44320 0.8794948 0.0185807
 2715.15385 0.8817187 0.0186139
 2717.87706 0.8839436 0.0186470
 2720.58771 0.8861719 0.0186803
 2723.31062 0.8884025 0.0187135
 2726.03354 0.8952373 0.0188687
 2728.75646 0.9025889 0.0190375
 2731.49166 0.9099519 0.0192066
 2734.22686 0.9173229 0.0193759
 2736.96205 0.9246963 0.0195452
 2739.69725 0.9401242 0.0198527
 2742.43244 0.9604871 0.0202447
 2745.18022 0.9808724 0.0206371
 2747.92769 1.0012776 0.0210300
 2750.67517 1.0216939 0.0214230
 2753.42264 1.0432960 0.0218549
 2756.17011 1.0669647 0.0223547
 2758.92987 1.0906413 0.0228547
 2761.68962 1.1143565 0.0233555
 2764.44937 1.1380973 0.0238569
 2767.22140 1.1613213 0.0243447
 2769.98115 1.1806961 0.0247319
 2772.75318 1.2001003 0.0251196
 2775.52521 1.2195233 0.0255078
 2778.29724 1.2389652 0.0258964
 2781.08124 1.2584176 0.0262851
 2783.86555 1.2782075 0.0266639
 2786.64986 1.2980516 0.0270419
 2789.43416 1.3179065 0.0274202
 2792.21847 1.3377912 0.0277989
 2795.01505 1.3576952 0.0281781
 2797.81164 1.3707681 0.0284357
 2800.60822 1.3808154 0.0286396
 2803.40481 1.3908670 0.0288436
 2806.21337 1.4009347 0.0290479
 2809.02223 1.4110121 0.0292524
 2811.83109 1.4159071 0.0293694
 2814.63995 1.4157556 0.0294012
 2817.44882 1.4156039 0.0294330
 2820.26996 1.4154521 0.0294649
 2823.09080 1.4153003 0.0294967
 2825.91193 1.4151043 0.0295082
 2828.74535 1.4148227 0.0294798
 2831.56649 1.4145409 0.0294514
 2834.39991 1.4142590 0.0294229
 2837.23303 1.4139766 0.0293945
 2840.07872 1.4124451 0.0293407
 2842.91214 1.4054968 0.0291773
 2845.75783 1.3985448 0.0290138
 2848.60323 1.3915825 0.0288501
 2851.44892 1.3846138 0.0286862
 2854.30689 1.3778888 0.0285283
 2857.15229 1.3752441 0.0284709
 2860.01026 1.3725955 0.0284134
 2862.88051 1.3699446 0.0283558
 2865.73818 1.3672920 0.0282982
 2868.60843 1.3646356 0.0282405
 2871.46640 1.3590268 0.0281401
 2874.34863 1.3532320 0.0280370
 2877.21888 1.3474348 0.0279338
 2880.10141 1.3416278 0.0278304
 2882.97136 1.3358161 0.0277270
 2885.85388 1.3350024 0.0277142
 2888.74839 1.3351007 0.0277179
 2891.63091 1.3351990 0.0277216
 2894.52542 1.3352975 0.0277254
 2897.42022 1.3353961 0.0277291
 2900.31503 1.3380263 0.0277846
 2903.22181 1.3414298 0.0278558
 2906.11662 1.3448364 0.0279272
 2909.02340 1.3482462 0.0279986
 2911.94276 1.3516577 0.0280701
 2914.84954 1.3521051 0.0280801
 2917.76890 1.3513186 0.0280645
 2920.67568 1.3505317 0.0280490
 2923.60732 1.3497435 0.0280334
 2926.52638 1.3489546 0.0280178
 2929.45802 1.3479435 0.0279969
 2932.38935 1.3468175 0.0279732
 2935.32069 1.3456908 0.0279494
 2938.25233 1.3445626 0.0279257
 2941.19594 1.3434331 0.0279019
 2944.12758 1.3374871 0.0277982
 2947.07120 1.3287627 0.0276484
 2950.02709 1.3200302 0.0274985
 2952.97100 1.3112879 0.0273484
 2955.92690 1.3025430 0.0271983
 2958.88309 1.2937787 0.0270357
 2961.83898 1.2850024 0.0268658
 2964.80715 1.2762172 0.0266957
 2967.76334 1.2674285 0.0265255
 2970.73152 1.2586255 0.0263551
 2973.71196 1.2486537 0.0261628
 2976.68043 1.2380183 0.0259582
 2979.66088 1.2273670 0.0257533
 2982.64133 1.2167039 0.0255481
 2985.62178 1.2060312 0.0253428
 2988.60252 1.1978295 0.0251482
 2991.59525 1.1908901 0.0249592
 2994.58797 1.1839402 0.0247699
 2997.58070 1.1769834 0.0245804
 3000.57372 1.1700230 0.0243908
 3003.57873 1.1668446 0.0243090
 3006.58373 1.1652384 0.0242720
 3009.58873 1.1636307 0.0242349
 3012.59374 1.1620222 0.0241979
 3015.61132 1.1604112 0.0241607
 3018.62860 1.1611942 0.0241874
 3021.64588 1.1627001 0.0242332
 3024.66316 1.1642064 0.0242791
 3027.69272 1.1657151 0.0243250
 3030.72227 1.1672252 0.0243710
 3033.75183 1.1755038 0.0245458
 3036.78169 1.1850154 0.0247441
 3039.82352 1.1945363 0.0249425
 3042.86536 1.2040676 0.0251412
 3045.90720 1.2136073 0.0253400
 3048.94903 1.2234541 0.0255477
 3052.00314 1.2333333 0.0257562
 3055.05726 1.2432222 0.0259650
 3058.11137 1.2531149 0.0261738
 3061.16548 1.2633575 0.0263884
 3064.23187 1.2789716 0.0266912
 3067.29826 1.2946007 0.0269942
 3070.36466 1.3102360 0.0272974
 3073.43105 1.3258958 0.0276011
 3076.50971 1.3405441 0.0278870
 3079.57610 1.3508598 0.0280970
 3082.65477 1.3611815 0.0283071
 3085.74572 1.3715183 0.0285174
 3088.82439 1.3818651 0.0287280
 3091.91533 1.3898193 0.0289072
 3095.00628 1.3930483 0.0290246
 3098.10950 1.3962804 0.0291420
 3101.20015 1.3995161 0.0292596
 3104.30337 1.4027551 0.0293773
 3107.40659 1.4053963 0.0294304
 3110.52209 1.4074467 0.0294195
 3113.62532 1.4094992 0.0294085
 3116.74082 1.4115525 0.0293975
 3119.85632 1.4136090 0.0293864
 3122.97152 1.4155854 0.0294056
 3126.09930 1.4175262 0.0294387
 3129.22708 1.4194682 0.0294717
 3132.35486 1.4214129 0.0295048
 3135.49491 1.4233598 0.0295379
 3138.62239 1.4209262 0.0294853
 3141.76245 1.4179159 0.0294213
 3144.90250 1.4149007 0.0293573
 3148.05484 1.4118826 0.0292931
 3151.19459 1.4084922 0.0292214
 3154.34693 1.4018047 0.0290827
 3157.49926 1.3951064 0.0289437
 3160.66387 1.3884017 0.0288045
 3163.82818 1.3816901 0.0286653
 3166.98052 1.3709332 0.0284446
 3170.15740 1.3520534 0.0280606
 3173.32171 1.3331558 0.0276763
 3176.49860 1.3142474 0.0272917
 3179.67549 1.2953123 0.0269066
 3182.85208 1.2816734 0.0266271
 3186.04125 1.2718035 0.0264227
 3189.21784 1.2619298 0.0262183
 3192.40700 1.2520394 0.0260135
 3195.60845 1.2421407 0.0258085
 3198.79731 1.2335095 0.0256408
 3201.99876 1.2250977 0.0254795
 3205.19990 1.2166725 0.0253180
 3208.41362 1.2082386 0.0251562
 3211.61477 1.2015659 0.0250285
 3214.82849 1.2062868 0.0251201
 3218.04191 1.2110153 0.0252119
 3221.25563 1.2157481 0.0253038
 3224.48133 1.2204863 0.0253957
 3227.70733 1.2185763 0.0253541
 3230.93303 1.2080326 0.0251389
 3234.17130 1.1974773 0.0249235
 3237.39700 1.1869180 0.0247080
 3240.63528 1.1763411 0.0244922
 3243.87325 1.1661675 0.0242850
 3247.12381 1.1561211 0.0240804
 3250.37406 1.1460636 0.0238757
 3253.62432 1.1360024 0.0236709
 3256.87487 1.1260514 0.0234695
 3260.13740 1.1174932 0.0233092
 3263.38796 1.1089309 0.0231489
 3266.65049 1.1003553 0.0229884
 3269.92530 1.0917710 0.0228276
 3273.18813 1.0830854 0.0226605
 3276.46294 1.0742753 0.0224852
 3279.73775 1.0654507 0.0223096
 3283.02513 1.0566180 0.0221338
 3286.29994 1.0477757 0.0219578
 3289.58703 1.0429999 0.0218600
 3292.88639 1.0392308 0.0217814
 3296.17378 1.0354583 0.0217028
 3299.47315 1.0316837 0.0216241
 3302.77251 1.0296015 0.0215815
 3306.07187 1.0351143 0.0217010
 3309.38382 1.0406322 0.0218206
 3312.69546 1.0461560 0.0219403
 3316.00710 1.0516819 0.0220601
 3319.31874 1.0640445 0.0223134
 3322.64266 1.0813704 0.0226637
 3325.95460 1.0987024 0.0230141
 3329.29080 1.1160626 0.0233651
 3332.61472 1.1334400 0.0237164
 3335.95092 1.1535858 0.0241069
 3339.28711 1.1737576 0.0244977
 3342.62331 1.1939582 0.0248892
 3345.97178 1.2141806 0.0252810
 3349.30798 1.2361598 0.0257136
 3352.65646 1.2604836 0.0262006
 3356.01721 1.2848444 0.0266882
 3359.36598 1.3092314 0.0271765
 3362.72673 1.3336270 0.0276648
 3366.08749 1.3512383 0.0280203
 3369.46052 1.3678747 0.0283567
 3372.83355 1.3845274 0.0286934
 3376.20658 1.4011966 0.0290305
 3379.57961 1.4186882 0.0293678
 3382.95264 1.4378067 0.0297059
 3386.33794 1.4569438 0.0300443
 3389.72325 1.4760911 0.0303829
 3393.12054 1.4952672 0.0307221
 3396.50584 1.5036285 0.0309224
 3399.90343 1.5095901 0.0310920
 3403.31329 1.5155550 0.0312618
 3406.71087 1.5215288 0.0314317
 3410.12074 1.5234606 0.0315016
 3413.53060 1.5165128 0.0313515
 3416.94046 1.5095618 0.0312014
 3420.36260 1.5026000 0.0310510
 3423.78444 1.4956313 0.0309005
 3427.20658 1.4868459 0.0307220
 3430.62872 1.4776623 0.0305373
 3434.06314 1.4684699 0.0303524
 3437.49756 1.4592679 0.0301674
 3440.93197 1.4508390 0.0299968
 3444.37837 1.4438564 0.0298534
 3447.82506 1.4368620 0.0297097
 3451.27176 1.4298611 0.0295658
 3454.71845 1.4228570 0.0294219
 3458.17713 1.4243553 0.0294563
 3461.63610 1.4268821 0.0295123
 3465.09507 1.4294116 0.0295683
 3468.55374 1.4319422 0.0296244
 3472.02499 1.4365177 0.0297185
 3475.49624 1.4435821 0.0298590
 3478.97947 1.4506531 0.0299997
 3482.45072 1.4577279 0.0301404
 3485.93425 1.4644727 0.0302745
 3489.42976 1.4586986 0.0301546
 3492.91328 1.4529188 0.0300347
 3496.40909 1.4471364 0.0299147
 3499.90459 1.4413451 0.0297945
 3503.40040 1.4364169 0.0296938
 3506.90818 1.4320283 0.0296053
 3510.41627 1.4276377 0.0295168
 3513.92435 1.4232405 0.0294281
 3517.44441 1.4190835 0.0293483
 3520.95249 1.4157774 0.0292993
 3524.47255 1.4124663 0.0292503
 3528.00519 1.4091519 0.0292013
 3531.52525 1.4058344 0.0291522
 3535.05789 1.4045690 0.0291402
 3538.60250 1.4036834 0.0291351
 3542.13514 1.4027971 0.0291301
 3545.67976 1.4019098 0.0291250
 3549.22437 1.4011717 0.0291113
 3552.76929 1.4005945 0.0290883
 3556.32618 1.4000168 0.0290653
 3559.88337 1.3994385 0.0290422
 3563.44027 1.3995577 0.0290348
 3567.00944 1.4043939 0.0291331
 3570.57891 1.4092345 0.0292314
 3574.14808 1.4140800 0.0293298
 3577.71725 1.4189276 0.0294283
 3581.29900 1.4207659 0.0294705
 3584.88045 1.4218382 0.0294985
 3588.46190 1.4229110 0.0295264
 3592.05592 1.4239855 0.0295544
 3595.64965 1.4254602 0.0295895
 3599.24337 1.4273725 0.0296321
 3602.83740 1.4292865 0.0296748
 3606.44340 1.4312016 0.0297175
 3610.04941 1.4325933 0.0297495
 3613.65541 1.4315425 0.0297317
 3617.27369 1.4304913 0.0297138
 3620.89227 1.4294384 0.0296959
 3624.51055 1.4283845 0.0296779
 3628.14111 1.4243801 0.0296000
 3631.75939 1.4200048 0.0295146
 3635.38995 1.4156229 0.0294290
 3639.03309 1.4112366 0.0293434
 3642.67592 1.4100904 0.0293140
 3646.31876 1.4109683 0.0293199
 3649.96159 1.4118476 0.0293257
 3653.61671 1.4127278 0.0293316
 3657.25954 1.4117718 0.0293118
 3660.92693 1.4075083 0.0292457
 3664.58205 1.4032407 0.0291796
 3668.24944 1.3989688 0.0291135
 3671.91683 1.3946435 0.0290431
 3675.58422 1.3899424 0.0289406
 3679.26389 1.3852335 0.0288379
 3682.94356 1.3805200 0.0287352
 3686.62323 1.3758045 0.0286324
 3690.31517 1.3691522 0.0285002
 3694.00712 1.3622453 0.0283641
 3697.69907 1.3553318 0.0282279
 3701.39101 1.3484148 0.0280916
 3705.09524 1.3455347 0.0280364
 3708.79946 1.3446200 0.0280206
 3712.51596 1.3437043 0.0280048
 3716.22019 1.3427885 0.0279891
 3719.93669 1.3396826 0.0279254
 3723.66547 1.3341471 0.0278087
 3727.38167 1.3286089 0.0276918
 3731.11045 1.3230627 0.0275748
 3734.83923 1.3186742 0.0274821
 3738.58028 1.3171275 0.0274490
 3742.32134 1.3155792 0.0274158
 3746.06210 1.3140301 0.0273826
 3749.80315 1.3122133 0.0273442
 3753.55649 1.3084629 0.0272681
 3757.30982 1.3047107 0.0271920
 3761.06315 1.3009528 0.0271158
 3764.82847 1.2971913 0.0270395
 3768.59408 1.2967650 0.0270400
 3772.35969 1.2964571 0.0270432
 3776.13728 1.2961488 0.0270465
 3779.91517 1.2958401 0.0270498
 3783.69306 1.2976483 0.0270910
 3787.47065 1.2999070 0.0271402
 3791.26081 1.3021691 0.0271895
 3795.05098 1.3044335 0.0272389
 3798.85313 1.3033751 0.0272427
 3802.64329 1.3008744 0.0272267
 3806.44574 1.2983711 0.0272107
 3810.26016 1.2958652 0.0271947
 3814.07488 1.2902378 0.0270737
 3817.87702 1.2823985 0.0268784
 3821.70402 1.2745469 0.0266827
 3825.51845 1.2666873 0.0264868
 3829.34545 1.2613887 0.0263482
 3833.17214 1.2587622 0.0262693
 3837.01142 1.2561331 0.0261904
 3840.85040 1.2535017 0.0261113
 3844.68968 1.2511514 0.0260667
 3848.52865 1.2492148 0.0260728
 3852.38021 1.2472763 0.0260789
 3856.23146 1.2453359 0.0260850
 3860.09529 1.2409976 0.0260594
 3863.94655 1.2319057 0.0259709
 3867.81008 1.2228047 0.0258823
 3871.68619 1.2136945 0.0257936
 3875.54972 1.2070513 0.0257101
 3879.42583 1.2067264 0.0256399
 3883.31392 1.2064012 0.0255696
 3887.18973 1.2060757 0.0254993
 3891.07812 1.2048995 0.0254155
 3894.97848 1.2010221 0.0252890
 3898.86657 1.1971411 0.0251624
 3902.76693 1.1932578 0.0250357
 3906.66760 1.1898280 0.0249302
 3910.58024 1.1881028 0.0249047
 3914.49288 1.1863760 0.0248791
 3918.40553 1.1846474 0.0248535
 3922.31847 1.1838048 0.0248339
 3926.24339 1.1865658 0.0248387
 3930.16831 1.1893297 0.0248436
 3934.10551 1.1920950 0.0248485
 3938.03043 1.1935170 0.0248498
 3941.96792 1.1895124 0.0248368
 3945.91740 1.1855063 0.0248238
 3949.85460 1.1814941 0.0248108
 3953.81635 1.1786056 0.0247934
 3957.76582 1.1799372 0.0247601
 3961.72758 1.1812704 0.0247268
 3965.68933 1.1826042 0.0246934
 3969.65108 1.1841791 0.0246812
 3973.62511 1.1865195 0.0247369
 3977.59914 1.1888610 0.0247925
 3981.57317 1.1912061 0.0248483
 3985.55948 1.1924164 0.0248802
 3989.54579 1.1907315 0.0248509
 3993.53210 1.1890448 0.0248217
 3997.51840 1.1873574 0.0247924
 4001.51699 1.1841990 0.0247493
 4005.52785 1.1781278 0.0246790
 4009.52644 1.1720533 0.0246085
 4013.53730 1.1659698 0.0245380
 4017.54816 1.1625272 0.0244789
 4021.57130 1.1629797 0.0244366
 4025.59445 1.1634330 0.0243942
 4029.61759 1.1638865 0.0243518
 4033.65300 1.1643291 0.0243293
 4037.67584 1.1647596 0.0243277
 4041.72354 1.1651905 0.0243262
 4045.75896 1.1656220 0.0243246
 4049.80665 1.1686970 0.0243778
 4053.85435 1.1736851 0.0244707
 4057.91402 1.1786810 0.0245637
 4061.97400 1.1836820 0.0246568
 4066.03397 1.1783582 0.0245503
 4070.09394 1.1683768 0.0243538
 4074.16589 1.1583911 0.0241571
 4078.23814 1.1483899 0.0239602
 4082.32267 1.1454788 0.0239035
 4086.40720 1.1442177 0.0238794
 4090.49143 1.1429543 0.0238554
 4094.57596 1.1416899 0.0238312
 4098.67276 1.1422496 0.0238393
 4102.76927 1.1429155 0.0238493
 4106.87835 1.1435817 0.0238592
 4110.98714 1.1434262 0.0238531
 4115.09622 1.1350886 0.0236873
 4119.20530 1.1267474 0.0235213
 4123.32636 1.1183929 0.0233551
 4127.44772 1.1119536 0.0232253
 4131.58106 1.1112071 0.0232038
 4135.71470 1.1104594 0.0231823
 4139.84804 1.1097109 0.0231607
 4143.99396 1.1069844 0.0231008
 4148.13957 1.1016115 0.0229896
 4152.28549 1.0962359 0.0228784
 4156.43110 1.0908525 0.0227670
 4160.58930 1.0880123 0.0227082
 4164.74719 1.0867813 0.0226827
 4168.91736 1.0855482 0.0226572
 4173.08783 1.0843141 0.0226317
 4177.25801 1.0848202 0.0226397
 4181.44075 1.0857224 0.0226553
 4185.61093 1.0866253 0.0226709
 4189.80565 1.0873421 0.0226831
 4193.98840 1.0810249 0.0225669
 4198.18313 1.0747044 0.0224506
 4202.39013 1.0683745 0.0223341
 4206.58516 1.0634362 0.0222439
 4210.79216 1.0626611 0.0222321
 4214.99917 1.0618849 0.0222204
 4219.21845 1.0611079 0.0222086
 4223.43803 1.0591058 0.0221621
 4227.66959 1.0558174 0.0220791
 4231.88887 1.0525275 0.0219961
 4236.12043 1.0492326 0.0219129
 4240.36426 1.0462062 0.0218517
 4244.59612 1.0432745 0.0217983
 4248.83996 1.0403382 0.0217447
 4253.09607 1.0373960 0.0216911
 4257.35219 1.0325980 0.0216468
 4261.60830 1.0277954 0.0216024
 4265.86442 1.0229907 0.0215581
 4270.13281 1.0194978 0.0215168
 4274.40120 1.0194294 0.0214838
 4278.68217 1.0193613 0.0214508
 4282.96284 1.0192927 0.0214177
 4287.24351 1.0183195 0.0213850
 4291.52418 1.0166506 0.0213525
 4295.81712 1.0149790 0.0213200
 4300.11007 1.0133059 0.0212874
 4304.41530 1.0116302 0.0212272
 4308.72052 1.0099528 0.0211626
 4313.02574 1.0082747 0.0210980
 4317.34295 1.0070430 0.0210473
 4321.66045 1.0078701 0.0210603
 4325.97795 1.0086976 0.0210733
 4330.30773 1.0095263 0.0210863
 4334.63751 1.0085778 0.0210737
 4338.97957 1.0058665 0.0210355
 4343.30935 1.0031525 0.0209974
 4347.65140 1.0004373 0.0209592
 4352.00544 0.9990292 0.0209290
 4356.35977 0.9978713 0.0209004
 4360.71411 0.9967129 0.0208717
 4365.06844 0.9945685 0.0208281
 4369.43505 0.9882040 0.0207203
 4373.80137 0.9818370 0.0206125
 4378.18026 0.9754599 0.0205045
 4382.55915 0.9687821 0.0203746
 4386.95001 0.9618562 0.0202268
 4391.32890 0.9549233 0.0200788
 4395.72007 0.9479876 0.0199308
 4400.12322 0.9426979 0.0198106
 4404.51438 0.9375389 0.0196926
 4408.91783 0.9323778 0.0195746
 4413.33325 0.9305456 0.0195231
 4417.74897 0.9361852 0.0196211
 4422.16470 0.9418305 0.0197192
 4426.59240 0.9474812 0.0198173
 4431.00812 0.9508519 0.0198807
 4435.44810 0.9532686 0.0199297
 4439.87610 0.9556878 0.0199786
 4444.31607 0.9564093 0.0199971
 4448.76863 0.9439957 0.0197797
 4453.20861 0.9315688 0.0195620
 4457.66116 0.9191368 0.0193443
 4462.12569 0.9130555 0.0192276
 4466.59053 0.9124959 0.0191987
 4471.05506 0.9119356 0.0191699
 4475.53217 0.9113748 0.0191410
 4479.99670 0.9164177 0.0192742
 4484.48579 0.9216585 0.0194131
 4488.96290 0.9269049 0.0195522
 4493.45199 0.9315638 0.0196602
 4497.95335 0.9353834 0.0197235
 4502.44274 0.9392067 0.0197870
 4506.95639 0.9430337 0.0198505
 4511.45775 0.9396725 0.0197865
 4515.97169 0.9352121 0.0197031
 4520.48534 0.9307448 0.0196195
 4525.01126 0.9270101 0.0195515
 4529.52490 0.9247427 0.0195147
 4534.06340 0.9224717 0.0194778
 4538.58932 0.9201985 0.0194409
 4543.13979 0.9229701 0.0194964
 4547.67799 0.9269055 0.0195733
 4552.22847 0.9308423 0.0196502
 4556.77924 0.9339115 0.0197074
 4561.32972 0.9349630 0.0197191
 4565.89247 0.9360150 0.0197308
 4570.46750 0.9370686 0.0197426
 4575.03026 0.9343650 0.0196922
 4579.60529 0.9307393 0.0196265
 4584.19260 0.9271079 0.0195607
 4588.76763 0.9224373 0.0194845
 4593.36721 0.9155250 0.0193858
 4597.95452 0.9086059 0.0192870
 4602.55411 0.9016836 0.0191882
 4607.15369 0.8981422 0.0190862
 4611.76556 0.8952456 0.0189837
 4616.37742 0.8923476 0.0188810
 4620.98928 0.8885798 0.0187769
 4625.61343 0.8833633 0.0186703
 4630.23757 0.8781413 0.0185636
 4634.87398 0.8729140 0.0184568
 4639.49813 0.8683375 0.0183598
 4644.14682 0.8638089 0.0182634
 4648.78324 0.8592756 0.0181669
 4653.43164 0.8548751 0.0180774
 4658.09261 0.8506151 0.0179954
 4662.75358 0.8463506 0.0179133
 4667.41456 0.8420119 0.0178306
 4672.07553 0.8361849 0.0177379
 4676.74848 0.8303524 0.0176452
 4681.43401 0.8245142 0.0175523
 4686.10726 0.8196521 0.0174780
 4690.79279 0.8153719 0.0174148
 4695.49030 0.8110852 0.0173515
 4700.18811 0.8088741 0.0173181
 4704.88591 0.8141857 0.0173933
 4709.58342 0.8195057 0.0174686
 4714.29350 0.8248308 0.0175439
 4719.01586 0.8239202 0.0175473
 4723.73793 0.8216152 0.0175346
 4728.46029 0.8193092 0.0175219
 4733.18235 0.8213524 0.0175578
 4737.91699 0.8291699 0.0176583
 4742.65133 0.8369914 0.0177588
 4747.39824 0.8443454 0.0178536
 4752.14486 0.8428938 0.0178403
 4756.90405 0.8414416 0.0178271
 4761.65067 0.8399872 0.0178139
 4766.42214 0.8364176 0.0177747
 4771.18104 0.8318797 0.0177237
 4775.95251 0.8273376 0.0176725
 4780.73596 0.8223638 0.0175996
 4785.51971 0.8165048 0.0174821
 4790.30316 0.8106400 0.0173644
 4795.08661 0.8047727 0.0172467
 4799.88263 0.8031164 0.0172212
 4804.69064 0.8015264 0.0171972
 4809.48636 0.7999349 0.0171731
 4814.30695 0.7969539 0.0170909
 4819.11495 0.7932210 0.0169773
 4823.93523 0.7894823 0.0168635
 4828.75582 0.7878626 0.0168019
 4833.58837 0.7906637 0.0168493
 4838.42093 0.7934693 0.0168968
 4843.26577 0.7961903 0.0169431
 4848.09863 0.7908639 0.0168734
 4852.95575 0.7855294 0.0168035
 4857.80058 0.7801896 0.0167336
 4862.65770 0.7726531 0.0165947
 4867.52709 0.7642057 0.0164271
 4872.39648 0.7557541 0.0162594
 4877.26588 0.7508283 0.0161652
 4882.14784 0.7509111 0.0161752
 4887.02951 0.7509940 0.0161853
 4891.91118 0.7513519 0.0161996
 4896.80513 0.7535401 0.0162423
 4901.69908 0.7557306 0.0162851
 4906.60530 0.7579232 0.0163279
 4911.51153 0.7583498 0.0163352
 4916.41775 0.7584858 0.0163366
 4921.33626 0.7586219 0.0163381
 4926.25476 0.7617746 0.0163617
 4931.18554 0.7669744 0.0164003
 4936.11632 0.7721792 0.0164390
 4941.05908 0.7753671 0.0164804
 4945.98986 0.7746849 0.0165272
 4950.94519 0.7740020 0.0165740
 4955.90053 0.7732803 0.0166115
 4960.85586 0.7722159 0.0165644
 4965.81120 0.7711510 0.0165172
 4970.77851 0.7700844 0.0164700
 4975.74612 0.7675023 0.0164077
 4980.72601 0.7646881 0.0163431
 4985.70590 0.7618695 0.0162784
 4990.68580 0.7605990 0.0162555
 4995.67766 0.7601790 0.0162557
 5000.68211 0.7597587 0.0162558
 5005.67428 0.7600927 0.0162419
 5010.69070 0.7614116 0.0162096
 5015.69515 0.7627319 0.0161772
 5020.71187 0.7625620 0.0161310
 5025.72859 0.7574041 0.0160388
 5030.75699 0.7522411 0.0159465
 5035.78599 0.7470267 0.0158538
 5040.82757 0.7406922 0.0157555
 5045.86855 0.7343554 0.0156572
 5050.90953 0.7280081 0.0155588
 5055.96308 0.7220123 0.0154425
 5061.01664 0.7160738 0.0153232
 5066.08217 0.7101262 0.0152037
 5071.14771 0.7041482 0.0150887
 5076.21324 0.6981570 0.0149759
 5081.29135 0.6921557 0.0148629
 5086.38144 0.6852584 0.0147241
 5091.45955 0.6775240 0.0145612
 5096.56221 0.6697815 0.0143982
 5101.65230 0.6629176 0.0142561
 5106.75497 0.6575828 0.0141506
 5111.85704 0.6522430 0.0140451
 5116.97168 0.6485353 0.0139634
 5122.08692 0.6506606 0.0139669
 5127.21354 0.6527879 0.0139705
 5132.34076 0.6543132 0.0139663
 5137.47996 0.6492317 0.0138769
 5142.60718 0.6441479 0.0137876
 5147.75836 0.6390563 0.0136981
 5152.89756 0.6335290 0.0135930
 5158.04934 0.6279802 0.0134871
 5163.21309 0.6224230 0.0133810
 5168.37684 0.6196043 0.0133816
 5173.54060 0.6173002 0.0134023
 5178.71693 0.6149923 0.0134230
 5183.89266 0.6160876 0.0134067
 5189.08097 0.6184099 0.0133772
 5194.26928 0.6207346 0.0133476
 5199.47016 0.6244701 0.0133891
 5204.67045 0.6290159 0.0134712
 5209.87134 0.6335663 0.0135534
 5215.08420 0.6350507 0.0135845
 5220.29707 0.6340194 0.0135736
 5225.52191 0.6329871 0.0135626
 5230.74735 0.6347080 0.0135940
 5235.97219 0.6395394 0.0136732
 5241.20961 0.6443725 0.0137524
 5246.44703 0.6470578 0.0138063
 5251.69702 0.6465039 0.0138220
 5256.94642 0.6459498 0.0138377
 5262.20840 0.6439852 0.0138204
 5267.47037 0.6392878 0.0137389
 5272.73234 0.6345884 0.0136575
 5278.00630 0.6323718 0.0136244
 5283.29283 0.6363479 0.0137119
 5288.56738 0.6403286 0.0137995
 5293.86589 0.6431503 0.0138600
 5299.15241 0.6423910 0.0138369
 5304.45092 0.6416304 0.0138137
 5309.76201 0.6415799 0.0138106
 5315.07309 0.6441756 0.0138825
 5320.38417 0.6467751 0.0139545
 5325.70724 0.6488996 0.0140165
 5331.03030 0.6489583 0.0140351
 5336.36594 0.6490172 0.0140536
 5341.70158 0.6487155 0.0140595
 5347.03722 0.6466606 0.0140034
 5352.38484 0.6446037 0.0139473
 5357.74503 0.6422542 0.0138877
 5363.09265 0.6384016 0.0138098
 5368.46482 0.6345446 0.0137318
 5373.82502 0.6314874 0.0136753
 5379.19719 0.6324518 0.0137268
 5384.58194 0.6334172 0.0137783
 5389.96669 0.6336950 0.0138159
 5395.36341 0.6307608 0.0137880
 5400.74816 0.6278250 0.0137602
 5406.15687 0.6254590 0.0137220
 5411.56617 0.6254532 0.0136411
 5416.97548 0.6254476 0.0135603
 5422.38419 0.6244091 0.0134747
 5427.81805 0.6197780 0.0133731
 5433.23933 0.6151419 0.0132714
 5438.67319 0.6113539 0.0131850
 5444.11903 0.6099845 0.0131427
 5449.55289 0.6086128 0.0131003
 5455.01070 0.6066697 0.0130475
 5460.45654 0.6034325 0.0129709
 5465.92693 0.6001903 0.0128943
 5471.38535 0.5980533 0.0128446
 5476.86832 0.5979040 0.0128436
 5482.33871 0.5977545 0.0128426
 5487.82108 0.5963283 0.0128344
 5493.31603 0.5931413 0.0128164
 5498.79900 0.5899512 0.0127984
 5504.30593 0.5884697 0.0127827
 5509.80087 0.5887660 0.0127695
 5515.32038 0.5890626 0.0127563
 5520.82790 0.5881938 0.0127270
 5526.34740 0.5864440 0.0126855
 5531.87889 0.5846924 0.0126440
 5537.41097 0.5858187 0.0126817
 5542.95502 0.5884516 0.0127609
 5548.48651 0.5910860 0.0128402
 5554.04314 0.5904986 0.0128255
 5559.59918 0.5888548 0.0127799
 5565.15581 0.5872107 0.0127343
 5570.72383 0.5925703 0.0128368
 5576.29244 0.5991080 0.0129641
 5581.87363 0.6056513 0.0130915
 5587.45422 0.6112851 0.0131978
 5593.03541 0.6168919 0.0133035
 5598.62798 0.6219300 0.0134045
 5604.23373 0.6210436 0.0134564
 5609.83887 0.6201567 0.0135083
 5615.44462 0.6212104 0.0135704
 5621.06174 0.6292784 0.0136690
 5626.67947 0.6373506 0.0137675
 5632.30977 0.6448682 0.0138718
 5637.93947 0.6513582 0.0139862
 5643.58175 0.6578537 0.0141007
 5649.22343 0.6614676 0.0141677
 5654.87828 0.6621764 0.0141868
 5660.53254 0.6628864 0.0142060
 5666.18680 0.6642048 0.0142369
 5671.85363 0.6658493 0.0142742
 5677.53244 0.6674963 0.0143115
 5683.21185 0.6662698 0.0142922
 5688.89066 0.6643757 0.0142597
 5694.58205 0.6624796 0.0142271
 5700.27284 0.6595684 0.0141505
 5705.97621 0.6566328 0.0140730
 5711.68017 0.6534328 0.0139925
 5717.39552 0.6488154 0.0138960
 5723.11146 0.6441912 0.0137993
 5728.83938 0.6386589 0.0136942
 5734.55533 0.6313776 0.0135730
 5740.29523 0.6240847 0.0134515
