# SOURCE  = 'Quimby et al. 2018' /                                                
# OBJECT  = 'PTF12dam'           /                                                
# Z       =             0.107500 / wavelengths in OBSERVER FRAME                 
# NORM    =          7.58917E-13 / fluxes divided by norm                         
# CLIPPED =                    1 / galaxy emission lines removed                  
# SMOOTHED=                    1 / spectrum has been smoothed                     
# COLUMN01= 'Wavelength (Angstrom)' /                                             
# COLUMN02= 'Flux Density (erg/s/cm2/A)' /                                        
# COLUMN03= 'Flux Density Uncertainty (erg/s/cm2/A)' /                            
# END                                                                             
# 
# 
# 
# 
# 
# 
# 
# 
# 
# 
# Converted to Observer Frame using z=0.1075
 2108.47475 0.3183132 0.0258218
 2110.58439 0.3254702 0.0251625
 2112.69403 0.3326303 0.0245029
 2114.80382 0.3398015 0.0238422
 2116.92574 0.3469799 0.0231809
 2119.03538 0.3541659 0.0225189
 2121.15730 0.3613544 0.0218566
 2123.27922 0.3571116 0.0214199
 2125.40114 0.3521425 0.0209971
 2127.52320 0.3471686 0.0205738
 2129.65740 0.3421925 0.0201504
 2131.79160 0.3372088 0.0197263
 2133.91351 0.3322198 0.0193017
 2136.04771 0.3247949 0.0190043
 2138.18191 0.3170340 0.0187242
 2140.32838 0.3092606 0.0184437
 2142.46257 0.3014801 0.0181629
 2144.60905 0.2936958 0.0178820
 2146.75552 0.2858990 0.0176006
 2148.90199 0.2856081 0.0173459
 2151.04847 0.2866515 0.0170956
 2153.19494 0.2876954 0.0168452
 2155.35369 0.2887409 0.0165945
 2157.51244 0.2897874 0.0163435
 2159.67119 0.2908351 0.0160922
 2161.82995 0.2930901 0.0158852
 2163.98870 0.2955964 0.0156870
 2166.14745 0.2981052 0.0154886
 2168.31848 0.3006165 0.0152900
 2170.48936 0.3031290 0.0150913
 2172.66038 0.3056453 0.0148923
 2174.83141 0.3091257 0.0147809
 2177.00244 0.3128061 0.0146872
 2179.18575 0.3164878 0.0145936
 2181.35663 0.3201755 0.0144998
 2183.53993 0.3238665 0.0144059
 2185.72324 0.3275596 0.0143119
 2187.91882 0.3274893 0.0142179
 2190.10198 0.3267111 0.0141238
 2192.29756 0.3259321 0.0140296
 2194.48087 0.3251524 0.0139353
 2196.67645 0.3243722 0.0138410
 2198.87188 0.3235909 0.0137465
 2201.07975 0.3266511 0.0137234
 2203.27533 0.3302658 0.0137106
 2205.48304 0.3338859 0.0136979
 2207.67862 0.3375098 0.0136851
 2209.88634 0.3411373 0.0136722
 2212.10647 0.3447663 0.0136594
 2214.31434 0.3527511 0.0136650
 2216.53432 0.3611159 0.0136722
 2218.74219 0.3694892 0.0136795
 2220.96217 0.3778659 0.0136867
 2223.18231 0.3862556 0.0136939
 2225.41458 0.3946543 0.0137011
 2227.63472 0.4027487 0.0137711
 2229.86698 0.4108513 0.0138422
 2232.08712 0.4189620 0.0139134
 2234.31939 0.4270808 0.0139847
 2236.56393 0.4352073 0.0140560
 2238.79635 0.4430402 0.0141243
 2241.02862 0.4467224 0.0141494
 2243.27331 0.4504084 0.0141745
 2245.51785 0.4540963 0.0141997
 2247.76240 0.4577897 0.0142249
 2250.00709 0.4614867 0.0142501
 2252.26391 0.4639790 0.0142583
 2254.50846 0.4601317 0.0141774
 2256.76543 0.4562786 0.0140963
 2259.02225 0.4524213 0.0140152
 2261.29135 0.4485605 0.0139340
 2263.54817 0.4446977 0.0138528
 2265.80514 0.4430493 0.0138015
 2268.07424 0.4473190 0.0138303
 2270.34334 0.4515904 0.0138592
 2272.61244 0.4558689 0.0138881
 2274.88154 0.4601513 0.0139170
 2277.16307 0.4644380 0.0139460
 2279.44444 0.4691699 0.0139891
 2281.71354 0.4745488 0.0140530
 2283.99492 0.4799358 0.0141170
 2286.28857 0.4853281 0.0141811
 2288.56995 0.4907233 0.0142452
 2290.86360 0.4961266 0.0143093
 2293.14498 0.5006715 0.0143644
 2295.43863 0.5045102 0.0144118
 2297.74457 0.5083504 0.0144593
 2300.03822 0.5121966 0.0145069
 2302.33187 0.5160468 0.0145546
 2304.63781 0.5199009 0.0146022
 2306.94374 0.5241073 0.0146593
 2309.24967 0.5284659 0.0147203
 2311.55560 0.5328290 0.0147814
 2313.87381 0.5371967 0.0148426
 2316.19202 0.5415660 0.0149038
 2318.49795 0.5459425 0.0149651
 2320.82844 0.5566503 0.0151885
 2323.14665 0.5682793 0.0154355
 2325.46486 0.5799143 0.0156826
 2327.79519 0.5915665 0.0159300
 2330.12568 0.6032308 0.0161777
 2332.44389 0.6140042 0.0164025
 2334.78665 0.6110618 0.0162745
 2337.11714 0.6081164 0.0161464
 2339.45976 0.6051682 0.0160181
 2341.79024 0.6022186 0.0158898
 2344.13301 0.5992643 0.0157613
 2346.47577 0.5961589 0.0156474
 2348.83066 0.5926457 0.0155734
 2351.17343 0.5891309 0.0154994
 2353.52847 0.5856108 0.0154253
 2355.88336 0.5820871 0.0153511
 2358.23840 0.5785601 0.0152768
 2360.59330 0.5752239 0.0152236
 2362.96062 0.5720803 0.0151921
 2365.31566 0.5689333 0.0151605
 2367.68283 0.5657834 0.0151289
 2370.05015 0.5626320 0.0150973
 2372.41732 0.5594755 0.0150656
 2374.79691 0.5535223 0.0149099
 2377.16408 0.5465824 0.0147103
 2379.54368 0.5396315 0.0145104
 2381.92313 0.5326741 0.0143103
 2384.31500 0.5257093 0.0141101
 2386.69445 0.5187415 0.0139099
 2389.07405 0.5127350 0.0138006
 2391.46577 0.5067191 0.0136911
 2393.85750 0.5006976 0.0135815
 2396.24937 0.4946734 0.0134719
 2398.65337 0.4886394 0.0133621
 2401.04525 0.4834338 0.0132593
 2403.44925 0.4803009 0.0131744
 2405.85325 0.4771664 0.0130895
 2408.25740 0.4740271 0.0130044
 2410.67368 0.4708846 0.0129192
 2413.07769 0.4677391 0.0128339
 2415.49397 0.4653372 0.0127305
 2417.91040 0.4634635 0.0126140
 2420.32668 0.4615881 0.0124973
 2422.74296 0.4597118 0.0123806
 2425.17151 0.4578325 0.0122637
 2427.60007 0.4559515 0.0121468
 2430.02878 0.4583644 0.0121424
 2432.45733 0.4612369 0.0121500
 2434.88589 0.4641106 0.0121577
 2437.31445 0.4669887 0.0121653
 2439.75528 0.4698698 0.0121730
 2442.19612 0.4738799 0.0122024
 2444.63695 0.4814231 0.0122997
 2447.09007 0.4889738 0.0123971
 2449.53090 0.4965323 0.0124947
 2451.98401 0.5040944 0.0125922
 2454.43713 0.5116677 0.0126900
 2456.89024 0.5176904 0.0127613
 2459.34335 0.5226582 0.0128147
 2461.80874 0.5276284 0.0128681
 2464.26185 0.5326062 0.0129216
 2466.72724 0.5375891 0.0129752
 2469.19263 0.5425742 0.0130288
 2471.67030 0.5481202 0.0131122
 2474.13569 0.5536886 0.0131967
 2476.61336 0.5592625 0.0132813
 2479.09103 0.5648420 0.0133660
 2481.56855 0.5704243 0.0134507
 2484.04621 0.5760143 0.0135303
 2486.53616 0.5816092 0.0136008
 2489.02610 0.5872064 0.0136714
 2491.51605 0.5928124 0.0137421
 2494.00584 0.5984241 0.0138128
 2496.49579 0.6040412 0.0138836
 2498.99801 0.6084870 0.0139314
 2501.48781 0.6125987 0.0139725
 2503.99003 0.6167142 0.0140136
 2506.50453 0.6208340 0.0140548
 2509.00660 0.6249555 0.0140960
 2511.50883 0.6290724 0.0141423
 2514.02318 0.6331491 0.0142087
 2516.53768 0.6372275 0.0142751
 2519.05218 0.6413128 0.0143416
 2521.57895 0.6454019 0.0144082
 2524.09345 0.6494949 0.0144748
 2526.61993 0.6496840 0.0144554
 2529.14671 0.6478183 0.0143907
 2531.67349 0.6459494 0.0143260
 2534.21254 0.6440789 0.0142611
 2536.73902 0.6422076 0.0141963
 2539.27808 0.6404232 0.0141338
 2541.81713 0.6392497 0.0140886
 2544.35589 0.6380753 0.0140434
 2546.90722 0.6369002 0.0139981
 2549.45855 0.6357233 0.0139528
 2551.99761 0.6345453 0.0139074
 2554.56092 0.6360205 0.0139212
 2557.11225 0.6391326 0.0139716
 2559.66359 0.6422495 0.0140220
 2562.22690 0.6453692 0.0140725
 2564.79051 0.6484923 0.0141231
 2567.35382 0.6508552 0.0141611
 2569.91743 0.6479368 0.0141123
 2572.49332 0.6450154 0.0140633
 2575.06890 0.6420912 0.0140144
 2577.63251 0.6391656 0.0139654
 2580.22038 0.6362353 0.0139163
 2582.79627 0.6320212 0.0138267
 2585.38443 0.6271181 0.0137153
 2587.96002 0.6222075 0.0136037
 2590.54819 0.6172919 0.0134921
 2593.14833 0.6123711 0.0133803
 2595.73650 0.6084251 0.0132889
 2598.33664 0.6085770 0.0132831
 2600.93708 0.6087291 0.0132774
 2603.53723 0.6088813 0.0132716
 2606.13767 0.6090335 0.0132658
 2608.73781 0.6091861 0.0132600
 2611.35053 0.6089422 0.0132453
 2613.96295 0.6085695 0.0132277
 2616.57568 0.6081967 0.0132101
 2619.18810 0.6078233 0.0131925
 2621.81309 0.6074495 0.0131748
 2624.43779 0.6073782 0.0131633
 2627.06279 0.6079075 0.0131641
 2629.68749 0.6084378 0.0131649
 2632.31249 0.6089685 0.0131657
 2634.94946 0.6094995 0.0131665
 2637.58644 0.6100313 0.0131673
 2640.22372 0.6100173 0.0131624
 2642.86069 0.6099628 0.0131572
 2645.51025 0.6099082 0.0131519
 2648.14722 0.6098536 0.0131466
 2650.79648 0.6097989 0.0131414
 2653.44603 0.6089072 0.0131203
 2656.10756 0.6073245 0.0130861
 2658.75681 0.6057395 0.0130518
 2661.41864 0.6041529 0.0130176
 2664.08017 0.6025648 0.0129833
 2666.74171 0.6015924 0.0129616
 2669.41581 0.6034123 0.0129970
 2672.07735 0.6052340 0.0130325
 2674.75115 0.6070576 0.0130680
 2677.42496 0.6088820 0.0131035
 2680.11135 0.6107092 0.0131391
 2682.78516 0.6125407 0.0131738
 2685.47124 0.6143738 0.0132084
 2688.15733 0.6162097 0.0132430
 2690.84372 0.6180472 0.0132776
 2693.52980 0.6198869 0.0133123
 2696.22817 0.6200912 0.0133169
 2698.92653 0.6186877 0.0132920
 2701.62519 0.6172820 0.0132670
 2704.32356 0.6158749 0.0132420
 2707.03420 0.6144671 0.0132170
 2709.73256 0.6129191 0.0131909
 2712.44320 0.6107953 0.0131601
 2715.15385 0.6086690 0.0131294
 2717.87706 0.6065418 0.0130986
 2720.58771 0.6044114 0.0130677
 2723.31062 0.6022788 0.0130369
 2726.03354 0.5991494 0.0129788
 2728.75646 0.5959075 0.0129178
 2731.49166 0.5926607 0.0128566
 2734.22686 0.5894102 0.0127954
 2736.96205 0.5861588 0.0127341
 2739.69725 0.5822008 0.0126611
 2742.43244 0.5778104 0.0125809
 2745.18022 0.5734152 0.0125005
 2747.92769 0.5690156 0.0124202
 2750.67517 0.5646137 0.0123397
 2753.42264 0.5616234 0.0122881
 2756.17011 0.5610916 0.0122865
 2758.92987 0.5605596 0.0122849
 2761.68962 0.5600268 0.0122833
 2764.44937 0.5594934 0.0122817
 2767.22140 0.5593929 0.0122864
 2769.98115 0.5622944 0.0123350
 2772.75318 0.5652003 0.0123836
 2775.52521 0.5681090 0.0124323
 2778.29724 0.5710206 0.0124810
 2781.08124 0.5739337 0.0125298
 2783.86555 0.5786464 0.0126098
 2786.64986 0.5835509 0.0126932
 2789.43416 0.5884580 0.0127766
 2792.21847 0.5933726 0.0128602
 2795.01505 0.5982918 0.0129438
 2797.81164 0.6020925 0.0130167
 2800.60822 0.6054171 0.0130851
 2803.40481 0.6087431 0.0131535
 2806.21337 0.6120745 0.0132220
 2809.02223 0.6154091 0.0132906
 2811.83109 0.6179246 0.0133472
 2814.63995 0.6196696 0.0133927
 2817.44882 0.6214162 0.0134382
 2820.26996 0.6231644 0.0134837
 2823.09080 0.6249136 0.0135293
 2825.91193 0.6262816 0.0135759
 2828.74535 0.6269296 0.0136243
 2831.56649 0.6275783 0.0136728
 2834.39991 0.6282274 0.0137213
 2837.23303 0.6288773 0.0137699
 2840.07872 0.6301385 0.0138274
 2842.91214 0.6339183 0.0139219
 2845.75783 0.6377003 0.0140163
 2848.60323 0.6414877 0.0141109
 2851.44892 0.6452788 0.0142056
 2854.30689 0.6490626 0.0142958
 2857.15229 0.6526793 0.0143150
 2860.01026 0.6563013 0.0143342
 2862.88051 0.6599267 0.0143534
 2865.73818 0.6635541 0.0143726
 2868.60843 0.6671870 0.0143919
 2871.46640 0.6709765 0.0144602
 2874.34863 0.6747779 0.0145311
 2877.21888 0.6785809 0.0146020
 2880.10141 0.6823902 0.0146730
 2882.97136 0.6862027 0.0147442
 2885.85388 0.6892596 0.0148108
 2888.74839 0.6921870 0.0148767
 2891.63091 0.6951193 0.0149427
 2894.52542 0.6980544 0.0150088
 2897.42022 0.7009925 0.0150749
 2900.31503 0.7062339 0.0151946
 2903.22181 0.7121533 0.0153301
 2906.11662 0.7180783 0.0154657
 2909.02340 0.7240088 0.0156015
 2911.94276 0.7299423 0.0157373
 2914.84954 0.7353768 0.0158586
 2917.76890 0.7406093 0.0159740
 2920.67568 0.7458441 0.0160895
 2923.60732 0.7510874 0.0162051
 2926.52638 0.7563356 0.0163209
 2929.45802 0.7638000 0.0164798
 2932.38935 0.7723738 0.0166603
 2935.32069 0.7809511 0.0168409
 2938.25233 0.7895415 0.0170218
 2941.19594 0.7981408 0.0172028
 2944.12758 0.8037491 0.0173208
 2947.07120 0.8077006 0.0174038
 2950.02709 0.8116557 0.0174869
 2952.97100 0.8156152 0.0175701
 2955.92690 0.8195760 0.0176534
 2958.88309 0.8201981 0.0176684
 2961.83898 0.8188990 0.0176442
 2964.80715 0.8175986 0.0176199
 2967.76334 0.8162977 0.0175957
 2970.73152 0.8149947 0.0175714
 2973.71196 0.8141620 0.0175549
 2976.68043 0.8135920 0.0175429
 2979.66088 0.8130210 0.0175308
 2982.64133 0.8124495 0.0175187
 2985.62178 0.8118774 0.0175066
 2988.60252 0.8080058 0.0174302
 2991.59525 0.8025042 0.0173220
 2994.58797 0.7969944 0.0172137
 2997.58070 0.7914792 0.0171053
 3000.57372 0.7859611 0.0169968
 3003.57873 0.7816094 0.0169121
 3006.58373 0.7777241 0.0168370
 3009.58873 0.7738350 0.0167617
 3012.59374 0.7699440 0.0166865
 3015.61132 0.7660471 0.0166111
 3018.62860 0.7662904 0.0166110
 3021.64588 0.7677316 0.0166328
 3024.66316 0.7691734 0.0166545
 3027.69272 0.7706173 0.0166763
 3030.72227 0.7720628 0.0166981
 3033.75183 0.7712164 0.0166863
 3036.78169 0.7699785 0.0166687
 3039.82352 0.7687393 0.0166510
 3042.86536 0.7674988 0.0166334
 3045.90720 0.7662572 0.0166157
 3048.94903 0.7632516 0.0165699
 3052.00314 0.7601494 0.0165226
 3055.05726 0.7570441 0.0164752
 3058.11137 0.7539375 0.0164277
 3061.16548 0.7509409 0.0163832
 3064.23187 0.7496669 0.0163823
 3067.29826 0.7483917 0.0163814
 3070.36466 0.7471160 0.0163806
 3073.43105 0.7458383 0.0163797
 3076.50971 0.7453853 0.0163872
 3079.57610 0.7483434 0.0164291
 3082.65477 0.7513033 0.0164711
 3085.74572 0.7542675 0.0165131
 3088.82439 0.7572345 0.0165552
 3091.91533 0.7595186 0.0165903
 3095.00628 0.7604755 0.0166119
 3098.10950 0.7614332 0.0166335
 3101.20015 0.7623920 0.0166551
 3104.30337 0.7633518 0.0166768
 3107.40659 0.7675641 0.0167597
 3110.52209 0.7749705 0.0169029
 3113.62532 0.7823849 0.0170462
 3116.74082 0.7898021 0.0171896
 3119.85632 0.7972308 0.0173333
 3122.97152 0.8046526 0.0175634
 3126.09930 0.8120760 0.0178332
 3129.22708 0.8195030 0.0181032
 3132.35486 0.8269414 0.0183736
 3135.49491 0.8343868 0.0186443
 3138.62239 0.8446727 0.0188992
 3141.76245 0.8553219 0.0191523
 3144.90250 0.8659884 0.0194057
 3148.05484 0.8766651 0.0196594
 3151.19459 0.8862664 0.0198816
 3154.34693 0.8861698 0.0198201
 3157.49926 0.8860731 0.0197585
 3160.66387 0.8859762 0.0196969
 3163.82818 0.8858793 0.0196352
 3166.98052 0.8857482 0.0195852
 3170.15740 0.8855497 0.0195583
 3173.32171 0.8853509 0.0195313
 3176.49860 0.8851521 0.0195044
 3179.67549 0.8849530 0.0194774
 3182.85208 0.8814704 0.0193620
 3186.04125 0.8756496 0.0191838
 3189.21784 0.8698267 0.0190055
 3192.40700 0.8639939 0.0188268
 3195.60845 0.8581561 0.0186481
 3198.79731 0.8477293 0.0184395
 3201.99876 0.8365010 0.0182258
 3205.19990 0.8252548 0.0180118
 3208.41362 0.8139970 0.0177975
 3211.61477 0.8036379 0.0175943
 3214.82849 0.7991309 0.0174643
 3218.04191 0.7946167 0.0173341
 3221.25563 0.7900984 0.0172038
 3224.48133 0.7855750 0.0170733
 3227.70733 0.7755044 0.0168493
 3230.93303 0.7581202 0.0165018
 3234.17130 0.7407168 0.0161539
 3237.39700 0.7233070 0.0158058
 3240.63528 0.7058680 0.0154572
 3243.87325 0.6925794 0.0152130
 3247.12381 0.6806814 0.0150037
 3250.37406 0.6687701 0.0147942
 3253.62432 0.6568545 0.0145847
 3256.87487 0.6455633 0.0143851
 3260.13740 0.6413746 0.0142987
 3263.38796 0.6371839 0.0142124
 3266.65049 0.6329867 0.0141259
 3269.92530 0.6287852 0.0140393
 3273.18813 0.6243455 0.0139546
 3276.46294 0.6195977 0.0138725
 3279.73775 0.6148421 0.0137902
 3283.02513 0.6100820 0.0137078
 3286.29994 0.6053168 0.0136253
 3289.58703 0.6084574 0.0136714
 3292.88639 0.6136165 0.0137504
 3296.17378 0.6187802 0.0138293
 3299.47315 0.6239468 0.0139084
 3302.77251 0.6300778 0.0140067
 3306.07187 0.6405966 0.0141928
 3309.38382 0.6511250 0.0143792
 3312.69546 0.6616648 0.0145657
 3316.00710 0.6722084 0.0147523
 3319.31874 0.6873802 0.0150394
 3322.64266 0.7059566 0.0154004
 3325.95460 0.7245398 0.0157616
 3329.29080 0.7431531 0.0161233
 3332.61472 0.7617849 0.0164855
 3335.95092 0.7818254 0.0168854
 3339.28711 0.8018889 0.0172859
 3342.62331 0.8219813 0.0176869
 3345.97178 0.8420953 0.0180884
 3349.30798 0.8630033 0.0185106
 3352.65646 0.8849777 0.0189606
 3356.01721 0.9069856 0.0194113
 3359.36598 0.9290171 0.0198624
 3362.72673 0.9510564 0.0203138
 3366.08749 0.9728374 0.0207499
 3369.46052 0.9945959 0.0211841
 3372.83355 1.0163755 0.0216187
 3376.20658 1.0381767 0.0220538
 3379.57961 1.0591332 0.0224857
 3382.95264 1.0784123 0.0229115
 3386.33794 1.0977103 0.0233376
 3389.72325 1.1170183 0.0237641
 3393.12054 1.1363555 0.0241911
 3396.50584 1.1501497 0.0245223
 3399.90343 1.1626667 0.0248315
 3403.31329 1.1751904 0.0251408
 3406.71087 1.1877328 0.0254507
 3410.12074 1.1991547 0.0256880
 3413.53060 1.2080234 0.0257609
 3416.94046 1.2168961 0.0258339
 3420.36260 1.2257826 0.0259069
 3423.78444 1.2346778 0.0259801
 3427.20658 1.2390927 0.0260549
 3430.62872 1.2425191 0.0261302
 3434.06314 1.2459488 0.0262056
 3437.49756 1.2493820 0.0262811
 3440.93197 1.2517680 0.0263283
 3444.37837 1.2521813 0.0263224
 3447.82506 1.2525954 0.0263164
 3451.27176 1.2530098 0.0263104
 3454.71845 1.2534244 0.0263045
 3458.17713 1.2567832 0.0263987
 3461.63610 1.2605126 0.0265055
 3465.09507 1.2642461 0.0266124
 3468.55374 1.2679809 0.0267194
 3472.02499 1.2708006 0.0268218
 3475.49624 1.2724878 0.0269184
 3478.97947 1.2741766 0.0270150
 3482.45072 1.2758662 0.0271117
 3485.93425 1.2775606 0.0272073
 3489.42976 1.2793608 0.0272378
 3492.91328 1.2811627 0.0272683
 3496.40909 1.2829655 0.0272989
 3499.90459 1.2847710 0.0273294
 3503.40040 1.2857833 0.0273072
 3506.90818 1.2862915 0.0272515
 3510.41627 1.2868000 0.0271957
 3513.92435 1.2873093 0.0271398
 3517.44441 1.2886831 0.0271138
 3520.95249 1.2931863 0.0271960
 3524.47255 1.2976968 0.0272784
 3528.00519 1.3022116 0.0273608
 3531.52525 1.3067305 0.0274433
 3535.05789 1.3199080 0.0276900
 3538.60250 1.3347939 0.0279690
 3542.13514 1.3496938 0.0282483
 3545.67976 1.3646086 0.0285279
 3549.22437 1.3801728 0.0288318
 3552.76929 1.3964860 0.0291633
 3556.32618 1.4128145 0.0294951
 3559.88337 1.4291610 0.0298273
 3563.44027 1.4448628 0.0301510
 3567.00944 1.4559418 0.0304131
 3570.57891 1.4670309 0.0306756
 3574.14808 1.4781313 0.0309382
 3577.71725 1.4892364 0.0312010
 3581.29900 1.4998235 0.0314055
 3584.88045 1.5102789 0.0315946
 3588.46190 1.5207405 0.0317839
 3592.05592 1.5312169 0.0319734
 3595.64965 1.5363448 0.0320789
 3599.24337 1.5354731 0.0320902
 3602.83740 1.5346006 0.0321015
 3606.44340 1.5337276 0.0321128
 3610.04941 1.5330111 0.0321197
 3613.65541 1.5330756 0.0321047
 3617.27369 1.5331399 0.0320896
 3620.89227 1.5332046 0.0320746
 3624.51055 1.5332692 0.0320595
 3628.14111 1.5287162 0.0319814
 3631.75939 1.5235293 0.0318947
 3635.38995 1.5183347 0.0318078
 3639.03309 1.5131345 0.0317208
 3642.67592 1.5064083 0.0315827
 3646.31876 1.4986924 0.0314114
 3649.96159 1.4909643 0.0312398
 3653.61671 1.4832280 0.0310680
 3657.25954 1.4736859 0.0308573
 3660.92693 1.4607499 0.0305735
 3664.58205 1.4478023 0.0302893
 3668.24944 1.4348409 0.0300049
 3671.91683 1.4206911 0.0297043
 3675.58422 1.3966079 0.0292693
 3679.26389 1.3724853 0.0288335
 3682.94356 1.3483391 0.0283974
 3686.62323 1.3241832 0.0279611
 3690.31517 1.3028862 0.0276311
 3694.00712 1.2819747 0.0273157
 3697.69907 1.2610430 0.0270001
 3701.39101 1.2401009 0.0266843
 3705.09524 1.2273915 0.0264000
 3708.79946 1.2188551 0.0261316
 3712.51596 1.2103097 0.0258630
 3716.22019 1.2017610 0.0255942
 3719.93669 1.1930290 0.0253559
 3723.66547 1.1840925 0.0251529
 3727.38167 1.1751516 0.0249498
 3731.11045 1.1661978 0.0247464
 3734.83923 1.1614653 0.0246285
 3738.58028 1.1675345 0.0247297
 3742.32134 1.1736099 0.0248310
 3746.06210 1.1796883 0.0249324
 3749.80315 1.1855592 0.0250347
 3753.55649 1.1897159 0.0251442
 3757.30982 1.1938744 0.0252536
 3761.06315 1.1980394 0.0253633
 3764.82847 1.2022084 0.0254730
 3768.59408 1.2000595 0.0254134
 3772.35969 1.1976246 0.0253462
 3776.13728 1.1951858 0.0252788
 3779.91517 1.1927446 0.0252114
 3783.69306 1.1889071 0.0251633
 3787.47065 1.1847537 0.0251195
 3791.26081 1.1805940 0.0250758
 3795.05098 1.1764300 0.0250319
 3798.85313 1.1780057 0.0250687
 3802.64329 1.1821772 0.0251419
 3806.44574 1.1863530 0.0252152
 3810.26016 1.1905330 0.0252885
 3814.07488 1.1957439 0.0253819
 3817.87702 1.2017105 0.0254898
 3821.70402 1.2076865 0.0255979
 3825.51845 1.2136686 0.0257061
 3829.34545 1.2174875 0.0257644
 3833.17214 1.2189407 0.0257683
 3837.01142 1.2203954 0.0257721
 3840.85040 1.2218513 0.0257759
 3844.68968 1.2237766 0.0257995
 3848.52865 1.2264216 0.0258536
 3852.38021 1.2290690 0.0259078
 3856.23146 1.2317191 0.0259620
 3860.09529 1.2363149 0.0260534
 3863.94655 1.2449740 0.0262226
 3867.81008 1.2536418 0.0263919
 3871.68619 1.2623184 0.0265614
 3875.54972 1.2694768 0.0267034
 3879.42583 1.2725189 0.0267709
 3883.31392 1.2755641 0.0268385
 3887.18973 1.2786121 0.0269061
 3891.07812 1.2810248 0.0269608
 3894.97848 1.2812879 0.0269717
 3898.86657 1.2815512 0.0269826
 3902.76693 1.2818147 0.0269935
 3906.66760 1.2815511 0.0269969
 3910.58024 1.2791833 0.0269701
 3914.49288 1.2768133 0.0269432
 3918.40553 1.2744408 0.0269163
 3922.31847 1.2722096 0.0268944
 3926.24339 1.2705991 0.0268942
 3930.16831 1.2689867 0.0268941
 3934.10551 1.2673736 0.0268940
 3938.03043 1.2664202 0.0268957
 3941.96792 1.2683873 0.0269055
 3945.91740 1.2703551 0.0269154
 3949.85460 1.2723259 0.0269253
 3953.81635 1.2714847 0.0268901
 3957.76582 1.2593557 0.0266740
 3961.72758 1.2472148 0.0264576
 3965.68933 1.2350675 0.0262412
 3969.65108 1.2255261 0.0260700
 3973.62511 1.2248914 0.0260534
 3977.59914 1.2242565 0.0260368
 3981.57317 1.2236207 0.0260202
 3985.55948 1.2216043 0.0259825
 3989.54579 1.2158175 0.0258872
 3993.53210 1.2100246 0.0257918
 3997.51840 1.2042296 0.0256963
 4001.51699 1.1982666 0.0255999
 4005.52785 1.1919670 0.0255016
 4009.52644 1.1856641 0.0254032
 4013.53730 1.1793518 0.0253046
 4017.54816 1.1756657 0.0252430
 4021.57130 1.1760832 0.0252390
 4025.59445 1.1765012 0.0252350
 4029.61759 1.1769196 0.0252311
 4033.65300 1.1791162 0.0252644
 4037.67584 1.1833019 0.0253394
 4041.72354 1.1874890 0.0254145
 4045.75896 1.1916831 0.0254897
 4049.80665 1.1882952 0.0254171
 4053.85435 1.1791028 0.0252313
 4057.91402 1.1698962 0.0250453
 4061.97400 1.1606801 0.0248590
 4066.03397 1.1562760 0.0247824
 4070.09394 1.1541796 0.0247584
 4074.16589 1.1520822 0.0247343
 4078.23814 1.1499817 0.0247102
 4082.32267 1.1477818 0.0246925
 4086.40720 1.1455566 0.0246764
 4090.49143 1.1433277 0.0246603
 4094.57596 1.1410966 0.0246441
 4098.67276 1.1426773 0.0246689
 4102.76927 1.1445391 0.0246967
 4106.87835 1.1464016 0.0247245
 4110.98714 1.1480561 0.0247501
 4115.09622 1.1472174 0.0247495
 4119.20530 1.1463782 0.0247489
 4123.32636 1.1455375 0.0247483
 4127.44772 1.1428407 0.0246863
 4131.58106 1.1342348 0.0244285
 4135.71470 1.1256150 0.0241703
 4139.84804 1.1169864 0.0239118
 4143.99396 1.1136001 0.0237917
 4148.13957 1.1176262 0.0238671
 4152.28549 1.1216543 0.0239425
 4156.43110 1.1256883 0.0240181
 4160.58930 1.1264058 0.0240288
 4164.74719 1.1249053 0.0239962
 4168.91736 1.1234025 0.0239636
 4173.08783 1.1218983 0.0239309
 4177.25801 1.1244889 0.0239768
 4181.44075 1.1281136 0.0240425
 4185.61093 1.1317400 0.0241083
 4189.80565 1.1354038 0.0241747
 4193.98840 1.1415504 0.0242898
 4198.18313 1.1477001 0.0244050
 4202.39013 1.1538591 0.0245204
 4206.58516 1.1588095 0.0246150
 4210.79216 1.1598186 0.0246421
 4214.99917 1.1608292 0.0246693
 4219.21845 1.1618408 0.0246965
 4223.43803 1.1616274 0.0247094
 4227.66959 1.1600586 0.0247064
 4231.88887 1.1584891 0.0247035
 4236.12043 1.1569171 0.0247006
 4240.36426 1.1603606 0.0247677
 4244.59612 1.1657224 0.0248616
 4248.83996 1.1710929 0.0249556
 4253.09607 1.1764683 0.0250498
 4257.35219 1.1794097 0.0250996
 4261.60830 1.1823193 0.0251489
 4265.86442 1.1852301 0.0251982
 4270.13281 1.1879634 0.0252713
 4274.40120 1.1901875 0.0254111
 4278.68217 1.1924126 0.0255509
 4282.96284 1.1946411 0.0256910
 4287.24351 1.2018688 0.0258135
 4291.52418 1.2131884 0.0259217
 4295.81712 1.2245255 0.0260300
 4300.11007 1.2358735 0.0261385
 4304.41530 1.2391148 0.0261804
 4308.72052 1.2409115 0.0262105
 4313.02574 1.2427089 0.0262406
 4317.34295 1.2447535 0.0262798
 4321.66045 1.2480724 0.0263668
 4325.97795 1.2513930 0.0264537
 4330.30773 1.2547185 0.0265408
 4334.63751 1.2596477 0.0266487
 4338.97957 1.2662675 0.0267784
 4343.30935 1.2728935 0.0269083
 4347.65140 1.2795230 0.0270383
 4352.00544 1.2825935 0.0271350
 4356.35977 1.2849034 0.0272246
 4360.71411 1.2872143 0.0273142
 4365.06844 1.2899477 0.0273994
 4369.43505 1.2947088 0.0274624
 4373.80137 1.2994721 0.0275253
 4378.18026 1.3042427 0.0275884
 4382.55915 1.3057488 0.0275820
 4386.95001 1.3043840 0.0275145
 4391.32890 1.3030179 0.0274470
 4395.72007 1.3016510 0.0273794
 4400.12322 1.2961884 0.0272833
 4404.51438 1.2902976 0.0271841
 4408.91783 1.2844046 0.0270848
 4413.33325 1.2781963 0.0270055
 4417.74897 1.2712367 0.0269747
 4422.16470 1.2642699 0.0269438
 4426.59240 1.2572964 0.0269130
 4431.00812 1.2555740 0.0268255
 4435.44810 1.2562473 0.0267121
 4439.87610 1.2569214 0.0265985
 4444.31607 1.2570693 0.0264872
 4448.76863 1.2523206 0.0263971
 4453.20861 1.2475668 0.0263068
 4457.66116 1.2428111 0.0262166
 4462.12569 1.2401184 0.0261876
 4466.59053 1.2393688 0.0262164
 4471.05506 1.2386185 0.0262451
 4475.53217 1.2378674 0.0262739
 4479.99670 1.2410121 0.0263522
 4484.48579 1.2443674 0.0264333
 4488.96290 1.2477263 0.0265144
 4493.45199 1.2513871 0.0265884
 4497.95335 1.2555175 0.0266514
 4502.44274 1.2596519 0.0267145
 4506.95639 1.2637902 0.0267776
 4511.45775 1.2713906 0.0269168
 4515.97169 1.2796141 0.0270696
 4520.48534 1.2878507 0.0272226
 4525.01126 1.2925321 0.0272994
 4529.52490 1.2894516 0.0272096
 4534.06340 1.2863661 0.0271196
 4538.58932 1.2832776 0.0270296
 4543.13979 1.2842625 0.0270671
 4547.67799 1.2863095 0.0271379
 4552.22847 1.2883574 0.0272087
 4556.77924 1.2889013 0.0272316
 4561.32972 1.2856165 0.0271325
 4565.89247 1.2823305 0.0270334
 4570.46750 1.2790390 0.0269340
 4575.03026 1.2744120 0.0268399
 4579.60529 1.2694157 0.0267472
 4584.19260 1.2644116 0.0266543
 4588.76763 1.2550403 0.0264845
 4593.36721 1.2353399 0.0261329
 4597.95452 1.2156203 0.0257809
 4602.55411 1.1958917 0.0254287
 4607.15369 1.1935104 0.0253833
 4611.76556 1.1949353 0.0254052
 4616.37742 1.1963609 0.0254271
 4620.98928 1.1932377 0.0253724
 4625.61343 1.1818552 0.0251786
 4630.23757 1.1704609 0.0249847
 4634.87398 1.1590548 0.0247905
 4639.49813 1.1522543 0.0246071
 4644.14682 1.1459520 0.0244246
 4648.78324 1.1396432 0.0242420
 4653.43164 1.1356515 0.0241296
 4658.09261 1.1343859 0.0240999
 4662.75358 1.1331190 0.0240702
 4667.41456 1.1318661 0.0240417
 4672.07553 1.1311218 0.0240552
 4676.74848 1.1303767 0.0240687
 4681.43401 1.1296310 0.0240822
 4686.10726 1.1275624 0.0240693
 4690.79279 1.1246334 0.0240394
 4695.49030 1.1216999 0.0240094
 4700.18811 1.1176217 0.0239687
 4704.88591 1.1088423 0.0238844
 4709.58342 1.1000488 0.0237999
 4714.29350 1.0912468 0.0237153
 4719.01586 1.0915734 0.0236761
 4723.73793 1.0942374 0.0236485
 4728.46029 1.0969025 0.0236208
 4733.18235 1.1019537 0.0236802
 4737.91699 1.1104550 0.0238656
 4742.65133 1.1189605 0.0240510
 4747.39824 1.1274647 0.0242374
 4752.14486 1.1355389 0.0244422
 4756.90405 1.1436168 0.0246471
 4761.65067 1.1517069 0.0248523
 4766.42214 1.1606272 0.0249750
 4771.18104 1.1699742 0.0250558
 4775.95251 1.1793299 0.0251367
 4780.73596 1.1862891 0.0252036
 4785.51971 1.1878608 0.0252388
 4790.30316 1.1894341 0.0252741
 4795.08661 1.1910080 0.0253094
 4799.88263 1.1898309 0.0253271
 4804.69064 1.1885478 0.0253442
 4809.48636 1.1872636 0.0253614
 4814.30695 1.1927576 0.0254337
 4819.11495 1.2022649 0.0255388
 4823.93523 1.2117869 0.0256440
 4828.75582 1.2179801 0.0257191
 4833.58837 1.2165219 0.0257251
 4838.42093 1.2150611 0.0257310
 4843.26577 1.2135991 0.0257370
 4848.09863 1.2067536 0.0256130
 4852.95575 1.1998436 0.0254874
 4857.80058 1.1929270 0.0253617
 4862.65770 1.1889971 0.0252897
 4867.52709 1.1864400 0.0252424
 4872.39648 1.1838815 0.0251950
 4877.26588 1.1794082 0.0251148
 4882.14784 1.1719548 0.0249834
 4887.02951 1.1644980 0.0248520
 4891.91118 1.1564742 0.0247040
 4896.80513 1.1438518 0.0244209
 4901.69908 1.1312160 0.0241375
 4906.60530 1.1185679 0.0238537
 4911.51153 1.1085584 0.0236272
 4916.41775 1.0990521 0.0234115
 4921.33626 1.0895365 0.0231956
 4926.25476 1.0861146 0.0231304
 4931.18554 1.0872180 0.0231771
 4936.11632 1.0883223 0.0232240
 4941.05908 1.0880125 0.0232339
 4945.98986 1.0846981 0.0231654
 4950.94519 1.0813805 0.0230969
 4955.90053 1.0785882 0.0230366
 4960.85586 1.0820570 0.0230754
 4965.81120 1.0855273 0.0231143
 4970.77851 1.0890033 0.0231532
 4975.74612 1.0885354 0.0231402
 4980.72601 1.0873457 0.0231176
 4985.70590 1.0861541 0.0230951
 4990.68580 1.0863487 0.0231122
 4995.67766 1.0873820 0.0231534
 5000.68211 1.0884162 0.0231946
 5005.67428 1.0882303 0.0232016
 5010.69070 1.0862838 0.0231593
 5015.69515 1.0843353 0.0231170
 5020.71187 1.0833333 0.0230927
 5025.72859 1.0859847 0.0231377
 5030.75699 1.0886387 0.0231828
 5035.78599 1.0912403 0.0232270
 5040.82757 1.0902803 0.0232073
 5045.86855 1.0893199 0.0231876
 5050.90953 1.0883579 0.0231678
 5055.96308 1.0855896 0.0231140
 5061.01664 1.0824499 0.0230532
 5066.08217 1.0793052 0.0229923
 5071.14771 1.0769807 0.0229659
 5076.21324 1.0750861 0.0229574
 5081.29135 1.0731883 0.0229490
 5086.38144 1.0701308 0.0228939
 5091.45955 1.0658821 0.0227908
 5096.56221 1.0616288 0.0226877
 5101.65230 1.0574750 0.0226117
 5106.75497 1.0535138 0.0225887
 5111.85704 1.0495487 0.0225656
 5116.97168 1.0460448 0.0225290
 5122.08692 1.0444731 0.0224354
 5127.21354 1.0428997 0.0223418
 5132.34076 1.0411958 0.0222506
 5137.47996 1.0374695 0.0221986
 5142.60718 1.0337415 0.0221466
 5147.75836 1.0300080 0.0220945
 5152.89756 1.0208617 0.0219578
 5158.04934 1.0113176 0.0218150
 5163.21309 1.0017589 0.0216719
 5168.37684 0.9982226 0.0215857
 5173.54060 0.9960442 0.0215124
 5178.71693 0.9938623 0.0214390
 5183.89266 0.9945913 0.0214282
 5189.08097 0.9965128 0.0214431
 5194.26928 0.9984364 0.0214580
 5199.47016 0.9904307 0.0212998
 5204.67045 0.9760906 0.0210312
 5209.87134 0.9617355 0.0207623
 5215.08420 0.9536995 0.0206273
 5220.29707 0.9514027 0.0206141
 5225.52191 0.9491036 0.0206008
 5230.74735 0.9493271 0.0206157
 5235.97219 0.9527076 0.0206660
 5241.20961 0.9560894 0.0207162
 5246.44703 0.9569779 0.0207389
 5251.69702 0.9536854 0.0207153
 5256.94642 0.9503914 0.0206917
 5262.20840 0.9463229 0.0206606
 5267.47037 0.9405620 0.0206130
 5272.73234 0.9347985 0.0205654
 5278.00630 0.9285376 0.0204709
 5283.29283 0.9208928 0.0202443
 5288.56738 0.9132392 0.0200175
 5293.86589 0.9049177 0.0198059
 5299.15241 0.8942468 0.0196492
 5304.45092 0.8835589 0.0194922
 5309.76201 0.8748353 0.0193542
 5315.07309 0.8748235 0.0193010
 5320.38417 0.8748118 0.0192478
 5325.70724 0.8736852 0.0191835
 5331.03030 0.8667309 0.0190618
 5336.36594 0.8597697 0.0189400
 5341.70158 0.8530856 0.0188233
 5347.03722 0.8480611 0.0187373
 5352.38484 0.8430315 0.0186512
 5357.74503 0.8385486 0.0185700
 5363.09265 0.8375482 0.0185202
 5368.46482 0.8365466 0.0184704
 5373.82502 0.8350659 0.0184146
 5379.19719 0.8306232 0.0183222
 5384.58194 0.8261761 0.0182298
 5389.96669 0.8235114 0.0181923
 5395.36341 0.8309852 0.0184670
 5400.74816 0.8384632 0.0187418
 5406.15687 0.8468801 0.0189902
 5411.56617 0.8598749 0.0191066
 5416.97548 0.8728740 0.0192230
 5422.38419 0.8840128 0.0193255
 5427.81805 0.8873789 0.0193695
 5433.23933 0.8907487 0.0194137
 5438.67319 0.8943910 0.0194672
 5444.11903 0.8989252 0.0195520
 5449.55289 0.9034669 0.0196368
 5455.01070 0.9097407 0.0197564
 5460.45654 0.9205162 0.0199664
 5465.92693 0.9313083 0.0201766
 5471.38535 0.9385849 0.0203226
 5476.86832 0.9387561 0.0203390
 5482.33871 0.9389274 0.0203553
 5487.82108 0.9426357 0.0204514
 5493.31603 0.9518279 0.0206711
 5498.79900 0.9610292 0.0208910
 5504.30593 0.9702265 0.0211042
 5509.80087 0.9794297 0.0213101
 5515.32038 0.9886410 0.0215160
 5520.82790 0.9933332 0.0215996
 5526.34740 0.9942059 0.0215797
 5531.87889 0.9950794 0.0215597
 5537.41097 0.9996812 0.0216475
 5542.95502 1.0064887 0.0217989
 5548.48651 1.0132999 0.0219505
 5554.04314 1.0159225 0.0220024
 5559.59918 1.0169432 0.0220162
 5565.15581 1.0179641 0.0220301
 5570.72383 1.0225209 0.0220856
 5576.29244 1.0278128 0.0221497
 5581.87363 1.0331092 0.0222139
 5587.45422 1.0285203 0.0221312
 5593.03541 1.0233108 0.0220392
 5598.62798 1.0187857 0.0219603
 5604.23373 1.0249075 0.0220846
 5609.83887 1.0310318 0.0222089
 5615.44462 1.0339801 0.0222776
 5621.06174 1.0232828 0.0221076
 5626.67947 1.0125798 0.0219374
 5632.30977 1.0026639 0.0217709
 5637.93947 0.9943970 0.0216122
 5643.58175 0.9861231 0.0214534
 5649.22343 0.9793462 0.0213099
 5654.87828 0.9742578 0.0211838
 5660.53254 0.9691612 0.0210575
 5666.18680 0.9612510 0.0209148
 5671.85363 0.9516281 0.0207622
 5677.53244 0.9419910 0.0206093
 5683.21185 0.9340320 0.0204419
 5688.89066 0.9265346 0.0202705
 5694.58205 0.9190294 0.0200988
 5700.27284 0.9119413 0.0200769
 5705.97621 0.9048624 0.0200626
 5711.68017 0.8986005 0.0200340
 5717.39552 0.8980001 0.0199075
 5723.11146 0.8973989 0.0197808
 5728.83938 0.8948420 0.0196429
 5734.55533 0.8879691 0.0194804
 5740.29523 0.8810853 0.0193175
