# SOURCE  = 'Quimby et al. 2018' /                                                
# OBJECT  = 'PTF12dam'           /                                                
# Z       =             0.107500 / wavelengths divided by (1 + z)                 
# NORM    =          1.45588E-16 / fluxes divided by norm                         
# CLIPPED =                    1 / galaxy emission lines removed                  
# SMOOTHED=                    1 / spectrum has been smoothed                     
# COLUMN01= 'Wavelength (Angstrom)' /                                             
# COLUMN02= 'Flux Density (erg/s/cm2/A)' /                                        
# COLUMN03= 'Flux Density Uncertainty (erg/s/cm2/A)' /                            
# END                                                                             
# 
# 
# 
# 
# 
# 
# 
# 
# 
# 
   3538.0636811      5.0677724      0.0575668
   3541.5968115      5.0320482      0.0570657
   3545.1407574      4.9415846      0.0565125
   3548.6847034      4.8545051      0.0560484
   3552.2397351      4.8243332      0.0549986
   3555.7836811      4.7798538      0.0551218
   3559.3389832      4.7666593      0.0541207
   3562.9051008      4.7383051      0.0542778
   3566.4601324      4.7145715      0.0533214
   3570.0373359      4.6679258      0.0535082
   3573.6034534      4.6150665      0.0525929
   3577.1806567      4.6064701      0.0528051
   3580.7578601      4.6140890      0.0519272
   3584.3350635      4.6060600      0.0521609
   3587.9233527      4.5848303      0.0513167
   3591.5116418      4.5582271      0.0509994
   3595.0999311      4.5811491      0.0507536
   3598.6993061      4.6235356      0.0504575
   3602.2986811      4.6095304      0.0502303
   3605.8980561      4.6018257      0.0499502
   3609.4974311      4.6128402      0.0497390
   3613.1078918      4.5632772      0.0494700
   3616.7294385      4.5816326      0.0492725
   3620.3398992      4.5934973      0.0490094
   3623.9614460      4.6359873      0.0482729
   3627.5829926      4.6572871      0.0485608
   3631.2156250      4.7194552      0.0478265
   3634.8482574      4.7314482      0.0481168
   3638.4808899      4.7893362      0.0473802
   3642.1246082      4.8323569      0.0476702
   3645.7569702      4.8464355      0.0469268
   3649.4117742      4.8116531      0.0466875
   3653.0554926      4.7860241      0.0469388
   3656.7102966      4.7596202      0.0461999
   3660.3651008      4.7460914      0.0464424
   3664.0307202      4.7171597      0.0456860
   3667.6966101      4.6475101      0.0454080
   3671.3625000      4.6994610      0.0451385
   3675.0283899      4.7105308      0.0448277
   3678.7050952      4.7679915      0.0445504
   3682.3820710      4.8516097      0.0442023
   3686.0701324      4.9288001      0.0438515
   3689.7581939      4.9154334      0.0435247
   3693.4459851      4.8910975      0.0431294
   3697.1340466      4.9111214      0.0423097
   3700.8331939      4.9008031      0.0423466
   3704.5320710      4.8753881      0.0418958
   3708.2423040      4.7958961      0.0410285
   3711.9522668      4.7186513      0.0410056
   3715.6625000      4.7057180      0.0401277
   3719.3727332      4.6580753      0.0395967
   3723.0937817      4.6384854      0.0395190
   3726.8151008      4.6081009      0.0386170
   3730.5472351      4.5328150      0.0380423
   3734.2796399      4.4359183      0.0379177
   3738.0117742      4.3550553      0.0370008
   3741.7552649      4.3360553      0.0363986
   3745.4984851      4.3076701      0.0359405
   3749.2419758      4.3187184      0.0353180
   3752.9851960      4.3107495      0.0347000
   3756.7397723      4.3003030      0.0342335
   3760.4940784      4.3419056      0.0336033
   3764.2594702      4.3696790      0.0329811
   3768.0251324      4.4117022      0.0321019
   3771.7905242      4.4356542      0.0318912
   3775.5672723      4.4183345      0.0312769
   3779.3326641      4.4547710      0.0304256
   3783.1202277      4.4633141      0.0302166
   3786.8969758      4.4662809      0.0296222
   3790.6845391      4.4787941      0.0288090
   3794.4831885      4.5193076      0.0282532
   3798.2710223      4.5373297      0.0280517
   3802.0696716      4.5501466      0.0272864
   3805.8683210      4.5399022      0.0267698
   3809.6780561      4.5293317      0.0262755
   3813.4880615      4.5173559      0.0261064
   3817.3088824      4.4901056      0.0254264
   3821.1186176      4.4377389      0.0249867
   3824.9394385      4.4116993      0.0245756
   3828.7713452      4.3781304      0.0242567
   3832.5924365      4.3490691      0.0238843
   3836.4243433      4.3294501      0.0235433
   3840.2673359      4.3166671      0.0232351
   3844.1103284      4.3005476      0.0229995
   3847.9533210      4.2577238      0.0227406
   3851.7963135      4.2366724      0.0225184
   3855.6503918      4.2476168      0.0223341
   3859.5044702      4.2528429      0.0219754
   3863.3699048      4.2611127      0.0220739
   3867.2350689      4.2894216      0.0219905
   3871.1002332      4.3480678      0.0219499
   3874.9653973      4.3829346      0.0217305
   3878.8416473      4.4400778      0.0217631
   3882.7178973      4.4716740      0.0218410
   3886.6052332      4.4817414      0.0221529
   3890.4925689      4.4726338      0.0220799
   3894.3799048      4.4402933      0.0222735
   3898.2780561      4.4109378      0.0225107
   3902.1764777      4.3868051      0.0227901
   3906.0748992      4.3746963      0.0232874
   3909.9844067      4.3469181      0.0243295
   3913.8939141      4.3694701      0.0238638
   3917.8145074      4.4141159      0.0243804
   3921.7240149      4.3883657      0.0255083
   3925.6446082      4.4282918      0.0268952
   3929.5760168      4.4568429      0.0277924
   3933.5076960      4.5155616      0.0289078
   3937.4393750      4.4998865      0.0296753
   3941.3710540      4.5061936      0.0296595
   3945.3138189      4.5224295      0.0293106
   3949.2563135      4.4809594      0.0289696
   3953.2101641      4.4659262      0.0286533
   3957.1640149      4.4630413      0.0302291
   3961.1286811      4.4471836      0.0307066
   3965.0825317      4.4396682      0.0305317
   3969.0474683      4.4234514      0.0312042
   3973.0232202      4.4112411      0.0318839
   3976.9881567      4.3994064      0.0327836
   3980.9641790      4.3676410      0.0330459
   3984.9510168      4.3499622      0.0337270
   3988.9381250      4.3007646      0.0344073
   3992.9252332      4.2583055      0.0350847
   3996.9231567      4.1945567      0.0357571
   4000.9102649      4.1516094      0.0364223
   4004.9192742      4.1086550      0.0370782
   4008.9174683      4.0858245      0.0377225
   4012.9264777      4.0497804      0.0383532
   4016.9468433      4.0449739      0.0385027
   4020.9558527      4.0680161      0.0390908
   4024.9762183      4.0313754      0.0396593
   4029.0073992      3.9867277      0.0402060
   4033.0388508      3.9581642      0.0407289
   4037.0700317      3.9270563      0.0412258
   4041.1125689      3.9117031      0.0416945
   4045.1437500      3.8741262      0.0421330
   4049.1971027      3.8578656      0.0425391
   4053.2396399      3.8681386      0.0429107
   4057.2929926      3.8873117      0.0432461
   4061.3574311      3.9020791      0.0435430
   4065.4110540      3.9303613      0.0438000
   4069.4865784      3.9739494      0.0440159
   4073.5510168      3.9980185      0.0437387
   4077.6268115      3.9840777      0.0438750
   4081.7023359      3.9558668      0.0439702
   4085.7889460      3.9223311      0.0440253
   4089.8644702      3.8744798      0.0440415
   4093.9624365      3.8676269      0.0440199
   4098.0490466      3.8347793      0.0439618
   4102.1578284      3.8311043      0.0438686
   4106.2555242      3.8380942      0.0437418
   4110.3643061      3.8405168      0.0435827
   4114.4733582      3.8643687      0.0433926
   4118.5821399      3.8737195      0.0431731
   4122.7020074      3.8670528      0.0429256
   4126.8329609      3.8512299      0.0426513
   4130.9528284      3.8424797      0.0423516
   4135.0837817      3.8281343      0.0420286
   4139.2258210      3.7991593      0.0416830
   4143.3567742      3.8057020      0.0413163
   4147.5098992      3.8265815      0.0405173
   4151.6519385      3.8189111      0.0401143
   4155.8050635      3.8311648      0.0396949
   4159.9581885      3.8060651      0.0392605
   4164.1223992      3.7673376      0.0391225
   4168.2866101      3.7371593      0.0386511
   4172.4508210      3.6818352      0.0381687
   4176.6261176      3.6633546      0.0376769
   4180.8014141      3.6254938      0.0371770
   4184.9877966      3.6001461      0.0366706
   4189.1630933      3.5778477      0.0357743
   4193.3605615      3.5506222      0.0352632
   4197.5469439      3.5365465      0.0347499
   4201.7441418      3.4887967      0.0342358
   4205.9526960      3.4512761      0.0337224
   4210.1612500      3.4117680      0.0332111
   4214.3698040      3.3675449      0.0327031
   4218.5783582      3.3455069      0.0320714
   4222.7977277      3.2992520      0.0315687
   4227.0284534      3.3031435      0.0310739
   4231.2480933      3.2820661      0.0305884
   4235.4788189      3.2714438      0.0301134
   4239.7203601      3.2603414      0.0296503
   4243.9621716      3.2656341      0.0288777
   4248.2039832      3.2767246      0.0284402
   4252.4455242      3.2676444      0.0280177
   4256.6984216      3.2775862      0.0278206
   4260.9624048      3.2840929      0.0274281
   4265.2261176      3.2954619      0.0267681
   4269.4901008      3.2997718      0.0264054
   4273.7538135      3.2756865      0.0260585
   4278.0288824      3.2774179      0.0257270
   4282.3036811      3.2997563      0.0254106
   4286.5898359      3.2978828      0.0250512
   4290.8757202      3.3024898      0.0247581
   4295.1729609      3.3144946      0.0244789
   4299.4588452      3.3260093      0.0242130
   4303.7671716      3.3597488      0.0237261
   4308.0641418      3.3794737      0.0236746
   4312.3724683      3.3891916      0.0234396
   4316.6916101      3.4169810      0.0232162
   4321.0110223      3.4354475      0.0227833
   4325.3301641      3.4645772      0.0225845
   4329.6493061      3.4920321      0.0230254
   4333.9798040      3.5332148      0.0230890
   4338.3211176      3.5639584      0.0220319
   4342.6513452      3.5934792      0.0223099
   4347.0040149      3.6059408      0.0228057
   4351.3453284      3.6080050      0.0234911
   4355.6977277      3.6099167      0.0235942
   4360.0503973      3.5957756      0.0234473
   4364.4138824      3.5637040      0.0238369
   4368.7773676      3.5510142      0.0225981
   4373.1519385      3.5253849      0.0217433
   4377.5156939      3.4945085      0.0216839
   4381.9013508      3.4694457      0.0219490
   4386.2759216      3.4145799      0.0235155
   4390.6615784      3.3687592      0.0228418
   4395.0583210      3.3216059      0.0224044
   4399.4550635      3.2698784      0.0217652
   4403.8518061      3.2113595      0.0211255
   4408.2599048      3.1589682      0.0200689
   4412.6677332      3.1056507      0.0194436
   4417.0755615      3.0635905      0.0196863
   4421.4944758      3.0369291      0.0198242
   4425.9133899      3.0311728      0.0189222
   4430.3433899      3.0057738      0.0187822
   4434.7733899      3.0074065      0.0186147
   4439.2033899      3.0106432      0.0184630
   4443.6444758      3.0186143      0.0183109
   4448.0855615      3.0357099      0.0181265
   4452.5377332      3.0468991      0.0179627
   4456.9899048      3.0696824      0.0176318
   4461.4528918      3.0904160      0.0175995
   4465.9050635      3.1141820      0.0174268
   4470.3794067      3.1187737      0.0170916
   4474.8537500      3.1282585      0.0170444
   4479.3280933      3.1353703      0.0167058
   4483.8024365      3.1481919      0.0165326
   4488.2875952      3.1559379      0.0164742
   4492.7730242      3.1724303      0.0161400
   4497.2695391      3.1733468      0.0160815
   4501.7660540      3.1812692      0.0157497
   4506.2625689      3.1928020      0.0155776
   4510.7698992      3.1851897      0.0153656
   4515.2885859      3.1851823      0.0151955
   4519.7961865      3.1775200      0.0150319
   4524.3256885      3.1599307      0.0148258
   4528.8443750      3.1394291      0.0146673
   4533.3741473      3.1246054      0.0144722
   4537.9039197      3.1110363      0.0143209
   4542.4442371      3.0874231      0.0140345
   4546.9850952      3.0662792      0.0139969
   4551.5373096      3.0546536      0.0137271
   4556.0889832      3.0465589      0.0136994
   4560.6406567      3.0278218      0.0134477
   4565.2036865      3.0105362      0.0134322
   4569.7667163      3.0011885      0.0132002
   4574.3405615      2.9970407      0.0131994
   4578.9144067      2.9855101      0.0129886
   4583.4882520      2.9791534      0.0129031
   4588.0734534      2.9734392      0.0128170
   4592.6694702      2.9626830      0.0127503
   4597.2546716      2.9355135      0.0126893
   4601.8620447      2.9064412      0.0126433
   4606.4580615      2.8939700      0.0126093
   4611.0654346      2.8704479      0.0125859
   4615.6722668      2.8416870      0.0125806
   4620.2904553      2.8176858      0.0124838
   4624.9091846      2.7942650      0.0126059
   4629.5381885      2.7771237      0.0125362
   4634.1677332      2.7692199      0.0126852
   4638.8080933      2.7535205      0.0126412
   4643.4376379      2.7234247      0.0128157
   4648.0888135      2.6964171      0.0127950
   4652.7291736      2.6691983      0.0129927
   4657.3808899      2.6509252      0.0129923
   4662.0434216      2.6115942      0.0131189
   4666.7059534      2.5805836      0.0132276
   4671.3684851      2.5470438      0.0133714
   4676.0423730      2.5116229      0.0134949
   4680.7157202      2.4693339      0.0136524
   4685.4004236      2.4466109      0.0138202
   4690.0851270      2.4217858      0.0139562
   4694.7811865      2.3821199      0.0141321
   4699.4767053      2.3542802      0.0141775
   4704.1727649      2.3445470      0.0144571
   4708.8796399      2.3379445      0.0145018
   4713.5865149      2.3456202      0.0147893
   4718.3042053      2.3512032      0.0150764
   4723.0224365      2.3565829      0.0153816
   4727.7401270      2.3720696      0.0153107
   4732.4691736      2.3961918      0.0155125
   4737.1982202      2.3943732      0.0160817
   4741.9386230      2.4033742      0.0168517
   4746.6784851      2.3986850      0.0172095
   4751.4297034      2.3881032      0.0175890
   4756.1809216      2.3747208      0.0175484
   4760.9321399      2.3704231      0.0173285
   4765.6941736      2.3600554      0.0169753
   4770.4675635      2.3535371      0.0165313
   4775.2301379      2.3585029      0.0165714
   4780.0143433      2.3483233      0.0175433
   4784.7877332      2.3551908      0.0167553
   4789.5719385      2.3702207      0.0167987
   4794.3675000      2.3871334      0.0167157
   4799.1630615      2.3905792      0.0167536
   4803.9586230      2.4093833      0.0167759
   4808.7650000      2.4385314      0.0167801
   4813.5713770      2.4616637      0.0167669
   4818.3891101      2.5019350      0.0167371
   4823.2068433      2.5160272      0.0168284
   4828.0245764      2.5296254      0.0166387
   4832.8531250      2.5377543      0.0165598
   4837.6930298      2.5284278      0.0164669
   4842.5215784      2.5242176      0.0162379
   4847.3722986      2.5301592      0.0162605
   4852.2122034      2.5271647      0.0161272
   4857.0629236      2.5182538      0.0163380
   4861.9250000      2.5061667      0.0158336
   4866.7870764      2.5142980      0.0157455
   4871.6599683      2.5145164      0.0158998
   4876.5220447      2.5132368      0.0160307
   4881.4057520      2.5022867      0.0162314
   4886.2900000      2.5040312      0.0162504
   4891.1742480      2.5066600      0.0161550
   4896.0579553      2.4822023      0.0155692
   4900.9643750      2.4533107      0.0149676
   4905.8594385      2.4394569      0.0143657
   4910.7658582      2.4148521      0.0138907
   4915.6830933      2.3899305      0.0135738
   4920.5895129      2.3416698      0.0138526
   4925.5175635      2.3110564      0.0132341
   4930.4347986      2.2910788      0.0130191
   4935.3742053      2.2736876      0.0128065
   4940.3027966      2.2708905      0.0125179
   4945.2535596      2.2766330      0.0123113
   4950.1929663      2.2952244      0.0121096
   4955.1431885      2.3030016      0.0119138
   4960.1047668      2.3140867      0.0118318
   4965.0555298      2.3232880      0.0115772
   4970.0279236      2.3348105      0.0113999
   4974.9895020      2.3443797      0.0112315
   4979.9732520      2.3469267      0.0110729
   4984.9461865      2.3424182      0.0109246
   4989.9299365      2.3484228      0.0107873
   4994.9245020      2.3344350      0.0106614
   4999.9196082      2.3194892      0.0104761
   5004.9255298      2.3062234      0.0103732
   5009.9200952      2.2903883      0.0102819
   5014.9373730      2.2721434      0.0102860
   5019.9541101      2.2503364      0.0102142
   5024.9713879      2.2354412      0.0101536
   5029.9989404      2.2305059      0.0101037
   5035.0270337      2.2363925      0.0100643
   5040.0664832      2.2416501      0.0099599
   5045.1053918      2.2529333      0.0099398
   5050.1448413      2.2604251      0.0100103
   5055.1945654      2.2691853      0.0104636
   5060.2561865      2.2562048      0.0099547
   5065.3172668      2.2498088      0.0100824
   5070.3788879      2.2584729      0.0103963
   5075.4507837      2.2586167      0.0107649
   5080.5232202      2.2666681      0.0110900
   5085.6070129      2.2813849      0.0112728
   5090.6902649      2.3052413      0.0112117
   5095.7848730      2.3126719      0.0110063
   5100.8789404      2.3064916      0.0107384
   5105.9849048      2.3115807      0.0105145
   5111.0903284      2.3034434      0.0104882
   5116.1957520      2.2816861      0.0108093
   5121.3125317      2.2651701      0.0107370
   5126.4401270      2.2568502      0.0106553
   5131.5682629      2.2490139      0.0107614
   5136.6958582      2.2696519      0.0108727
   5141.8348096      2.2829022      0.0109175
   5146.9732202      2.2769423      0.0110373
   5152.1229871      2.2835250      0.0111614
   5157.2732947      2.2806430      0.0112895
   5162.4338770      2.2762363      0.0114215
   5167.5950000      2.2615707      0.0115570
   5172.7669385      2.2532833      0.0116960
   5177.9280615      2.2313540      0.0119438
   5183.1108154      2.2185102      0.0120912
   5188.2941101      2.2013860      0.0122425
   5193.4882202      2.1836433      0.0123979
   5198.6823303      2.1710463      0.0124840
   5203.8764404      2.1428225      0.0126476
   5209.0819067      2.1069160      0.0128169
   5214.2873730      2.0703239      0.0129928
   5219.5036548      2.0446072      0.0131758
   5224.7199365      2.0187979      0.0133665
   5229.9470337      1.9952959      0.0135657
   5235.1854871      1.9700571      0.0136979
   5240.4131250      1.9597020      0.0139156
   5245.6515784      1.9582675      0.0141437
   5250.9013879      1.9565572      0.0143830
   5256.1506567      1.9489698      0.0147661
   5261.4112817      1.9340882      0.0150305
   5266.6719067      1.9191608      0.0152278
   5271.9438879      1.9123681      0.0155186
   5277.2045129      1.9019002      0.0158240
   5282.4873096      1.8941371      0.0161448
   5287.7695654      1.8874724      0.0164815
   5293.0637183      1.8689640      0.0167457
   5298.3573303      1.8586406      0.0172775
   5303.6514832      1.8472998      0.0176664
   5308.9564514      1.8419198      0.0180743
   5314.2614197      1.8172549      0.0185018
   5319.5772034      1.7943265      0.0188546
   5324.8929871      1.7735332      0.0193176
   5330.2201270      1.7716277      0.0200001
   5335.5586230      1.7818878      0.0205131
   5340.8965784      1.7859634      0.0216657
   5346.2345337      1.7747335      0.0234191
   5351.5730298      1.7833295      0.0259354
   5356.9331567      1.7965840      0.0264679
   5362.2824683      1.8076761      0.0267629
   5367.6425952      1.8080674      0.0297270
   5373.0140784      1.7850803      0.0337126
   5378.3855615      1.7568291      0.0373833
   5383.7678601      1.7092493      0.0422954
   5389.1501587      1.7308142      0.0411026
   5394.5438135      1.7595686      0.0388285
   5399.9374683      1.7717344      0.0362671
   5405.3311230      1.7901356      0.0363669
   5410.7464087      1.8170137      0.0399115
   5416.1514197      1.8278124      0.0358928
   5421.5667053      1.8411634      0.0340893
   5426.9938879      1.8446461      0.0327311
   5432.4205298      1.8423285      0.0331088
   5437.8471716      1.8376254      0.0338081
   5443.2959851      1.8240361      0.0346198
   5448.7339832      1.8265671      0.0358716
   5454.1827966      1.8133276      0.0381194
   5459.6429663      1.7845849      0.0386374
   5465.0917798      1.7537773      0.0378804
   5470.5627649      1.7320274      0.0398705
   5476.0337500      1.7057743      0.0428182
   5481.5047351      1.6766001      0.0464705
   5486.9870764      1.6841879      0.0484224
   5492.4802332      1.7209239      0.0485971
   5497.9733899      1.7358541      0.0489293
   5503.4665466      1.7216220      0.0487445
   5508.9710596      1.6511155      0.0433422
   5514.4863879      1.6078578      0.0427845
   5520.0017163      1.5362453      0.0492674
   5525.5170447      1.5707309      0.0489378
   5531.0431885      1.6113328      0.0481326
   5536.5698730      1.6239135      0.0476104
   5542.1073730      1.6546935      0.0460536
   5547.6556885      1.7104863      0.0428252
   5553.2045447      1.7801160      0.0399826
   5558.7528601      1.8602020      0.0377838
   5564.3125317      1.9145184      0.0365695
   5569.8722034      1.9455197      0.0376643
   5575.4426904      1.9573700      0.0349420
   5581.0245337      1.9582874      0.0334261
   5586.6063770      1.9439189      0.0320941
   5592.1995764      1.9596807      0.0310499
   5597.7814197      1.9705904      0.0297278
   5603.3854346      1.9661057      0.0285832
   5608.9889087      1.9601951      0.0271561
   5614.5929236      1.9588664      0.0259342
   5620.2082947      1.9569769      0.0244292
   5625.8339404      1.9455990      0.0228410
   5631.4601270      1.9304849      0.0215973
   5637.0863135      1.9146460      0.0199906
   5642.7233154      1.9018911      0.0187105
   5648.3716736      1.8909768      0.0171096
   5654.0200317      1.8730364      0.0158190
   5659.6683899      1.8500227      0.0142481
   5665.3275635      1.8289554      0.0127199
   5670.9980933      1.8037336      0.0114562
   5676.6686230      1.7729877      0.0099862
   5682.3499683      1.7545373      0.0087855
   5688.0313135      1.7536300      0.0074032
   5693.7126587      1.7611701      0.0062918
   5699.4167163      1.7697788      0.0050326
   5705.1088770      1.7641618      0.0039419
   5710.8129346      1.7441276      0.0031142
   5716.5272668      1.7128974      0.0024621
   5722.2421399      1.6819019      0.0018533
   5727.9678284      1.6541989      0.0014255
   5733.6935168      1.6290545      0.0010023
   5739.4305615      1.6076592      0.0006937
   5745.1670654      1.5907812      0.0005311
   5750.9154663      1.5778140      0.0004383
   5756.6633264      1.5651261      0.0004116
   5762.4220020      1.5481811      0.0004066
   5768.1812183      1.5261586      0.0004026
   5773.9512500      1.5050349      0.0003949
   5779.7326379      1.4882755      0.0003894
   5785.5026697      1.4724631      0.0003919
   5791.2948730      1.4537551      0.0003970
   5797.0870764      1.4333934      0.0004040
   5802.8792798      1.4156164      0.0004067
   5808.6822986      1.4024373      0.0004322
   5814.4966736      1.3933406      0.0005000
   5820.3110486      1.3851242      0.0005987
   5826.1254236      1.3781707      0.0007742
   5831.9511548      1.3677776      0.0010044
   5837.7877014      1.3488488      0.0012350
   5843.6242480      1.3229852      0.0015735
   5849.4716101      1.3120044      0.0019794
   5855.3195129      1.3260885      0.0023459
   5861.1776904      1.3619568      0.0028933
   5867.0364087      1.3812191      0.0034197
   5872.9064832      1.3781689      0.0038401
   5878.7760168      1.3657566      0.0043226
   5884.6569067      1.3647404      0.0047773
   5890.5377966      1.3759757      0.0052093
   5896.4295020      1.3947887      0.0055217
   5902.3325635      1.4208585      0.0058695
   5908.2356250      1.4598552      0.0061699
   5914.1386865      1.5013829      0.0064186
   5920.0525635      1.5239563      0.0065498
   5925.9777966      1.5328894      0.0067302
   5931.9030298      1.5417762      0.0068208
   5937.8390784      1.5551866      0.0068578
   5943.7643115      1.5634531      0.0067981
   5949.7117163      1.5636607      0.0067415
   5955.6699365      1.5608298      0.0066412
   5961.6173413      1.5547211      0.0065007
   5967.5863770      1.5433258      0.0063828
   5973.5451379      1.5340830      0.0061467
   5979.5255298      1.5313230      0.0059104
   5985.5059216      1.5319948      0.0056469
   5991.4863135      1.5272061      0.0053596
   5997.4780615      1.5165774      0.0050517
   6003.4806250      1.5061557      0.0047178
   6009.4831885      1.5005890      0.0043806
   6015.4971082      1.4951456      0.0040323
   6021.5104871      1.4774797      0.0036760
   6027.5357629      1.4537467      0.0033712
   6033.5604980      1.4309222      0.0030060
   6039.5960486      1.4217218      0.0026423
   6045.6321399      1.4196888      0.0022946
   6051.6790466      1.4161886      0.0019469
   6057.7259534      1.4186202      0.0016142
   6063.7842163      1.4258461      0.0013411
   6069.8532947      1.4291819      0.0010971
   6075.9223730      1.4204338      0.0008884
   6082.0022668      1.4100060      0.0007193
   6088.0827014      1.4051173      0.0005887
   6094.1739514      1.4037987      0.0004956
   6100.2652014      1.4013944      0.0004375
   6106.3672668      1.3957393      0.0004072
   6112.4698730      1.3881592      0.0003941
   6118.5832947      1.3796937      0.0003886
   6124.6967163      1.3714635      0.0003847
   6130.8209534      1.3662778      0.0003802
   6136.9565466      1.3633087      0.0003789
   6143.0921399      1.3600999      0.0003818
   6149.2385486      1.3532486      0.0003848
   6155.3854980      1.3440583      0.0003891
   6161.5432629      1.3371022      0.0004016
   6167.7118433      1.3324670      0.0004274
   6173.8696082      1.3275586      0.0004724
   6180.0495447      1.3197513      0.0005405
   6186.2289404      1.3091441      0.0006336
   6192.4202332      1.2965692      0.0007523
   6198.6109851      1.2837161      0.0008952
   6204.8017371      1.2779630      0.0010554
   6211.0152014      1.2823236      0.0012276
   6217.2281250      1.2898926      0.0014298
   6223.4410486      1.2928509      0.0016396
   6229.6653284      1.2915473      0.0018432
   6235.8896082      1.2907798      0.0020448
   6242.1247034      1.2932227      0.0022760
   6248.3711548      1.2950670      0.0024687
   6254.6170654      1.2938786      0.0026538
   6260.8748730      1.2939793      0.0028294
   6267.1429553      1.2964398      0.0029863
   6273.4007629      1.2981514      0.0031355
   6279.6802014      1.2982695      0.0032702
   6285.9596399      1.2946101      0.0033891
   6292.2390784      1.2845956      0.0034915
   6298.5406885      1.2697448      0.0035605
   6304.8314832      1.2588850      0.0036275
   6311.1439087      1.2563159      0.0037053
   6317.4568750      1.2594733      0.0037389
   6323.7698413      1.2618179      0.0037580
   6330.0936230      1.2649868      0.0037401
   6336.4282202      1.2740951      0.0037318
   6342.7633582      1.2875880      0.0037118
   6349.1093115      1.2984842      0.0037007
   6355.4552649      1.3019563      0.0036321
   6361.8120337      1.3040831      0.0035804
   6368.1693433      1.3041862      0.0035207
   6374.5374683      1.3020210      0.0034262
   6380.9164087      1.2996618      0.0033524
   6387.2958899      1.2981716      0.0032874
   6393.6861865      1.2967200      0.0032029
   6400.0764832      1.2920939      0.0030874
   6406.4775952      1.2830229      0.0029961
   6412.8792480      1.2730072      0.0029139
   6419.3025317      1.2653754      0.0027936
   6425.7150000      1.2608774      0.0026986
   6432.1496399      1.2566441      0.0026043
   6438.5729236      1.2556345      0.0024970
   6445.0189197      1.2565238      0.0024063
   6451.4643750      1.2546371      0.0023187
   6457.9098303      1.2442667      0.0022151
   6464.3666418      1.2320756      0.0021429
   6470.8348096      1.2276520      0.0020684
   6477.3024365      1.2287627      0.0019819
   6483.7814197      1.2248452      0.0019246
   6490.2712183      1.2154416      0.0018503
   6496.7610168      1.2075362      0.0017970
   6503.2508154      1.2009450      0.0017486
   6509.7633264      1.1924211      0.0016973
   6516.2639404      1.1825680      0.0016579
   6522.7872668      1.1739632      0.0016102
   6529.3105933      1.1648425      0.0015858
   6535.8339197      1.1531004      0.0015583
   6542.3788770      1.1436065      0.0015303
   6548.9135596      1.1391869      0.0015096
   6555.4698730      1.1342667      0.0014819
   6562.0261865      1.1272517      0.0014745
   6568.5825000      1.1208951      0.0014532
   6575.1501697      1.1175181      0.0014434
   6581.7286548      1.1140307      0.0014350
   6588.3071399      1.1067162      0.0014294
   6594.8964404      1.0994357      0.0014255
   6601.4976379      1.0951484      0.0014232
   6608.0982947      1.0908077      0.0014143
   6614.6989514      1.0853562      0.0014227
   6621.3217798      1.0815804      0.0014159
   6627.9446082      1.0796477      0.0014261
   6634.5674365      1.0753510      0.0014203
   6641.2010803      1.0716776      0.0014312
   6647.8460803      1.0729606      0.0014257
   6654.4910803      1.0770426      0.0014364
   6661.1474365      1.0779444      0.0014303
   6667.8146082      1.0756426      0.0014323
   6674.4817798      1.0726711      0.0014333
   6681.1597668      1.0691459      0.0014259
   6687.8382947      1.0638407      0.0014346
   6694.5276379      1.0559241      0.0014263
   6701.2164404      1.0467103      0.0014344
   6707.9171399      1.0393242      0.0014337
   6714.6286548      1.0318109      0.0014247
   6721.3401697      1.0227897      0.0014319
   6728.0625000      1.0136997      0.0014225
   6734.7961865      1.0050683      0.0014216
   6741.5298730      0.9952834      0.0014201
   6748.2743750      0.9834200      0.0014191
   6755.0188770      0.9698684      0.0014101
   6761.7747351      0.9552589      0.0014172
   6768.5305933      0.9418926      0.0014087
   6775.3086230      0.9306320      0.0014161
   6782.0861121      0.9195040      0.0014163
   6788.8641418      0.9135532      0.0014087
   6795.6529871      0.9119400      0.0014097
   6802.4531885      0.9098923      0.0014110
   6809.2533899      0.9070153      0.0014129
   6816.0644067      0.9062439      0.0014157
   6822.8754236      0.9090291      0.0014187
   6829.6977966      0.9138954      0.0014228
   6836.5309851      0.9184633      0.0014279
   6843.3641736      0.9229394      0.0014255
   6850.2087183      0.9282347      0.0014398
   6857.0640784      0.9345501      0.0014478
   6863.9194385      0.9391478      0.0014480
   6870.7861548      0.9449813      0.0014581
   6877.6523303      0.9531969      0.0014766
   6884.5298621      0.9594492      0.0014797
   6891.4187500      0.9614753      0.0014934
   6898.3076379      0.9642587      0.0015085
   6905.2073413      0.9721872      0.0015150
   6912.1178601      0.9819452      0.0015395
   6919.0175635      0.9886014      0.0015586
   6925.9394385      0.9889500      0.0015792
   6932.8726697      0.9885325      0.0015908
   6939.8053601      0.9917045      0.0016142
   6946.7494067      0.9932027      0.0016464
   6953.6934534      0.9913340      0.0016733
   6960.6483154      0.9849008      0.0016905
   6967.6037183      0.9741353      0.0017206
   6974.5699365      0.9582612      0.0017525
   6981.5469702      0.9403812      0.0017864
   6988.5353601      0.9226651      0.0018096
   6995.5237500      0.9040833      0.0018472
   7002.5121399      0.8827714      0.0018941
   7009.5227014      0.8597239      0.0019357
   7016.5332629      0.8451328      0.0019795
   7023.5432837      0.8445132      0.0020108
   7030.5652014      0.8510686      0.0020585
   7037.5979346      0.8587326      0.0021083
   7044.6414832      0.8641884      0.0021602
   7051.6850317      0.8706900      0.0022140
   7058.7285803      0.8801762      0.0022697
   7065.7948413      0.8886893      0.0023273
   7072.8605615      0.8956570      0.0023687
   7079.9376379      0.9022905      0.0024289
   7087.0141736      0.9097787      0.0024905
   7094.1020654      0.9168404      0.0025534
   7101.2013135      0.9251564      0.0026175
   7108.2892053      0.9333929      0.0026827
   7115.3998096      0.9381772      0.0027488
   7122.5206885      0.9411900      0.0028158
   7129.6421082      0.9418170      0.0028835
   7136.7743433      0.9403610      0.0029518
   7143.9065784      0.9359075      0.0030206
   7151.0609851      0.9236357      0.0030677
   7158.2045764      0.9084326      0.0031367
   7165.3589832      0.8927355      0.0032058
   7172.5355615      0.8759295      0.0032749
   7179.7007837      0.8573722      0.0033438
   7186.8773621      0.8449063      0.0034126
   7194.0652966      0.8445705      0.0034810
   7201.2640466      0.8532185      0.0035488
   7208.4627966      0.8640828      0.0036161
   7215.6723621      0.8736706      0.0036678
   7222.8932837      0.8843384      0.0037329
   7230.1142053      0.8927743      0.0037967
   7237.3464832      0.8918026      0.0038591
   7244.5782202      0.8877549      0.0039199
   7251.8213135      0.8826093      0.0039787
   7259.0757629      0.8756029      0.0040609
   7266.3404871      0.8710055      0.0041150
   7273.6057520      0.8640656      0.0041481
   7280.8823730      0.8626254      0.0041960
   7288.1584534      0.8688310      0.0042408
   7295.4458899      0.8729857      0.0042821
   7302.7441418      0.8726411      0.0043196
   7310.0537500      0.8743908      0.0043323
   7317.3633582      0.8802609      0.0043608
   7324.6729663      0.8849231      0.0043847
   7332.0042053      0.8873864      0.0044040
   7339.3359851      0.8922583      0.0044430
   7346.6785803      0.8995616      0.0044287
   7354.0217163      0.9033066      0.0044308
   7361.3751270      0.8979225      0.0044271
   7368.7404346      0.8883995      0.0044174
   7376.1052014      0.8827187      0.0043773
   7383.4807837      0.8720191      0.0043760
   7390.8682629      0.8609410      0.0043456
   7398.2552014      0.8567298      0.0043088
   7405.6529553      0.8606665      0.0042405
   7413.0620654      0.8764302      0.0041916
   7420.4717163      0.8952014      0.0041551
   7427.8916418      0.9139189      0.0040695
   7435.3229236      0.9262993      0.0040057
   7442.7542053      0.9288815      0.0039386
   7450.2076587      0.9183836      0.0038431
   7457.6502966      0.9019182      0.0037862
   7465.1145654      0.8816358      0.0037126
   7472.5793750      0.8543476      0.0036140
   7480.0550000      0.8230271      0.0035400
   7487.5306250      0.7973818      0.0034802
   7495.0170654      0.7827002      0.0033853
   7502.5148621      0.7789108      0.0033157
   7510.0126587      0.7794570      0.0032403
   7517.5326270      0.7775190      0.0031770
   7525.0417798      0.7790178      0.0031178
   7532.5725635      0.7832369      0.0030567
   7540.1038879      0.7827908      0.0030078
   7547.6454871      0.7839310      0.0029479
   7555.1989832      0.7896200      0.0029243
   7562.7519385      0.7931065      0.0028796
   7570.3162500      0.7910206      0.0028587
   7577.8805615      0.7887401      0.0028440
   7585.4556885      0.7873822      0.0028390
   7593.0421716      0.7847626      0.0028417
   7600.6394702      0.7770801      0.0028534
   7608.2373096      0.7642562      0.0028711
   7615.8454236      0.7528598      0.0028992
   7623.4654346      0.7484730      0.0029300
   7631.0849048      0.7458962      0.0029542
   7638.7265466      0.7425008      0.0030134
   7646.3573730      0.7444980      0.0030474
   7654.0098303      0.7444462      0.0031047
   7661.6628284      0.7409309      0.0031568
   7669.3158264      0.7455404      0.0032205
   7676.9904553      0.7510532      0.0032767
   7684.6656250      0.7502444      0.0033221
   7692.3516101      0.7416826      0.0034011
   7700.0489514      0.7280846      0.0034458
   7707.7457520      0.7149923      0.0035102
   7715.4539087      0.7042731      0.0035646
   7723.1734216      0.6963283      0.0036238
   7730.8929346      0.6905758      0.0036724
   7738.6232629      0.6840720      0.0037231
   7746.3644067      0.6806687      0.0037463
   7754.1169067      0.6783704      0.0038018
   7761.8694067      0.6838888      0.0038337
   7769.6219067      0.6883965      0.0038371
   7777.3965784      0.6872911      0.0038722
   7785.1820654      0.6868636      0.0038612
   7792.9567371      0.6922352      0.0038635
   7800.7535803      0.6975201      0.0038582
   7808.5617798      0.6921303      0.0038465
   7816.3586230      0.6811733      0.0038283
   7824.1776379      0.6772643      0.0038060
   7832.0074683      0.6805607      0.0037760
   7839.8372986      0.6848904      0.0037241
   7847.6784851      0.6863392      0.0037266
   7855.5304871      0.6878770      0.0037099
   7863.3830298      0.6992934      0.0035979
   7871.2463879      0.7057679      0.0035915
   7879.1205615      0.7123525      0.0036302
   7886.9947351      0.7206143      0.0036222
   7894.8802649      0.7270323      0.0036023
   7902.7766101      0.7216317      0.0035412
   7910.6843115      0.7149711      0.0034185
   7918.5920129      0.7151624      0.0033175
   7926.5105298      0.7175578      0.0031856
   7934.4398621      0.7238454      0.0030566
   7942.3697351      0.7263765      0.0029736
   7950.3217798      0.7264647      0.0029649
   7958.2732837      0.7230563      0.0028582
   7966.2253284      0.7171260      0.0027815
   7974.1881885      0.7065994      0.0027160
   7982.1732202      0.7018744      0.0026517
   7990.1474365      0.7002597      0.0025888
   7998.1432837      0.6996356      0.0025189
   8006.1396716      0.6990477      0.0024595
   8014.1468750      0.7018423      0.0024022
   8022.1654346      0.7051950      0.0023617
   8030.1834534      0.7109887      0.0023010
   8038.2128284      0.7188727      0.0022507
   8046.2535596      0.7204774      0.0022031
   8054.3045654      0.7141223      0.0021587
   8062.3561121      0.7061864      0.0021175
   8070.4190149      0.7024848      0.0020797
   8078.4927332      0.7042715      0.0020378
   8086.5664514      0.7046281      0.0020074
   8094.6509851      0.6991915      0.0019809
   8102.7468750      0.6892682      0.0019585
   8110.8535803      0.6746222      0.0019404
   8118.9608264      0.6560540      0.0019267
   8127.0788879      0.6418645      0.0019176
   8135.2077649      0.6318939      0.0019130
   8143.3479980      0.6201057      0.0019129
   8151.4876904      0.6042607      0.0019081
   8159.6392798      0.5911916      0.0019165
   8167.8016846      0.5895301      0.0019292
   8175.9749048      0.5925898      0.0019458
   8184.1481250      0.5905852      0.0019662
   8192.3327014      0.5846853      0.0019901
   8200.5167371      0.5759963      0.0020173
   8208.7234851      0.5665717      0.0020477
   8216.9302332      0.5577151      0.0020809
   8225.1477966      0.5502511      0.0021168
   8233.3767163      0.5432136      0.0021475
   8241.6050952      0.5339614      0.0021876
   8249.8448303      0.5232981      0.0022297
   8258.0959216      0.5175611      0.0022733
   8266.3578284      0.5206532      0.0023183
   8274.6310913      0.5247746      0.0023644
   8282.9038135      0.5220879      0.0024113
   8291.1878918      0.5129164      0.0024505
   8299.4719702      0.5061120      0.0024981
   8307.7782202      0.5007977      0.0025457
   8316.0844702      0.4996613      0.0026082
   8324.4020764      0.4961580      0.0026551
   8332.7304980      0.4857308      0.0027011
   8341.0589197      0.4758541      0.0027360
   8349.3981567      0.4701666      0.0027790
   8357.7487500      0.4713823      0.0028202
   8366.1101587      0.4778500      0.0028592
   8374.4721082      0.4850082      0.0028842
   8382.8448730      0.4896168      0.0029172
   8391.2284534      0.4897606      0.0029628
   8399.6233899      0.4888211      0.0029889
   8408.0183264      0.4886553      0.0029984
   8416.4354346      0.4909065      0.0030157
   8424.8520020      0.4996442      0.0030283
   8433.2804663      0.5070239      0.0030372
   8441.7083899      0.5084111      0.0030384
   8450.1476697      0.5068022      0.0030340
   8458.5977649      0.5032639      0.0030087
   8467.0592163      0.5047850      0.0029913
   8475.5314832      0.5079780      0.0029793
   8484.0037500      0.5111867      0.0029316
   8492.4873730      0.5160807      0.0028923
   8500.9818115      0.5227740      0.0028460
   8509.4762500      0.5223587      0.0027860
   8517.9928601      0.5231897      0.0027264
   8526.5094702      0.5249507      0.0026621
   8535.0374365      0.5178183      0.0025775
   8543.5762183      0.5103579      0.0025153
   8552.1150000      0.5088106      0.0024286
   8560.6759534      0.5108463      0.0023588
   8569.2260913      0.5180661      0.0022835
   8577.7978601      0.5275713      0.0022199
   8586.3809851      0.5370042      0.0021489
   8594.9641101      0.5448630      0.0021032
   8603.5585913      0.5542131      0.0020589
   8612.1638879      0.5695332      0.0020131
   8620.7800000      0.5821810      0.0019941
   8629.3961121      0.5931350      0.0019710
   8638.0235803      0.6038911      0.0019763
   8646.6624048      0.6125517      0.0019798
   8655.3120447      0.6171463      0.0020041
   8663.9616846      0.6197028      0.0020484
   8672.6329553      0.6152239      0.0020998
   8681.3047668      0.6038997      0.0021865
   8689.9879346      0.5874997      0.0022754
   8698.6813770      0.5647674      0.0024027
   8707.3753601      0.5427138      0.0025308
   8716.0801587      0.5298548      0.0026998
   8724.8076697      0.5196604      0.0028648
   8733.5232837      0.5123081      0.0030713
   8742.2616101      0.5200568      0.0032684
   8750.9999365      0.5300705      0.0035058
   8759.7604346      0.5251327      0.0037265
   8768.5203918      0.5229767      0.0039851
   8777.2808899      0.5320563      0.0042138
   8786.0635596      0.5338886      0.0044888
   8794.8456885      0.5388686      0.0047198
   8803.6391736      0.5467298      0.0049862
   8812.4440149      0.5424589      0.0052187
   8821.2596716      0.5410382      0.0054725
   8830.0753284      0.5312787      0.0056757
   8838.9131567      0.5176231      0.0059199
   8847.7509851      0.4952509      0.0061339
   8856.6001697      0.4658686      0.0062891
   8865.4601697      0.4582428      0.0064630
   8874.3201697      0.4804320      0.0065968
   8883.2023413      0.5316280      0.0067253
   8892.0845129      0.5774983      0.0068293
   8900.9666846      0.5994591      0.0068737
   8909.8704871      0.6135578      0.0069585
   8918.7861865      0.6108088      0.0069949
   8927.7013452      0.6007478      0.0069791
   8936.6392163      0.5872921      0.0069761
   8945.5651904      0.5561587      0.0069556
   8954.5138770      0.5096802      0.0069236
   8963.4739197      0.4587815      0.0068733
   8972.4334216      0.4359742      0.0068099
   8981.4042798      0.4316296      0.0067347
   8990.3859534      0.4204903      0.0066248
   8999.3789832      0.4116472      0.0065315
   9008.3828284      0.4095203      0.0064643
   9017.3866736      0.4177817      0.0063570
   9026.4018750      0.4229003      0.0062237
   9035.4392480      0.4421814      0.0061090
   9044.4652649      0.4718321      0.0059920
   9053.5134534      0.4995103      0.0058739
   9062.5729980      0.5291066      0.0057554
   9071.6320020      0.5417303      0.0056191
   9080.7029028      0.5283374      0.0055016
   9089.7846192      0.5101332      0.0053848
   9098.8771509      0.4954774      0.0052689
   9107.9804980      0.4799312      0.0051537
   9117.0838452      0.4666194      0.0050394
   9126.1990894      0.4466886      0.0049108
   9135.3240674      0.4035290      0.0047984
   9144.4609424      0.3661453      0.0046868
   9153.6097144      0.3469355      0.0045758
   9162.7574048      0.3409718      0.0044654
   9171.9278076      0.3490603      0.0043557
   9181.0971289      0.3578526      0.0042465
   9190.2783472      0.3639308      0.0041379
   9199.4703808      0.3796670      0.0040297
   9208.6743115      0.3987422      0.0039221
   9217.8771606      0.4180074      0.0038150
   9227.0919067      0.4406594      0.0037085
   9236.3282837      0.4580389      0.0036027
   9245.5538452      0.4624251      0.0034888
   9254.8021192      0.4571553      0.0033857
   9264.0601270      0.4491342      0.0032842
   9273.3300317      0.4395223      0.0031739
   9282.5999365      0.4283157      0.0030775
   9291.8806567      0.4149186      0.0029845
   9301.1721924      0.4113052      0.0028954
   9310.4756250      0.4123763      0.0028107
   9319.7898730      0.4075024      0.0027310
   9329.1041211      0.4055802      0.0026422
   9338.4400000      0.4104580      0.0025747
   9347.7758789      0.4198481      0.0025138
   9357.1236548      0.4303347      0.0024600
   9366.4822461      0.4343657      0.0024137
   9375.8516528      0.4334313      0.0023645
   9385.2318750      0.4384654      0.0023352
   9394.6120972      0.4403969      0.0023146
   9404.0042163      0.4330699      0.0023114
   9413.4071509      0.4308749      0.0023010
   9422.8209009      0.4301198      0.0023091
   9432.2454663      0.4217161      0.0023266
   9441.6808472      0.4128184      0.0023532
   9451.1281250      0.4027575      0.0023808
   9460.5754028      0.3900080      0.0024351
   9470.0334961      0.3781359      0.0024840
   9479.5024048      0.3660600      0.0025306
   9488.9821289      0.3559012      0.0025873
   9498.4737500      0.3533430      0.0026457
   9507.9761865      0.3535284      0.0027111
   9517.4786230      0.3480386      0.0027677
   9527.0026904      0.3515871      0.0028121
   9536.5278394      0.3605617      0.0028597
   9546.0627222      0.3675352      0.0029144
   9555.6095020      0.3766752      0.0029343
   9565.1670972      0.3829397      0.0029536
   9574.7365894      0.3846321      0.0029600
   9584.3050000      0.3855163      0.0029507
   9593.8961230      0.3830443      0.0029118
   9603.4872461      0.3790267      0.0028811
   9613.0891846      0.3777959      0.0028262
   9622.7019385      0.3760859      0.0027453
   9632.3265894      0.3767713      0.0026824
   9641.9609741      0.3777898      0.0025971
   9651.5964404      0.3714218      0.0025336
   9661.2546192      0.3643671      0.0024773
   9670.9225317      0.3675140      0.0024439
   9680.5796289      0.3774143      0.0024323
   9690.2702539      0.3848485      0.0024482
   9699.9608789      0.3893783      0.0024898
   9709.6634009      0.3932580      0.0025832
   9719.3756567      0.3953741      0.0027098
   9729.0889942      0.4039131      0.0029059
   9738.8228808      0.4160651      0.0031400
   9748.5578491      0.4272090      0.0034739
   9758.3047144      0.4395002      0.0038644
   9768.0613135      0.4422802      0.0043635
   9777.8406250      0.4436511      0.0049412
   9787.6091211      0.4661062      0.0056516
   9797.3992480      0.5027370      0.0064432
   9807.2001904      0.5284163      0.0074162
   9817.0130298      0.5262368      0.0083911
   9826.8258692      0.5321935      0.0095720
   9836.6484424      0.5332199      0.0106895
   9846.4839942      0.4906841      0.0119585
   9856.3400952      0.4582112      0.0131888
   9866.1853808      0.4650578      0.0141871
   9876.0533789      0.5092179      0.0151432
   9885.9321924      0.5876078      0.0157848
   9895.8229028      0.6535574      0.0161652
   9905.7233472      0.7023183      0.0160661
   9915.6248730      0.7382783      0.0151929
   9925.5372144      0.7150152      0.0127894
   9935.4711865      0.7895090      0.0081955
   9945.4051587      0.7399721      0.0083781
   9955.3510278      0.6710494      0.0088713
   9965.3066308      0.5766732      0.0101667
   9975.2741308      0.4430917      0.0120627
   9985.2416308      0.2820219      0.0151227
   9995.2318433      0.0888075      0.0199478
