# SOURCE  = 'Quimby et al. 2018' /                                                
# OBJECT  = '2010gx  '           /                                                
# Z       =             0.230100 / wavelengths in OBSERVER FRAME                 
# NORM    =          1.41850E-18 / fluxes divided by norm                         
# CLIPPED =                    1 / galaxy emission lines removed                  
# SMOOTHED=                    1 / spectrum has been smoothed                     
# COLUMN01= 'Wavelength (Angstrom)' /                                             
# COLUMN02= 'Flux Density (erg/s/cm2/A)' /                                        
# COLUMN03= 'Flux Density Uncertainty (erg/s/cm2/A)' /                            
# END                                                                             
# 
# 
# 
# 
# 
# 
# 
# 
# 
# 
# Converted to Observer Frame using z=0.23
 4041.69298 0.0378943 1.1772084
 4045.73263 0.2597023 1.1585193
 4049.78780 0.5824826 1.1403039
 4053.82745 0.8618754 1.1163948
 4057.88225 1.0546714 1.0990772
 4061.95219 1.3297836 -1.0775716
 4066.00736 1.3185185 1.0609475
 4070.07730 1.5228651 1.0440021
 4074.14725 1.6046180 1.0207471
 4078.21719 1.5511189 1.0046937
 4082.30265 1.6432881 0.9900680
 4086.38774 1.6321259 0.9714054
 4090.47283 1.6733526 0.9576399
 4094.55791 1.7593766 0.9436016
 4098.65815 1.4674760 0.9248617
 4102.74360 1.6165024 0.9116629
 4106.85898 1.6620475 0.8950310
 4110.95922 1.5433097 0.8814605
 4115.07459 1.4142468 0.8693489
 4119.18997 1.3776662 0.8556120
 4123.30535 1.3936936 0.8450366
 4127.43587 1.3401085 0.8304160
 4131.55125 1.5868105 0.8195280
 4135.68178 1.4276211 0.8085762
 4139.82744 1.2540302 0.7944722
 4143.95834 1.2447822 0.7848399
 4148.10400 0.9961352 0.7720149
 4152.24967 1.0962571 0.7626845
 4156.41049 1.0317751 0.7534203
 4160.57130 0.8913453 0.7417243
 4164.73211 0.7964346 0.7332521
 4168.89293 0.6474755 0.7219704
 4173.05374 0.5884123 0.7136918
 4177.22970 0.4675501 0.7061559
 4181.40566 0.6322511 0.6965818
 4185.59639 0.6925999 0.6899217
 4189.77235 0.8294134 0.6815221
 4193.96345 0.7013273 0.6759778
 4198.16970 0.6153325 0.6686020
 4202.36080 0.5679806 0.6629794
 4206.56705 0.6214500 0.6573406
 4210.77330 0.5917076 0.6495137
 4214.97955 0.6959253 0.6439838
 4219.20094 0.8311144 0.6355978
 4223.42196 0.9386268 0.6291636
 4227.64336 0.8285428 0.6211251
 4231.86475 0.9031079 0.6157138
 4236.10129 1.0153834 0.6079427
 4240.33783 0.9830672 0.6023527
 4244.57437 1.0033894 0.5954940
 4248.82568 1.1164659 0.5912584
 4253.07736 1.0213768 0.5874453
 4257.32905 1.1505977 0.5824940
 4261.58073 1.0745071 0.5787541
 4265.84719 1.1066545 0.5728810
 4270.11402 1.1851476 0.5686195
 4274.38085 1.2192971 0.5632631
 4278.64730 1.2618989 0.5597546
 4282.92928 1.2258453 0.5545512
 4287.21125 1.2387413 0.5516042
 4291.50800 1.1486834 0.5470679
 4295.78997 1.1460315 0.5437911
 4300.08709 1.3239202 0.5391698
 4304.39898 1.3138307 0.5360265
 4308.69610 1.3642870 0.5315295
 4313.00837 1.4033097 0.5282036
 4317.32026 1.4748112 0.5235376
 4321.63252 1.4063605 0.5203174
 4325.95956 1.2952635 0.5158461
 4330.28697 1.4223748 0.5132843
 4334.61438 1.3217582 0.5088718
 4338.95656 1.3520093 0.5057853
 4343.28397 1.3431230 0.5016757
 4347.62616 1.1291059 0.4987610
 4351.98385 0.9634577 0.4943516
 4356.32604 1.1266009 0.4917274
 4360.68374 1.0873077 0.4873781
 4365.05621 1.0008886 0.4846874
 4369.41391 1.1524669 0.4814259
 4373.78638 1.1021765 0.4791958
 4378.15886 0.9769849 0.4759515
 4382.53170 0.9528640 0.4741690
 4386.91932 0.8387962 0.4703826
 4391.30731 0.7924035 0.4675236
 4395.69493 0.7397773 0.4656121
 4400.09769 0.6852711 0.4621184
 4404.50082 0.7493799 0.4601840
 4408.90359 0.7134095 0.4572151
 4413.30635 0.7045304 0.4556473
 4417.72463 0.6866987 0.4531868
 4422.14254 0.6717947 0.4513074
 4426.56045 0.6039499 0.4487536
 4430.99387 0.5814632 0.4462802
 4435.42692 0.5172088 0.4443241
 4439.85998 0.6484532 0.4423858
 4444.29340 0.5514210 0.4410840
 4448.74160 0.5613165 0.4385158
 4453.18980 0.5665157 0.4377078
 4457.63800 0.5436116 0.4352280
 4462.10134 0.5594822 0.4333262
 4466.56506 0.5616732 0.4320215
 4471.02840 0.5692173 0.4298115
 4475.50689 0.4350895 0.4290289
 4479.97023 0.4808799 0.4265168
 4484.44872 0.4500629 0.4247418
 4488.94273 0.3112570 0.4222311
 4493.43636 0.3200322 0.4190723
 4497.92999 0.3145667 0.4178751
 4502.42363 0.2838881 0.4153647
 4506.93241 0.2132534 0.4144003
 4511.42604 0.3485279 0.4118818
 4515.94996 0.2910111 0.4095674
 4520.45874 0.3428578 0.4081513
 4524.98267 0.3779774 0.4048545
 4529.50659 0.4326374 0.4022003
 4534.03052 0.4191198 0.4003764
 4538.56958 0.4361660 0.3972735
 4543.10865 0.4779685 0.3957724
 4547.64772 0.5884212 0.3931506
 4552.20194 0.5774713 0.3910814
 4556.75615 0.5858815 0.3894157
 4561.31036 0.6536209 0.3869356
 4565.86458 0.7702084 0.3837743
 4570.43394 0.7404911 0.3822549
 4575.00330 0.7250441 0.3795555
 4579.58780 0.8205674 0.3765631
 4584.15716 0.8301789 0.3749643
 4588.74166 0.8552175 0.3721602
 4593.34131 0.9260986 0.3697344
 4597.92545 0.9059046 0.3679762
 4602.52510 0.9561340 0.3656624
 4607.12475 1.0076483 0.3640964
 4611.73954 0.8926663 0.3619805
 4616.35433 0.9358672 0.3593949
 4620.96876 0.8768833 0.3572922
 4625.58355 0.9005029 0.3559269
 4630.21349 0.9343205 0.3540637
 4634.84343 0.9014904 0.3514898
 4639.47337 0.9163780 0.3495826
 4644.11808 0.9362316 0.3468032
 4648.76317 1.0860800 0.3429386
 4653.40825 0.9697674 0.3403942
 4658.06811 0.9868846 0.3371449
 4662.72834 1.0518904 0.3352691
 4667.38857 1.0316551 0.3340793
 4672.04843 1.0991513 0.3327000
 4676.72380 1.0819948 0.3310308
 4681.39918 1.0942792 0.3295522
 4686.08933 1.1282790 0.3281628
 4690.76470 1.0574213 0.3256319
 4695.45522 1.0890782 0.3224420
 4700.16051 0.9908944 0.3212369
 4704.86618 0.9828439 0.3196723
 4709.55633 1.0513054 0.3186506
 4714.27714 1.1419231 0.3172638
 4718.98243 1.1081361 0.3167689
 4723.70324 1.1537139 0.3156267
 4728.42368 1.2256761 0.3140019
 4733.15963 1.1251147 0.3132318
 4737.89522 1.1287206 0.3113486
 4742.63117 1.1681395 0.3096123
 4747.36676 1.1764493 0.3076268
 4752.11786 1.2156200 0.3068111
 4756.86859 1.2781903 0.3048285
 4761.63483 1.3620547 0.3030625
 4766.38556 1.3763728 0.3010962
 4771.15144 1.3648862 0.2994172
 4775.93282 1.3455592 0.2982460
 4780.69870 1.3182669 0.2967172
 4785.48009 1.2597677 0.2953017
 4790.27625 1.3026007 0.2937688
 4795.05727 1.3548419 0.2931847
 4799.85381 1.3492709 0.2917091
 4804.66512 1.3866529 0.2908981
 4809.46128 1.3643185 0.2897734
 4814.27259 1.4172900 0.2890782
 4819.08427 1.4325731 0.2891106
 4823.91072 1.4434187 0.2883514
 4828.73718 1.4574960 0.2882013
 4833.56363 1.4823893 0.2877486
 4838.39046 1.4431752 0.2877149
 4843.23206 1.4517561 0.2876572
 4848.07366 1.4823544 0.2874636
 4852.93040 1.4985002 0.2873392
 4857.77200 1.4578965 0.2870550
 4862.62912 1.5384014 0.2874032
 4867.50101 1.5787776 0.2878990
 4872.35775 1.5926006 0.2885689
 4877.24479 1.6164722 0.2890950
 4882.11668 1.7088593 0.2891509
 4887.00371 1.6304444 0.2895238
 4891.89074 1.7231503 0.2892807
 4896.77778 1.7206078 0.2902574
 4901.67996 1.8081899 0.2909391
 4906.58214 1.8315470 0.2910868
 4911.48432 1.8952247 0.2918445
 4916.40164 1.9786305 0.2927516
 4921.31897 2.0088732 0.2931660
 4926.23629 1.9549017 0.2939934
 4931.15362 1.9761082 0.2944484
 4936.08609 2.0509951 0.2949227
 4941.03370 2.0751755 0.2953992
 4945.96617 2.0074804 0.2954023
 4950.91379 2.0055296 0.2959363
 4955.86140 2.0930331 0.2963391
 4960.82416 2.0569677 0.2963555
 4965.78692 2.0692973 0.2972780
 4970.74968 1.9133322 0.2976441
 4975.72759 1.9333843 0.2976028
 4980.68998 1.9911937 0.2982608
 4985.68303 1.9332272 0.2987743
 4990.66093 1.9542336 0.2983676
 4995.65398 2.0058513 0.2982902
 5000.64703 1.9730389 0.2979341
 5005.65486 2.0258060 0.2971895
 5010.66305 1.9754829 0.2966296
 5015.67124 1.9983329 0.2958605
 5020.67944 1.9952893 0.2952903
 5025.70241 2.0328388 0.2944886
 5030.72575 2.0068181 0.2936571
 5035.76423 2.0023775 0.2927096
 5040.80272 2.0780592 0.2925320
 5045.84083 2.0179641 0.2925046
 5050.87932 2.0267403 0.2915176
 5055.93295 2.0282865 0.2907157
 5060.98621 1.9898682 0.2899189
 5066.05498 1.9682273 0.2890248
 5071.12339 2.0174985 0.2877267
 5076.19216 1.9890245 0.2867538
 5081.26094 1.9865950 0.2861665
 5086.34449 2.0459478 0.2853563
 5091.42841 2.0922685 0.2850822
 5096.52711 2.1345260 0.2844450
 5101.62617 2.0771873 0.2840560
 5106.72487 2.0510952 0.2835835
 5111.83908 1.9701604 0.2833781
 5116.95292 1.8965720 0.2834017
 5122.06713 1.8122189 0.2825966
 5127.18097 1.8038310 0.2822102
 5132.31032 1.8457526 0.2815589
 5137.43931 1.8331788 0.2807889
 5142.58344 1.9189572 0.2798117
 5147.72794 1.9301201 0.2791421
 5152.87207 1.8788307 0.2784352
 5158.03171 1.8053904 0.2777835
 5163.17584 1.7622555 0.2766691
 5168.35026 1.7485791 0.2758338
 5173.50991 1.7220880 0.2743035
 5178.68433 1.7305256 0.2733582
 5183.87389 1.8158520 0.2723285
 5189.04868 1.7826929 0.2709457
 5194.23825 1.7397716 0.2699845
 5199.42781 1.7451794 0.2691301
 5204.63252 1.7176719 0.2683314
 5209.83760 1.8163627 0.2671852
 5215.05746 1.7650998 0.2664680
 5220.26217 1.7478790 0.2658379
 5225.48203 1.7251964 0.2652250
 5230.71703 1.7327206 0.2646322
 5235.93725 1.6832328 0.2637364
 5241.17225 1.7447673 0.2631062
 5246.42240 1.7533493 0.2624867
 5251.67254 1.7503431 0.2620718
 5256.92269 1.7687680 0.2618273
 5262.17283 1.7698997 0.2612374
 5267.43812 1.7270657 0.2610700
 5272.70341 1.6014771 0.2603578
 5277.98422 1.5178140 0.2601114
 5283.26466 1.5113541 0.2599836
 5288.54509 1.5226969 0.2599235
 5293.82553 1.5442387 0.2596235
 5299.12111 1.5250833 0.2596929
 5304.41669 1.5391605 0.2597215
 5309.72741 1.4972113 0.2598804
 5315.03814 1.5152929 0.2600869
 5320.34886 1.5059760 0.2603515
 5325.67436 1.4508737 0.2599307
 5331.00024 1.3773793 0.2602939
 5336.32611 1.4138174 0.2605769
 5341.66712 1.4205287 0.2608396
 5347.00814 1.4213994 0.2612022
 5352.36430 1.3721966 0.2616066
 5357.70531 1.4028201 0.2619584
 5363.06147 1.4608749 0.2620221
 5368.43241 1.4566078 0.2621074
 5373.80372 1.4409790 0.2626132
 5379.17502 1.4018304 0.2631480
 5384.54633 1.4914424 0.2637506
 5389.93278 1.4990535 0.2642944
 5395.31886 1.5162861 0.2647849
 5400.72045 1.5133677 0.2648849
 5406.12205 1.5259906 0.2653650
 5411.53842 1.5014377 0.2658739
 5416.94002 1.5107737 0.2660432
 5422.35676 1.4683371 0.2665428
 5427.78827 1.3806031 0.2666200
 5433.20501 1.3625042 0.2670753
 5438.63690 1.3991674 0.2674120
 5444.08356 1.3970896 0.2677430
 5449.53059 1.4548093 0.2680990
 5454.97762 1.5241895 0.2680396
 5460.43943 1.5040739 0.2683218
 5465.88646 1.5884188 0.2684816
 5471.36341 1.5985276 0.2686774
 5476.82558 1.6833495 0.2689325
 5482.30254 1.6792994 0.2686183
 5487.79500 1.7430983 0.2686079
 5493.27195 1.7575577 0.2682054
 5498.76442 1.8310844 0.2682102
 5504.27166 1.8777897 0.2678276
 5509.77927 1.8759938 0.2680347
 5515.28651 1.8421140 0.2684596
 5520.80927 1.7865310 0.2690586
 5526.31651 1.7755331 0.2691942
 5531.85404 1.7910213 0.2693431
 5537.37679 1.7940203 0.2693439
 5542.91433 1.8226811 0.2695570
 5548.46700 1.8897654 0.2692823
 5554.00490 1.9585032 0.2692906
 5559.57272 1.9398601 0.2694371
 5565.12540 2.0363355 0.2692678
 5570.69359 1.9781024 0.2693676
 5576.26141 1.9653605 0.2694694
 5581.84438 1.9515131 0.2695557
 5587.41220 1.9311754 0.2691030
 5593.01068 1.9738740 0.2689992
 5598.59365 1.9795680 0.2688985
 5604.20690 1.9442018 0.2684190
 5609.80501 1.9564630 0.2683229
 5615.41827 1.9144295 0.2682775
 5621.03190 1.9101244 0.2679125
 5626.64515 1.8767239 0.2678649
 5632.27355 1.8564730 0.2678010
 5637.91710 1.8478168 0.2672459
 5643.54550 1.8346999 0.2672165
 5649.18905 1.8292595 0.2672105
 5654.84774 1.8205616 0.2670826
 5660.49128 1.8032591 0.2669509
 5666.16512 1.8109078 0.2667658
 5671.82381 1.8101773 0.2662335
 5677.49765 1.7584232 0.2660890
 5683.17148 1.7496074 0.2655503
 5688.86046 1.7075398 0.2653733
 5694.54945 1.6523395 0.2652130
 5700.23843 1.7145334 0.2646754
 5705.94255 1.7316035 0.2645241
 5711.64668 1.8528923 0.2640712
 5717.36595 1.8754910 0.2640626
 5723.07008 1.9384727 0.2640181
 5728.80449 1.9200073 0.2635670
 5734.52377 1.9183377 0.2638508
 5740.25781 1.9266354 0.2633755
 5746.00737 2.0026469 0.2632214
 5751.75693 2.0521193 0.2629774
 5757.50650 2.0556345 0.2625805
 5763.25606 2.0441282 0.2626356
 5769.02039 2.0970235 0.2623650
 5774.80025 2.0941825 0.2624677
 5780.56495 2.1571596 0.2621600
 5786.34480 2.1966901 0.2625647
 5792.13943 2.1748948 0.2623387
 5797.93443 2.2192173 0.2624272
 5803.72942 2.2262924 0.2625493
 5809.52405 2.1974769 0.2622368
 5815.33419 2.1945457 0.2622283
 5821.15948 2.2297678 0.2616709
 5826.98439 2.2916920 0.2620198
 5832.80968 2.3374112 0.2617089
 5838.63460 2.2426944 0.2617095
 5844.47503 2.1931350 0.2612856
 5850.31509 2.2272756 0.2613057
 5856.17067 2.2149763 0.2609524
 5862.02587 2.2228663 0.2612599
 5867.89659 2.2111292 0.2607883
 5873.75180 2.3220172 0.2607934
 5879.63767 2.4957542 0.2603640
 5885.50802 2.5027800 0.2603335
 5891.39389 2.4974029 0.2602660
 5897.29453 2.5673866 0.2597725
 5903.19554 2.5999241 0.2597227
 5909.09618 2.5977235 0.2592667
 5914.99682 2.6691930 0.2591618
 5920.91298 2.7081325 0.2589682
 5926.84391 2.7222226 0.2587993
 5932.75970 2.6988788 0.2581942
 5938.70615 2.6710484 0.2580118
 5944.63708 2.6821742 0.2578231
 5950.58315 2.6347356 0.2573310
 5956.52960 2.6070673 0.2572498
 5962.49082 2.6261511 0.2567165
 5968.45204 2.6444538 0.2569478
 5974.42841 2.6289825 0.2564400
 5980.39000 2.6461439 0.2560412
 5986.38151 2.6973546 0.2560252
 5992.35788 2.7453427 0.2559045
 5998.34939 2.8027701 0.2558297
 6004.35605 2.9170096 0.2553624
 6010.36271 2.9034841 0.2548985
 6016.36936 2.8809018 0.2551917
 6022.39154 2.8687093 0.2548397
 6028.41334 2.8239405 0.2544859
 6034.43514 2.8015862 0.2548281
 6040.47209 2.7113473 0.2544397
 6046.50903 2.6684330 0.2540305
 6052.56113 2.6643035 0.2539808
 6058.61322 2.5937364 0.2539141
 6064.66531 2.5972569 0.2534988
 6070.73255 2.6251304 0.2534670
 6076.79978 2.6023684 0.2534211
 6082.88217 2.6870787 0.2530029
 6088.96455 2.6905448 0.2529872
 6095.06171 2.7223468 0.2530137
 6101.14409 2.7449644 0.2527253
 6107.25676 2.7679613 0.2527744
 6113.36943 2.7770801 0.2526384
 6119.48210 2.7696812 0.2521558
 6125.59478 2.7239668 0.2518803
 6131.72222 2.7918754 0.2521879
 6137.85004 2.8124714 0.2519443
 6143.99300 2.8266041 0.2520370
 6150.13596 2.8880744 0.2518331
 6156.27893 2.8534529 0.2519084
 6162.43666 2.8848701 0.2519657
 6168.60992 2.8740556 0.2516828
 6174.76802 2.8675637 0.2513446
 6180.95605 2.8695228 0.2516041
 6187.12930 2.9018028 0.2511459
 6193.31770 2.9017470 0.2510417
 6199.50610 2.9252863 0.2506284
 6205.70890 2.9321132 0.2501771
 6211.91244 2.9360983 0.2503278
 6218.13150 2.9392788 0.2498827
 6224.34982 2.8964531 0.2497830
 6230.56813 2.8717728 0.2494206
 6236.80197 2.8770440 0.2494711
 6243.03580 2.9104047 0.2495498
 6249.28441 2.9046216 0.2492466
 6255.53301 2.9536531 0.2492479
 6261.78162 2.9496398 0.2489122
 6268.04574 2.8973501 0.2489046
 6274.32464 2.8954961 0.2485193
 6280.58876 2.8989718 0.2484338
 6286.88318 2.8953714 0.2483506
 6293.16207 2.9437852 0.2482505
 6299.45648 2.8751800 0.2477793
 6305.75016 2.7758672 0.2478204
 6312.05935 2.7548642 0.2475524
 6318.36927 2.6986196 0.2475649
 6324.69324 2.7011123 0.2473171
 6331.01794 2.7311604 0.2474604
 6337.35742 2.7594740 0.2472358
 6343.68212 2.7700877 0.2475601
 6350.03637 2.7648084 0.2472530
 6356.37585 3.0425651 0.3449069
 6362.73084 2.9995408 0.3450854
 6369.10061 2.9201179 0.3453456
 6375.47038 2.8028426 0.3458432
 6381.84014 2.7582541 0.3455227
 6388.22543 2.5727718 0.3459015
 6394.60997 2.4916942 0.3463840
 6401.01003 2.3795540 0.3469558
 6407.41009 2.3413322 0.3476952
 6413.82566 2.3994937 0.3484626
 6420.24049 2.4046044 0.3480235
 6426.65606 2.3242886 0.3485143
 6433.08641 2.3106380 0.3494764
 6439.51676 2.2077396 0.3494128
 6445.96188 2.1663396 0.3502970
 6452.40774 2.0778539 0.3513056
 6458.85287 1.9550734 0.3520179
 6465.31350 1.9922240 0.3526888
 6471.77414 2.0529737 0.3529979
 6478.25029 1.8875897 0.3522688
 6484.72571 1.8290519 0.3529424
 6491.21664 1.7968086 0.3540830
 6497.70756 1.7998928 0.3549529
 6504.19849 1.6717618 0.3548414
 6510.70419 1.5604715 0.3561080
 6517.22541 1.6586010 0.3571368
 6523.73185 1.5581788 0.3571304
 6530.26785 1.4119549 0.3580776
 6536.78907 1.4869488 0.3591797
 6543.32506 1.3969785 0.3601093
 6549.87657 1.4619362 0.3609155
 6556.42807 1.3527648 0.3607235
 6562.97958 1.3290371 0.3617931
 6569.54587 1.3074096 0.3627847
 6576.11215 1.3967119 0.3634897
 6582.69395 1.3760551 0.3633280
 6589.27575 1.4428720 0.3638972
 6595.85754 1.4392391 0.3642277
 6602.45412 1.4505768 0.3643321
 6609.06620 1.4820560 0.3650549
 6615.66278 1.5652781 0.3649983
 6622.28964 1.6427090 0.3657993
 6628.90173 1.6024708 0.3666101
 6635.52859 1.5449204 0.3674409
 6642.17097 1.4164040 0.3681186
 6648.81335 1.5531200 0.3690071
 6655.47050 1.5688766 0.3689764
 6662.11288 1.6085399 0.3697118
 6668.78481 1.7383280 0.3703904
 6675.45748 1.7890712 0.3705370
 6682.13014 1.7955554 0.3708873
 6688.80207 1.9057840 0.3712912
 6695.50503 1.9482433 0.3703510
 6702.19247 2.0756991 0.3704555
 6708.89543 2.1777382 0.3695491
 6715.61317 2.1775155 0.3701231
 6722.31612 2.3590996 0.3713176
 6729.04863 2.2476683 0.3729675
 6735.76637 2.1102262 0.3720798
 6742.51439 2.3429692 0.3681543
 6749.24764 2.5048015 0.3635454
 6756.01118 2.4857922 0.3587962
 6762.75920 2.5794075 0.3536350
 6769.52200 2.6202509 0.3477560
 6776.30031 2.5597272 0.3409679
 6783.06385 2.6144016 0.3334891
 6789.85694 2.6798136 0.3253388
 6796.63525 2.7687738 0.3164933
 6803.44386 2.8222103 0.3071728
 6810.23768 2.8823543 0.2976846
 6817.04629 2.9201784 0.2880582
 6823.86967 2.8352103 0.2782184
 6830.69378 2.9372222 0.2683726
 6837.53268 2.9242158 0.2588647
 6844.35606 2.9292655 0.2496336
 6851.21046 2.9282019 0.2406018
 6858.06413 2.8590348 0.2319943
 6864.91854 2.7936180 0.2244242
 6871.78699 2.7410500 0.2193012
 6878.65617 2.7345791 0.2134362
 6885.54087 2.6916895 0.2070184
 6892.42483 2.6480684 0.2004439
 6899.30952 2.6232648 0.1940791
 6906.20826 2.6176250 0.1869220
 6913.12325 2.5890031 0.1786519
 6920.03750 2.4345739 0.1732565
 6926.95248 2.3588946 0.1694178
 6933.88151 2.2385595 0.1664849
 6940.81127 2.1070881 0.1640530
 6947.75655 2.0072577 0.1620392
 6954.70109 1.9080478 0.1602845
 6961.66114 1.8275387 0.1586762
 6968.62046 1.7156719 0.1570839
 6975.59603 1.6324222 0.1584833
 6982.57086 1.4474312 0.1555549
 6989.54568 1.3968353 0.1536154
 6996.53603 1.1522121 0.1516319
 7003.54115 1.0011744 0.1494844
 7010.54700 0.9281483 0.1469009
 7017.55212 0.8123210 0.1451830
 7024.57276 0.7804896 0.1435387
 7031.59265 0.8102745 0.1418746
 7038.62806 0.7124393 0.1401875
 7045.66421 0.7534436 0.1383928
 7052.71439 0.7818576 0.1366040
 7059.76532 0.7808291 0.1347817
 7066.83102 0.8286146 0.1329448
 7073.88194 0.8642345 0.1311959
 7080.96242 0.8403304 0.1295107
 7088.04363 0.8455999 0.1272930
 7095.13962 0.8280159 0.1255344
 7102.23561 0.8609214 0.1245511
 7109.33160 0.9158586 0.1240012
 7116.44310 0.9418614 0.1225180
 7123.55460 1.0308887 0.1209657
 7130.68088 1.1212593 0.1197952
 7137.80716 1.2008204 0.1191354
 7144.94822 1.2124816 0.1194018
 7152.10479 1.2757624 0.1189889
 7159.24658 1.2891524 0.1187039
 7166.40315 1.3483636 0.1183598
 7173.57523 1.3427886 0.1179658
 7180.74658 1.2990210 0.1171954
 7187.93344 1.2734818 0.1169299
 7195.12030 1.2442875 0.1175383
 7202.32267 1.2264761 0.1180312
 7209.50953 1.1697594 0.1181675
 7216.72668 1.0914409 0.1176177
 7223.94309 1.0450838 0.1171921
 7231.17575 0.9302772 0.1174714
 7238.40768 0.8344056 0.1179873
 7245.64034 0.7865465 0.1186709
 7252.88778 0.6309610 0.1193583
 7260.13522 0.6120811 0.1181962
 7267.39743 0.5442994 0.1188933
 7274.65965 0.4460522 0.1193651
 7281.93738 0.4175406 0.1196403
 7289.23062 0.4117958 0.1194453
 7296.52313 0.3955485 0.1193824
 7303.81563 0.4823662 0.1189959
 7311.10888 0.4361668 0.1184082
 7318.43167 0.4587876 0.1176595
 7325.73969 0.5664105 0.1174838
 7333.06249 0.5543935 0.1174931
 7340.40079 0.5590384 0.1176301
 7347.73910 0.5415510 0.1175978
 7355.09219 0.5257238 0.1178991
 7362.44527 0.5067816 0.1182451
 7369.81387 0.5592108 0.1182883
 7377.18247 0.6410898 0.1187172
 7384.55107 0.6801339 0.1198375
 7391.94922 0.7490104 0.1198716
 7399.33334 0.7317820 0.1187311
 7406.73149 0.7522838 0.1178117
 7414.14589 0.8084467 0.1171688
 7421.55956 0.8682770 0.1161944
 7428.97322 0.8952431 0.1155188
 7436.41717 0.9503924 0.1157643
 7443.84635 1.0010192 0.1151811
 7451.29031 1.0382648 0.1136393
 7458.74978 0.9995238 0.1133920
 7466.19373 1.0349678 0.1127064
 7473.66798 0.9960643 0.1113294
 7481.14222 0.9897339 0.1105598
 7488.61647 1.0091598 0.1090191
 7496.10623 1.0344417 0.1080017
 7503.61076 1.0239691 0.1071111
 7511.11530 1.0527674 0.1062847
 7518.61983 1.0666353 0.1060773
 7526.13988 1.1050466 0.1059191
 7533.67471 1.1215420 0.1054755
 7541.20953 1.0511568 0.1054391
 7548.74436 1.0326400 0.1055041
 7556.29396 0.9897411 0.1063409
 7563.84430 0.9995769 0.1063981
 7571.40941 1.0016381 0.1060078
 7578.98930 0.9840282 0.1058640
 7586.56993 1.0027587 0.1071901
 7594.14982 0.9802051 0.1061316
 7601.74523 0.9618075 0.1054947
 7609.34063 0.9586303 0.1043275
 7616.95081 0.9011036 0.1037389
 7624.57651 0.7607988 0.1028166
 7632.20220 0.7713836 0.1023533
 7639.84341 0.7301648 0.1016514
 7647.46911 0.7486981 0.1013973
 7655.12509 0.7062677 0.1007557
 7662.78034 0.6904387 0.1003807
 7670.43632 0.6989105 0.1000244
 7678.10782 0.6157300 0.0996696
 7685.79336 0.6368332 0.0992148
 7693.47964 0.6384183 0.0985523
 7701.16591 0.6823255 0.0984097
 7708.86696 0.7793297 0.0978871
 7716.58353 0.8104213 0.0976533
 7724.30009 0.8337387 0.0976125
 7732.01666 0.8488621 0.0977974
 7739.74800 0.8861865 0.0970944
 7747.49485 0.9127257 0.0960771
 7755.24171 0.9396071 0.0959777
 7763.00334 0.9984704 0.0953165
 7770.76497 0.9982657 0.0939323
 7778.52660 1.0308505 0.0935325
 7786.31926 1.0970000 0.0926956
 7794.09566 1.1030259 0.0922505
 7801.88832 1.1508892 0.0915048
 7809.69502 1.2044291 0.0906573
 7817.50246 1.2700001 0.0902325
 7825.32467 1.3156856 0.0894038
 7833.14688 1.3184487 0.0888039
 7840.98460 1.3260015 0.0883853
 7848.82159 1.2997259 0.0880849
 7856.67483 1.2961183 0.0877073
 7864.52733 1.3450518 0.0874450
 7872.39460 1.3127522 0.0872050
 7880.26262 1.2707759 0.0874809
 7888.14541 1.2675809 0.0878600
 7896.04372 1.2617114 0.0868842
 7903.92651 1.2360946 0.0869457
 7911.83959 1.1788028 0.0864577
 7919.75267 1.1848702 0.0861546
 7927.66575 1.1493944 0.0861516
 7935.59360 1.1507578 0.0864715
 7943.53698 1.1349301 0.0871852
 7951.48035 1.1194732 0.0866571
 7959.42372 1.0953947 0.0862834
 7967.38260 1.0973479 0.0862974
 7975.35626 1.1072603 0.0863072
 7983.32992 1.0835845 0.0862102
 7991.31836 1.1194233 0.0864010
 7999.30754 1.1669900 0.0863363
 8007.31075 1.1992414 0.0864870
 8015.31470 1.2026100 0.0866004
 8023.33416 1.1833177 0.0867092
 8031.35289 1.2008035 0.0866210
 8039.38713 1.2197326 0.0869252
 8047.42137 1.2556800 0.0867976
 8055.47039 1.2726902 0.0867964
 8063.53492 1.2820448 0.0867874
 8071.59945 1.2635019 0.0867043
 8079.66398 1.2906328 0.0864142
 8087.74329 1.3168943 0.0867585
 8095.83811 1.3431261 0.0871128
 8103.93293 1.3862621 0.0862259
 8112.04252 1.3978316 0.0854804
 8120.13735 1.4327250 0.0851983
 8128.26246 1.4481932 0.0845690
 8136.40234 1.4668245 0.0842274
 8144.52745 1.4342612 0.0840022
 8152.68212 1.4328474 0.0838105
 8160.82274 1.4340926 0.0835294
 8168.99292 1.4710944 0.0831138
 8177.16309 1.5185744 0.0829120
 8185.33327 1.4882185 0.0827841
 8193.51896 1.4880009 0.0827183
 8201.71943 1.5282211 0.0828682
 8209.91989 1.4993876 0.0826938
 8218.13587 1.4708149 0.0823322
 8226.35112 1.4364274 0.0816967
 8234.58261 1.4775846 0.0815440
 8242.81337 1.4512441 0.0815820
 8251.05890 1.4446415 0.0817720
 8259.30517 1.4255416 0.0818466
 8267.56622 1.3981581 0.0807381
 8275.82726 1.4266068 0.0807234
 8284.10383 1.4436744 0.0807715
 8292.39516 1.4272681 0.0802992
 8300.68650 1.4477558 0.0802888
 8308.99261 1.4608814 0.0800001
 8317.29946 1.4453377 0.0798409
 8325.62109 1.4221559 0.0797018
 8333.94271 1.4058223 0.0795362
 8342.27912 1.4165462 0.0799201
 8350.61626 1.4363357 0.0794954
 8358.96817 1.4371859 0.0791059
 8367.32009 1.4022410 0.0787492
 8375.68678 1.3791471 0.0785514
 8384.06899 1.3670104 0.0783830
 8392.45120 1.3140537 0.0782687
 8400.84818 1.3289764 0.0782574
 8409.24590 1.2675351 0.0784251
 8417.65839 1.2345605 0.0782286
 8426.08567 1.2229446 0.0774131
 8434.49816 1.1825715 0.0771783
 8442.94095 1.1431645 0.0769992
 8451.38300 1.1374494 0.0767686
 8459.84130 1.1052412 0.0765592
 8468.29886 1.0953507 0.0762662
 8476.75642 1.0767390 0.0758753
 8485.24501 1.0280390 0.0756461
 8493.73287 0.9821974 0.0754427
 8502.22072 0.9416608 0.0753317
 8510.72409 0.8906648 0.0750605
 8519.22745 0.9121259 0.0750324
 8527.74559 0.8922691 0.0750336
 8536.27925 0.8826710 0.0743212
 8544.81217 0.9036265 0.0735318
 8553.36134 0.8806719 0.0732271
 8561.92455 0.8793119 0.0729318
 8570.47372 0.8289571 0.0725854
 8579.05244 0.7994761 0.0720448
 8587.63116 0.7772500 0.0724527
 8596.20988 0.7870103 0.0721410
 8604.81890 0.7874845 0.0715243
 8613.41313 0.7886342 0.0708049
 8622.03692 0.7688472 0.0701594
 8630.66145 0.7964640 0.0698852
 8639.28597 0.7787428 0.0696569
 8647.92528 0.7591328 0.0696736
 8656.57935 0.7493854 0.0698822
 8665.23417 0.7403152 0.0702274
 8673.90376 0.7361627 0.0705370
 8682.57336 0.7305344 0.0701481
 8691.25772 0.7562453 0.0701820
 8699.94283 0.7665536 0.0703825
 8708.64271 0.7836964 0.0705030
 8717.35737 0.7674259 0.0707084
 8726.07277 0.7935250 0.0712295
 8734.80294 0.8132193 0.0718183
 8743.53311 0.8279144 0.0718225
 8752.27806 0.8803806 0.0714242
 8761.02375 0.9103153 0.0709128
 8769.79898 0.9390746 0.0705254
 8778.55945 0.9774083 0.0707509
 8787.35020 1.0281376 0.0704999
 8796.12544 1.0428820 0.0701910
 8804.93170 1.0446231 0.0700019
 8813.73723 1.0739179 0.0699498
 8822.54276 1.1418883 0.0700339
 8831.36380 1.1868945 0.0700932
 8840.20036 1.2346886 0.0701225
 8849.03618 1.3271379 0.0700166
 8857.88751 1.3701367 0.0702553
 8866.75362 1.3875082 0.0706580
 8875.61972 1.4298608 0.0708384
 8884.48583 1.4221295 0.0707559
 8893.38297 1.3861364 0.0708233
 8902.26385 1.3927616 0.0710532
 8911.17576 1.4299952 0.0715283
 8920.08768 1.4663020 0.0723384
 8928.99959 1.4675368 0.0735835
 8937.94105 1.4527564 0.0727544
 8946.86848 1.4341303 0.0726942
 8955.82546 1.4282448 0.0727333
 8964.78244 1.3609283 0.0729870
 8973.73941 1.3307661 0.0730411
 8982.71191 1.2922235 0.0729761
 8991.69917 1.2610403 0.0728544
 9000.68644 1.2093860 0.0727128
 9009.68848 1.1862828 0.0723874
 9018.70678 1.1422071 0.0721555
 9027.72434 1.1083101 0.0718984
 9036.74190 1.1056658 0.0718252
 9045.78975 1.0606939 0.0711648
 9054.83759 1.0414054 0.0709042
 9063.88544 1.0173091 0.0705244
 9072.94807 1.0043164 0.0702031
 9082.02620 0.9861642 0.0698939
 9091.10434 0.9732622 0.0689072
 9100.19799 0.9536828 0.0681304
 9109.30642 0.9222445 0.0678359
 9118.41485 0.9025871 0.0678276
 9127.53805 0.9038008 0.0678116
 9136.66200 0.9196072 0.0676479
 9145.80071 0.9430494 0.0677754
 9154.93869 0.9586952 0.0677920
 9164.09293 1.0087012 0.0677056
 9173.26193 1.0276523 0.0674595
 9182.43094 1.0152977 0.0672700
 9191.61472 1.0024481 0.0675939
 9200.81402 1.0489889 0.0679925
 9210.01332 1.0018632 0.0684487
 9219.22739 0.9837970 0.0686245
 9228.44147 1.0090084 0.0683573
 9237.67106 1.0031012 0.0683850
 9246.90064 1.0172408 0.0685963
 9256.16052 1.0285140 0.0683890
 9265.41966 1.0629140 0.0692632
 9274.67954 1.0277723 0.0677942
 9283.95419 0.9956358 0.0668649
 9293.24436 0.9979184 0.0657646
 9302.53453 1.0524611 0.0654428
 9311.83947 1.0613376 0.0651105
 9321.14442 1.0553403 0.0645586
 9330.46488 1.0642869 0.0638130
 9339.80011 1.0622509 0.0633024
 9349.13534 1.0418797 0.0634606
 9358.48609 0.9975980 0.0635575
 9367.85161 1.0061235 0.0635682
 9377.21714 0.9614512 0.0638891
 9386.59818 0.9536247 0.0644731
 9395.97848 0.9481791 0.0650951
 9405.37429 0.9500567 0.0655099
 9414.78562 0.9264299 0.0659638
 9424.19695 0.9282319 0.0661709
 9433.62305 0.9059144 0.0667622
 9443.06393 0.9059453 0.0672266
 9452.49003 0.9104171 0.0675276
 9461.94643 0.8953406 0.0679551
 9471.41833 0.8852629 0.0686405
 9480.88950 0.9094499 0.0694745
 9490.37619 0.9351453 0.0698721
 9499.86287 1.0025892 0.0701664
 9509.36433 0.9929109 0.0701738
 9518.86653 0.9983824 0.0698809
 9528.38350 1.0102751 0.0690372
 9537.91525 1.0277714 0.0687043
 9547.46252 1.0258656 0.0688208
 9557.00978 1.0026248 0.0692096
 9566.55704 1.0240493 0.0692292
 9576.13460 1.0202093 0.0684287
 9585.71215 1.0499246 0.0681961
 9595.28897 1.0609540 0.0683408
 9604.88203 1.0581993 0.0691031
 9614.48988 1.0638980 0.0694689
 9624.11250 1.0814856 0.0694063
 9633.73512 1.0844415 0.0693887
 9643.35774 1.0916448 0.0690666
 9653.01138 1.1287086 0.0690895
 9662.66429 1.1466585 0.0691037
 9672.33272 1.1928929 0.0694753
 9682.00040 1.1794997 0.0697523
 9691.68360 1.1597365 0.0691329
 9701.38232 1.1798472 0.0688268
 9711.06552 1.2034818 0.0688522
 9720.77974 1.1750054 0.0690434
 9730.50801 1.1654243 0.0685714
 9740.23701 1.1668879 0.0680372
 9749.98079 1.1405329 0.0676812
 9759.72457 1.1189259 0.0673400
 9769.49864 1.1393431 0.0668445
 9779.25793 1.1295440 0.0665114
 9789.03200 1.1224991 0.0658485
 9798.83636 1.1170506 0.0655828
 9808.62521 1.1243048 0.0649070
 9818.42957 1.1031278 0.0642182
 9828.24944 1.1033410 0.0637740
 9838.08409 1.0728720 0.0636406
 9847.91874 1.0749316 0.0634868
 9857.76817 1.0580541 0.0627785
 9867.63311 1.0765836 0.0621101
 9877.49805 1.1235590 0.0619669
 9887.37850 1.1201630 0.0619363
 9897.25821 1.1045190 0.0610144
 9907.15344 1.1027393 0.0603411
 9917.06419 1.0881813 0.0602551
 9926.98897 1.0555621 0.0604627
 9936.91449 1.0372794 0.0604288
 9946.85552 1.0283567 0.0604585
 9956.79582 1.0284280 0.0602194
 9966.75163 1.0158373 0.0603588
 9976.72221 0.9842767 0.0605106
 9986.70831 0.9792583 0.0610116
 9996.69441 0.9765320 0.0615087
 10006.68051 0.9693056 0.0616012
 10016.69616 0.9576619 0.0615997
 10026.71255 0.9519524 0.0616387
 10036.74372 0.9209128 0.0608900
 10046.77562 0.9258808 0.0607128
 10056.82156 0.9303334 0.0608703
 10066.88375 0.9280790 0.0612568
 10076.94521 0.8850209 0.0611552
 10087.02144 0.8738185 0.0607663
 10097.11392 0.8553926 0.0603553
 10107.20567 0.8007438 0.0601812
 10117.31219 0.7775689 0.0600112
 10127.43423 0.7422677 0.0598312
 10137.55700 0.7290223 0.0597415
 10147.69381 0.7008387 0.0595503
 10157.84614 0.6729141 0.0594264
 10167.99846 0.6654798 0.0595900
 10178.18108 0.6477721 0.0593017
 10188.34892 0.6219960 0.0591639
 10198.54631 0.6214820 0.0593302
 10208.74444 0.5973218 0.0596163
 10218.95734 0.5914407 0.0597140
 10229.17025 0.5617577 0.0600411
 10239.39793 0.5665545 0.0602392
 10249.64112 0.5545209 0.0603898
 10259.88432 0.5860068 0.0608957
 10270.15780 0.5658654 0.0610745
 10280.41651 0.5661313 0.0605960
 10290.70477 0.5521468 0.0600588
 10300.99377 0.5733981 0.0598835
 10311.29681 0.5912794 0.0598035
 10321.61610 0.6142399 0.0595976
 10331.93465 0.6374583 0.0591771
 10342.26872 0.6713102 0.0588181
 10352.60278 0.6871691 0.0584889
 10362.95162 0.6993016 0.0582037
 10373.31598 0.7056386 0.0579640
 10383.69511 0.7226243 0.0576992
 10394.07498 0.8057990 0.0572781
 10404.46889 0.8124554 0.0568949
 10414.87904 0.8353963 0.0563937
 10425.28847 0.8342528 0.0555992
 10435.72818 0.8189059 0.0549823
 10446.15311 0.8512567 0.0544999
 10456.60760 0.8327352 0.0539612
 10467.06282 0.8156458 0.0536813
 10477.51805 0.8062830 0.0529096
 10488.00283 0.8222874 0.0523230
 10498.48834 0.8189657 0.0520007
 10508.98863 0.8230525 0.0519191
 10519.50444 0.8378356 0.0519929
 10530.01950 0.8109093 0.0521071
 10540.55009 0.8080726 0.0522947
 10551.09618 0.8043308 0.0526465
 10561.64228 0.8030486 0.0528713
 10572.20315 0.8349303 0.0534410
 10582.77879 0.8026308 0.0535915
 10593.36995 0.8048722 0.0537141
 10603.96112 0.7898699 0.0539694
 10614.55228 0.7862850 0.0535682
 10625.17373 0.7651981 0.0534987
 10635.80995 0.7600465 0.0534473
 10646.43141 0.7686320 0.0540830
 10657.08315 0.7431806 0.0548541
 10667.75040 0.7375268 0.0550962
 10678.40214 0.7163194 0.0551869
 10689.08417 0.7256978 0.0549047
 10699.78098 0.7263689 0.0552411
 10710.47779 0.7026740 0.0549711
 10721.19011 0.6919811 0.0554048
 10731.91720 0.6550466 0.0549411
 10742.64504 0.6650855 0.0552557
 10753.38765 0.6727046 0.0553577
 10764.14504 0.6464625 0.0560188
 10774.90242 0.6306803 0.0562704
 10785.67533 0.6582850 0.0568447
 10796.46300 0.6420813 0.0572591
 10807.26619 0.6829587 0.0584192
 10818.06938 0.6431197 0.0589892
 10828.88735 0.6236863 0.0593768
 10839.72009 0.5956676 0.0598253
 10850.55357 0.5927106 0.0606565
 10861.41735 0.6461629 0.0610575
 10872.28038 0.6564384 0.0603064
 10883.14415 0.6533834 0.0599812
 10894.02270 0.7022202 0.0595174
 10904.93153 0.7060133 0.0593711
 10915.82559 0.7210284 0.0589599
 10926.74921 0.7375773 0.0582479
 10937.67356 0.7410406 0.0578002
 10948.61268 0.7453948 0.0571271
 10959.56732 0.7442238 0.0567024
 10970.52123 0.7579734 0.0565574
 10981.49064 0.7622400 0.0558289
 10992.47558 0.7622775 0.0551611
 11003.47454 0.7383749 0.0540648
 11014.47425 0.7037862 0.0531418
 11025.48947 0.6844655 0.0520880
 11036.51947 0.6885710 0.0512023
 11047.54946 0.6889549 0.0506756
 11058.59424 0.6723660 0.0499607
 11069.65452 0.6478724 0.0498385
 11080.72959 0.6075373 0.0492728
 11091.80539 0.5699105 0.0483969
 11102.89596 0.5532719 0.0478454
 11114.00132 0.5549033 0.0472159
 11125.12218 0.5578650 0.0468275
 11136.24231 0.5431901 0.0461509
 11147.37869 0.5281259 0.0457632
 11158.52985 0.5469079 0.0450904
 11169.69578 0.5344157 0.0448315
 11180.86171 0.5271081 0.0444165
 11192.04316 0.5121228 0.0441802
 11203.22387 0.5213766 0.0436836
 11214.43561 0.5399556 0.0435028
 11225.64734 0.5155555 0.0436794
 11236.87386 0.5343370 0.0439306
 11248.11588 0.5488836 0.0438484
 11259.35717 0.5753881 0.0437020
 11270.61397 0.5945668 0.0434645
 11281.88629 0.6197817 0.0432494
 11293.17338 0.6059307 0.0426814
 11304.47599 0.6050646 0.0425586
 11315.77786 0.6084058 0.0429483
 11327.09524 0.6083220 0.0430674
 11338.41262 0.5870783 0.0434761
 11349.76029 0.5757132 0.0437374
 11361.10797 0.5492900 0.0441866
 11372.47115 0.5352152 0.0447075
 11383.84912 0.5186568 0.0453979
 11395.22708 0.4781066 0.0458409
 11406.61982 0.4460126 0.0463469
 11418.02807 0.4208736 0.0469990
 11429.45110 0.4059014 0.0475119
 11440.87486 0.3973150 0.0481838
 11452.31341 0.3714781 0.0488559
 11463.76673 0.3705259 0.0499920
 11475.23556 0.3683840 0.0508679
 11486.70439 0.3654120 0.0520885
 11498.20351 0.3263107 0.0529926
 11509.70190 0.3469097 0.0534871
 11521.21653 0.3597535 0.0542319
 11532.73043 0.3901004 0.0550860
 11544.25984 0.4265862 0.0564029
 11555.80403 0.4742700 0.0567058
 11567.36374 0.4742129 0.0570288
 11578.93821 0.5085585 0.0572578
 11590.51269 0.5056881 0.0577278
 11602.10268 0.5479409 0.0582376
 11613.70745 0.5243082 0.0585346
 11625.31222 0.5979425 0.0585138
 11636.94728 0.6031242 0.0584057
 11648.58234 0.6286191 0.0586056
 11660.23291 0.6469902 0.0590462
 11671.89826 0.6692678 0.0598329
 11683.56361 0.7196469 0.0600172
 11695.25924 0.7094991 0.0592307
 11706.94011 0.6962358 0.0577520
 11718.65052 0.6775644 0.0569321
 11730.37645 0.7094650 0.0561695
 11742.10238 0.7112746 0.0554925
 11753.84382 0.7439898 0.0552388
 11765.60004 0.7128880 0.0546310
 11777.37103 0.7239555 0.0537761
 11789.14203 0.6851289 0.0536980
 11800.92853 0.6688775 0.0539419
 11812.73056 0.6541715 0.0548336
 11824.54736 0.6780799 0.0550900
 11836.36415 0.6783808 0.0547456
 11848.21050 0.7114922 0.0542332
 11860.05759 0.7101177 0.0543335
 11871.92019 0.7456360 0.0547760
 11883.79683 0.7708700 0.0548728
 11895.67421 0.7800048 0.0553249
 11907.56637 0.7566371 0.0559728
 11919.48955 0.7882827 0.0573645
 11931.39648 0.7910717 0.0572678
 11943.33444 0.8384384 0.0585140
 11955.27239 0.8598512 0.0584110
 11967.24064 0.8813938 0.0584742
 11979.20815 0.8952284 0.0591507
 11991.17640 0.8893534 0.0601620
 12003.17494 0.8825670 0.0614758
 12015.17274 0.8541786 0.0616512
 12027.18605 0.8211701 0.0618970
 12039.21488 0.8097406 0.0625017
 12051.25848 0.7432372 0.0633618
 12063.30209 0.7080700 0.0642644
 12075.37598 0.6890613 0.0654325
 12087.44988 0.6716386 0.0665018
 12099.53929 0.5930485 0.0678537
 12111.64347 0.5045829 0.0499072
 12123.74765 0.5108814 0.0503636
 12135.88213 0.5079696 0.0513551
 12148.01660 0.4909837 0.0517658
 12160.15108 0.4586069 0.0529202
 12172.31510 0.4550409 0.0538979
 12184.49538 0.4560543 0.0546256
 12196.67492 0.4441774 0.0557014
 12208.88549 0.4280299 0.0561123
 12221.07980 0.4153729 0.0570627
 12233.30515 0.4034135 0.0585706
 12245.54600 0.3775318 0.0595283
 12257.78612 0.3306716 0.0607264
 12270.04176 0.2989956 0.0615186
 12282.31217 0.2686974 0.0631002
 12294.59809 0.2357128 0.0648518
 12306.89879 0.1739723 0.0667963
 12319.19949 0.1649247 0.0685535
 12331.51571 0.1160817 0.0703024
 12343.86221 0.0830336 0.0719349
 12356.19320 0.0326492 0.0745847
 12368.55448 -0.0086701 0.0775261
 12380.93127 -0.0386898 0.0808076
 12393.30733 -0.0823741 0.0839443
 12405.69964 -0.0713200 0.0872845
 12418.10672 -0.0970463 0.0910296
 12430.52858 -0.1025149 0.0948107
 12442.96522 -0.1052329 0.0994549
 12455.40185 -0.0996311 0.1039247
 12467.85474 -0.1078260 0.1076989
 12480.32093 -0.1010350 0.1097725
 12492.80337 -0.0939236 0.1156792
 12505.30206 -0.0847285 0.1228964
 12517.79927 -0.0626590 0.1315608
 12530.32752 -0.0526079 0.1423319
 12542.85429 -0.0520913 0.1533420
 12555.39731 -0.0380858 0.1623526
 12567.95510 -0.0352326 0.1737265
 12580.52915 -0.0054297 0.1862351
 12593.10172 0.0251591 0.2022351
 12605.69054 0.0463983 0.2220059
 12618.30892 0.0450534 -0.2452766
 12630.91252 0.0855456 -0.2747435
 12643.54715 0.0972081 -0.3020425
 12656.19508 0.0831558 -0.3228549
