# SOURCE  = 'Quimby et al. 2018' /                                                
# OBJECT  = '2010gx  '           /                                                
# Z       =             0.230100 / wavelengths divided by (1 + z)                 
# NORM    =          1.91720E-17 / fluxes divided by norm                         
# CLIPPED =                    1 / galaxy emission lines removed                  
# SMOOTHED=                    1 / spectrum has been smoothed                     
# COLUMN01= 'Wavelength (Angstrom)' /                                             
# COLUMN02= 'Flux Density (erg/s/cm2/A)' /                                        
# COLUMN03= 'Flux Density Uncertainty (erg/s/cm2/A)' /                            
# END                                                                             
# 
# 
# 
# 
# 
# 
# 
# 
# 
# 
   3338.9097421      0.0130089      0.0844779
   3342.2432650      0.0168619      0.0834469
   3345.5891010      0.0180480      0.0825938
   3348.9349369      0.0169906      0.0818279
   3352.2807729      0.0397530      0.0811794
   3355.6389219      0.0476558      0.0804810
   3358.9847579      0.0509692      0.0797441
   3362.3429069      0.0337030      0.0786999
   3365.7133688      0.0667990      0.0778894
   3369.0718181      0.0620311      0.0771483
   3372.4422802      0.0534078      0.0761452
   3375.8127421      0.0779838      0.0754287
   3379.1955171      0.0679710      0.0748212
   3382.5782921      0.0883588      0.0738894
   3385.9610671      0.0888562      0.0733368
   3389.3438421      0.1047745      0.0727364
   3392.7266171      0.1051776      0.0721956
   3396.1217052      0.0882815      0.0715343
   3399.5167931      0.0979848      0.0710422
   3402.9238938      0.1024545      0.0706330
   3406.3189819      0.0839303      0.0704084
   3409.7263829      0.0794250      0.0703693
   3413.1460969      0.0799257      0.0702879
   3416.5534979      0.0851662      0.0701319
   3419.9732119      0.0894592      0.0701851
   3423.3929260      0.1024605      0.0700889
   3426.8126400      0.1049509      0.0697532
   3430.2446671      0.0997231      0.0694565
   3433.6763938      0.1006385      0.0689704
   3437.1084209      0.1317504      0.0682244
   3440.5404479      0.1333217      0.0676678
   3443.9847881      0.1365396      0.0670403
   3447.4291281      0.1401295      0.0660844
   3450.8734681      0.1332672      0.0654150
   3454.3298209      0.1261809      0.0646783
   3457.7864740      0.1356293      0.0641011
   3461.2431271      0.1542479      0.0635710
   3464.6997802      0.1512475      0.0628644
   3468.1684459      0.1500673      0.0624050
   3471.6374119      0.1353476      0.0620057
   3475.1063781      0.1212287      0.0615943
   3478.5750438      0.1212279      0.0614351
   3482.0563229      0.1395610      0.0610691
   3485.5376021      0.1363342      0.0609249
   3489.0308938      0.1443537      0.0606867
   3492.5121729      0.1466961      0.0603859
   3496.0057650      0.1543443      0.0602295
   3499.5113698      0.1600395      0.0598588
   3503.0049619      0.1736296      0.0597732
   3506.5108671      0.1627454      0.0596470
   3510.0164719      0.1765773      0.0593008
   3513.5223771      0.1737360      0.0590460
   3517.0402948      0.1839329      0.0583686
   3520.5585131      0.1751402      0.0577419
   3524.0767312      0.1738431      0.0572951
   3527.6069619      0.1734188      0.0562208
   3531.1251802      0.1884109      0.0553380
   3534.6554110      0.1839615      0.0543323
   3538.1982552      0.1947364      0.0536639
   3541.7284860      0.2190883      0.0529439
   3545.2713302      0.2111744      0.0525298
   3548.8261869      0.2049011      0.0520706
   3552.3690312      0.1987710      0.0518556
   3555.9238881      0.2009488      0.0516843
   3559.4787448      0.2227039      0.0515230
   3563.0339021      0.2283319      0.0514218
   3566.6010719      0.2128382      0.0512020
   3570.1685421      0.2145275      0.0510783
   3573.7357119      0.2189196      0.0509090
   3577.3151948      0.2221882      0.0507697
   3580.8949781      0.2362623      0.0504829
   3584.4744610      0.2337737      0.0503357
   3588.0539438      0.2390114      0.0501206
   3591.6460400      0.2504858      0.0501263
   3595.2378360      0.2535295      0.0499334
   3598.8296319      0.2555151      0.0498161
   3602.4340411      0.2375548      0.0495616
   3606.0381500      0.2353508      0.0494367
   3609.6422589      0.2272877      0.0491302
   3613.2466681      0.2122234      0.0489542
   3616.8630900      0.2126735      0.0486845
   3620.4795119      0.2203875      0.0484723
   3624.0959339      0.2370591      0.0480302
   3627.7246688      0.2318722      0.0477855
   3631.3537041      0.2192831      0.0474754
   3634.9824390      0.2256582      0.0472244
   3638.6234869      0.2206568      0.0468433
   3642.2522219      0.2332799      0.0466062
   3645.8932698      0.2308507      0.0463483
   3649.5469312      0.2365529      0.0461613
   3653.2002921      0.2484712      0.0458127
   3656.8536531      0.2412863      0.0456786
   3660.5070140      0.2390185      0.0453745
   3664.1726881      0.2427407      0.0451799
   3667.8260490      0.2306590      0.0449995
   3671.5040360      0.2300820      0.0447891
   3675.1697100      0.2297928      0.0446704
   3678.8476969      0.2234686      0.0444605
   3682.5256839      0.2291243      0.0445558
   3686.2036709      0.2269138      0.0445201
   3689.8939709      0.2439833      0.0444363
   3693.5842709      0.2509972      0.0442019
   3697.2745709      0.2604828      0.0438836
   3700.9771839      0.2641752      0.0436331
   3704.6797969      0.2704022      0.0432175
   3708.3824100      0.2695220      0.0428921
   3712.0850229      0.2822071      0.0424084
   3715.7999490      0.2862567      0.0421329
   3719.5148750      0.2881697      0.0416914
   3723.2421140      0.2874738      0.0412368
   3726.9570400      0.2996502      0.0412314
   3730.6842791      0.3032947      0.0411352
   3734.4238312      0.3174092      0.0407233
   3738.1507698      0.3271379      0.0402399
   3741.8903219      0.3359601      0.0398010
   3745.6298740      0.3364355      0.0396191
   3749.3817390      0.3329920      0.0393443
   3753.1336041      0.3478112      0.0391192
   3756.8851688      0.3450810      0.0391488
   3760.6370339      0.3619981      0.0391332
   3764.4012119      0.3729351      0.0392068
   3768.1653900      0.3900811      0.0390102
   3771.9295681      0.3863020      0.0387229
   3775.7057589      0.3877101      0.0386280
   3779.4822500      0.3873697      0.0383664
   3783.2587411      0.4033613      0.0381557
   3787.0472448      0.4112026      0.0380636
   3790.8360490      0.4050974      0.0378995
   3794.6248531      0.4107527      0.0377761
   3798.4133569      0.4227806      0.0376612
   3802.2144740      0.4265213      0.0373972
   3806.0155911      0.4276638      0.0370923
   3809.8287209      0.4270446      0.0369405
   3813.6298381      0.4278844      0.0509837
   3817.4432681      0.4373356      0.0509342
   3821.2687110      0.4399421      0.0510314
   3825.0944541      0.4503787      0.0511274
   3828.9075839      0.4617471      0.0511986
   3832.7456400      0.4768544      0.0515806
   3836.5710829      0.4765629      0.0516339
   3840.4091390      0.5018992      0.0514452
   3844.2468948      0.4694495      0.0511554
   3848.0972640      0.4606495      0.0506914
   3851.9473329      0.4629607      0.0503716
   3855.7977021      0.4598904      0.0500672
   3859.6477709      0.4706519      0.0496839
   3863.5104531      0.4612181      0.0497129
   3867.3728350      0.4515891      0.0495580
   3871.2478302      0.4558394      0.0493625
   3875.1102119      0.4673217      0.0491727
   3878.9849069      0.4573614      0.0488674
   3882.8722150      0.4621305      0.0485332
   3886.7469100      0.4526004      0.0486479
   3890.6342181      0.4772985      0.0482848
   3894.5335390      0.4694077      0.0481896
   3898.4205469      0.4647686      0.0484052
   3902.3201681      0.4729558      0.0483490
   3906.2318021      0.4855503      0.0484788
   3910.1311229      0.4652067      0.0482105
   3914.0427569      0.4921174      0.0482476
   3917.9546911      0.4997150      0.0479899
   3921.8786381      0.5089490      0.0478058
   3925.8025850      0.5112969      0.0475402
   3929.7265319      0.5126743      0.0473005
   3933.6507791      0.5180514      0.0471255
   3937.5870390      0.5255262      0.0469541
   3941.5232990      0.5276179      0.0469084
   3945.4718719      0.5536368      0.0467352
   3949.4081319      0.5626559      0.0467629
   3953.3570052      0.5617215      0.0468124
   3957.3178911      0.5809149      0.0459974
   3961.2664640      0.5861310      0.0457110
   3965.2396631      0.5784326      0.0457060
   3969.2005490      0.5928092      0.0462044
   3973.1737479      0.6036023      0.0464425
   3977.1469469      0.6166195      0.0464665
   3981.1201459      0.6200828      0.0469398
   3985.1056579      0.6320494      0.0475765
   3989.0911698      0.6381918      0.0478150
   3993.0766819      0.6480353      0.0481207
   3997.0745069      0.6427390      0.0485663
   4001.0723319      0.6365038      0.0493359
   4005.0701569      0.6290318      0.0499364
   4009.0679819      0.6382707      0.0503706
   4013.0781198      0.6316899      0.0510909
   4017.1005709      0.6325382      0.0519461
   4021.1107089      0.6441090      0.0526736
   4025.1331600      0.6607819      0.0533408
   4029.1556110      0.6447345      0.0539948
   4033.1903750      0.6164270      0.0543176
   4037.2251390      0.6166227      0.0548542
   4041.2599031      0.6434866      0.0553344
   4045.3069802      0.6361220      0.0552578
   4049.3414438      0.6245984      0.0554876
   4053.4008339      0.6094362      0.0556818
   4057.4479110      0.6266745      0.0552892
   4061.5073010      0.6280212      0.0552215
   4065.5666911      0.6194295      0.0545220
   4069.6380938      0.6218316      0.0537663
   4073.7097969      0.6117740      0.0532073
   4077.7815000      0.6077678      0.0520575
   4081.8532031      0.6211355      0.0513308
   4085.9369188      0.6195682      0.0506759
   4090.0209350      0.6140034      0.0501754
   4094.1172640      0.6228322      0.0493829
   4098.2135931      0.6163814      0.0487500
   4102.3096219      0.6155519      0.0481424
   4106.4059510      0.6313291      0.0475257
   4110.5145931      0.6348617      0.0471286
   4114.6229350      0.6514682      0.0467286
   4118.7438900      0.6519407      0.0467771
   4122.8645448      0.6730251      0.0469486
   4126.9855000      0.6848080      0.0469877
   4131.1064552      0.7000291      0.0465349
   4135.2394229      0.7028389      0.0463093
   4139.3726911      0.7098853      0.0462099
   4143.5179719      0.7303269      0.0462468
   4147.6635531      0.7265801      0.0461548
   4151.8088339      0.7062347      0.0463983
   4155.9667281      0.7203298      0.0470166
   4160.1243219      0.7162772      0.0464999
   4164.2822161      0.7262937      0.0461044
   4168.4398100      0.7476663      0.0457999
   4172.6100171      0.7480411      0.0454459
   4176.7799240      0.7707599      0.0451877
   4180.9621438      0.7956240      0.0448036
   4185.1446640      0.8010176      0.0445927
   4189.3268839      0.8021140      0.0444755
   4193.5217171      0.8219554      0.0443795
   4197.7039369      0.8363152      0.0443142
   4201.9107829      0.8435056      0.0440983
   4206.1056161      0.8390397      0.0440886
   4210.3124619      0.8519554      0.0441092
   4214.5316209      0.8483931      0.0441222
   4218.7387671      0.8809722      0.0440255
   4222.9579260      0.8925356      0.0440470
   4227.1770850      0.8819911      0.0440640
   4231.4085569      0.8806038      0.0443251
   4235.6403291      0.8915035      0.0444544
   4239.8841140      0.8921092      0.0444213
   4244.1155860      0.8802709      0.0443227
   4248.3593709      0.8827983      0.0440768
   4252.6154688      0.8901085      0.0437001
   4256.8595541      0.9002255      0.0434943
   4261.1156521      0.9120693      0.0433924
   4265.3840631      0.9375415      0.0432469
   4269.6524740      0.9591525      0.0431671
   4273.9208850      0.9652181      0.0434608
   4278.1892959      0.9865420      0.0433716
   4282.4700198      0.9897439      0.0429279
   4286.7507438      1.0106694      0.0427313
   4291.0440812      1.0251522      0.0427292
   4295.3371181      1.0429351      0.0425652
   4299.6301552      1.0365117      0.0426759
   4303.9231921      1.0391648      0.0429540
   4308.2285421      1.0547085      0.0433444
   4312.5338921      1.0606120      0.0439002
   4316.8515552      1.0769010      0.0445395
   4321.1692181      1.1101584      0.0448818
   4325.4868812      1.0926925      0.0454768
   4329.8165569      1.1127580      0.0462224
   4334.1465329      1.1054450      0.0465217
   4338.4765089      1.1020328      0.0468388
   4342.8187979      1.1287615      0.0471395
   4347.1610869      1.1244518      0.0473624
   4351.5156890      1.1173981      0.0475877
   4355.8579781      1.0917203      0.0477318
   4360.2125802      1.1035717      0.0477728
   4364.5791948      1.0548210      0.0474793
   4368.9461100      1.0562037      0.0472358
   4373.3130250      1.0489393      0.0469457
   4377.6799400      1.0288155      0.0466130
   4382.0591681      1.0167406      0.0461927
   4386.4380959      1.0187519      0.0456779
   4390.8296369      1.0016326      0.0452971
   4395.2211781      0.9772257      0.0449062
   4399.6247319      0.9604768      0.0445053
   4404.0162729      0.9512691      0.0437579
   4408.4201271      0.9433512      0.0432532
   4412.8359938      0.9526698      0.0427150
   4417.2398479      0.9607278      0.0422377
   4421.6560150      0.9648223      0.0418663
   4426.0841948      0.9749618      0.0415828
   4430.5126750      0.9931516      0.0413974
   4434.9411552      0.9935713      0.0411472
   4439.3816479      0.9941195      0.0410863
   4443.8101281      1.0050677      0.0411279
   4448.2629339      1.0127561      0.0406569
   4452.7037271      1.0140920      0.0403161
   4457.1565329      1.0253072      0.0401534
   4461.6219521      1.0158925      0.0398064
   4466.0747579      1.0146352      0.0395683
   4470.5401771      1.0164820      0.0394059
   4475.0176089      1.0073169      0.0392856
   4479.4953411      1.0207301      0.0393166
   4483.9727729      1.0194192      0.0391906
   4488.4628181      1.0064620      0.0391877
   4492.9402500      0.9717994      0.0391496
   4497.4423079      0.9622564      0.0391418
   4501.9323531      0.9716679      0.0391238
   4506.4344110      0.9740449      0.0389265
   4510.9487819      0.9942621      0.0388323
   4515.4511400      1.0071951      0.0387723
   4519.9778240      0.9981341      0.0387452
   4524.4921948      0.9990742      0.0385342
   4529.0191791      0.9932680      0.0384569
   4533.5458631      1.0045270      0.0383690
   4538.0848600      0.9923260      0.0382809
   4542.6115438      0.9868376      0.0381929
   4547.1631541      0.9693665      0.0380738
   4551.7021510      0.9580874      0.0379525
   4556.2657740      0.9516156      0.0378268
   4560.8170839      0.9360781      0.0375975
   4565.3807069      0.9129707      0.0375116
   4569.9446302      0.9002995      0.0376770
   4574.5082531      0.8964618      0.0379478
   4579.0841890      0.8967050      0.0375041
   4583.6724381      0.9015059      0.0372211
   4588.2483740      0.9006000      0.0369901
   4592.8366229      0.8950339      0.0365805
   4597.4371850      0.8871076      0.0364207
   4602.0254339      0.8907897      0.0363337
   4606.6383089      0.8795807      0.0363037
   4611.2388709      0.8701643      0.0362492
   4615.8517459      0.8683107      0.0363745
   4620.4646209      0.8730538      0.0366382
   4625.0898089      0.8734717      0.0366939
   4629.7149969      0.8698965      0.0368850
   4634.3401850      0.8699236      0.0371081
   4638.9776860      0.8750607      0.0372761
   4643.6151869      0.8874859      0.0375383
   4648.2650010      0.8807341      0.0379322
   4652.9025021      0.8933204      0.0380265
   4657.5646291      0.8831006      0.0380353
   4662.2144431      0.8921764      0.0379943
   4666.8762698      0.9057649      0.0380314
   4671.5507100      0.9287943      0.0382245
   4676.2251500      1.0347126      0.0479188
   4680.8995900      1.0777394      0.0481503
   4685.5740302      1.0706604      0.0471966
   4690.2604829      1.0835024      0.0467339
   4694.9595490      1.0930521      0.0463289
   4699.6463021      1.1026334      0.0461241
   4704.3453681      1.1403209      0.0461179
   4709.0564469      1.1506917      0.0462622
   4713.7678260      1.2073829      0.0471355
   4718.4792052      1.2379645      0.0482472
   4723.1902839      1.3002161      0.0488949
   4727.9139760      1.3298798      0.0480455
   4732.6499812      1.3450187      0.0483724
   4737.3856860      1.3620596      0.0479527
   4742.1216911      1.3717633      0.0477428
   4746.8573959      1.3891269      0.0473268
   4751.6057140      1.4257652      0.0468663
   4756.3537319      1.4484268      0.0460896
   4761.1143631      1.4920572      0.0455487
   4765.8746938      1.5281892      0.0451813
   4770.6476381      1.5579938      0.0443479
   4775.4079688      1.5849071      0.0438571
   4780.1932260      1.6029779      0.0434374
   4784.9658698      1.6281970      0.0433250
   4789.7511271      1.6358403      0.0433392
   4794.5483969      1.6419379      0.0437890
   4799.3459671      1.6721811      0.0440338
   4804.1432369      1.6846048      0.0443431
   4808.9405069      1.6889395      0.0444904
   4813.7503900      1.7079788      0.0447779
   4818.5722860      1.7220896      0.0450090
   4823.3818688      1.7616749      0.0453654
   4828.2163781      1.7747133      0.0457067
   4833.0382740      1.7873271      0.0461769
   4837.8724829      1.7872828      0.0465516
   4842.7069921      1.7827770      0.0465837
   4847.5535140      1.7942182      0.0469117
   4852.4000360      1.7737280      0.0468257
   4857.2588709      1.7471941      0.0467782
   4862.1056931      1.7316087      0.0466732
   4866.9768411      1.7112004      0.0465613
   4871.8356760      1.6851933      0.0464450
   4876.7068240      1.6706592      0.0463558
   4881.5902850      1.6328652      0.0462008
   4886.4737459      1.5891057      0.0459091
   4891.3572069      1.5634412      0.0457674
   4896.2532812      1.5466959      0.0455364
   4901.1490552      1.5187982      0.0453984
   4906.0448291      1.4960129      0.0451731
   4910.9529161      1.4537548      0.0451194
   4915.8610031      1.4466077      0.0450588
   4920.7814031      1.4264379      0.0449400
   4925.7018031      1.3994981      0.0445280
   4930.6222031      1.3804649      0.0441895
   4935.5549161      1.3636435      0.0441167
   4940.4876291      1.3619766      0.0442983
   4945.4326552      1.3534160      0.0445439
   4950.3776812      1.3203746      0.0450044
   4955.3347198      1.3145787      0.0453888
   4960.2797459      1.3071429      0.0459329
   4965.2493979      1.3073163      0.0461903
   4970.2190500      1.3353354      0.0466968
   4975.1887021      1.3187931      0.0465638
   4980.1583541      1.2771404      0.0465837
   4985.1400188      1.2794708      0.0463755
   4990.1219839      1.2528408      0.0459572
   4995.1162619      1.2501332      0.0453000
   5000.1105400      1.2558163      0.0450452
   5005.1048181      1.2537162      0.0443216
   5010.1111089      1.2502826      0.0435969
   5015.1300131      1.2589982      0.0429306
   5020.1366041      1.2730827      0.0424629
   5025.1675209      1.2613322      0.0418110
   5030.1864250      1.2689019      0.0411558
   5035.2176421      1.2638143      0.0412209
   5040.2488593      1.2546253      0.0411323
   5045.2917888      1.2547895      0.0417562
   5050.3353188      1.2460315      0.0420000
   5055.3914623      1.2378732      0.0424070
   5060.4470052      1.2496077      0.0427649
   5065.5025479      1.2374144      0.0433226
   5070.5707041      1.2397220      0.0438371
   5075.6388602      1.2259421      0.0442077
   5080.7190291      1.2243302      0.0446184
   5085.7991979      1.2289395      0.0446774
   5090.8793669      1.2094717      0.0444465
   5095.9721490      1.2039641      0.0442181
   5101.0769438      1.1952593      0.0432077
   5106.1697260      1.1823146      0.0425255
   5111.2871343      1.1769918      0.0418970
   5116.3919291      1.1814327      0.0414338
   5121.5093373      1.1770972      0.0409494
   5126.6261448      1.1796441      0.0404591
   5131.7555657      1.1784497      0.0405774
   5136.8855873      1.1846055      0.0403412
   5142.0270209      1.1892073      0.0398276
   5147.1690552      1.2058994      0.0399443
   5152.3231021      1.2006334      0.0398673
   5157.4651362      1.1955007      0.0394802
   5162.6311959      1.1818134      0.0397727
   5167.7852428      1.1851442      0.0397233
   5172.9519031      1.1677779      0.0396782
   5178.1305760      1.1767695      0.0398347
   5183.3092490      1.1702299      0.0399914
   5188.4879219      1.1674241      0.0400962
   5193.6792081      1.1552922      0.0402605
   5198.8698938      1.1432168      0.0403357
   5204.0731928      1.1450713      0.0404688
   5209.2764919      1.1539906      0.0404263
   5214.4924041      1.1282674      0.0405742
   5219.7077157      1.1221972      0.0407762
   5224.9236281      1.1070023      0.0403319
   5230.1515531      1.1216465      0.0399928
   5235.3794781      1.1113029      0.0396867
   5240.6194157      1.1264902      0.0393920
   5245.8599541      1.1125675      0.0390440
   5251.0998919      1.1051230      0.0388008
   5256.3524428      1.0857641      0.0388217
   5261.6049938      1.0886103      0.0390820
   5266.8701581      1.0944163      0.0391405
   5272.1347219      1.0865166      0.0391641
   5277.4118990      1.0776151      0.0394721
   5282.6890760      1.0809860      0.0393288
   5287.9662531      1.0753105      0.0393006
   5293.2554428      1.0807486      0.0393176
   5298.5572459      1.0774764      0.0396448
   5303.8470362      1.0740854      0.0401866
   5309.1608521      1.0787545      0.0409256
   5314.4626552      1.0832076      0.0414465
   5319.7764709      1.1060741      0.0423263
   5325.1029000      1.0837359      0.0433490
   5330.4293291      1.0913693      0.0440606
   5335.7557581      1.0950381      0.0448202
   5341.0942000      1.0967057      0.0456880
   5346.4326419      1.1040571      0.0462086
   5351.7836969      1.1119981      0.0468942
   5357.1347521      1.1252514      0.0473309
   5362.4858072      1.1187255      0.0476113
   5367.8488750      1.1369261      0.0478608
   5373.2245562      1.1356500      0.0480289
   5378.5876240      1.1371958      0.0482138
   5383.9753178      1.1309445      0.0482405
   5389.3509990      1.1414607      0.0484573
   5394.7386928      1.1570709      0.0490192
   5400.1390000      1.1570652      0.0496356
   5405.5393072      1.1724638      0.0505825
   5410.9516271      1.1985319      0.0524481
   5416.3519343      1.2205983      0.0525866
   5421.7762669      1.2603734      0.0534129
   5427.2012000      1.2913326      0.0544330
   5432.6261331      1.3084900      0.0552865
   5438.0504657      1.3360649      0.0563779
   5443.5000250      1.3711151      0.0569746
   5448.9369709      1.4444135      0.0578234
   5454.3865302      1.4562134      0.0586148
   5459.8481021      1.4794137      0.0587655
   5465.2976612      1.5047833      0.0584519
   5470.7712459      1.5339538      0.0585415
   5476.2328178      1.5744627      0.0585544
   5481.7190157      1.6149441      0.0583385
   5487.1932010      1.6286582      0.0582587
   5492.6920123      1.6426855      0.0580897
   5498.1782102      1.6614799      0.0586023
   5503.6764209      1.6759371      0.0592152
   5509.1872448      1.7016186      0.0610675
   5514.6860562      1.7107223      0.0636613
   5520.2088928      1.7186738      0.0646058
   5525.7197169      1.7324209      0.0678075
   5531.2551669      1.7087139      0.0733495
   5536.7786041      1.7122298      0.0706818
   5542.3140541      1.6861523      0.0709478
   5547.8615169      1.7008761      0.0701230
   5553.4095802      1.6935872      0.0708195
   5558.9696562      1.6934361      0.0693728
   5564.5171188      1.7143524      0.0681324
   5570.0898081      1.7030594      0.0672823
   5575.6618969      1.7140847      0.0633262
   5581.2345862      1.7104363      0.0635818
   5586.8186877      1.7071214      0.0641114
   5592.4033898      1.7294605      0.0624793
   5598.0007052      1.7450602      0.0624355
   5603.5974198      1.7434894      0.0623574
   5609.1947352      1.7439289      0.0619424
   5614.8034627      1.7419330      0.0595930
   5620.4254041      1.7344615      0.0585778
   5626.0467448      1.6882124      0.0571977
   5631.6686862      1.6736416      0.0565909
   5637.3020398      1.6627297      0.0554974
   5642.9359938      1.6612298      0.0556594
   5648.5825612      1.6458257      0.0545747
   5654.2285281      1.6279483      0.0549492
   5659.8871081      1.6019533      0.0556396
   5665.5450877      1.5746336      0.0564572
   5671.2162812      1.5720878      0.0568608
   5676.8868740      1.5386533      0.0567685
   5682.5574669      1.5270028      0.0578962
   5688.2406729      1.5216322      0.0579222
   5693.9358919      1.5361602      0.0585467
   5699.6317112      1.4964612      0.0582973
   5705.3269302      1.5028543      0.0569136
   5711.0347623      1.4995561      0.0561675
   5716.7419938      1.5041939      0.0553441
   5722.4618388      1.5225056      0.0546041
   5728.1822843      1.5142797      0.0536868
   5733.9141419      1.5232909      0.0519747
   5739.6466000      1.5422233      0.0518010
   5745.3910709      1.5328175      0.0514941
   5751.1235291      1.5116144      0.0514314
   5756.8800127      1.4937851      0.0515409
   5762.6370969      1.4740155      0.0520561
   5768.4061938      1.4657521      0.0521858
   5774.1752907      1.4466929      0.0523035
   5779.9443877      1.4561331      0.0523829
   5785.7260979      1.4406883      0.0516582
   5791.5078081      1.4312278      0.0525245
   5797.3015312      1.4278183      0.0524409
   5803.0952541      1.4207296      0.0523350
   5808.9009898      1.4154370      0.0523614
   5814.7193388      1.4345706      0.0520689
   5820.5256750      1.4148787      0.0535628
   5826.3440240      1.4113899      0.0533549
   5832.1749862      1.4200021      0.0531491
   5838.0053479      1.3999373      0.0522521
   5843.8483229      1.3820735      0.0528443
   5849.6912979      1.3978158      0.0546807
   5855.5468862      1.4029566      0.0559358
   5861.3898612      1.3908770      0.0573919
   5867.2574623      1.3940332      0.0589617
   5873.1244627      1.3824815      0.0603346
   5879.0046771      1.3840190      0.0631218
   5884.8842907      1.3787273      0.0642888
   5890.7645052      1.3878583      0.0642695
   5896.6567322      1.3644100      0.0645232
   5902.5489593      1.3892778      0.0644493
   5908.4531990      1.3952270      0.0653814
   5914.3574388      1.4342976      0.0624878
   5920.2742919      1.4626482      0.0612377
   5926.2037581      1.4633118      0.0598770
   5932.1326240      1.4784247      0.0584510
   5938.0614898      1.5060724      0.0558932
   5943.9909562      1.5128266      0.0545627
   5949.9444479      1.5168312      0.0534057
   5955.8859271      1.5296054      0.0525088
   5961.8394188      1.5529358      0.0521543
   5967.8055240      1.5410374      0.0517507
   5973.7716291      1.5386288      0.0512298
   5979.7497469      1.5269938      0.0499875
   5985.7278648      1.5128233      0.0483906
   5991.7185959      1.4889729      0.0481247
   5997.7093271      1.4930019      0.0475790
   6003.7000581      1.4939958      0.0471272
   6009.7148148      1.4690450      0.0457619
   6015.7181593      1.4562081      0.0458489
   6021.7329157      1.4542980      0.0454688
   6027.7608862      1.4293064      0.0451436
   6033.7882562      1.4269137      0.0440020
   6039.8156260      1.4257828      0.0442186
   6045.8676219      1.4019989      0.0438947
   6051.9076052      1.4059765      0.0428056
   6057.9596010      1.3999130      0.0425743
   6064.0242102      1.3919487      0.0429944
   6070.0762062      1.3916316      0.0429408
   6076.1528281      1.3882837      0.0424453
   6082.2294500      1.3826934      0.0424602
   6088.3060719      1.3753875      0.0424683
   6094.3953072      1.3644996      0.0431450
   6100.4965552      1.3654519      0.0425637
   6106.5978031      1.3779650      0.0425724
   6112.6990510      1.3956243      0.0425842
   6118.8129123      1.4102303      0.0426420
   6124.9387862      1.4188457      0.0425522
   6131.0646602      1.4385903      0.0424044
   6137.1905343      1.4517750      0.0428527
   6143.3284209      1.4557478      0.0417540
   6149.4669081      1.4640876      0.0414198
   6155.6174081      1.4659233      0.0411067
   6161.7799209      1.4621130      0.0405251
   6167.9430343      1.4694707      0.0401237
   6174.1055469      1.4569887      0.0397870
   6180.2806729      1.4537425      0.0389158
   6186.4557990      1.4563754      0.0391974
   6192.6429377      1.4559455      0.0389876
   6198.8426898      1.4555993      0.0388431
   6205.0424419      1.4148552      0.0382436
   6211.2548072      1.4071293      0.0388361
   6217.4545593      1.3920048      0.0394439
   6223.6789373      1.3924237      0.0390849
   6229.9027148      1.4056190      0.0390420
   6236.1270928      1.3807324      0.0395667
   6242.3640843      1.3957168      0.0390709
   6248.6124877      1.3939841      0.0394938
   6254.8614919      1.4032696      0.0406453
   6261.1104959      1.4280742      0.0413106
   6267.3715127      1.4443552      0.0418846
   6273.6451428      1.4720800      0.0425678
   6279.9187729      1.4960465      0.0442171
   6286.1924031      1.5132844      0.0444475
   6292.4780459      1.5436106      0.0445707
   6298.7763021      1.5514075      0.0451794
   6305.0745581      1.5597619      0.0438103
   6311.3848271      1.5554310      0.0435455
   6317.6950959      1.5714034      0.0432485
   6324.0053648      1.6015128      0.0425262
   6330.3408602      1.6149805      0.0419441
   6336.6631419      1.6163464      0.0413454
   6342.9986373      1.6338931      0.0402148
   6349.3455448      1.6345797      0.0395135
   6355.6930531      1.6221015      0.0388816
   6362.0525740      1.6070530      0.0381643
   6368.4120948      1.6057750      0.0379399
   6374.7842291      1.6163319      0.0380872
   6381.1557627      1.6340770      0.0372542
   6387.5405102      1.6401936      0.0366973
   6393.9246572      1.6383013      0.0360862
   6400.3208169      1.6406447      0.0346474
   6406.7175771      1.6499007      0.0344371
   6413.1263500      1.6493556      0.0341063
   6419.5477362      1.6370623      0.0332889
   6425.9565093      1.6509134      0.0334488
   6432.3899081      1.6542109      0.0333776
   6438.8233072      1.6508934      0.0330722
   6445.2567062      1.6603653      0.0337211
   6451.7021178      1.6607095      0.0337050
   6458.1601428      1.6626844      0.0331987
   6464.6181678      1.6596531      0.0330951
   6471.0761928      1.6528932      0.0331588
   6477.5468312      1.6497033      0.0331403
   6484.0294822      1.6587617      0.0331127
   6490.5121331      1.6565078      0.0331031
   6497.0067969      1.6607523      0.0330155
   6503.5020612      1.6456130      0.0329249
   6510.0087377      1.6341131      0.0327841
   6516.5160148      1.6252398      0.0326755
   6523.0359052      1.6269479      0.0325615
   6529.5551948      1.6339689      0.0323298
   6536.0870979      1.6256046      0.0321821
   6542.6190010      1.6281548      0.0315508
   6549.1629169      1.6223904      0.0318094
   6555.7194459      1.6324888      0.0315943
   6562.2759750      1.6405519      0.0308360
   6568.8325041      1.6359282      0.0309164
   6575.4010459      1.6381288      0.0307060
   6581.9822010      1.6308990      0.0300472
   6588.5633562      1.6399330      0.0301275
   6595.1565240      1.6377600      0.0294022
   6601.7376791      1.6443191      0.0291755
   6608.3434602      1.6484312      0.0292655
   6614.9612541      1.6474761      0.0287107
   6621.5670352      1.6513495      0.0289059
   6628.1968419      1.6431130      0.0287791
   6634.8152362      1.6455249      0.0282837
   6641.4576562      1.6447810      0.0285938
   6648.1000760      1.6433628      0.0281571
   6654.7424959      1.6494231      0.0281450
   6661.3975291      1.6433687      0.0285449
   6668.0645750      1.6283174      0.0281931
   6674.7316209      1.6169485      0.0282221
   6681.4112802      1.5989432      0.0283253
   6688.0903388      1.6042625      0.0283572
   6694.7826112      1.6040004      0.0283889
   6701.4742831      1.6011496      0.0283844
   6708.1779678      1.5917666      0.0283911
   6714.8822531      1.5917238      0.0283698
   6721.5985510      1.5934968      0.0283210
   6728.3148490      1.5983109      0.0282614
   6735.0437602      1.5996654      0.0281681
   6741.7846843      1.5882493      0.0281870
   6748.5256081      1.5994117      0.0276842
   6755.2785448      1.5980062      0.0278695
   6762.0320822      1.5996646      0.0276764
   6768.7976322      1.5913422      0.0274828
   6775.5631822      1.6012200      0.0275308
   6782.3407448      1.5968765      0.0273354
   6789.1189081      1.5943385      0.0277268
   6795.9090843      1.5994000      0.0273740
   6802.6992602      1.5938332      0.0278351
   6809.5014490      1.5902267      0.0279580
   6816.3162510      1.5810547      0.0278875
   6823.1310531      1.5606906      0.0285692
   6829.9578678      1.5426176      0.0286767
   6836.7852831      1.5181882      0.0289235
   6843.6247112      1.4958984      0.0294089
   6850.4761521      1.4919428      0.0296120
   6857.3155802      1.4784380      0.0303856
   6864.1796343      1.4800206      0.0302300
   6871.0430877      1.4676213      0.0302749
   6877.9197552      1.4563664      0.0303352
   6884.7958219      1.4368300      0.0303291
   6891.6718888      1.4129189      0.0302505
   6898.5731822      1.3960994      0.0300993
   6905.4738750      1.3874609      0.0299493
   6912.3745678      1.3680255      0.0298372
   6919.2878740      1.3567635      0.0297463
   6926.2011802      1.3438472      0.0293410
   6933.1264990      1.3376225      0.0290422
   6940.0644312      1.3268415      0.0287660
   6947.0017627      1.3264166      0.0287130
   6953.9523081      1.3193341      0.0287139
   6960.9142657      1.3056130      0.0293764
   6967.8648112      1.2985519      0.0282471
   6974.8393822      1.3019930      0.0279766
   6981.8139531      1.2953519      0.0278184
   6988.7885240      1.2887198      0.0273088
   6995.7877209      1.2766538      0.0276082
   7002.7749052      1.2621646      0.0274127
   7009.7861148      1.2612696      0.0277969
   7016.7979250      1.2545151      0.0276029
   7023.8097352      1.2593943      0.0279701
   7030.8335581      1.2491982      0.0277916
   7037.8693938      1.2472053      0.0278969
   7044.9058302      1.2280327      0.0277416
   7051.9542791      1.2113781      0.0274858
   7059.0027281      1.2091879      0.0272667
   7066.0631898      1.1880894      0.0269465
   7073.1242521      1.1695086      0.0265436
   7080.1973271      1.1592151      0.0261484
   7087.2824148      1.1551687      0.0257741
   7094.3681031      1.1414706      0.0253852
   7101.4658041      1.1441513      0.0250293
   7108.5635052      1.1308419      0.0247484
   7115.6732188      1.1324294      0.0245037
   7122.7835331      1.1230236      0.0247191
   7129.9178729      1.1280721      0.0248432
   7137.0402000      1.1329501      0.0264473
   7144.1871531      1.1350743      0.0260304
   7151.3214928      1.1380433      0.0257153
   7158.4810593      1.1473656      0.0259281
   7165.6400250      1.1450602      0.0257465
   7172.7989907      1.1545770      0.0263654
   7179.9705698      1.1593214      0.0265360
   7187.1547623      1.1577684      0.0274489
   7194.3383541      1.1786335      0.0274629
   7201.5345593      1.1794688      0.0282916
   7208.7427771      1.1765887      0.0285580
   7215.9509948      1.1714683      0.0297512
   7223.1592127      1.1829741      0.0302137
   7230.3926572      1.1861376      0.0315279
   7237.6128877      1.1755024      0.0319298
   7244.8583448      1.1687835      0.0333943
   7252.1038021      1.1577508      0.0338424
   7259.3492593      1.1559386      0.0354464
   7266.6187419      1.1638879      0.0356952
   7273.8768123      1.1662295      0.0362781
   7281.1589081      1.1436316      0.0368853
   7288.4410041      1.1464380      0.0362315
   7295.7231000      1.1315016      0.0367465
   7303.0178093      1.1401653      0.0360686
   7310.3245312      1.1293154      0.0363158
   7317.6312531      1.1380421      0.0351999
   7324.9499877      1.1326364      0.0354862
   7332.2819362      1.1243713      0.0347830
   7339.6132843      1.1133084      0.0347849
   7346.9446322      1.1054538      0.0335565
   7354.3006062      1.1011430      0.0332403
   7361.6565802      1.1018736      0.0321759
   7369.0125541      1.1114213      0.0323991
   7376.3805407      1.1098713      0.0315310
   7383.7611407      1.1035708      0.0310757
   7391.1417407      1.0965475      0.0301410
   7398.5349541      1.0824573      0.0298505
   7405.9401802      1.0794874      0.0290537
   7413.3454062      1.0734233      0.0286304
   7420.7626448      1.0641313      0.0285300
   7428.1804843      1.0557830      0.0285744
   7435.6103362      1.0565031      0.0285674
   7443.0395877      1.0544559      0.0282669
   7450.4820531      1.0584528      0.0281959
   7457.9365312      1.0399957      0.0284399
   7465.3910093      1.0400560      0.0285577
   7472.8575000      1.0355293      0.0287220
   7480.3366041      1.0383708      0.0284921
   7487.8157081      1.0443819      0.0291557
   7495.3068250      1.0371134      0.0296895
   7502.7979419      1.0266542      0.0299171
   7510.3016719      1.0147713      0.0302553
   7517.8054021      1.0026551      0.0303425
   7525.3337581      0.9835708      0.0305632
   7532.8615138      0.9782599      0.0304921
   7540.3898698      0.9745622      0.0311059
   7547.9302388      0.9738255      0.0314052
   7555.4832209      0.9898859      0.0326251
   7563.0362031      0.9878454      0.0336653
   7570.6011979      0.9782312      0.0353119
   7578.1661928      0.9815386      0.0364432
   7585.7438010      0.9852782      0.0380787
   7593.3334219      0.9856200      0.0388309
   7600.9230428      1.0151663      0.0404584
   7608.5252771      1.0231811      0.0427045
   7616.1395240      1.0346014      0.0434571
   7623.7537709      1.0349711      0.0448368
   7631.3806312      1.0622457      0.0426301
   7639.0068907      1.1054906      0.0411823
   7646.6457638      1.1077058      0.0408072
   7654.2972500      1.1219409      0.0398932
   7661.9487362      1.1469508      0.0390641
   7669.6122352      1.1503618      0.0374512
   7677.2877469      1.1480510      0.0363536
   7684.9512459      1.1422552      0.0359118
   7692.6393709      1.1243236      0.0364042
   7700.3401093      1.1278441      0.0365913
   7708.0402469      1.1337347      0.0367071
   7715.7529979      1.1383393      0.0372341
   7723.4657490      1.1434190      0.0387225
   7731.1905127      1.1485481      0.0370261
   7738.9158771      1.1581510      0.0369758
   7746.6532541      1.1640382      0.0370112
   7754.4026438      1.1712151      0.0373614
   7762.1646469      1.1713407      0.0381834
   7769.9266500      1.1764263      0.0383869
   7777.6886531      1.1883079      0.0391956
   7785.4752822      1.2038679      0.0399471
   7793.2619112      1.2373002      0.0410372
   7801.0479398      1.2470201      0.0431323
   7808.8471822      1.2515996      0.0451846
   7816.6584373      1.2786241      0.0481892
   7824.4817052      1.2928172      0.0472548
   7832.3049729      1.3102674      0.0455586
   7840.1282407      1.3269087      0.0467229
   7847.9767352      1.3183334      0.0476063
   7855.8246291      1.3087982      0.0484389
   7863.6851362      1.3244505      0.0486410
   7871.5450428      1.3090636      0.0489061
   7879.4175627      1.2799540      0.0490970
   7887.3026959      1.2606038      0.0492799
   7895.1752157      1.2447004      0.0497515
   7903.0729623      1.2487473      0.0499554
   7910.9821209      1.2317821      0.0539315
   7918.8918802      1.2481263      0.0513520
   7926.8136521      1.2407128      0.0490066
   7934.7354240      1.2348012      0.0472821
   7942.6818219      1.2189676      0.0461584
   7950.6162072      1.2001895      0.0462188
   7958.5626052      1.1822214      0.0464144
   7966.5336291      1.1693373      0.0464822
   7974.4920398      1.1664910      0.0467616
   7982.4630638      1.1662883      0.0466494
   7990.4467010      1.1452550      0.0477435
   7998.4423510      1.1782022      0.0506490
   8006.4380010      1.1541981      0.0587571
   8014.4456638      1.1050812      0.0452969
   8022.4659398      1.1068324      0.0458449
   8030.4862157      1.0985785      0.0470022
   8038.5191052      1.0806700      0.0481252
   8046.5513938      1.0786203      0.0496571
   8054.5962959      1.0443169      0.0518345
   8062.6538112      1.0309182      0.0534778
   8070.7227388      1.0269793      0.0543269
   8078.7922669      1.0383551      0.0556211
   8086.8744081      1.0496236      0.0565927
   8094.9559490      1.0517167      0.0527737
   8103.0501031      1.0288497      0.0524024
   8111.1562698      1.0362591      0.0505592
   8119.2750500      1.0323923      0.0472034
   8127.3938302      1.0462554      0.0474519
   8135.5126102      1.0465899      0.0440129
   8143.6554157      1.0546738      0.0430704
   8151.7988219      1.0487281      0.0442123
   8159.9542407      1.0466577      0.0437426
   8168.1102602      1.0470619      0.0533436
   8176.2776919      1.0433809      0.0507419
   8184.4583373      1.0360286      0.0481105
   8192.6383822      1.0271680      0.0458590
   8200.8304398      1.0181516      0.0434798
   8209.0357112      1.0066460      0.0422941
   8217.2403822      1.0068727      0.0410052
   8225.4570657      1.0142300      0.0406882
   8233.6863627      1.0060771      0.0409151
   8241.9162602      0.9955128      0.0414214
   8250.1575698      1.0027072      0.0417355
   8258.4114928      0.9875917      0.0416522
   8266.6654157      0.9655013      0.0426181
   8274.9439648      0.9671779      0.0438879
   8283.2105010      0.9660620      0.0447198
   8291.5010627      0.9553279      0.0465304
   8299.7922250      0.9441884      0.0479400
   8308.0954000      0.9045455      0.0479522
   8316.3985750      0.8873493      0.0487937
   8324.7137627      0.8967941      0.0501910
   8333.0415638      0.9073145      0.0504406
   8341.3693648      0.9061811      0.0499130
   8349.7217919      0.8899665      0.0501974
   8358.0622062      0.8699450      0.0510305
   8366.4266459      0.8520527      0.0504758
   8374.7916862      0.8492469      0.0508601
   8383.1681388      0.8515516      0.0522459
   8391.5578052      0.8455470      0.0526809
   8399.9468709      0.8379887      0.0527639
   8408.3485500      0.8137394      0.0520400
   8416.7502291      0.8145921      0.0510219
   8425.1639209      0.8102410      0.0512049
   8433.5902260      0.8251021      0.0510143
   8442.0285438      0.8222502      0.0511079
   8450.4674623      0.8116918      0.0499780
   8458.9177928      0.8318256      0.0496844
   8467.3813373      0.8126315      0.0484206
   8475.8442812      0.7963197      0.0472210
   8484.3318510      0.8060881      0.0462634
   8492.8074081      0.8047444      0.0461120
   8501.3069907      0.7951271      0.0456368
   8509.8071740      0.8147044      0.0450479
   8518.3073572      0.8121322      0.0445415
   8526.8315657      0.8098296      0.0445328
   8535.3563750      0.8190025      0.0440890
   8543.8931969      0.8161961      0.0434331
   8552.4426322      0.7885467      0.0430327
   8560.9914669      0.7588808      0.0434122
   8569.5529148      0.7533939      0.0437354
   8578.1269760      0.7420130      0.0444450
   8586.7010373      0.7438979      0.0452345
   8595.2871112      0.7460282      0.0468276
   8603.8851979      0.7575921      0.0477931
   8612.4958979      0.7333182      0.0494979
   8621.1065979      0.7194039      0.0507236
   8629.7172979      0.7300780      0.0519701
   8638.3526240      0.7292419      0.0531721
   8646.9999627      0.7286749      0.0557113
   8655.6352888      0.7313983      0.0583953
   8664.2952407      0.7476463      0.0609371
   8672.9678062      0.7413989      0.0580804
   8681.6277581      0.7574909      0.0548732
   8690.3123362      0.7454509      0.0550726
   8699.0089271      0.7486836      0.0547061
   8707.7055178      0.7683353      0.0551684
   8716.4147219      0.7810980      0.0562664
   8725.1359388      0.8210801      0.0574386
   8733.8577562      0.8464602      0.0596967
   8742.5915862      0.8435002      0.0603139
   8751.3374291      0.8453621      0.0621706
   8760.0832719      0.8379414      0.0645867
   8768.8417281      0.8486792      0.0705782
   8777.6121969      0.8397677      0.0714802
   8786.3952791      0.8180572      0.0704634
   8795.1783612      0.7785304      0.0706382
   8803.9734562      0.8170837      0.0709780
   8812.7805638      0.8048955      0.0705980
   8821.5882719      0.8266679      0.0683706
   8830.4206062      0.7968465      0.0678585
   8839.2523398      0.7914329      0.0679688
   8848.0846740      0.7886915      0.0682588
   8856.9290209      0.8008845      0.0704673
   8865.7979938      0.7542284      0.0773434
   8874.6549541      0.7554619      0.0752276
   8883.5359398      0.7529225      0.0733952
   8892.4175260      0.7446627      0.0721660
   8901.3111250      0.7349622      0.0699374
   8910.2173373      0.7471951      0.0687755
   8919.1229490      0.7220628      0.0684846
   8928.0411740      0.7240224      0.0694321
   8936.9720123      0.7604539      0.0720146
   8945.9142627      0.7718217      0.0733192
   8954.8571138      0.7591632      0.0746460
   8963.8125781      0.7299732      0.0764381
   8972.7800552      0.6948758      0.0663385
   8981.7475322      0.6663920      0.0650130
   8990.7270219      0.6260945      0.0648557
   8999.7191250      0.6127624      0.0649139
   9008.7232407      0.5767171      0.0656246
   9017.7279572      0.5299377      0.0675170
   9026.7446862      0.5726470      0.0689363
   9035.7734281      0.5900468      0.0702165
   9044.8147831      0.5518422      0.0708597
   9053.8555377      0.5523790      0.0706666
   9062.9095062      0.5122508      0.0712218
   9071.9754873      0.5297994      0.0704498
   9081.0534812      0.5181738      0.0686106
   9090.1314750      0.5139276      0.0675864
   9099.2220822      0.5027529      0.0663944
   9108.3120888      0.5019104      0.0642194
   9117.4273219      0.4744081      0.0627017
   9126.5425552      0.4666039      0.0611502
   9135.6698010      0.4680529      0.0601341
   9144.8096602      0.4680918      0.0600539
   9153.9489188      0.4492875      0.0616281
   9163.1007907      0.4458499      0.0687563
   9172.2652760      0.4372817      0.0664493
   9181.4417740      0.4390876      0.0647598
   9190.6308852      0.4412819      0.0643096
   9199.8193959      0.4462479      0.0645521
   9209.0205198      0.4530156      0.0660370
