# SOURCE  = 'Quimby et al. 2018' /                                                
# OBJECT  = '2010gx  '           /                                                
# Z       =             0.230100 / wavelengths in OBSERVER FRAME                 
# NORM    =          1.11220E-16 / fluxes divided by norm                         
# CLIPPED =                    1 / galaxy emission lines removed                  
# SMOOTHED=                    1 / spectrum has been smoothed                     
# COLUMN01= 'Wavelength (Angstrom)' /                                             
# COLUMN02= 'Flux Density (erg/s/cm2/A)' /                                        
# COLUMN03= 'Flux Density Uncertainty (erg/s/cm2/A)' /                            
# END                                                                             
# 
# 
# 
# 
# 
# 
# 
# 
# 
# 
# Converted to Observer Frame using z=0.23
 3883.29469 0.1431561 0.1282638
 3887.16775 0.1899152 0.1226593
 3891.05632 0.2099486 0.1173430
 3894.94489 0.1201932 0.1128191
 3898.84861 0.1143358 0.1092316
 3902.75196 0.0856637 0.1059325
 3906.64053 0.0751242 0.1012776
 3910.55939 0.0614217 0.0975881
 3914.46274 0.0859117 0.0942879
 3918.38160 0.1321706 0.0917117
 3922.30047 0.0835973 0.0895330
 3926.21896 0.0718385 0.0892571
 3930.15297 0.0906398 0.0900322
 3934.07146 0.1712855 0.0855259
 3938.00547 0.1521897 0.0836668
 3941.95462 0.1844642 0.0823266
 3945.88826 0.2388789 0.0819680
 3949.83741 0.2513882 0.0819499
 3953.78619 0.2428159 0.0822809
 3957.75049 0.2431099 0.0817054
 3961.69928 0.2416756 0.0814535
 3965.66357 0.2407081 0.0809186
 3969.62750 0.2222591 0.0797659
 3973.59180 0.2367903 0.0783523
 3977.57087 0.2820811 0.0765247
 3981.55031 0.3106113 0.0741996
 3985.52939 0.3153289 0.0718940
 3989.52398 0.2990913 0.0695411
 3993.50305 0.3023207 0.0664033
 3997.49764 0.3235998 0.0641617
 4001.49185 0.3327103 0.0621785
 4005.50159 0.3654653 0.0606093
 4009.51095 0.3872008 0.0581090
 4013.52031 0.4211662 0.0559645
 4017.53005 0.4486948 0.0545412
 4021.55455 0.4830412 0.0534298
 4025.56429 0.5017117 0.0532569
 4029.58879 0.5608115 0.0536822
 4033.62845 0.5848761 0.0526632
 4037.65333 0.5851077 0.0518586
 4041.69298 0.6051583 0.0515214
 4045.73263 0.6363734 0.0512046
 4049.78780 0.6544659 0.0504147
 4053.82745 0.6457360 0.0500578
 4057.88225 0.6679798 0.0497887
 4061.95219 0.6946009 0.0492941
 4066.00736 0.6755677 0.0485621
 4070.07730 0.6998963 0.0474037
 4074.14725 0.6854859 0.0456420
 4078.21719 0.7034914 0.0443763
 4082.30265 0.6927128 0.0431092
 4086.38774 0.7023535 0.0418354
 4090.47283 0.6918058 0.0408533
 4094.55791 0.7047868 0.0396965
 4098.65815 0.7081096 0.0387601
 4102.74360 0.7215035 0.0379566
 4106.85898 0.7602346 0.0371206
 4110.95922 0.7919262 0.0363902
 4115.07459 0.8003110 0.0357041
 4119.18997 0.8176518 0.0355244
 4123.30535 0.8077936 0.0354955
 4127.43587 0.8131965 0.0355807
 4131.55125 0.8104059 0.0359145
 4135.68178 0.8168719 0.0366410
 4139.82744 0.8247228 0.0359261
 4143.95834 0.8179358 0.0350208
 4148.10400 0.8172903 0.0344256
 4152.24967 0.8139202 0.0341183
 4156.41049 0.8266914 0.0334831
 4160.57130 0.8337597 0.0332713
 4164.73211 0.8491676 0.0329313
 4168.89293 0.8672425 0.0325329
 4173.05374 0.8784117 0.0319538
 4177.22970 0.8972718 0.0316435
 4181.40566 0.9141484 0.0313278
 4185.59639 0.9307513 0.0312394
 4189.77235 0.9645993 0.0311395
 4193.96345 0.9948508 0.0313078
 4198.16970 1.0217475 0.0315282
 4202.36080 1.0565702 0.0314048
 4206.56705 1.1008741 0.0308761
 4210.77330 1.1419384 0.0304160
 4214.97955 1.1797384 0.0299619
 4219.20094 1.2034231 0.0295555
 4223.42196 1.2082380 0.0289692
 4227.64336 1.2229931 0.0288961
 4231.86475 1.2374865 0.0287171
 4236.10129 1.2616104 0.0282975
 4240.33783 1.2650497 0.0282009
 4244.57437 1.2680418 0.0280375
 4248.82568 1.2659812 0.0272660
 4253.07736 1.2649581 0.0268049
 4257.32905 1.2618922 0.0266054
 4261.58073 1.2574716 0.0265052
 4265.84719 1.2372561 0.0262676
 4270.11402 1.2467586 0.0262482
 4274.38085 1.2354132 0.0260772
 4278.64730 1.2256283 0.0256239
 4282.92928 1.2190524 0.0253305
 4287.21125 1.2124281 0.0250620
 4291.50800 1.1949115 0.0246620
 4295.78997 1.2083905 0.0239821
 4300.08709 1.2273377 0.0235867
 4304.39898 1.2312098 0.0233421
 4308.69610 1.2398328 0.0226126
 4313.00837 1.2434911 0.0219642
 4317.32026 1.2538790 0.0213554
 4321.63252 1.2673546 0.0206489
 4325.95956 1.2800070 0.0202147
 4330.28697 1.2975932 0.0199293
 4334.61438 1.3062592 0.0199037
 4338.95656 1.3238049 0.0201087
 4343.28397 1.3331887 0.0202603
 4347.62616 1.3296169 0.0205104
 4351.98385 1.3327968 0.0209544
 4356.32604 1.3181055 0.0210565
 4360.68374 1.3145267 0.0212882
 4365.05621 1.3039050 0.0216102
 4369.41391 1.2897996 0.0223274
 4373.78638 1.2596349 0.0216515
 4378.15886 1.2540660 0.0211919
 4382.53170 1.2474419 0.0206750
 4386.91932 1.2296958 0.0204061
 4391.30731 1.2125481 0.0200659
 4395.69493 1.2041487 0.0198072
 4400.09769 1.2088954 0.0194412
 4404.50082 1.2228501 0.0189248
 4408.90359 1.2349348 0.0186402
 4413.30635 1.2414801 0.0183550
 4417.72463 1.2517643 0.0182178
 4422.14254 1.2584023 0.0181625
 4426.56045 1.2637569 0.0181335
 4430.99387 1.2767471 0.0182102
 4435.42692 1.2894762 0.0184393
 4439.85998 1.2915304 0.0184401
 4444.29340 1.2905391 0.0183841
 4448.74160 1.2813438 0.0185479
 4453.18980 1.2772785 0.0187250
 4457.63800 1.2624129 0.0188808
 4462.10134 1.2485683 0.0193510
 4466.56506 1.2379895 0.0196501
 4471.02840 1.2131978 0.0200649
 4475.50689 1.2105937 0.0209585
 4479.97023 1.2042252 0.0214914
 4484.44872 1.1975225 0.0214152
 4488.94273 1.1899420 0.0208586
 4493.43636 1.1768858 0.0206172
 4497.92999 1.1516999 0.0201826
 4502.42363 1.1386393 0.0196908
 4506.93241 1.1260566 0.0188626
 4511.42604 1.1344459 0.0181341
 4515.94996 1.1401355 0.0172741
 4520.45874 1.1445417 0.0166976
 4524.98267 1.1588795 0.0160723
 4529.50659 1.1668427 0.0157244
 4534.03052 1.1764909 0.0154778
 4538.56958 1.1778243 0.0152553
 4543.10865 1.1821865 0.0152627
 4547.64772 1.1791674 0.0154975
 4552.20194 1.1819191 0.0155498
 4556.75615 1.1764446 0.0154848
 4561.31036 1.1761791 0.0154512
 4565.86458 1.1759975 0.0154843
 4570.43394 1.1677665 0.0153826
 4575.00330 1.1737934 0.0151657
 4579.58780 1.1759239 0.0151972
 4584.15716 1.1937382 0.0150516
 4588.74166 1.1973833 0.0150214
 4593.34131 1.1980667 0.0147903
 4597.92545 1.1964054 0.0145994
 4602.52510 1.1940022 0.0144629
 4607.12475 1.1925128 0.0142351
 4611.73954 1.1954254 0.0141644
 4616.35433 1.1986026 0.0138821
 4620.96876 1.2114288 0.0137725
 4625.58355 1.2321759 0.0134855
 4630.21349 1.2525582 0.0133653
 4634.84343 1.2682475 0.0131305
 4639.47337 1.2841672 0.0130379
 4644.11808 1.2931658 0.0128270
 4648.76317 1.3032513 0.0127935
 4653.40825 1.3071411 0.0126954
 4658.06811 1.3075298 0.0126252
 4662.72834 1.3140314 0.0125643
 4667.38857 1.3200490 0.0124758
 4672.04843 1.3265569 0.0124244
 4676.72380 1.3234528 0.0124021
 4681.39918 1.3182358 0.0124084
 4686.08933 1.3154743 0.0124252
 4690.76470 1.3159268 0.0123951
 4695.45522 1.3169440 0.0125142
 4700.16051 1.3097177 0.0124952
 4704.86618 1.3027103 0.0126237
 4709.55633 1.2955025 0.0125773
 4714.27714 1.2876586 0.0125234
 4718.98243 1.2752248 0.0124606
 4723.70324 1.2773101 0.0123523
 4728.42368 1.2778306 0.0122596
 4733.15963 1.2794930 0.0121062
 4737.89522 1.2920167 0.0118794
 4742.63117 1.2975883 0.0117997
 4747.36676 1.3058228 0.0116325
 4752.11786 1.3093421 0.0114844
 4756.86859 1.3062390 0.0113074
 4761.63483 1.3153491 0.0110445
 4766.38556 1.3154221 0.0109537
 4771.15144 1.3202235 0.0108475
 4775.93282 1.3257321 0.0108913
 4780.69870 1.3295156 0.0109333
 4785.48009 1.3297458 0.0110124
 4790.27625 1.3314762 0.0110723
 4795.05727 1.3313578 0.0112265
 4799.85381 1.3301322 0.0112266
 4804.66512 1.3240268 0.0113119
 4809.46128 1.3299969 0.0114538
 4814.27259 1.3302165 0.0114813
 4819.08427 1.3200219 0.0114964
 4823.91072 1.3184865 0.0114986
 4828.73718 1.3128636 0.0115346
 4833.56363 1.2962823 0.0114985
 4838.39046 1.2843652 0.0114325
 4843.23206 1.2713913 0.0113260
 4848.07366 1.2650992 0.0111616
 4852.93040 1.2579752 0.0110782
 4857.77200 1.2483768 0.0110784
 4862.62912 1.2457792 0.0110111
 4867.50101 1.2337298 0.0112980
 4872.35775 1.2205418 0.0111416
 4877.24479 1.2102044 0.0109451
 4882.11668 1.2071298 0.0108813
 4887.00371 1.2060511 0.0109207
 4891.89074 1.1940055 0.0109481
 4896.77778 1.1926178 0.0110086
 4901.67996 1.1918164 0.0111048
 4906.58214 1.1902401 0.0113313
 4911.48432 1.1761739 0.0116388
 4916.40164 1.1759617 0.0120098
 4921.31897 1.1841605 0.0122473
 4926.23629 1.1926153 0.0124954
 4931.15362 1.1948715 0.0126698
 4936.08609 1.1996386 0.0129493
 4941.03370 1.1923059 0.0131668
 4945.96617 1.1915569 0.0132719
 4950.91379 1.1942402 0.0134971
 4955.86140 1.1911315 0.0137136
 4960.82416 1.1925086 0.0136585
 4965.78692 1.1909838 0.0137167
 4970.74968 1.1918693 0.0136200
 4975.72759 1.1999114 0.0134831
 4980.68998 1.2117732 0.0134547
 4985.68303 1.2240885 0.0134296
 4990.66093 1.2306057 0.0134533
 4995.65398 1.2459199 0.0133783
 5000.64703 1.2543017 0.0130397
 5005.65486 1.2618403 0.0128239
 5010.66305 1.2809201 0.0125873
 5015.67124 1.2869254 0.0124468
 5020.67944 1.2951936 0.0121710
 5025.70241 1.3030745 0.0118518
 5030.72575 1.3058728 0.0116097
 5035.76423 1.3074056 0.0113927
 5040.80272 1.3064370 0.0113470
 5045.84083 1.3104230 0.0112922
 5050.87932 1.3093193 0.0110374
 5055.93295 1.3066636 0.0108995
 5060.98621 1.3018541 0.0108282
 5066.05498 1.2976434 0.0107147
 5071.12339 1.2914190 0.0106855
 5076.19216 1.2857109 0.0107671
 5081.26094 1.2784841 0.0108981
 5086.34449 1.2699717 0.0109163
 5091.42841 1.2705843 0.0109357
 5096.52711 1.2710969 0.0109719
 5101.62617 1.2859509 0.0109978
 5106.72487 1.2924320 0.0109896
 5111.83908 1.3008420 0.0110374
 5116.95292 1.3014324 0.0111101
 5122.06713 1.3038056 0.0111118
 5127.18097 1.3073385 0.0110713
 5132.31032 1.3110327 0.0109698
 5137.43931 1.3211662 0.0109096
 5142.58344 1.3292042 0.0108791
 5147.72794 1.3382981 0.0108473
 5152.87207 1.3464423 0.0107838
 5158.03171 1.3525642 0.0107224
 5163.17584 1.3527530 0.0106476
 5168.35026 1.3540434 0.0106138
 5173.50991 1.3503069 0.0105897
 5178.68433 1.3569498 0.0105815
 5183.87389 1.3522377 0.0105855
 5189.04868 1.3512170 0.0105912
 5194.23825 1.3499839 0.0106449
 5199.42781 1.3468544 0.0106428
 5204.63252 1.3301868 0.0106521
 5209.83760 1.3255678 0.0106421
 5215.05746 1.3186646 0.0106105
 5220.26217 1.3140041 0.0105766
 5225.48203 1.3153358 0.0104727
 5230.71703 1.3215495 0.0104148
 5235.93725 1.3252760 0.0103598
 5241.17225 1.3216561 0.0103518
 5246.42240 1.3207150 0.0102935
 5251.67254 1.3246452 0.0102133
 5256.92269 1.3314734 0.0101120
 5262.17283 1.3381222 0.0100358
 5267.43812 1.3438190 0.0099781
 5272.70341 1.3576317 0.0100070
 5277.98422 1.3635317 0.0100826
 5283.26466 1.3730068 0.0101708
 5288.54509 1.3807052 0.0102654
 5293.82553 1.3871219 0.0105488
 5299.12111 1.3931853 0.0105773
 5304.41669 1.4055668 0.0105548
 5309.72741 1.4130050 0.0106243
 5315.03814 1.4143238 0.0107728
 5320.34886 1.4165744 0.0109630
 5325.67436 1.4146115 0.0111093
 5331.00024 1.4150016 0.0113659
 5336.32611 1.4055252 0.0116299
 5341.66712 1.3962843 0.0118751
 5347.00814 1.3995839 0.0120954
 5352.36430 1.3938494 0.0122572
 5357.70531 1.3903933 0.0123579
 5363.06147 1.3955861 0.0124172
 5368.43241 1.3888317 0.0124092
 5373.80372 1.3840748 0.0123359
 5379.17502 1.3654469 0.0122087
 5384.54633 1.3575572 0.0119779
 5389.93278 1.3492510 0.0117205
 5395.31886 1.3415580 0.0113576
 5400.72045 1.3362666 0.0111060
 5406.12205 1.3254783 0.0108854
 5411.53842 1.3190652 0.0106944
 5416.94002 1.3158834 0.0105636
 5422.35676 1.3111573 0.0104766
 5427.78827 1.2954482 0.0104712
 5433.20501 1.2930366 0.0104948
 5438.63690 1.2862763 0.0102765
 5444.08356 1.2772510 0.0101503
 5449.53059 1.2637329 0.0100255
 5454.97762 1.2529891 0.0099541
 5460.43943 1.2475808 0.0098685
 5465.88646 1.2438190 0.0098012
 5471.36341 1.2440872 0.0097430
 5476.82558 1.2391617 0.0097022
 5482.30254 1.2324210 0.0096824
 5487.79500 1.2350653 0.0096313
 5493.27195 1.2336166 0.0096196
 5498.76442 1.2282686 0.0096329
 5504.27166 1.2278744 0.0096527
 5509.77927 1.2235644 0.0096486
 5515.28651 1.2256843 0.0096507
 5520.80927 1.2231812 0.0096650
 5526.31651 1.2193350 0.0096545
 5531.85404 1.2178627 0.0096438
 5537.37679 1.2120355 0.0096342
 5542.91433 1.2077727 0.0096194
 5548.46700 1.2016666 0.0095969
 5554.00490 1.1947589 0.0095396
 5559.57272 1.1896282 0.0095240
 5565.12540 1.1748387 0.0094974
 5570.69359 1.1585264 0.0094671
 5576.26141 1.1559834 0.0094441
 5581.84438 1.1523306 0.0094162
 5587.41220 1.1460037 0.0093878
 5593.01068 1.1426613 0.0093597
 5598.59365 1.1420982 0.0093374
 5604.20690 1.1471820 0.0092537
 5609.80501 1.1442670 0.0092066
 5615.41827 1.1402425 0.0091594
 5621.03190 1.1395433 0.0091160
 5626.64515 1.1372489 0.0090650
 5632.27355 1.1359102 0.0090184
 5637.91710 1.1322976 0.0089798
 5643.54550 1.1293660 0.0089423
 5649.18905 1.1294596 0.0088779
 5654.84774 1.1295745 0.0088571
 5660.49128 1.1252205 0.0088870
 5666.16512 1.1148833 0.0088494
 5671.82381 1.1097362 0.0088405
 5677.49765 1.1094114 0.0088284
 5683.17148 1.1040639 0.0088083
 5688.86046 1.0950994 0.0089199
 5694.54945 1.0972731 0.0088995
 5700.23843 1.0955842 0.0088820
 5705.94255 1.0924251 0.0088948
 5711.64668 1.0903575 0.0089976
 5717.36595 1.0893191 0.0091355
 5723.07008 1.0995286 0.0093226
 5728.80449 1.0969746 0.0094910
 5734.52377 1.0954814 0.0096160
 5740.25781 1.0955148 0.0097076
 5746.00737 1.0948153 0.0099181
 5751.75693 1.0879338 0.0100126
 5757.50650 1.0876687 0.0100437
 5763.25606 1.0916321 0.0100736
 5769.02039 1.0917969 0.0099403
 5774.80025 1.0844111 0.0098745
 5780.56495 1.0816499 0.0097920
 5786.34480 1.0800993 0.0096892
 5792.13943 1.0810914 0.0096902
 5797.93443 1.0843621 0.0096665
 5803.72942 1.0865902 0.0096399
 5809.52405 1.0829235 0.0096446
 5815.33419 1.0896231 0.0097007
 5821.15948 1.1004235 0.0096617
 5826.98439 1.1056764 0.0096301
 5832.80968 1.1109555 0.0095668
 5838.63460 1.1245173 0.0096021
 5844.47503 1.1329609 0.0093045
 5850.31509 1.1442991 0.0092027
 5856.17067 1.1535648 0.0091299
 5862.02587 1.1605065 0.0089744
 5867.89659 1.1633419 0.0088764
 5873.75180 1.1639398 0.0087682
 5879.63767 1.1671342 0.0086857
 5885.50802 1.1709086 0.0085764
 5891.39389 1.1716858 0.0085980
 5897.29453 1.1730422 0.0085914
 5903.19554 1.1784756 0.0086299
 5909.09618 1.1844174 0.0087254
 5914.99682 1.1794549 0.0087353
 5920.91298 1.1778830 0.0087700
 5926.84391 1.1780216 0.0088547
 5932.75970 1.1746289 0.0089310
 5938.70615 1.1728050 0.0091118
 5944.63708 1.1666514 0.0091052
 5950.58315 1.1605995 0.0091231
 5956.52960 1.1527824 0.0092650
 5962.49082 1.1445947 0.0093243
 5968.45204 1.1444092 0.0094248
 5974.42841 1.1323847 0.0095418
 5980.39000 1.1208316 0.0096196
 5986.38151 1.1091523 0.0096959
 5992.35788 1.1114055 0.0097095
 5998.34939 1.1036819 0.0098052
 6004.35605 1.0980248 0.0097872
 6010.36271 1.0898024 0.0097953
 6016.36936 1.0796818 0.0097794
 6022.39154 1.0667673 0.0097290
 6028.41334 1.0614213 0.0096613
 6034.43514 1.0555929 0.0095925
 6040.47209 1.0482318 0.0095023
 6046.50903 1.0457114 0.0093912
 6052.56113 1.0477029 0.0093181
 6058.61322 1.0494528 0.0092140
 6064.66531 1.0480686 0.0091256
 6070.73255 1.0467062 0.0090762
 6076.79978 1.0439132 0.0090821
 6082.88217 1.0357447 0.0092571
 6088.96455 1.0326128 0.0094245
 6095.06171 1.0341260 0.0095453
 6101.14409 1.0347139 0.0095995
 6107.25676 1.0361232 0.0096456
 6113.36943 1.0417272 0.0097899
 6119.48210 1.0418777 0.0100210
 6125.59478 1.0451694 0.0098962
 6131.72222 1.0402098 0.0099782
 6137.85004 1.0410020 0.0099653
 6143.99300 1.0429790 0.0099898
 6150.13596 1.0450904 0.0100357
 6156.27893 1.0450796 0.0100523
 6162.43666 1.0464394 0.0099726
 6168.60992 1.0427526 0.0098976
 6174.76802 1.0428296 0.0098743
 6180.95605 1.0405245 0.0096200
 6187.12930 1.0354489 0.0094739
 6193.31770 1.0299636 0.0092969
 6199.50610 1.0312383 0.0092787
 6205.70890 1.0266750 0.0092686
 6211.91244 1.0191253 0.0092584
 6218.13150 1.0082885 0.0091948
 6224.34982 1.0011156 0.0091004
 6230.56813 0.9924287 0.0090835
 6236.80197 0.9896726 0.0090297
 6243.03580 0.9867806 0.0090274
 6249.28441 0.9889364 0.0091079
 6255.53301 0.9911592 0.0091946
 6261.78162 0.9871337 0.0091339
 6268.04574 0.9864966 0.0089366
 6274.32464 0.9840993 0.0088902
 6280.58876 0.9762538 0.0087728
 6286.88318 0.9649569 0.0085914
 6293.16207 0.9543852 0.0084903
 6299.45648 0.9466590 0.0083987
 6305.75016 0.9391584 0.0083388
 6312.05935 0.9291592 0.0083009
 6318.36927 0.9206987 0.0082741
 6324.69324 0.9131298 0.0082043
 6331.01794 0.9014581 0.0082280
 6337.35742 0.8904587 0.0082881
 6343.68212 0.8783351 0.0082000
 6350.03637 0.8702036 0.0081428
 6356.37585 0.8658080 0.0081374
 6362.73084 0.8585073 0.0080716
 6369.10061 0.8515009 0.0080530
 6375.47038 0.8468745 0.0080727
 6381.84014 0.8432245 0.0080519
 6388.22543 0.8424403 0.0080255
 6394.60997 0.8446138 0.0080182
 6401.01003 0.8493167 0.0080270
 6407.41009 0.8517209 0.0080619
 6413.82566 0.8569345 0.0080692
 6420.24049 0.8536618 0.0081353
 6426.65606 0.8562342 0.0081581
 6433.08641 0.8553990 0.0081210
 6439.51676 0.8536947 0.0080792
 6445.96188 0.8467285 0.0080708
 6452.40774 0.8399874 0.0080738
 6458.85287 0.8389673 0.0080628
 6465.31350 0.8375569 0.0080362
 6471.77414 0.8335980 0.0080506
 6478.25029 0.8326147 0.0080793
 6484.72571 0.8311664 0.0081049
 6491.21664 0.8317460 0.0081446
 6497.70756 0.8323184 0.0081689
 6504.19849 0.8404269 0.0082186
 6510.70419 0.8494474 0.0082554
 6517.22541 0.8561853 0.0083133
 6523.73185 0.8613470 0.0084064
 6530.26785 0.8688565 0.0085011
 6536.78907 0.8760433 0.0086085
 6543.32506 0.8838277 0.0087405
 6549.87657 0.8872097 0.0089012
 6556.42807 0.8987556 0.0090379
 6562.97958 0.9112070 0.0091569
 6569.54587 0.9204919 0.0092845
 6576.11215 0.9285845 0.0093893
 6582.69395 0.9369428 0.0095270
 6589.27575 0.9352488 0.0096584
 6595.85754 0.9356464 0.0097540
 6602.45412 0.9345634 0.0098696
 6609.06620 0.9316170 0.0099888
 6615.66278 0.9310081 0.0101111
 6622.28964 0.9296262 0.0102561
 6628.90173 0.9309883 0.0104304
 6635.52859 0.9250099 0.0106402
 6642.17097 0.9214551 0.0107927
 6648.81335 0.9197673 0.0109234
 6655.47050 0.9158471 0.0111925
 6662.11288 0.9173219 0.0114921
 6668.78481 0.9182547 0.0118000
 6675.45748 0.9142832 0.0120508
 6682.13014 0.9041495 0.0123141
 6688.80207 0.9011039 0.0126174
 6695.50503 0.8983127 0.0129288
 6702.19247 0.8982105 0.0132194
 6708.89543 0.8933362 0.0133474
 6715.61317 0.8952313 0.0134479
 6722.31612 0.9009649 0.0136274
 6729.04863 0.9022924 0.0137842
 6735.76637 0.9037401 0.0139079
 6742.51439 0.9055586 0.0137829
 6749.24764 0.9104389 0.0137894
 6756.01118 0.9063003 0.0140339
 6762.75920 0.9080625 0.0141298
 6769.52200 0.9157420 0.0142750
 6776.30031 0.9138123 0.0146838
 6783.06385 0.9134048 0.0152850
 6789.85694 0.9012796 0.0152466
 6796.63525 0.8898302 0.0159143
 6803.44386 0.8817447 0.0173472
 6810.23768 0.8700206 0.0169715
 6817.04629 0.8610463 0.0161910
 6823.86967 0.8586972 0.0153387
 6830.69378 0.8522967 0.0153341
 6837.53268 0.8428217 0.0148473
 6844.35606 0.8433648 0.0139440
 6851.21046 0.8384655 0.0132967
 6858.06413 0.8326660 0.0126777
 6864.91854 0.8395547 0.0118773
 6871.78699 0.8431821 0.0117814
 6878.65617 0.8470788 0.0116598
 6885.54087 0.8489833 0.0115295
 6892.42483 0.8623295 0.0110619
 6899.30952 0.8629679 0.0113058
 6906.20826 0.8631170 0.0116589
 6913.12325 0.8665276 0.0120146
 6920.03750 0.8700315 0.0124671
 6926.95248 0.8633710 0.0111408
 6933.88151 0.8630579 0.0112252
 6940.81127 0.8633960 0.0110488
 6947.75655 0.8558219 0.0115686
 6954.70109 0.8480141 0.0113562
 6961.66114 0.8422092 0.0116209
 6968.62046 0.8297529 0.0116834
 6975.59603 0.8199232 0.0121541
 6982.57086 0.8101118 0.0124673
 6989.54568 0.7981066 0.0128834
 6996.53603 0.7937225 0.0131767
 7003.54115 0.7891755 0.0130736
 7010.54700 0.7850117 0.0127762
 7017.55212 0.7795827 0.0123644
 7024.57276 0.7782139 0.0121297
 7031.59265 0.7701576 0.0117063
 7038.62806 0.7680997 0.0112262
 7045.66421 0.7587070 0.0109391
 7052.71439 0.7521720 0.0107463
 7059.76532 0.7488058 0.0106470
 7066.83102 0.7468609 0.0111995
 7073.88194 0.7388098 0.0115556
 7080.96242 0.7219110 0.0127698
 7088.04363 0.7149375 0.0125342
 7095.13962 0.7074739 0.0121493
 7102.23561 0.6979011 0.0119353
 7109.33160 0.6910891 0.0115140
 7116.44310 0.6842677 0.0115099
 7123.55460 0.6809762 0.0114866
 7130.68088 0.6704590 0.0114290
 7137.80716 0.6691579 0.0113453
 7144.94822 0.6586981 0.0116031
 7152.10479 0.6505778 0.0118465
 7159.24658 0.6439555 0.0119309
 7166.40315 0.6364514 0.0124004
 7173.57523 0.6218371 0.0118757
 7180.74658 0.6149666 0.0113253
 7187.93344 0.6100370 0.0115801
 7195.12030 0.6085054 0.0119322
 7202.32267 0.6028288 0.0123496
 7209.50953 0.6029603 0.0127893
 7216.72668 0.5987073 0.0134507
 7223.94309 0.5893254 0.0139082
 7231.17575 0.5913171 0.0143209
 7238.40768 0.5951642 0.0146968
 7245.64034 0.5999136 0.0146647
 7252.88778 0.5876388 0.0150404
 7260.13522 0.5805986 0.0148113
 7267.39743 0.5764367 0.0144910
 7274.65965 0.5839503 0.0137193
 7281.93738 0.5830054 0.0132947
 7289.23062 0.5868427 0.0130265
 7296.52313 0.5922441 0.0125900
 7303.81563 0.6004018 0.0120050
 7311.10888 0.6079403 0.0116915
 7318.43167 0.6045968 0.0114739
 7325.73969 0.6029390 0.0125190
 7333.06249 0.6056705 0.0121099
 7340.40079 0.6067582 0.0114686
 7347.73910 0.6059099 0.0110734
 7355.09219 0.6063780 0.0108081
 7362.44527 0.6075943 0.0106264
 7369.81387 0.6093199 0.0104049
 7377.18247 0.6122555 0.0103762
 7384.55107 0.6176354 0.0103146
 7391.94922 0.6197385 0.0102276
 7399.33334 0.6205953 0.0100047
 7406.73149 0.6247265 0.0099122
 7414.14589 0.6239253 0.0098611
 7421.55956 0.6247863 0.0098586
 7428.97322 0.6227310 0.0098770
 7436.41717 0.6232135 0.0099872
 7443.84635 0.6160577 0.0101757
 7451.29031 0.6207412 0.0104695
 7458.74978 0.6232307 0.0109601
 7466.19373 0.6250463 0.0112439
 7473.66798 0.6237682 0.0115161
 7481.14222 0.6261326 0.0116350
 7488.61647 0.6280474 0.0117284
 7496.10623 0.6311235 0.0120038
 7503.61076 0.6217887 0.0119117
 7511.11530 0.6203120 0.0113999
 7518.61983 0.6292198 0.0111873
 7526.13988 0.6295847 0.0110424
 7533.67471 0.6395785 0.0107393
 7541.20953 0.6487736 0.0100645
 7548.74436 0.6516868 0.0097546
 7556.29396 0.6525190 0.0095064
 7563.84430 0.6528935 0.0090375
 7571.40941 0.6488553 0.0088473
 7578.98930 0.6508200 0.0086872
 7586.56993 0.6533351 0.0086141
 7594.14982 0.6469514 0.0083459
 7601.74523 0.6455073 0.0082620
 7609.34063 0.6494522 0.0081803
 7616.95081 0.6463377 0.0079898
 7624.57651 0.6469668 0.0078658
 7632.20220 0.6447470 0.0077989
 7639.84341 0.6421708 0.0077458
 7647.46911 0.6438318 0.0077276
 7655.12509 0.6427255 0.0077240
 7662.78034 0.6432006 0.0077130
 7670.43632 0.6393769 0.0075485
 7678.10782 0.6390508 0.0076462
 7685.79336 0.6392245 0.0076263
 7693.47964 0.6406103 0.0075099
 7701.16591 0.6444149 0.0076309
 7708.86696 0.6486807 0.0076302
 7716.58353 0.6534367 0.0076318
 7724.30009 0.6530857 0.0075245
 7732.01666 0.6546572 0.0076202
 7739.74800 0.6549466 0.0075777
 7747.49485 0.6541581 0.0073949
 7755.24171 0.6550976 0.0073470
 7763.00334 0.6525670 0.0073790
 7770.76497 0.6527554 0.0071974
 7778.52660 0.6548872 0.0071408
 7786.31926 0.6506649 0.0071353
 7794.09566 0.6535782 0.0069482
 7801.88832 0.6555715 0.0068851
 7809.69502 0.6546442 0.0068271
 7817.50246 0.6513652 0.0067274
 7825.32467 0.6501427 0.0066913
 7833.14688 0.6471477 0.0066663
 7840.98460 0.6492354 0.0066467
 7848.82159 0.6492170 0.0066410
 7856.67483 0.6446195 0.0066185
 7864.52733 0.6402586 0.0064609
 7872.39460 0.6394517 0.0064824
 7880.26262 0.6371014 0.0064524
 7888.14541 0.6339602 0.0063397
 7896.04372 0.6281689 0.0064029
 7903.92651 0.6255456 0.0063805
 7911.83959 0.6168477 0.0062549
 7919.75267 0.6097748 0.0063287
 7927.66575 0.6039115 0.0063243
 7935.59360 0.5997145 0.0062285
 7943.53698 0.5976580 0.0062945
 7951.48035 0.5940545 0.0062868
 7959.42372 0.5915990 0.0062123
 7967.38260 0.5888864 0.0062106
 7975.35626 0.5857120 0.0063032
 7983.32992 0.5855180 0.0061948
 7991.31836 0.5842629 0.0061759
 7999.30754 0.5811895 0.0062484
 8007.31075 0.5788040 0.0061175
 8015.31470 0.5782587 0.0061191
 8023.33416 0.5794374 0.0062159
 8031.35289 0.5780021 0.0061646
 8039.38713 0.5785735 0.0061985
 8047.42137 0.5818759 0.0062574
 8055.47039 0.5795807 0.0062585
 8063.53492 0.5803519 0.0062159
 8071.59945 0.5789025 0.0061624
 8079.66398 0.5790898 0.0061345
 8087.74329 0.5777378 0.0061135
 8095.83811 0.5738752 0.0060794
 8103.93293 0.5726745 0.0060369
 8112.04252 0.5690569 0.0059846
 8120.13735 0.5633134 0.0058820
 8128.26246 0.5634141 0.0058245
 8136.40234 0.5597652 0.0056877
 8144.52745 0.5548618 0.0056866
 8152.68212 0.5519742 0.0056386
 8160.82274 0.5465968 0.0055154
 8168.99292 0.5430066 0.0055775
 8177.16309 0.5416944 0.0055480
 8185.33327 0.5362217 0.0054460
 8193.51896 0.5330313 0.0055010
 8201.71943 0.5299569 0.0053988
 8209.91989 0.5259531 0.0053753
 8218.13587 0.5255912 0.0054135
 8226.35112 0.5250970 0.0053335
 8234.58261 0.5217816 0.0054063
 8242.81337 0.5216607 0.0053345
 8251.05890 0.5205695 0.0053540
 8259.30517 0.5196402 0.0054164
 8267.56622 0.5172491 0.0053013
 8275.82726 0.5147984 0.0052646
 8284.10383 0.5133179 0.0052344
 8292.39516 0.5128835 0.0052236
 8300.68650 0.5112522 0.0052081
 8308.99261 0.5076060 0.0051319
 8317.29946 0.5072909 0.0050906
 8325.62109 0.5055683 0.0050477
 8333.94271 0.5038998 0.0050450
 8342.27912 0.5016951 0.0050532
 8350.61626 0.4957341 0.0050441
 8358.96817 0.4942785 0.0050321
 8367.32009 0.4923829 0.0049696
 8375.68678 0.4902186 0.0050417
 8384.06899 0.4887618 0.0050584
 8392.45120 0.4857941 0.0051132
 8400.84818 0.4840821 0.0051472
 8409.24590 0.4828063 0.0051360
 8417.65839 0.4805861 0.0052475
 8426.08567 0.4800623 0.0052265
 8434.49816 0.4786784 0.0052546
 8442.94095 0.4766841 0.0053677
 8451.38300 0.4745912 0.0053020
 8459.84130 0.4727125 0.0053853
 8468.29886 0.4711401 0.0053127
 8476.75642 0.4695336 0.0053041
 8485.24501 0.4694027 0.0052784
 8493.73287 0.4689172 0.0052589
 8502.22072 0.4671210 0.0053264
 8510.72409 0.4664061 0.0052226
 8519.22745 0.4640860 0.0051855
 8527.74559 0.4641745 0.0051063
 8536.27925 0.4646333 0.0050744
 8544.81217 0.4637822 0.0050610
 8553.36134 0.4630220 0.0050477
 8561.92455 0.4605522 0.0049451
 8570.47372 0.4621216 0.0049503
 8579.05244 0.4637288 0.0049152
 8587.63116 0.4636346 0.0048711
 8596.20988 0.4617094 0.0048426
 8604.81890 0.4614933 0.0047556
 8613.41313 0.4607030 0.0047888
 8622.03692 0.4588947 0.0046942
 8630.66145 0.4567855 0.0047195
 8639.28597 0.4528039 0.0046289
 8647.92528 0.4504994 0.0046711
 8656.57935 0.4475270 0.0045865
 8665.23417 0.4463809 0.0045636
 8673.90376 0.4455567 0.0045827
 8682.57336 0.4454180 0.0045015
 8691.25772 0.4437470 0.0045348
 8699.94283 0.4393075 0.0044497
 8708.64271 0.4365087 0.0044766
 8717.35737 0.4337135 0.0044033
 8726.07277 0.4300837 0.0043927
 8734.80294 0.4277991 0.0043665
 8743.53311 0.4247321 0.0043557
 8752.27806 0.4238310 0.0043419
 8761.02375 0.4211435 0.0043399
 8769.79898 0.4180124 0.0043425
 8778.55945 0.4176522 0.0043476
 8787.35020 0.4180925 0.0043835
 8796.12544 0.4177778 0.0044002
 8804.93170 0.4151817 0.0043393
 8813.73723 0.4086648 0.0043952
 8822.54276 0.4048417 0.0043519
 8831.36380 0.4021778 0.0044469
 8840.20036 0.3980361 0.0044491
 8849.03618 0.3920504 0.0045407
 8857.88751 0.3868997 0.0045462
 8866.75362 0.3846447 0.0046743
 8875.61972 0.3827066 0.0047291
 8884.48583 0.3786294 0.0048818
 8893.38297 0.3763865 0.0049291
 8902.26385 0.3741744 0.0049940
 8911.17576 0.3675098 0.0051415
 8920.08768 0.3614720 0.0052002
 8928.99959 0.3575443 0.0053135
 8937.94105 0.3550741 0.0053655
 8946.86848 0.3545748 0.0054600
 8955.82546 0.3518569 0.0054777
 8964.78244 0.3474876 0.0054886
 8973.73941 0.3468009 0.0054871
 8982.71191 0.3471936 0.0054887
 8991.69917 0.3476126 0.0054743
 9000.68644 0.3508667 0.0054505
 9009.68848 0.3529581 0.0054449
 9018.70678 0.3531821 0.0054684
 9027.72434 0.3529041 0.0054418
 9036.74190 0.3535426 0.0053548
 9045.78975 0.3527241 0.0053014
 9054.83759 0.3568486 0.0052557
 9063.88544 0.3586478 0.0052340
 9072.94807 0.3567911 0.0051618
 9082.02620 0.3574555 0.0051062
 9091.10434 0.3622498 0.0050152
 9100.19799 0.3622482 0.0049671
 9109.30642 0.3603294 0.0049079
 9118.41485 0.3606540 0.0048135
 9127.53805 0.3603494 0.0048506
 9136.66200 0.3620216 0.0048098
 9145.80071 0.3598698 0.0048645
 9154.93869 0.3595391 0.0047806
 9164.09293 0.3577571 0.0048395
 9173.26193 0.3535225 0.0048049
 9182.43094 0.3505888 0.0048916
 9191.61472 0.3458120 0.0048562
 9200.81402 0.3411109 0.0049464
 9210.01332 0.3411530 0.0049203
 9219.22739 0.3394732 0.0050020
 9228.44147 0.3394199 0.0050396
 9237.67106 0.3379334 0.0050957
 9246.90064 0.3382584 0.0051099
 9256.16052 0.3381177 0.0051430
 9265.41966 0.3382028 0.0051660
 9274.67954 0.3403404 0.0052192
 9283.95419 0.3409887 0.0052666
 9293.24436 0.3424905 0.0054289
 9302.53453 0.3448575 0.0055608
 9311.83947 0.3458529 0.0057987
 9321.14442 0.3484049 0.0059484
 9330.46488 0.3483531 0.0061759
 9339.80011 0.3495752 0.0062915
 9349.13534 0.3533115 0.0065528
 9358.48609 0.3603471 0.0066367
 9367.85161 0.3655777 0.0068845
 9377.21714 0.3687490 0.0070549
 9386.59818 0.3630949 0.0067364
 9395.97848 0.3616121 0.0066974
 9405.37429 0.3608930 0.0064638
 9414.78562 0.3613558 0.0062975
 9424.19695 0.3582378 0.0061729
 9433.62305 0.3532016 0.0059350
 9443.06393 0.3517765 0.0058351
 9452.49003 0.3466719 0.0057199
 9461.94643 0.3450522 0.0057149
 9471.41833 0.3474019 0.0057752
 9480.88950 0.3465701 0.0057684
 9490.37619 0.3446206 0.0057651
 9499.86287 0.3429124 0.0058218
 9509.36433 0.3392990 0.0058243
 9518.86653 0.3379374 0.0058165
 9528.38350 0.3348087 0.0057784
 9537.91525 0.3341210 0.0058663
 9547.46252 0.3331315 0.0058657
 9557.00978 0.3342446 0.0058477
 9566.55704 0.3306306 0.0058467
 9576.13460 0.3268987 0.0058064
 9585.71215 0.3288345 0.0059142
 9595.28897 0.3298625 0.0059005
 9604.88203 0.3325071 0.0060599
 9614.48988 0.3302411 0.0062041
 9624.11250 0.3295875 0.0061516
 9633.73512 0.3295771 0.0062330
 9643.35774 0.3285373 0.0062127
 9653.01138 0.3274998 0.0063520
 9662.66429 0.3254763 0.0064168
 9672.33272 0.3245558 0.0064824
 9682.00040 0.3264111 0.0065349
 9691.68360 0.3271504 0.0065672
 9701.38232 0.3320551 0.0066622
 9711.06552 0.3359645 0.0066822
 9720.77974 0.3390194 0.0066734
 9730.50801 0.3410514 0.0067427
 9740.23701 0.3418767 0.0068006
 9749.98079 0.3463555 0.0068661
 9759.72457 0.3448491 0.0067965
 9769.49864 0.3490805 0.0069243
 9779.25793 0.3534908 0.0070424
 9789.03200 0.3518716 0.0070008
 9798.83636 0.3504131 0.0070624
 9808.62521 0.3466958 0.0069049
 9818.42957 0.3387673 0.0068103
 9828.24944 0.3378993 0.0068157
 9838.08409 0.3394563 0.0066161
 9847.91874 0.3415743 0.0064736
 9857.76817 0.3411604 0.0063968
 9867.63311 0.3405753 0.0062085
 9877.49805 0.3368846 0.0061295
 9887.37850 0.3348581 0.0059106
 9897.25821 0.3323573 0.0057502
 9907.15344 0.3315366 0.0057313
 9917.06419 0.3348062 0.0056128
 9926.98897 0.3370307 0.0055755
 9936.91449 0.3365421 0.0055562
 9946.85552 0.3368590 0.0055345
 9956.79582 0.3375818 0.0054831
 9966.75163 0.3318223 0.0053554
 9976.72221 0.3278550 0.0053842
 9986.70831 0.3260827 0.0054713
 9996.69441 0.3212644 0.0054894
 10006.68051 0.3156907 0.0056345
 10016.69616 0.3113729 0.0057662
 10026.71255 0.3073034 0.0058206
 10036.74372 0.3022450 0.0060580
 10046.77562 0.2954581 0.0061085
 10056.82156 0.2918888 0.0062593
 10066.88375 0.2862981 0.0064328
 10076.94521 0.2865000 0.0064174
 10087.02144 0.2852678 0.0064313
 10097.11392 0.2854975 0.0064825
 10107.20567 0.2808119 0.0063621
 10117.31219 0.2774626 0.0063565
 10127.43423 0.2784006 0.0063948
 10137.55700 0.2778598 0.0064015
 10147.69381 0.2788903 0.0063679
 10157.84614 0.2807768 0.0063307
 10167.99846 0.2835446 0.0063450
 10178.18108 0.2912672 0.0064596
 10188.34892 0.2994253 0.0066920
 10198.54631 0.3009898 0.0067922
 10208.74444 0.3010056 0.0069482
 10218.95734 0.2906336 0.0069765
 10229.17025 0.2815734 0.0069451
 10239.39793 0.2771162 0.0070556
 10249.64112 0.2742062 0.0070673
 10259.88432 0.2702086 0.0070038
 10270.15780 0.2709933 0.0070717
 10280.41651 0.2719259 0.0071978
 10290.70477 0.2681097 0.0071483
 10300.99377 0.2634097 0.0072116
 10311.29681 0.2555911 0.0073788
 10321.61610 0.2511052 0.0075535
 10331.93465 0.2447738 0.0074924
 10342.26872 0.2414352 0.0074199
 10352.60278 0.2401037 0.0074410
 10362.95162 0.2395430 0.0073204
 10373.31598 0.2427304 0.0072997
 10383.69511 0.2461893 0.0073274
 10394.07498 0.2491796 0.0072958
 10404.46889 0.2481395 0.0071355
 10414.87904 0.2494629 0.0069617
 10425.28847 0.2509397 0.0068317
 10435.72818 0.2527539 0.0067726
 10446.15311 0.2544324 0.0066742
 10456.60760 0.2485228 0.0066061
 10467.06282 0.2431034 0.0065116
 10477.51805 0.2362726 0.0064941
 10488.00283 0.2339865 0.0064204
 10498.48834 0.2394121 0.0063612
 10508.98863 0.2441947 0.0062783
 10519.50444 0.2446512 0.0062615
 10530.01950 0.2465412 0.0063774
 10540.55009 0.2407160 0.0063697
 10551.09618 0.2320043 0.0064607
 10561.64228 0.2238671 0.0065922
 10572.20315 0.2190441 0.0068495
 10582.77879 0.2172426 0.0069541
 10593.36995 0.2133672 0.0071977
 10603.96112 0.2163927 0.0073754
 10614.55228 0.2197975 0.0076206
 10625.17373 0.2199509 0.0077059
 10635.80995 0.2226420 0.0079773
 10646.43141 0.2267307 0.0081518
 10657.08315 0.2247317 0.0080105
 10667.75040 0.2217220 0.0080341
 10678.40214 0.2228900 0.0078242
 10689.08417 0.2182191 0.0077172
 10699.78098 0.2163502 0.0076373
 10710.47779 0.2166433 0.0077036
 10721.19011 0.2153418 0.0078268
 10731.91720 0.2159602 0.0079456
 10742.64504 0.2177969 0.0080704
 10753.38765 0.2203501 0.0081133
 10764.14504 0.2273409 0.0083077
 10774.90242 0.2269170 0.0085994
 10785.67533 0.2225958 0.0089335
 10796.46300 0.2162462 0.0090057
 10807.26619 0.2030496 0.0090631
 10818.06938 0.1965034 0.0090446
 10828.88735 0.1979833 0.0091073
 10839.72009 0.1978599 0.0091023
 10850.55357 0.1979319 0.0090460
 10861.41735 0.1935508 0.0090299
 10872.28038 0.1892407 0.0090372
 10883.14415 0.1891077 0.0089571
 10894.02270 0.1823017 0.0090733
 10904.93153 0.1807272 0.0092659
 10915.82559 0.1739975 0.0094734
 10926.74921 0.1684023 0.0095175
 10937.67356 0.1626590 0.0093370
 10948.61268 0.1580093 0.0091649
 10959.56732 0.1562189 0.0091710
 10970.52123 0.1509045 0.0091184
 10981.49064 0.1489564 0.0091612
 10992.47558 0.1511244 0.0090358
 11003.47454 0.1493168 0.0088540
 11014.47425 0.1491717 0.0086246
 11025.48947 0.1512479 0.0084407
 11036.51947 0.1543624 0.0084044
 11047.54946 0.1582236 0.0082464
 11058.59424 0.1590362 0.0081173
 11069.65452 0.1570455 0.0079920
 11080.72959 0.1548958 0.0078469
 11091.80539 0.1516959 0.0077426
 11102.89596 0.1519987 0.0076174
 11114.00132 0.1557422 0.0076531
 11125.12218 0.1512114 0.0075590
 11136.24231 0.1504128 0.0074916
 11147.37869 0.1496939 0.0074620
 11158.52985 0.1477531 0.0074211
 11169.69578 0.1422047 0.0073082
 11180.86171 0.1367814 0.0072564
 11192.04316 0.1342395 0.0073528
 11203.22387 0.1327025 0.0073875
 11214.43561 0.1351689 0.0073919
 11225.64734 0.1325563 0.0073781
 11236.87386 0.1322442 0.0073211
 11248.11588 0.1279397 0.0073860
 11259.35717 0.1257197 0.0074701
 11270.61397 0.1291991 0.0075392
 11281.88629 0.1329222 0.0075874
 11293.17338 0.1387017 0.0077092
 11304.47599 0.1411580 0.0078068
 11315.77786 0.1439167 0.0080520
 11327.09524 0.1459078 0.0083590
 11338.41262 0.1439347 0.0087128
 11349.76029 0.1401840 0.0091207
 11361.10797 0.1378702 0.0096631
 11372.47115 0.1348958 0.0104156
 11383.84912 0.1311692 0.0117878
 11395.22708 0.1262498 0.0135364
 11406.61982 0.1165654 0.0161037
 11418.02807 0.1053258 0.0197207
 11429.45110 0.0876228 0.0249016
