# SOURCE  = 'Quimby et al. 2018' /                                                
# OBJECT  = '2010gx  '           /                                                
# Z       =             0.230100 / wavelengths divided by (1 + z)                 
# NORM    =          8.10890E-19 / fluxes divided by norm                         
# CLIPPED =                    1 / galaxy emission lines removed                  
# SMOOTHED=                    1 / spectrum has been smoothed                     
# COLUMN01= 'Wavelength (Angstrom)' /                                             
# COLUMN02= 'Flux Density (erg/s/cm2/A)' /                                        
# COLUMN03= 'Flux Density Uncertainty (erg/s/cm2/A)' /                            
# END                                                                             
# 
# 
# 
# 
# 
# 
# 
# 
# 
# 
   3182.4900339      2.6127126      0.5102739
   3185.6761010      2.5813706      0.4915228
   3188.8621681      2.6014476      0.4779696
   3192.0479350      2.6368837      0.4650127
   3195.2463150      2.6671846      0.4533395
   3198.4320819      2.6848049      0.4387289
   3201.6304619      2.7368431      0.4278664
   3204.8411552      2.7202432      0.4172231
   3208.0392350      2.7626204      0.4067850
   3211.2499281      2.7548645      0.3935830
   3214.4603209      2.7784216      0.3842440
   3217.6833271      2.7769988      0.3755394
   3220.8937198      2.8050678      0.3676002
   3224.1167260      2.6876512      0.3578672
   3227.3394319      2.5927582      0.3511166
   3230.5624381      2.5502408      0.3449260
   3233.7974569      2.5290973      0.3370104
   3237.0327760      2.5332093      0.3311713
   3240.2677948      2.5253117      0.3242882
   3243.5154271      2.5367835      0.3181799
   3246.7504459      2.5157337      0.3102289
   3249.9980781      2.4041400      0.3051898
   3253.2454100      2.3818717      0.3005226
   3256.5053552      2.3489814      0.2945307
   3259.7650000      2.3323615      0.2899879
   3263.0246448      2.3349502      0.2855395
   3266.2845900      2.2554097      0.2812686
   3269.5565479      2.2365561      0.2752232
   3272.8164931      2.2324548      0.2717142
   3276.0884510      2.2348909      0.2676294
   3279.3727219      2.2252886      0.2616445
   3282.6449802      2.1140807      0.2574927
   3285.9292510      2.1407826      0.2532766
   3289.2135219      2.1355455      0.2500418
   3292.5104062      2.1444180      0.2448272
   3295.7946771      2.1451283      0.2398376
   3299.0912610      2.1163855      0.2352481
   3302.4001579      2.0262756      0.2300846
   3305.6970421      2.0715663      0.2265835
   3309.0059390      2.1254420      0.2228113
   3312.3148360      2.1392560      0.2171187
   3315.6237329      2.1553142      0.2133807
   3318.9452431      2.1730089      0.2094657
   3322.2664531      2.1821008      0.2041819
   3325.5876631      2.1774051      0.2006505
   3328.9088729      2.1314130      0.1976185
   3332.2423959      2.1501274      0.1933102
   3335.5639062      2.2426131      0.1904580
   3338.9097421      2.2379949      0.1877748
   3342.2432650      2.2352116      0.1845152
   3345.5891010      2.2460058      0.1822417
   3348.9349369      2.2691474      0.1801925
   3352.2807729      2.1952713      0.1773000
   3355.6389219      2.1502123      0.1758347
   3358.9847579      2.2039211      0.1739437
   3362.3429069      2.1747530      0.1709291
   3365.7133688      2.1880021      0.1688230
   3369.0718181      2.1485543      0.1669598
   3372.4422802      2.1419222      0.1638732
   3375.8127421      2.1219127      0.1617106
   3379.1955171      2.0978119      0.1598722
   3382.5782921      2.0671959      0.1569179
   3385.9610671      2.0515921      0.1550541
   3389.3438421      2.0419860      0.1521691
   3392.7266171      2.0413711      0.1503961
   3396.1217052      2.0297055      0.1483482
   3399.5167931      2.1019411      0.1454805
   3402.9238938      2.1346197      0.1439308
   3406.3189819      2.1648686      0.1422036
   3409.7263829      2.2229435      0.1399086
   3413.1460969      2.2190731      0.1387124
   3416.5534979      2.2779810      0.1371862
   3419.9732119      2.3130050      0.1359715
   3423.3929260      2.3748763      0.1346385
   3426.8126400      2.3859057      0.1327527
   3430.2446671      2.3974423      0.1316254
   3433.6763938      2.4409692      0.1299595
   3437.1084209      2.5335059      0.1293914
   3440.5404479      2.5466559      0.1284106
   3443.9847881      2.5709071      0.1268205
   3447.4291281      2.6040549      0.1262112
   3450.8734681      2.5790999      0.1246373
   3454.3298209      2.5749607      0.1236711
   3457.7864740      2.5841546      0.1229777
   3461.2431271      2.6064270      0.1213660
   3464.6997802      2.6641059      0.1203881
   3468.1684459      2.6818063      0.1190716
   3471.6374119      2.6612718      0.1182175
   3475.1063781      2.6821177      0.1175044
   3478.5750438      2.6896567      0.1164647
   3482.0563229      2.6319189      0.1155727
   3485.5376021      2.5598385      0.1140589
   3489.0308938      2.5202093      0.1134230
   3492.5121729      2.4902558      0.1118603
   3496.0057650      2.4305482      0.1109283
   3499.5113698      2.4005847      0.1103507
   3503.0049619      2.3816094      0.1090976
   3506.5108671      2.3344808      0.1084707
   3510.0164719      2.2982373      0.1077415
   3513.5223771      2.2341969      0.1072817
   3517.0402948      2.2015932      0.1064325
   3520.5585131      2.1628790      0.1064493
   3524.0767312      2.1597433      0.1056505
   3527.6069619      2.1643739      0.1052440
   3531.1251802      2.1695023      0.1051237
   3534.6554110      2.1769617      0.1041708
   3538.1982552      2.1500521      0.1039946
   3541.7284860      2.1457133      0.1029961
   3545.2713302      2.1606615      0.1026105
   3548.8261869      2.1340463      0.1021149
   3552.3690312      2.1166639      0.1015301
   3555.9238881      2.1241190      0.1002846
   3559.4787448      2.1420085      0.0997828
   3563.0339021      2.1365263      0.0985137
   3566.6010719      2.1539137      0.0980245
   3570.1685421      2.1475341      0.0967548
   3573.7357119      2.1640277      0.0959801
   3577.3151948      2.1517055      0.0949855
   3580.8949781      2.1423385      0.0942891
   3584.4744610      2.1405342      0.0934683
   3588.0539438      2.1479843      0.0929349
   3591.6460400      2.1794817      0.0920901
   3595.2378360      2.2001462      0.0918789
   3598.8296319      2.2079639      0.0911327
   3602.4340411      2.2204432      0.0911197
   3606.0381500      2.2167151      0.0905292
   3609.6422589      2.2106128      0.0907619
   3613.2466681      2.2112839      0.0902876
   3616.8630900      2.1797993      0.0901282
   3620.4795119      2.1655738      0.0898617
   3624.0959339      2.1801326      0.0896749
   3627.7246688      2.1799793      0.0893935
   3631.3537041      2.1777720      0.0891185
   3634.9824390      2.1971245      0.0883314
   3638.6234869      2.1835370      0.0881384
   3642.2522219      2.1728356      0.0872643
   3645.8932698      2.1327884      0.0870213
   3649.5469312      2.1090019      0.0863374
   3653.2002921      2.0847497      0.0855089
   3656.8536531      2.1033223      0.0850373
   3660.5070140      2.0954239      0.0844568
   3664.1726881      2.0914390      0.0840432
   3667.8260490      2.0817313      0.0832869
   3671.5040360      2.0660226      0.0830756
   3675.1697100      2.0617750      0.0821950
   3678.8476969      2.0673254      0.0819717
   3682.5256839      2.0698929      0.0812893
   3686.2036709      2.0766728      0.0812417
   3689.8939709      2.0401504      0.0806049
   3693.5842709      2.0315309      0.0802056
   3697.2745709      2.0455332      0.0799595
   3700.9771839      2.0423133      0.0797219
   3704.6797969      2.0299950      0.0795522
   3708.3824100      2.0134308      0.0792428
   3712.0850229      2.0040522      0.0786046
   3715.7999490      2.0163908      0.0785178
   3719.5148750      1.9930553      0.0778515
   3723.2421140      1.9955951      0.0777441
   3726.9570400      2.0041950      0.0770131
   3730.6842791      1.9985214      0.0768680
   3734.4238312      2.0222383      0.0761049
   3738.1507698      2.0135558      0.0755412
   3741.8903219      2.0154822      0.0750962
   3745.6298740      2.0123568      0.0744627
   3749.3817390      2.0052447      0.0739466
   3753.1336041      2.0252304      0.0732996
   3756.8851688      2.0309501      0.0725783
   3760.6370339      2.0398736      0.0723487
   3764.4012119      2.0554421      0.0715136
   3768.1653900      2.0566487      0.0709492
   3771.9295681      2.0527539      0.0705586
   3775.7057589      2.0457761      0.0700207
   3779.4822500      2.0577562      0.0695823
   3783.2587411      2.0306489      0.0690488
   3787.0472448      2.0396347      0.0684132
   3790.8360490      2.0325689      0.0683215
   3794.6248531      2.0577705      0.0677884
   3798.4133569      2.0636642      0.0673039
   3802.2144740      2.0639801      0.0671110
   3806.0155911      2.0530622      0.0667974
   3809.8287209      2.0462375      0.0664756
   3813.6298381      2.0398319      0.0662357
   3817.4432681      2.0409386      0.0658941
   3821.2687110      2.0583701      0.0653499
   3825.0944541      2.0682790      0.0652756
   3828.9075839      2.0836885      0.0647514
   3832.7456400      2.1002328      0.0643769
   3836.5710829      2.0967038      0.0640585
   3840.4091390      2.1115024      0.0635772
   3844.2468948      2.1130447      0.0630582
   3848.0972640      2.1056588      0.0626715
   3851.9473329      2.1026819      0.0621282
   3855.7977021      2.0856676      0.0614260
   3859.6477709      2.0817204      0.0612235
   3863.5104531      2.0816431      0.0607224
   3867.3728350      2.0762227      0.0604423
   3871.2478302      2.0814631      0.0603573
   3875.1102119      2.0748110      0.0598656
   3878.9849069      2.0757892      0.0595344
   3882.8722150      2.0726140      0.0592686
   3886.7469100      2.0513377      0.0588976
   3890.6342181      2.0590937      0.0585008
   3894.5335390      2.0455556      0.0580141
   3898.4205469      2.0438154      0.0580362
   3902.3201681      2.0399716      0.0577293
   3906.2318021      2.0368116      0.0575833
   3910.1311229      2.0345199      0.0575636
   3914.0427569      2.0367458      0.0571296
   3917.9546911      2.0062582      0.0568710
   3921.8786381      1.9861376      0.0564549
   3925.8025850      1.9700890      0.0564088
   3929.7265319      1.9621438      0.0561384
   3933.6507791      1.9373324      0.0557437
   3937.5870390      1.9394248      0.0555189
   3941.5232990      1.9335700      0.0555128
   3945.4718719      1.9313642      0.0551274
   3949.4081319      1.9003695      0.0549385
   3953.3570052      1.9007761      0.0547911
   3957.3178911      1.9193022      0.0547000
   3961.2664640      1.9185967      0.0546821
   3965.2396631      1.9066628      0.0545425
   3969.2005490      1.9211228      0.0546254
   3973.1737479      1.9321780      0.0549145
   3977.1469469      1.9400775      0.0548022
   3981.1201459      1.9281129      0.0549259
   3985.1056579      1.9259690      0.0550662
   3989.0911698      1.9231293      0.0549702
   3993.0766819      1.9241343      0.0551468
   3997.0745069      1.9129571      0.0551242
   4001.0723319      1.9012963      0.0549251
   4005.0701569      1.9000489      0.0548907
   4009.0679819      1.9051455      0.0548624
   4013.0781198      1.9127684      0.0550737
   4017.1005709      1.9151179      0.0549064
   4021.1107089      1.9092578      0.0548775
   4025.1331600      1.9064426      0.0547754
   4029.1556110      1.9028623      0.0544941
   4033.1903750      1.9068592      0.0545526
   4037.2251390      1.9069662      0.0543822
   4041.2599031      1.9103361      0.0540427
   4045.3069802      1.8968741      0.0538678
   4049.3414438      1.8866103      0.0537374
   4053.4008339      1.8944114      0.0536307
   4057.4479110      1.8954210      0.0535270
   4061.5073010      1.9095863      0.0533236
   4065.5666911      1.8887069      0.0531020
   4069.6380938      1.8818746      0.0527371
   4073.7097969      1.8621409      0.0525574
   4077.7815000      1.8743598      0.0524137
   4081.8532031      1.8747879      0.0524721
   4085.9369188      1.8751392      0.0521878
   4090.0209350      1.8838205      0.0520390
   4094.1172640      1.8934938      0.0518307
   4098.2135931      1.8818482      0.0516218
   4102.3096219      1.8860736      0.0512756
   4106.4059510      1.8708957      0.0512688
   4110.5145931      1.8781499      0.0510274
   4114.6229350      1.8803122      0.0510394
   4118.7438900      1.8523930      0.0507460
   4122.8645448      1.8483835      0.0506348
   4126.9855000      1.8541430      0.0505600
   4131.1064552      1.8447790      0.0504853
   4135.2394229      1.8465457      0.0502551
   4139.3726911      1.8493145      0.0502101
   4143.5179719      1.8628368      0.0502270
   4147.6635531      1.8537844      0.0501972
   4151.8088339      1.8466249      0.0502561
   4155.9667281      1.8331130      0.0499627
   4160.1243219      1.8342851      0.0498344
   4164.2822161      1.8375658      0.0497102
   4168.4398100      1.8316705      0.0495648
   4172.6100171      1.8190207      0.0492636
   4176.7799240      1.7946717      0.0490669
   4180.9621438      1.7769145      0.0488663
   4185.1446640      1.7742389      0.0486824
   4189.3268839      1.7677076      0.0484797
   4193.5217171      1.7668195      0.0482905
   4197.7039369      1.7618572      0.0479722
   4201.9107829      1.7530529      0.0477805
   4206.1056161      1.7426035      0.0475935
   4210.3124619      1.7423790      0.0473908
   4214.5316209      1.7448289      0.0473474
   4218.7387671      1.7471370      0.0470030
   4222.9579260      1.7455148      0.0467968
   4227.1770850      1.7396473      0.0466281
   4231.4085569      1.7447242      0.0465223
   4235.6403291      1.7473152      0.0464420
   4239.8841140      1.7506652      0.0463183
   4244.1155860      1.7563556      0.0461803
   4248.3593709      1.7644773      0.0459216
   4252.6154688      1.7695037      0.0457666
   4256.8595541      1.7740978      0.0455891
   4261.1156521      1.7797194      0.0454693
   4265.3840631      1.7756246      0.0453699
   4269.6524740      1.7655590      0.0452832
   4273.9208850      1.7709281      0.0451041
   4278.1892959      1.7753839      0.0448715
   4282.4700198      1.7799195      0.0447616
   4286.7507438      1.7809083      0.0446716
   4291.0440812      1.7901744      0.0446078
   4295.3371181      1.7857285      0.0445393
   4299.6301552      1.7908062      0.0444663
   4303.9231921      1.7910475      0.0444297
   4308.2285421      1.7767653      0.0444266
   4312.5338921      1.7752799      0.0443987
   4316.8515552      1.7644032      0.0442125
   4321.1692181      1.7628262      0.0442134
   4325.4868812      1.7696580      0.0441056
   4329.8165569      1.7557395      0.0441242
   4334.1465329      1.7467639      0.0441274
   4338.4765089      1.7332741      0.0441236
   4342.8187979      1.7241904      0.0441094
   4347.1610869      1.7221488      0.0441018
   4351.5156890      1.7240673      0.0441109
   4355.8579781      1.7304565      0.0441170
   4360.2125802      1.7323360      0.0441552
   4364.5791948      1.7361554      0.0441949
   4368.9461100      1.7324337      0.0442250
   4373.3130250      1.7202640      0.0442584
   4377.6799400      1.7143909      0.0441650
   4382.0591681      1.7090036      0.0442155
   4386.4380959      1.7115674      0.0441583
   4390.8296369      1.7206666      0.0442577
   4395.2211781      1.7131028      0.0443644
   4399.6247319      1.7013679      0.0444796
   4404.0162729      1.7044733      0.0445460
   4408.4201271      1.7179374      0.0445676
   4412.8359938      1.7211368      0.0445973
   4417.2398479      1.7229791      0.0446324
   4421.6560150      1.7212206      0.0446285
   4426.0841948      1.7141314      0.0444707
   4430.5126750      1.6990246      0.0444740
   4434.9411552      1.6847245      0.0444595
   4439.3816479      1.6854346      0.0444173
   4443.8101281      1.6776299      0.0443848
   4448.2629339      1.6706465      0.0443294
   4452.7037271      1.6615599      0.0442578
   4457.1565329      1.6442116      0.0440288
   4461.6219521      1.6504166      0.0439451
   4466.0747579      1.6410741      0.0438621
   4470.5401771      1.6419381      0.0437822
   4475.0176089      1.6451228      0.0437356
   4479.4953411      1.6358438      0.0437055
   4483.9727729      1.6421520      0.0435801
   4488.4628181      1.6390060      0.0435953
   4492.9402500      1.6417006      0.0436180
   4497.4423079      1.6445364      0.0436435
   4501.9323531      1.6235342      0.0437340
   4506.4344110      1.6226273      0.0435142
   4510.9487819      1.6167819      0.0436093
   4515.4511400      1.6246929      0.0435934
   4519.9778240      1.6072470      0.0436061
   4524.4921948      1.6180608      0.0436316
   4529.0191791      1.6324800      0.0435282
   4533.5458631      1.6261544      0.0435604
   4538.0848600      1.6184224      0.0435879
   4542.6115438      1.6156527      0.0436044
   4547.1631541      1.6007917      0.0436231
   4551.7021510      1.6108165      0.0435238
   4556.2657740      1.6258492      0.0435387
   4560.8170839      1.6340376      0.0435536
   4565.3807069      1.6346331      0.0435678
   4569.9446302      1.6259599      0.0436260
   4574.5082531      1.6392128      0.0436566
   4579.0841890      1.6419905      0.0435808
   4583.6724381      1.6412354      0.0435315
   4588.2483740      1.6495489      0.0433387
   4592.8366229      1.6595989      0.0432911
   4597.4371850      1.6574312      0.0432428
   4602.0254339      1.6620927      0.0430569
   4606.6383089      1.6570690      0.0430098
   4611.2388709      1.6659657      0.0430911
   4615.8517459      1.6691087      0.0430495
   4620.4646209      1.6829790      0.0428917
   4625.0898089      1.6866500      0.0428588
   4629.7149969      1.7052985      0.0428229
   4634.3401850      1.7246897      0.0426479
   4638.9776860      1.7371495      0.0425858
   4643.6151869      1.7401710      0.0426620
   4648.2650010      1.7457672      0.0425007
   4652.9025021      1.7561549      0.0424696
   4657.5646291      1.7679261      0.0424456
   4662.2144431      1.7959861      0.0424341
   4666.8762698      1.7893319      0.0423378
   4671.5507100      1.7745872      0.0424059
   4676.2251500      1.7818179      0.0423776
   4680.8995900      1.7813418      0.0422127
   4685.5740302      1.7910111      0.0421740
   4690.2604829      1.7889034      0.0426805
   4694.9595490      1.7874376      0.0427476
   4699.6463021      1.7971665      0.0422708
   4704.3453681      1.8022373      0.0418435
   4709.0564469      1.7975060      0.0417126
   4713.7678260      1.7925653      0.0416339
   4718.4792052      1.7802314      0.0416139
   4723.1902839      1.7893780      0.0417001
   4727.9139760      1.7787755      0.0418318
   4732.6499812      1.7838486      0.0418790
   4737.3856860      1.7883565      0.0422077
   4742.1216911      1.7779382      0.0423191
   4746.8573959      1.7740270      0.0425651
   4751.6057140      1.7733480      0.0428202
   4756.3537319      1.7762403      0.0430295
   4761.1143631      1.7691545      0.0431490
   4765.8746938      1.7707546      0.0431914
   4770.6476381      1.7842962      0.0433321
   4775.4079688      1.7780498      0.0434626
   4780.1932260      1.7822496      0.0435540
   4784.9658698      1.7866474      0.0438811
   4789.7511271      1.7735426      0.0444218
   4794.5483969      1.7924803      0.0442556
   4799.3459671      1.7860265      0.0436452
   4804.1432369      1.7721545      0.0433757
   4808.9405069      1.7519176      0.0431318
   4813.7503900      1.7341032      0.0429809
   4818.5722860      1.7141421      0.0427168
   4823.3818688      1.7002558      0.0426088
   4828.2163781      1.6918559      0.0425294
   4833.0382740      1.6943358      0.0424840
   4837.8724829      1.6914254      0.0423428
   4842.7069921      1.6841689      0.0424266
   4847.5535140      1.6798966      0.0424296
   4852.4000360      1.6560045      0.0423611
   4857.2588709      1.6532027      0.0425562
   4862.1056931      1.6689110      0.0425661
   4866.9768411      1.6714119      0.0426940
   4871.8356760      1.6701880      0.0432796
   4876.7068240      1.6705709      0.0434435
   4881.5902850      1.6842766      0.0429913
   4886.4737459      1.6950270      0.0425260
   4891.3572069      1.6833102      0.0424925
   4896.2532812      1.6854695      0.0424155
   4901.1490552      1.6943667      0.0422839
   4906.0448291      1.6958563      0.0420683
   4910.9529161      1.7211283      0.0420668
   4915.8610031      1.7343311      0.0418200
   4920.7814031      1.7714938      0.0416664
   4925.7018031      1.7934469      0.0415045
   4930.6222031      1.8035243      0.0412269
   4935.5549161      1.8233517      0.0411842
   4940.4876291      1.8589529      0.0409108
   4945.4326552      1.8668609      0.0407784
   4950.3776812      1.8821868      0.0406790
   4955.3347198      1.8994908      0.0406111
   4960.2797459      1.9198239      0.0406738
   4965.2493979      1.9110582      0.0406801
   4970.2190500      1.9080591      0.0408777
   4975.1887021      1.8973022      0.0413867
   4980.1583541      1.8794419      0.0413837
   4985.1400188      1.8624058      0.0407824
   4990.1219839      1.8261693      0.0405746
   4995.1162619      1.8039244      0.0406976
   5000.1105400      1.7956394      0.0405745
   5005.1048181      1.7753679      0.0405637
   5010.1111089      1.7712334      0.0405461
   5015.1300131      1.7549611      0.0405395
   5020.1366041      1.7479746      0.0405419
   5025.1675209      1.7365396      0.0404296
   5030.1864250      1.7233210      0.0404226
   5035.2176421      1.7086221      0.0404293
   5040.2488593      1.6974534      0.0404311
   5045.2917888      1.6850237      0.0403199
   5050.3353188      1.6785703      0.0404299
   5055.3914623      1.6844893      0.0403332
   5060.4470052      1.6675853      0.0404007
   5065.5025479      1.6608691      0.0402402
   5070.5707041      1.6536847      0.0403120
   5075.6388602      1.6516788      0.0401987
   5080.7190291      1.6463782      0.0402069
   5085.7991979      1.6267660      0.0402541
   5090.8793669      1.6252733      0.0403217
   5095.9721490      1.6389564      0.0404014
   5101.0769438      1.6446695      0.0404647
   5106.1697260      1.6661835      0.0404778
   5111.2871343      1.6718080      0.0403812
   5116.3919291      1.6934601      0.0404170
   5121.5093373      1.6927100      0.0404643
   5126.6261448      1.7131897      0.0405153
   5131.7555657      1.7311687      0.0404559
   5136.8855873      1.7304991      0.0405362
   5142.0270209      1.7177231      0.0407095
   5147.1690552      1.7342339      0.0406575
   5152.3231021      1.7378501      0.0407383
   5157.4651362      1.7375078      0.0406972
   5162.6311959      1.7249531      0.0407360
   5167.7852428      1.7232243      0.0407864
   5172.9519031      1.7142665      0.0408890
   5178.1305760      1.6986963      0.0409698
   5183.3092490      1.6905863      0.0409251
   5188.4879219      1.6868030      0.0411099
   5193.6792081      1.6994632      0.0411770
   5198.8698938      1.6962003      0.0411214
   5204.0731928      1.6779855      0.0411864
   5209.2764919      1.6676593      0.0411299
   5214.4924041      1.6591848      0.0411864
   5219.7077157      1.6554843      0.0413418
   5224.9236281      1.6509341      0.0412674
   5230.1515531      1.6512231      0.0413296
   5235.3794781      1.6325026      0.0414046
   5240.6194157      1.6497014      0.0413390
   5245.8599541      1.6450000      0.0414006
   5251.0998919      1.6330003      0.0414790
   5256.3524428      1.6190467      0.0415470
   5261.6049938      1.5999089      0.0416150
   5266.8701581      1.5856247      0.0415833
   5272.1347219      1.5606605      0.0415929
   5277.4118990      1.5474632      0.0416967
   5282.6890760      1.5457878      0.0417834
   5287.9662531      1.5362039      0.0417725
   5293.2554428      1.5308559      0.0419154
   5298.5572459      1.5368294      0.0420567
   5303.8470362      1.5408592      0.0422706
   5309.1608521      1.5473512      0.0422297
   5314.4626552      1.5414877      0.0424080
   5319.7764709      1.5392762      0.0425320
   5325.1029000      1.5433708      0.0426597
   5330.4293291      1.5455991      0.0426479
   5335.7557581      1.5383933      0.0427777
   5341.0942000      1.5365562      0.0429063
   5346.4326419      1.5369720      0.0430049
   5351.7836969      1.5425144      0.0429984
   5357.1347521      1.5365062      0.0431251
   5362.4858072      1.5219561      0.0432103
   5367.8488750      1.5144393      0.0432810
   5373.2245562      1.5089478      0.0432683
   5378.5876240      1.5090224      0.0433942
   5383.9753178      1.5201696      0.0434775
   5389.3509990      1.5241979      0.0435625
   5394.7386928      1.5232935      0.0436647
   5400.1390000      1.5273463      0.0436338
   5405.5393072      1.5348147      0.0437208
   5410.9516271      1.5263360      0.0438092
   5416.3519343      1.5496737      0.0438945
   5421.7762669      1.5770974      0.0439668
   5427.2012000      1.5836160      0.0439261
   5432.6261331      1.6075760      0.0440279
   5438.0504657      1.6037943      0.0441453
   5443.5000250      1.6160991      0.0442341
   5448.9369709      1.6413616      0.0443128
   5454.3865302      1.6229811      0.0444830
   5459.8481021      1.6279050      0.0446665
   5465.2976612      1.6221430      0.0448651
   5470.7712459      1.6238372      0.0453885
   5476.2328178      1.6277858      0.0453160
   5481.7190157      1.6407470      0.0452711
   5487.1932010      1.6757003      0.0452654
   5492.6920123      1.6869696      0.0453991
   5498.1782102      1.6798072      0.0456751
   5503.6764209      1.6633688      0.0460246
   5509.1872448      1.6652653      0.0463249
   5514.6860562      1.6748860      0.0468687
   5520.2088928      1.6678230      0.0474018
   5525.7197169      1.6532151      0.0479576
   5531.2551669      1.6495177      0.0484151
   5536.7786041      1.6461869      0.0489701
   5542.3140541      1.6146340      0.0494707
   5547.8615169      1.6020701      0.0499224
   5553.4095802      1.5969838      0.0503999
   5558.9696562      1.5762022      0.0508575
   5564.5171188      1.5692976      0.0512464
   5570.0898081      1.5433811      0.0515419
   5575.6618969      1.5339599      0.0516825
   5581.2345862      1.5123380      0.0517920
   5586.8186877      1.4923441      0.0517818
   5592.4033898      1.4696082      0.0516802
   5598.0007052      1.4550925      0.0514764
   5603.5974198      1.4345814      0.0511917
   5609.1947352      1.4297230      0.0508384
   5614.8034627      1.4202169      0.0504068
   5620.4254041      1.3949786      0.0498838
   5626.0467448      1.3778549      0.0492893
   5631.6686862      1.3610840      0.0486922
   5637.3020398      1.3350670      0.0480232
   5642.9359938      1.3408654      0.0472950
   5648.5825612      1.3444750      0.0466232
   5654.2285281      1.3350381      0.0459794
   5659.8871081      1.3360850      0.0453145
   5665.5450877      1.3341928      0.0446675
   5671.2162812      1.3352792      0.0440392
   5676.8868740      1.3184670      0.0434296
   5682.5574669      1.3041898      0.0428574
   5688.2406729      1.3086571      0.0422028
   5693.9358919      1.3091805      0.0413829
   5699.6317112      1.3061161      0.0407466
   5705.3269302      1.2977428      0.0401195
   5711.0347623      1.2667671      0.0395970
   5716.7419938      1.2408893      0.0391759
   5722.4618388      1.2446581      0.0387021
   5728.1822843      1.2615629      0.0380772
   5733.9141419      1.2652724      0.0375861
   5739.6466000      1.2620533      0.0371395
   5745.3910709      1.2663649      0.0367327
   5751.1235291      1.2584296      0.0364547
   5756.8800127      1.2467314      0.0362347
   5762.6370969      1.2408711      0.0358980
   5768.4061938      1.2543874      0.0355914
   5774.1752907      1.2398709      0.0355684
   5779.9443877      1.2353377      0.0356078
   5785.7260979      1.2242579      0.0353546
   5791.5078081      1.2093883      0.0346383
   5797.3015312      1.1986681      0.0342729
   5803.0952541      1.1878097      0.0340906
   5808.9009898      1.1919227      0.0339389
   5814.7193388      1.1820636      0.0338912
   5820.5256750      1.1840755      0.0338973
   5826.3440240      1.1779933      0.0338586
   5832.1749862      1.1856838      0.0339419
   5838.0053479      1.1670816      0.0340228
   5843.8483229      1.1531749      0.0341377
   5849.6912979      1.1509655      0.0342222
   5855.5468862      1.1389383      0.0344521
   5861.3898612      1.1407001      0.0348710
   5867.2574623      1.1550946      0.0350346
   5873.1244627      1.1390547      0.0348425
   5879.0046771      1.1380602      0.0348829
   5884.8842907      1.1355540      0.0349365
   5890.7645052      1.1400728      0.0350227
   5896.6567322      1.1414393      0.0350923
   5902.5489593      1.1336163      0.0351127
   5908.4531990      1.1416970      0.0352151
   5914.3574388      1.1435142      0.0353126
   5920.2742919      1.1411755      0.0353723
   5926.2037581      1.1333839      0.0353739
   5932.1326240      1.1181186      0.0352279
   5938.0614898      1.0947812      0.0351442
   5943.9909562      1.0925193      0.0350169
   5949.9444479      1.0905591      0.0348200
   5955.8859271      1.0840555      0.0345588
   5961.8394188      1.0748512      0.0341297
   5967.8055240      1.0722821      0.0339242
   5973.7716291      1.0758727      0.0338966
   5979.7497469      1.0630291      0.0341467
   5985.7278648      1.0607358      0.0344691
   5991.7185959      1.0714957      0.0338094
   5997.7093271      1.0725114      0.0328041
   6003.7000581      1.0566239      0.0322213
   6009.7148148      1.0711244      0.0317032
   6015.7181593      1.0679710      0.0313925
   6021.7329157      1.0680994      0.0312054
   6027.7608862      1.0642257      0.0310642
   6033.7882562      1.0705221      0.0314635
   6039.8156260      1.0714248      0.0318468
   6045.8676219      1.0746446      0.0323745
   6051.9076052      1.0810157      0.0318064
   6057.9596010      1.0915558      0.0313625
   6064.0242102      1.1008456      0.0312993
   6070.0762062      1.0917994      0.0313407
   6076.1528281      1.0878924      0.0316667
   6082.2294500      1.1006896      0.0320652
   6088.3060719      1.0985782      0.0325127
   6094.3953072      1.1145678      0.0330048
   6100.4965552      1.1221586      0.0330802
   6106.5978031      1.1253426      0.0331171
   6112.6990510      1.1406333      0.0339420
   6118.8129123      1.1502919      0.0343226
   6124.9387862      1.1569653      0.0342343
   6131.0646602      1.1358832      0.0340423
   6137.1905343      1.1290342      0.0340203
   6143.3284209      1.1422333      0.0337053
   6149.4669081      1.1240928      0.0334343
   6155.6174081      1.1161953      0.0324366
   6161.7799209      1.1053236      0.0320386
   6167.9430343      1.0912322      0.0316902
   6174.1055469      1.0815151      0.0312760
   6180.2806729      1.0772378      0.0312061
   6186.4557990      1.0778019      0.0308794
   6192.6429377      1.0941521      0.0303424
   6198.8426898      1.1049477      0.0301335
   6205.0424419      1.0958009      0.0302741
   6211.2548072      1.0960311      0.0305143
   6217.4545593      1.0990354      0.0304529
   6223.6789373      1.0971870      0.0299434
   6229.9027148      1.0938634      0.0295105
   6236.1270928      1.0825695      0.0292945
   6242.3640843      1.0762483      0.0293588
   6248.6124877      1.0686876      0.0292930
   6254.8614919      1.0581917      0.0295205
   6261.1104959      1.0502700      0.0297120
   6267.3715127      1.0477793      0.0300447
   6273.6451428      1.0365301      0.0304626
   6279.9187729      1.0318565      0.0301386
   6286.1924031      1.0218149      0.0297268
   6292.4780459      1.0034347      0.0291371
   6298.7763021      1.0124857      0.0288784
   6305.0745581      1.0202800      0.0285230
   6311.3848271      1.0226252      0.0282765
   6317.6950959      1.0175231      0.0279737
   6324.0053648      1.0144453      0.0277472
   6330.3408602      1.0115265      0.0273988
   6336.6631419      1.0101813      0.0271767
   6342.9986373      1.0009885      0.0269455
   6349.3455448      0.9901238      0.0266684
   6355.6930531      0.9909207      0.0262365
   6362.0525740      0.9820696      0.0258477
   6368.4120948      0.9758504      0.0253463
   6374.7842291      0.9713925      0.0251574
   6381.1557627      0.9766247      0.0249494
   6387.5405102      0.9787582      0.0245747
   6393.9246572      0.9776660      0.0243944
   6400.3208169      0.9836897      0.0242341
   6406.7175771      0.9865080      0.0242435
   6413.1263500      0.9874892      0.0242206
   6419.5477362      0.9904615      0.0241930
   6425.9565093      0.9963908      0.0242569
   6432.3899081      0.9954275      0.0239770
   6438.8233072      0.9966559      0.0238217
   6445.2567062      0.9941890      0.0238655
   6451.7021178      0.9897113      0.0239627
   6458.1601428      0.9975117      0.0238942
   6464.6181678      0.9968107      0.0237943
   6471.0761928      0.9918717      0.0239032
   6477.5468312      0.9868773      0.0240909
   6484.0294822      0.9816260      0.0241697
   6490.5121331      0.9805212      0.0241852
   6497.0067969      0.9764433      0.0240296
   6503.5020612      0.9767829      0.0241317
   6510.0087377      0.9715263      0.0241247
   6516.5160148      0.9665552      0.0240742
   6523.0359052      0.9607376      0.0240099
   6529.5551948      0.9611284      0.0238662
   6536.0870979      0.9607126      0.0238673
   6542.6190010      0.9651726      0.0237017
   6549.1629169      0.9709349      0.0235387
   6555.7194459      0.9587854      0.0233971
   6562.2759750      0.9590976      0.0233334
   6568.8325041      0.9526143      0.0232186
   6575.4010459      0.9495620      0.0230270
   6581.9822010      0.9479963      0.0228751
   6588.5633562      0.9327530      0.0228135
   6595.1565240      0.9342110      0.0225820
   6601.7376791      0.9303094      0.0223695
   6608.3434602      0.9326220      0.0220892
   6614.9612541      0.9308421      0.0219119
   6621.5670352      0.9352940      0.0218044
   6628.1968419      0.9351715      0.0217279
   6634.8152362      0.9292508      0.0215182
   6641.4576562      0.9311326      0.0213713
   6648.1000760      0.9271659      0.0213544
   6654.7424959      0.9248124      0.0212853
   6661.3975291      0.9201697      0.0212584
   6668.0645750      0.9159396      0.0211732
   6674.7316209      0.9128076      0.0212146
   6681.4112802      0.9154727      0.0211063
   6688.0903388      0.9181082      0.0208973
   6694.7826112      0.9156808      0.0208039
   6701.4742831      0.9152259      0.0209219
   6708.1779678      0.9177702      0.0207890
   6714.8822531      0.9188028      0.0204601
   6721.5985510      0.9098039      0.0202861
   6728.3148490      0.9103689      0.0202830
   6735.0437602      0.9142191      0.0204254
   6741.7846843      0.9148275      0.0203947
   6748.5256081      0.9118875      0.0203016
   6755.2785448      0.9094707      0.0203547
   6762.0320822      0.9100064      0.0204009
   6768.7976322      0.9039704      0.0204253
   6775.5631822      0.8988178      0.0205014
   6782.3407448      0.8950150      0.0205393
   6789.1189081      0.8909054      0.0207439
   6795.9090843      0.8837380      0.0209064
   6802.6992602      0.8791602      0.0210419
   6809.5014490      0.8662226      0.0212927
   6816.3162510      0.8649874      0.0216913
   6823.1310531      0.8676565      0.0218779
   6829.9578678      0.8603452      0.0220386
   6836.7852831      0.8551846      0.0222317
   6843.6247112      0.8505408      0.0224563
   6850.4761521      0.8402626      0.0226578
   6857.3155802      0.8337492      0.0226522
   6864.1796343      0.8218279      0.0226243
   6871.0430877      0.8222297      0.0227057
   6877.9197552      0.8241756      0.0228579
   6884.7958219      0.8196303      0.0226866
   6891.6718888      0.8186874      0.0224845
   6898.5731822      0.8079498      0.0223669
   6905.4738750      0.7980483      0.0222970
   6912.3745678      0.7988474      0.0222067
   6919.2878740      0.7988832      0.0220291
   6926.2011802      0.8020009      0.0218105
   6933.1264990      0.8049461      0.0216271
   6940.0644312      0.8094777      0.0213635
   6947.0017627      0.8134324      0.0211088
   6953.9523081      0.8106209      0.0208527
   6960.9142657      0.8128247      0.0206241
   6967.8648112      0.8099795      0.0203700
   6974.8393822      0.8101630      0.0200461
   6981.8139531      0.8096815      0.0197613
   6988.7885240      0.8099830      0.0195692
   6995.7877209      0.8199658      0.0194783
   7002.7749052      0.8191562      0.0193610
   7009.7861148      0.8168594      0.0191253
   7016.7979250      0.8138094      0.0188532
   7023.8097352      0.8115190      0.0186649
   7030.8335581      0.8150058      0.0184599
   7037.8693938      0.8153437      0.0182919
   7044.9058302      0.8108336      0.0181222
   7051.9542791      0.8090304      0.0179860
   7059.0027281      0.8131462      0.0178195
   7066.0631898      0.8062946      0.0176598
   7073.1242521      0.8033134      0.0175497
   7080.1973271      0.8037962      0.0175009
   7087.2824148      0.8047579      0.0174074
   7094.3681031      0.8001935      0.0172809
   7101.4658041      0.8028812      0.0173801
   7108.5635052      0.8015145      0.0175155
   7115.6732188      0.7987222      0.0174356
   7122.7835331      0.7895241      0.0171843
   7129.9178729      0.7896504      0.0171444
   7137.0402000      0.7946121      0.0172961
   7144.1871531      0.7966511      0.0173249
   7151.3214928      0.8003601      0.0172202
   7158.4810593      0.7934601      0.0171535
   7165.6400250      0.7907392      0.0172550
   7172.7989907      0.7796410      0.0174270
   7179.9705698      0.7762641      0.0176081
   7187.1547623      0.7799257      0.0178106
   7194.3383541      0.7754626      0.0179664
   7201.5345593      0.7734511      0.0182638
   7208.7427771      0.7602407      0.0184690
   7215.9509948      0.7514197      0.0187754
   7223.1592127      0.7457319      0.0190971
   7230.3926572      0.7341456      0.0194545
   7237.6128877      0.7258646      0.0196817
   7244.8583448      0.7121301      0.0200257
   7252.1038021      0.7122080      0.0204497
   7259.3492593      0.7057216      0.0208985
   7266.6187419      0.6987761      0.0211929
   7273.8768123      0.6844713      0.0215027
   7281.1589081      0.6700691      0.0218140
   7288.4410041      0.6644060      0.0221237
   7295.7231000      0.6565329      0.0223294
   7303.0178093      0.6567173      0.0223626
   7310.3245312      0.6539539      0.0223415
   7317.6312531      0.6502113      0.0223601
   7324.9499877      0.6408976      0.0224134
   7332.2819362      0.6497620      0.0223359
   7339.6132843      0.6636301      0.0222049
   7346.9446322      0.6606610      0.0217422
   7354.3006062      0.6560051      0.0211940
   7361.6565802      0.6684926      0.0207765
   7369.0125541      0.6736413      0.0204763
   7376.3805407      0.6797468      0.0203986
   7383.7611407      0.6915962      0.0204013
   7391.1417407      0.6926790      0.0199727
   7398.5349541      0.6917228      0.0195321
   7405.9401802      0.6882424      0.0191570
   7413.3454062      0.6991233      0.0190982
   7420.7626448      0.7007564      0.0190310
   7428.1804843      0.7038239      0.0188515
   7435.6103362      0.6995491      0.0185195
   7443.0395877      0.6956214      0.0184189
   7450.4820531      0.6981726      0.0184422
   7457.9365312      0.6960031      0.0185103
   7465.3910093      0.6939973      0.0185355
   7472.8575000      0.6952810      0.0183905
   7480.3366041      0.6900409      0.0185327
   7487.8157081      0.6834372      0.0185783
   7495.3068250      0.6758270      0.0183032
   7502.7979419      0.6763725      0.0183945
   7510.3016719      0.6800070      0.0184595
   7517.8054021      0.6782136      0.0185728
   7525.3337581      0.6853383      0.0185710
   7532.8615138      0.6937058      0.0188134
   7540.3898698      0.6933711      0.0191405
   7547.9302388      0.6880173      0.0193253
   7555.4832209      0.6880366      0.0194269
   7563.0362031      0.6834131      0.0196930
   7570.6011979      0.6885307      0.0201211
   7578.1661928      0.6871599      0.0204335
   7585.7438010      0.6894112      0.0203974
   7593.3334219      0.6979656      0.0203105
   7600.9230428      0.7025506      0.0206648
   7608.5252771      0.7152293      0.0210301
   7616.1395240      0.7241523      0.0210378
   7623.7537709      0.7318429      0.0210245
   7631.3806312      0.7386968      0.0209187
   7639.0068907      0.7443213      0.0206958
   7646.6457638      0.7492056      0.0206816
   7654.2972500      0.7605215      0.0204811
   7661.9487362      0.7725155      0.0204834
   7669.6122352      0.7794804      0.0206422
   7677.2877469      0.7876225      0.0204264
   7684.9512459      0.7911491      0.0201657
   7692.6393709      0.7940319      0.0201266
   7700.3401093      0.7950154      0.0201981
   7708.0402469      0.7952332      0.0203500
   7715.7529979      0.7976015      0.0203657
   7723.4657490      0.8028514      0.0204843
   7731.1905127      0.8009197      0.0203666
   7738.9158771      0.8050369      0.0207778
   7746.6532541      0.8091336      0.0209202
   7754.4026438      0.8132110      0.0212376
   7762.1646469      0.8134159      0.0215290
   7769.9266500      0.8119943      0.0217737
   7777.6886531      0.8078281      0.0220569
   7785.4752822      0.8104869      0.0218627
   7793.2619112      0.8140114      0.0219156
   7801.0479398      0.8146653      0.0220235
   7808.8471822      0.8181558      0.0221753
   7816.6584373      0.8170911      0.0222715
   7824.4817052      0.8211989      0.0223113
   7832.3049729      0.8121873      0.0223301
   7840.1282407      0.7951650      0.0227192
   7847.9767352      0.7960740      0.0226039
   7855.8246291      0.7962142      0.0226558
   7863.6851362      0.7797295      0.0229426
   7871.5450428      0.7712311      0.0230837
   7879.4175627      0.7638251      0.0225968
   7887.3026959      0.7625500      0.0222710
   7895.1752157      0.7667534      0.0223099
   7903.0729623      0.7570884      0.0224760
   7910.9821209      0.7556408      0.0226414
   7918.8918802      0.7547100      0.0227929
   7926.8136521      0.7611508      0.0223988
   7934.7354240      0.7651856      0.0216960
   7942.6818219      0.7651755      0.0214214
   7950.6162072      0.7628158      0.0211754
   7958.5626052      0.7657133      0.0207623
   7966.5336291      0.7657857      0.0205800
   7974.4920398      0.7675341      0.0204847
   7982.4630638      0.7722085      0.0203642
   7990.4467010      0.7666089      0.0202778
   7998.4423510      0.7571807      0.0201608
   8006.4380010      0.7625617      0.0200200
   8014.4456638      0.7624188      0.0198881
   8022.4659398      0.7613642      0.0196586
   8030.4862157      0.7603627      0.0194823
   8038.5191052      0.7572274      0.0192726
   8046.5513938      0.7498381      0.0189467
   8054.5962959      0.7418559      0.0186685
   8062.6538112      0.7377704      0.0183978
   8070.7227388      0.7236125      0.0181804
   8078.7922669      0.7196386      0.0176822
   8086.8744081      0.7187966      0.0172460
   8094.9559490      0.7157790      0.0168116
   8103.0501031      0.7090116      0.0164604
   8111.1562698      0.7039596      0.0161640
   8119.2750500      0.7022383      0.0160303
   8127.3938302      0.6962125      0.0159335
   8135.5126102      0.6901362      0.0157043
   8143.6554157      0.6802006      0.0153789
   8151.7988219      0.6807849      0.0151002
   8159.9542407      0.6849130      0.0145711
   8168.1102602      0.6813112      0.0143142
   8176.2776919      0.6729279      0.0142698
   8184.4583373      0.6704130      0.0143120
   8192.6383822      0.6668212      0.0142588
   8200.8304398      0.6671036      0.0142488
   8209.0357112      0.6622367      0.0145005
   8217.2403822      0.6590277      0.0148244
   8225.4570657      0.6604335      0.0151972
   8233.6863627      0.6650631      0.0150974
   8241.9162602      0.6633360      0.0150513
   8250.1575698      0.6656307      0.0151057
   8258.4114928      0.6667324      0.0153494
   8266.6654157      0.6673849      0.0156391
   8274.9439648      0.6694256      0.0157798
   8283.2105010      0.6721423      0.0160203
   8291.5010627      0.6776319      0.0163855
   8299.7922250      0.6786051      0.0167385
   8308.0954000      0.6791738      0.0169506
   8316.3985750      0.6830760      0.0170015
   8324.7137627      0.6912392      0.0172183
   8333.0415638      0.6892759      0.0174639
   8341.3693648      0.6898643      0.0177988
   8349.7217919      0.6895140      0.0178187
   8358.0622062      0.6858527      0.0178408
   8366.4266459      0.6887462      0.0178326
   8374.7916862      0.6870512      0.0179267
   8383.1681388      0.6858097      0.0180159
   8391.5578052      0.6820453      0.0178621
   8399.9468709      0.6863947      0.0176249
   8408.3485500      0.6855230      0.0174214
   8416.7502291      0.6822940      0.0172595
   8425.1639209      0.6821328      0.0171982
   8433.5902260      0.6850188      0.0171466
   8442.0285438      0.6782898      0.0170631
   8450.4674623      0.6706331      0.0169719
   8458.9177928      0.6680799      0.0168199
   8467.3813373      0.6653342      0.0165930
   8475.8442812      0.6624538      0.0161953
   8484.3318510      0.6620834      0.0158866
   8492.8074081      0.6584143      0.0156824
   8501.3069907      0.6498349      0.0155522
   8509.8071740      0.6364049      0.0154034
   8518.3073572      0.6340707      0.0150110
   8526.8315657      0.6288247      0.0147199
   8535.3563750      0.6214426      0.0146216
   8543.8931969      0.6181046      0.0145847
   8552.4426322      0.6102570      0.0146851
   8560.9914669      0.6063845      0.0147748
   8569.5529148      0.5945795      0.0149540
   8578.1269760      0.5956035      0.0149939
   8586.7010373      0.5869995      0.0153016
   8595.2871112      0.5858701      0.0155896
   8603.8851979      0.5834903      0.0157352
   8612.4958979      0.5808187      0.0159151
   8621.1065979      0.5794622      0.0162930
   8629.7172979      0.5755908      0.0159309
   8638.3526240      0.5793959      0.0157917
   8646.9999627      0.5751446      0.0156420
   8655.6352888      0.5735616      0.0159560
   8664.2952407      0.5765459      0.0163237
   8672.9678062      0.5730284      0.0161600
   8681.6277581      0.5718648      0.0159926
   8690.3123362      0.5632659      0.0157531
   8699.0089271      0.5651476      0.0159499
   8707.7055178      0.5635267      0.0158555
   8716.4147219      0.5629896      0.0159511
   8725.1359388      0.5679560      0.0156222
   8733.8577562      0.5682842      0.0156301
   8742.5915862      0.5684384      0.0156688
   8751.3374291      0.5696061      0.0158970
   8760.0832719      0.5715539      0.0156748
   8768.8417281      0.5738137      0.0157453
   8777.6121969      0.5702814      0.0158103
   8786.3952791      0.5707706      0.0163422
   8795.1783612      0.5646504      0.0164119
   8803.9734562      0.5661271      0.0164867
   8812.7805638      0.5667768      0.0167542
   8821.5882719      0.5706384      0.0172398
   8830.4206062      0.5596987      0.0175498
   8839.2523398      0.5461783      0.0173145
   8848.0846740      0.5434064      0.0174811
   8856.9290209      0.5527877      0.0175849
   8865.7979938      0.5504010      0.0178095
   8874.6549541      0.5531567      0.0180261
   8883.5359398      0.5544432      0.0178368
   8892.4175260      0.5551537      0.0177691
   8901.3111250      0.5492563      0.0175668
   8910.2173373      0.5495145      0.0174045
   8919.1229490      0.5582232      0.0173201
   8928.0411740      0.5652598      0.0174293
   8936.9720123      0.5662524      0.0173206
   8945.9142627      0.5613699      0.0165872
   8954.8571138      0.5629721      0.0161077
   8963.8125781      0.5628960      0.0156562
   8972.7800552      0.5607414      0.0152058
   8981.7475322      0.5597398      0.0149909
   8990.7270219      0.5593483      0.0147400
   8999.7191250      0.5603797      0.0146184
   9008.7232407      0.5560247      0.0141655
   9017.7279572      0.5553434      0.0137434
   9026.7446862      0.5536680      0.0134739
   9035.7734281      0.5501726      0.0132169
   9044.8147831      0.5492263      0.0131889
   9053.8555377      0.5447069      0.0128190
   9062.9095062      0.5436159      0.0126849
   9071.9754873      0.5422495      0.0124069
   9081.0534812      0.5345981      0.0123484
   9090.1314750      0.5303271      0.0121837
   9099.2220822      0.5260758      0.0120205
   9108.3120888      0.5271910      0.0118107
   9117.4273219      0.5230419      0.0117722
   9126.5425552      0.5196396      0.0117921
   9135.6698010      0.5177498      0.0118484
   9144.8096602      0.5164748      0.0117791
   9153.9489188      0.5207921      0.0117263
   9163.1007907      0.5236504      0.0115709
   9172.2652760      0.5201900      0.0114646
   9181.4417740      0.5157875      0.0112979
   9190.6308852      0.5157455      0.0112625
   9199.8193959      0.5176296      0.0114097
   9209.0205198      0.5187549      0.0115089
   9218.2216438      0.5144597      0.0116727
   9227.4473938      0.5069726      0.0117231
   9236.6731438      0.4978817      0.0118436
   9245.9115072      0.4948007      0.0120290
   9255.1618831      0.4889041      0.0122687
   9264.4122593      0.4869097      0.0126231
   9273.6746479      0.4870247      0.0130097
   9282.9496500      0.4785524      0.0132209
   9292.2366648      0.4719597      0.0134104
   9301.5242802      0.4604583      0.0137119
   9310.8239081      0.4537753      0.0140549
   9320.1355490      0.4467666      0.0145211
   9329.4598031      0.4373251      0.0150097
   9338.7840572      0.4285283      0.0154109
   9348.1329373      0.4239506      0.0154899
   9357.4812169      0.4182155      0.0156097
   9366.8427102      0.4118115      0.0158584
   9376.2036031      0.4064285      0.0160870
   9385.5771093      0.3968603      0.0164055
   9394.9626281      0.3952610      0.0163374
   9404.3607602      0.3919869      0.0163195
   9413.7709052      0.3936158      0.0162144
   9423.1810500      0.3943557      0.0162353
   9432.6038081      0.3967646      0.0162833
   9442.0385791      0.3963318      0.0162072
   9451.4733500      0.4025995      0.0160483
   9460.9327469      0.4074273      0.0158871
   9470.3921438      0.4226387      0.0159655
   9479.8641541      0.4323977      0.0161029
   9489.3481771      0.4560179      0.0163591
   9498.8322000      0.4662643      0.0166130
   9508.3408490      0.4729070      0.0164078
   9517.8374852      0.4784302      0.0160639
   9527.3581469      0.4845567      0.0158924
   9536.8914219      0.4880335      0.0157377
   9546.4246969      0.4960922      0.0155584
   9555.9705852      0.4998477      0.0156097
   9565.5284862      0.4942949      0.0154139
   9575.0984000      0.4955483      0.0152298
   9584.6683138      0.4985752      0.0152085
   9594.2508407      0.4969504      0.0153245
   9603.8459812      0.4988878      0.0155797
   9613.4531343      0.5052938      0.0157880
   9623.0602873      0.4967877      0.0161050
   9632.6914657      0.4953490      0.0163000
   9642.3232448      0.4949374      0.0163453
   9651.9676373      0.4951792      0.0164356
   9661.6234419      0.4961853      0.0167082
   9671.2798469      0.4881214      0.0168313
   9680.9482648      0.4833391      0.0170850
   9690.6419093      0.4817407      0.0175436
   9700.3223398      0.4766209      0.0176775
   9710.0279969      0.4728828      0.0180570
   9719.7336541      0.4703159      0.0179963
   9729.4639373      0.4698456      0.0182255
   9739.1936198      0.4627095      0.0183757
   9748.9239031      0.4616103      0.0186213
   9758.6788123      0.4632649      0.0187604
   9768.4331209      0.4635618      0.0186609
   9778.2000428      0.4591758      0.0187418
   9787.9795781      0.4612753      0.0188590
   9797.7711260      0.4680665      0.0189949
   9807.5626740      0.4622276      0.0190965
   9817.3788479      0.4568840      0.0192580
   9827.1950219      0.4572113      0.0193614
   9837.0238093      0.4575148      0.0196619
   9846.8646093      0.4686329      0.0203832
   9856.7054093      0.4710470      0.0211950
   9866.5708352      0.4796289      0.0220550
   9876.4362612      0.4879420      0.0229067
   9886.3016873      0.4820555      0.0234527
   9896.1911388      0.4738011      0.0239242
   9906.0938041      0.4716049      0.0245669
   9915.9958688      0.4678816      0.0248841
   9925.9231602      0.4618248      0.0252085
   9935.8372377      0.4534515      0.0257002
   9945.7765419      0.4488017      0.0258595
   9955.7284593      0.4487048      0.0264392
   9965.6797760      0.4379289      0.0272739
   9975.6437062      0.4285951      0.0286626
   9985.6196490      0.4287106      0.0308004
   9995.6082052      0.4247644      0.0308815
   10005.6087740      0.4270733      0.0310780
   10015.6093428      0.4205638      0.0313196
   10025.6225250      0.4199443      0.0317418
   10035.6603331      0.4185826      0.0322365
   10045.6855281      0.4007805      0.0331941
   10055.7353490      0.3884946      0.0334864
   10065.7977831      0.3699135      0.0349727
   10075.8596169      0.3803290      0.0355814
   10085.9346643      0.3622726      0.0367282
   10096.0217247      0.3516964      0.0378251
   10106.1207976      0.3552856      0.0388013
   10116.2318831      0.3564597      0.0402131
   10126.3429688      0.3526124      0.0415110
   10136.4672685      0.3792236      0.0450924
   10146.6023795      0.3768519      0.0488622
   10156.7507045      0.3633524      0.0510917
   10166.9122435      0.3574454      0.0534616
   10177.0725812      0.3575923      0.0565217
   10187.2581455      0.3501844      0.0607591
   10197.4425086      0.3340521      0.0676733
   10207.6400857      0.3424466      0.0768555
   10217.8496753      0.3357661      0.0873096
   10228.0724791      0.3291342      0.0969202
   10238.2940815      0.3257367      0.1096142
   10248.5288979      0.2837152      0.1302204
   10258.7877398      0.1959139      0.1658733
