# SOURCE  = 'Quimby et al. 2018' /                                                
# OBJECT  = '2010gx  '           /                                                
# Z       =             0.230100 / wavelengths divided by (1 + z)                 
# NORM    =          1.11220E-16 / fluxes divided by norm                         
# CLIPPED =                    1 / galaxy emission lines removed                  
# SMOOTHED=                    1 / spectrum has been smoothed                     
# COLUMN01= 'Wavelength (Angstrom)' /                                             
# COLUMN02= 'Flux Density (erg/s/cm2/A)' /                                        
# COLUMN03= 'Flux Density Uncertainty (erg/s/cm2/A)' /                            
# END                                                                             
# 
# 
# 
# 
# 
# 
# 
# 
# 
# 
   3157.1501541      0.1431561      0.1282638
   3160.2989819      0.1899152      0.1226593
   3163.4604229      0.2099486      0.1173430
   3166.6218640      0.1201932      0.1128191
   3169.7956181      0.1143358      0.1092316
   3172.9690719      0.0856637      0.1059325
   3176.1305131      0.0751242      0.1012776
   3179.3165802      0.0614217      0.0975881
   3182.4900339      0.0859117      0.0942879
   3185.6761010      0.1321706      0.0917117
   3188.8621681      0.0835973      0.0895330
   3192.0479350      0.0718385      0.0892571
   3195.2463150      0.0906398      0.0900322
   3198.4320819      0.1712855      0.0855259
   3201.6304619      0.1521897      0.0836668
   3204.8411552      0.1844642      0.0823266
   3208.0392350      0.2388789      0.0819680
   3211.2499281      0.2513882      0.0819499
   3214.4603209      0.2428159      0.0822809
   3217.6833271      0.2431099      0.0817054
   3220.8937198      0.2416756      0.0814535
   3224.1167260      0.2407081      0.0809186
   3227.3394319      0.2222591      0.0797659
   3230.5624381      0.2367903      0.0783523
   3233.7974569      0.2820811      0.0765247
   3237.0327760      0.3106113      0.0741996
   3240.2677948      0.3153289      0.0718940
   3243.5154271      0.2990913      0.0695411
   3246.7504459      0.3023207      0.0664033
   3249.9980781      0.3235998      0.0641617
   3253.2454100      0.3327103      0.0621785
   3256.5053552      0.3654653      0.0606093
   3259.7650000      0.3872008      0.0581090
   3263.0246448      0.4211662      0.0559645
   3266.2845900      0.4486948      0.0545412
   3269.5565479      0.4830412      0.0534298
   3272.8164931      0.5017117      0.0532569
   3276.0884510      0.5608115      0.0536822
   3279.3727219      0.5848761      0.0526632
   3282.6449802      0.5851077      0.0518586
   3285.9292510      0.6051583      0.0515214
   3289.2135219      0.6363734      0.0512046
   3292.5104062      0.6544659      0.0504147
   3295.7946771      0.6457360      0.0500578
   3299.0912610      0.6679798      0.0497887
   3302.4001579      0.6946009      0.0492941
   3305.6970421      0.6755677      0.0485621
   3309.0059390      0.6998963      0.0474037
   3312.3148360      0.6854859      0.0456420
   3315.6237329      0.7034914      0.0443763
   3318.9452431      0.6927128      0.0431092
   3322.2664531      0.7023535      0.0418354
   3325.5876631      0.6918058      0.0408533
   3328.9088729      0.7047868      0.0396965
   3332.2423959      0.7081096      0.0387601
   3335.5639062      0.7215035      0.0379566
   3338.9097421      0.7602346      0.0371206
   3342.2432650      0.7919262      0.0363902
   3345.5891010      0.8003110      0.0357041
   3348.9349369      0.8176518      0.0355244
   3352.2807729      0.8077936      0.0354955
   3355.6389219      0.8131965      0.0355807
   3358.9847579      0.8104059      0.0359145
   3362.3429069      0.8168719      0.0366410
   3365.7133688      0.8247228      0.0359261
   3369.0718181      0.8179358      0.0350208
   3372.4422802      0.8172903      0.0344256
   3375.8127421      0.8139202      0.0341183
   3379.1955171      0.8266914      0.0334831
   3382.5782921      0.8337597      0.0332713
   3385.9610671      0.8491676      0.0329313
   3389.3438421      0.8672425      0.0325329
   3392.7266171      0.8784117      0.0319538
   3396.1217052      0.8972718      0.0316435
   3399.5167931      0.9141484      0.0313278
   3402.9238938      0.9307513      0.0312394
   3406.3189819      0.9645993      0.0311395
   3409.7263829      0.9948508      0.0313078
   3413.1460969      1.0217475      0.0315282
   3416.5534979      1.0565702      0.0314048
   3419.9732119      1.1008741      0.0308761
   3423.3929260      1.1419384      0.0304160
   3426.8126400      1.1797384      0.0299619
   3430.2446671      1.2034231      0.0295555
   3433.6763938      1.2082380      0.0289692
   3437.1084209      1.2229931      0.0288961
   3440.5404479      1.2374865      0.0287171
   3443.9847881      1.2616104      0.0282975
   3447.4291281      1.2650497      0.0282009
   3450.8734681      1.2680418      0.0280375
   3454.3298209      1.2659812      0.0272660
   3457.7864740      1.2649581      0.0268049
   3461.2431271      1.2618922      0.0266054
   3464.6997802      1.2574716      0.0265052
   3468.1684459      1.2372561      0.0262676
   3471.6374119      1.2467586      0.0262482
   3475.1063781      1.2354132      0.0260772
   3478.5750438      1.2256283      0.0256239
   3482.0563229      1.2190524      0.0253305
   3485.5376021      1.2124281      0.0250620
   3489.0308938      1.1949115      0.0246620
   3492.5121729      1.2083905      0.0239821
   3496.0057650      1.2273377      0.0235867
   3499.5113698      1.2312098      0.0233421
   3503.0049619      1.2398328      0.0226126
   3506.5108671      1.2434911      0.0219642
   3510.0164719      1.2538790      0.0213554
   3513.5223771      1.2673546      0.0206489
   3517.0402948      1.2800070      0.0202147
   3520.5585131      1.2975932      0.0199293
   3524.0767312      1.3062592      0.0199037
   3527.6069619      1.3238049      0.0201087
   3531.1251802      1.3331887      0.0202603
   3534.6554110      1.3296169      0.0205104
   3538.1982552      1.3327968      0.0209544
   3541.7284860      1.3181055      0.0210565
   3545.2713302      1.3145267      0.0212882
   3548.8261869      1.3039050      0.0216102
   3552.3690312      1.2897996      0.0223274
   3555.9238881      1.2596349      0.0216515
   3559.4787448      1.2540660      0.0211919
   3563.0339021      1.2474419      0.0206750
   3566.6010719      1.2296958      0.0204061
   3570.1685421      1.2125481      0.0200659
   3573.7357119      1.2041487      0.0198072
   3577.3151948      1.2088954      0.0194412
   3580.8949781      1.2228501      0.0189248
   3584.4744610      1.2349348      0.0186402
   3588.0539438      1.2414801      0.0183550
   3591.6460400      1.2517643      0.0182178
   3595.2378360      1.2584023      0.0181625
   3598.8296319      1.2637569      0.0181335
   3602.4340411      1.2767471      0.0182102
   3606.0381500      1.2894762      0.0184393
   3609.6422589      1.2915304      0.0184401
   3613.2466681      1.2905391      0.0183841
   3616.8630900      1.2813438      0.0185479
   3620.4795119      1.2772785      0.0187250
   3624.0959339      1.2624129      0.0188808
   3627.7246688      1.2485683      0.0193510
   3631.3537041      1.2379895      0.0196501
   3634.9824390      1.2131978      0.0200649
   3638.6234869      1.2105937      0.0209585
   3642.2522219      1.2042252      0.0214914
   3645.8932698      1.1975225      0.0214152
   3649.5469312      1.1899420      0.0208586
   3653.2002921      1.1768858      0.0206172
   3656.8536531      1.1516999      0.0201826
   3660.5070140      1.1386393      0.0196908
   3664.1726881      1.1260566      0.0188626
   3667.8260490      1.1344459      0.0181341
   3671.5040360      1.1401355      0.0172741
   3675.1697100      1.1445417      0.0166976
   3678.8476969      1.1588795      0.0160723
   3682.5256839      1.1668427      0.0157244
   3686.2036709      1.1764909      0.0154778
   3689.8939709      1.1778243      0.0152553
   3693.5842709      1.1821865      0.0152627
   3697.2745709      1.1791674      0.0154975
   3700.9771839      1.1819191      0.0155498
   3704.6797969      1.1764446      0.0154848
   3708.3824100      1.1761791      0.0154512
   3712.0850229      1.1759975      0.0154843
   3715.7999490      1.1677665      0.0153826
   3719.5148750      1.1737934      0.0151657
   3723.2421140      1.1759239      0.0151972
   3726.9570400      1.1937382      0.0150516
   3730.6842791      1.1973833      0.0150214
   3734.4238312      1.1980667      0.0147903
   3738.1507698      1.1964054      0.0145994
   3741.8903219      1.1940022      0.0144629
   3745.6298740      1.1925128      0.0142351
   3749.3817390      1.1954254      0.0141644
   3753.1336041      1.1986026      0.0138821
   3756.8851688      1.2114288      0.0137725
   3760.6370339      1.2321759      0.0134855
   3764.4012119      1.2525582      0.0133653
   3768.1653900      1.2682475      0.0131305
   3771.9295681      1.2841672      0.0130379
   3775.7057589      1.2931658      0.0128270
   3779.4822500      1.3032513      0.0127935
   3783.2587411      1.3071411      0.0126954
   3787.0472448      1.3075298      0.0126252
   3790.8360490      1.3140314      0.0125643
   3794.6248531      1.3200490      0.0124758
   3798.4133569      1.3265569      0.0124244
   3802.2144740      1.3234528      0.0124021
   3806.0155911      1.3182358      0.0124084
   3809.8287209      1.3154743      0.0124252
   3813.6298381      1.3159268      0.0123951
   3817.4432681      1.3169440      0.0125142
   3821.2687110      1.3097177      0.0124952
   3825.0944541      1.3027103      0.0126237
   3828.9075839      1.2955025      0.0125773
   3832.7456400      1.2876586      0.0125234
   3836.5710829      1.2752248      0.0124606
   3840.4091390      1.2773101      0.0123523
   3844.2468948      1.2778306      0.0122596
   3848.0972640      1.2794930      0.0121062
   3851.9473329      1.2920167      0.0118794
   3855.7977021      1.2975883      0.0117997
   3859.6477709      1.3058228      0.0116325
   3863.5104531      1.3093421      0.0114844
   3867.3728350      1.3062390      0.0113074
   3871.2478302      1.3153491      0.0110445
   3875.1102119      1.3154221      0.0109537
   3878.9849069      1.3202235      0.0108475
   3882.8722150      1.3257321      0.0108913
   3886.7469100      1.3295156      0.0109333
   3890.6342181      1.3297458      0.0110124
   3894.5335390      1.3314762      0.0110723
   3898.4205469      1.3313578      0.0112265
   3902.3201681      1.3301322      0.0112266
   3906.2318021      1.3240268      0.0113119
   3910.1311229      1.3299969      0.0114538
   3914.0427569      1.3302165      0.0114813
   3917.9546911      1.3200219      0.0114964
   3921.8786381      1.3184865      0.0114986
   3925.8025850      1.3128636      0.0115346
   3929.7265319      1.2962823      0.0114985
   3933.6507791      1.2843652      0.0114325
   3937.5870390      1.2713913      0.0113260
   3941.5232990      1.2650992      0.0111616
   3945.4718719      1.2579752      0.0110782
   3949.4081319      1.2483768      0.0110784
   3953.3570052      1.2457792      0.0110111
   3957.3178911      1.2337298      0.0112980
   3961.2664640      1.2205418      0.0111416
   3965.2396631      1.2102044      0.0109451
   3969.2005490      1.2071298      0.0108813
   3973.1737479      1.2060511      0.0109207
   3977.1469469      1.1940055      0.0109481
   3981.1201459      1.1926178      0.0110086
   3985.1056579      1.1918164      0.0111048
   3989.0911698      1.1902401      0.0113313
   3993.0766819      1.1761739      0.0116388
   3997.0745069      1.1759617      0.0120098
   4001.0723319      1.1841605      0.0122473
   4005.0701569      1.1926153      0.0124954
   4009.0679819      1.1948715      0.0126698
   4013.0781198      1.1996386      0.0129493
   4017.1005709      1.1923059      0.0131668
   4021.1107089      1.1915569      0.0132719
   4025.1331600      1.1942402      0.0134971
   4029.1556110      1.1911315      0.0137136
   4033.1903750      1.1925086      0.0136585
   4037.2251390      1.1909838      0.0137167
   4041.2599031      1.1918693      0.0136200
   4045.3069802      1.1999114      0.0134831
   4049.3414438      1.2117732      0.0134547
   4053.4008339      1.2240885      0.0134296
   4057.4479110      1.2306057      0.0134533
   4061.5073010      1.2459199      0.0133783
   4065.5666911      1.2543017      0.0130397
   4069.6380938      1.2618403      0.0128239
   4073.7097969      1.2809201      0.0125873
   4077.7815000      1.2869254      0.0124468
   4081.8532031      1.2951936      0.0121710
   4085.9369188      1.3030745      0.0118518
   4090.0209350      1.3058728      0.0116097
   4094.1172640      1.3074056      0.0113927
   4098.2135931      1.3064370      0.0113470
   4102.3096219      1.3104230      0.0112922
   4106.4059510      1.3093193      0.0110374
   4110.5145931      1.3066636      0.0108995
   4114.6229350      1.3018541      0.0108282
   4118.7438900      1.2976434      0.0107147
   4122.8645448      1.2914190      0.0106855
   4126.9855000      1.2857109      0.0107671
   4131.1064552      1.2784841      0.0108981
   4135.2394229      1.2699717      0.0109163
   4139.3726911      1.2705843      0.0109357
   4143.5179719      1.2710969      0.0109719
   4147.6635531      1.2859509      0.0109978
   4151.8088339      1.2924320      0.0109896
   4155.9667281      1.3008420      0.0110374
   4160.1243219      1.3014324      0.0111101
   4164.2822161      1.3038056      0.0111118
   4168.4398100      1.3073385      0.0110713
   4172.6100171      1.3110327      0.0109698
   4176.7799240      1.3211662      0.0109096
   4180.9621438      1.3292042      0.0108791
   4185.1446640      1.3382981      0.0108473
   4189.3268839      1.3464423      0.0107838
   4193.5217171      1.3525642      0.0107224
   4197.7039369      1.3527530      0.0106476
   4201.9107829      1.3540434      0.0106138
   4206.1056161      1.3503069      0.0105897
   4210.3124619      1.3569498      0.0105815
   4214.5316209      1.3522377      0.0105855
   4218.7387671      1.3512170      0.0105912
   4222.9579260      1.3499839      0.0106449
   4227.1770850      1.3468544      0.0106428
   4231.4085569      1.3301868      0.0106521
   4235.6403291      1.3255678      0.0106421
   4239.8841140      1.3186646      0.0106105
   4244.1155860      1.3140041      0.0105766
   4248.3593709      1.3153358      0.0104727
   4252.6154688      1.3215495      0.0104148
   4256.8595541      1.3252760      0.0103598
   4261.1156521      1.3216561      0.0103518
   4265.3840631      1.3207150      0.0102935
   4269.6524740      1.3246452      0.0102133
   4273.9208850      1.3314734      0.0101120
   4278.1892959      1.3381222      0.0100358
   4282.4700198      1.3438190      0.0099781
   4286.7507438      1.3576317      0.0100070
   4291.0440812      1.3635317      0.0100826
   4295.3371181      1.3730068      0.0101708
   4299.6301552      1.3807052      0.0102654
   4303.9231921      1.3871219      0.0105488
   4308.2285421      1.3931853      0.0105773
   4312.5338921      1.4055668      0.0105548
   4316.8515552      1.4130050      0.0106243
   4321.1692181      1.4143238      0.0107728
   4325.4868812      1.4165744      0.0109630
   4329.8165569      1.4146115      0.0111093
   4334.1465329      1.4150016      0.0113659
   4338.4765089      1.4055252      0.0116299
   4342.8187979      1.3962843      0.0118751
   4347.1610869      1.3995839      0.0120954
   4351.5156890      1.3938494      0.0122572
   4355.8579781      1.3903933      0.0123579
   4360.2125802      1.3955861      0.0124172
   4364.5791948      1.3888317      0.0124092
   4368.9461100      1.3840748      0.0123359
   4373.3130250      1.3654469      0.0122087
   4377.6799400      1.3575572      0.0119779
   4382.0591681      1.3492510      0.0117205
   4386.4380959      1.3415580      0.0113576
   4390.8296369      1.3362666      0.0111060
   4395.2211781      1.3254783      0.0108854
   4399.6247319      1.3190652      0.0106944
   4404.0162729      1.3158834      0.0105636
   4408.4201271      1.3111573      0.0104766
   4412.8359938      1.2954482      0.0104712
   4417.2398479      1.2930366      0.0104948
   4421.6560150      1.2862763      0.0102765
   4426.0841948      1.2772510      0.0101503
   4430.5126750      1.2637329      0.0100255
   4434.9411552      1.2529891      0.0099541
   4439.3816479      1.2475808      0.0098685
   4443.8101281      1.2438190      0.0098012
   4448.2629339      1.2440872      0.0097430
   4452.7037271      1.2391617      0.0097022
   4457.1565329      1.2324210      0.0096824
   4461.6219521      1.2350653      0.0096313
   4466.0747579      1.2336166      0.0096196
   4470.5401771      1.2282686      0.0096329
   4475.0176089      1.2278744      0.0096527
   4479.4953411      1.2235644      0.0096486
   4483.9727729      1.2256843      0.0096507
   4488.4628181      1.2231812      0.0096650
   4492.9402500      1.2193350      0.0096545
   4497.4423079      1.2178627      0.0096438
   4501.9323531      1.2120355      0.0096342
   4506.4344110      1.2077727      0.0096194
   4510.9487819      1.2016666      0.0095969
   4515.4511400      1.1947589      0.0095396
   4519.9778240      1.1896282      0.0095240
   4524.4921948      1.1748387      0.0094974
   4529.0191791      1.1585264      0.0094671
   4533.5458631      1.1559834      0.0094441
   4538.0848600      1.1523306      0.0094162
   4542.6115438      1.1460037      0.0093878
   4547.1631541      1.1426613      0.0093597
   4551.7021510      1.1420982      0.0093374
   4556.2657740      1.1471820      0.0092537
   4560.8170839      1.1442670      0.0092066
   4565.3807069      1.1402425      0.0091594
   4569.9446302      1.1395433      0.0091160
   4574.5082531      1.1372489      0.0090650
   4579.0841890      1.1359102      0.0090184
   4583.6724381      1.1322976      0.0089798
   4588.2483740      1.1293660      0.0089423
   4592.8366229      1.1294596      0.0088779
   4597.4371850      1.1295745      0.0088571
   4602.0254339      1.1252205      0.0088870
   4606.6383089      1.1148833      0.0088494
   4611.2388709      1.1097362      0.0088405
   4615.8517459      1.1094114      0.0088284
   4620.4646209      1.1040639      0.0088083
   4625.0898089      1.0950994      0.0089199
   4629.7149969      1.0972731      0.0088995
   4634.3401850      1.0955842      0.0088820
   4638.9776860      1.0924251      0.0088948
   4643.6151869      1.0903575      0.0089976
   4648.2650010      1.0893191      0.0091355
   4652.9025021      1.0995286      0.0093226
   4657.5646291      1.0969746      0.0094910
   4662.2144431      1.0954814      0.0096160
   4666.8762698      1.0955148      0.0097076
   4671.5507100      1.0948153      0.0099181
   4676.2251500      1.0879338      0.0100126
   4680.8995900      1.0876687      0.0100437
   4685.5740302      1.0916321      0.0100736
   4690.2604829      1.0917969      0.0099403
   4694.9595490      1.0844111      0.0098745
   4699.6463021      1.0816499      0.0097920
   4704.3453681      1.0800993      0.0096892
   4709.0564469      1.0810914      0.0096902
   4713.7678260      1.0843621      0.0096665
   4718.4792052      1.0865902      0.0096399
   4723.1902839      1.0829235      0.0096446
   4727.9139760      1.0896231      0.0097007
   4732.6499812      1.1004235      0.0096617
   4737.3856860      1.1056764      0.0096301
   4742.1216911      1.1109555      0.0095668
   4746.8573959      1.1245173      0.0096021
   4751.6057140      1.1329609      0.0093045
   4756.3537319      1.1442991      0.0092027
   4761.1143631      1.1535648      0.0091299
   4765.8746938      1.1605065      0.0089744
   4770.6476381      1.1633419      0.0088764
   4775.4079688      1.1639398      0.0087682
   4780.1932260      1.1671342      0.0086857
   4784.9658698      1.1709086      0.0085764
   4789.7511271      1.1716858      0.0085980
   4794.5483969      1.1730422      0.0085914
   4799.3459671      1.1784756      0.0086299
   4804.1432369      1.1844174      0.0087254
   4808.9405069      1.1794549      0.0087353
   4813.7503900      1.1778830      0.0087700
   4818.5722860      1.1780216      0.0088547
   4823.3818688      1.1746289      0.0089310
   4828.2163781      1.1728050      0.0091118
   4833.0382740      1.1666514      0.0091052
   4837.8724829      1.1605995      0.0091231
   4842.7069921      1.1527824      0.0092650
   4847.5535140      1.1445947      0.0093243
   4852.4000360      1.1444092      0.0094248
   4857.2588709      1.1323847      0.0095418
   4862.1056931      1.1208316      0.0096196
   4866.9768411      1.1091523      0.0096959
   4871.8356760      1.1114055      0.0097095
   4876.7068240      1.1036819      0.0098052
   4881.5902850      1.0980248      0.0097872
   4886.4737459      1.0898024      0.0097953
   4891.3572069      1.0796818      0.0097794
   4896.2532812      1.0667673      0.0097290
   4901.1490552      1.0614213      0.0096613
   4906.0448291      1.0555929      0.0095925
   4910.9529161      1.0482318      0.0095023
   4915.8610031      1.0457114      0.0093912
   4920.7814031      1.0477029      0.0093181
   4925.7018031      1.0494528      0.0092140
   4930.6222031      1.0480686      0.0091256
   4935.5549161      1.0467062      0.0090762
   4940.4876291      1.0439132      0.0090821
   4945.4326552      1.0357447      0.0092571
   4950.3776812      1.0326128      0.0094245
   4955.3347198      1.0341260      0.0095453
   4960.2797459      1.0347139      0.0095995
   4965.2493979      1.0361232      0.0096456
   4970.2190500      1.0417272      0.0097899
   4975.1887021      1.0418777      0.0100210
   4980.1583541      1.0451694      0.0098962
   4985.1400188      1.0402098      0.0099782
   4990.1219839      1.0410020      0.0099653
   4995.1162619      1.0429790      0.0099898
   5000.1105400      1.0450904      0.0100357
   5005.1048181      1.0450796      0.0100523
   5010.1111089      1.0464394      0.0099726
   5015.1300131      1.0427526      0.0098976
   5020.1366041      1.0428296      0.0098743
   5025.1675209      1.0405245      0.0096200
   5030.1864250      1.0354489      0.0094739
   5035.2176421      1.0299636      0.0092969
   5040.2488593      1.0312383      0.0092787
   5045.2917888      1.0266750      0.0092686
   5050.3353188      1.0191253      0.0092584
   5055.3914623      1.0082885      0.0091948
   5060.4470052      1.0011156      0.0091004
   5065.5025479      0.9924287      0.0090835
   5070.5707041      0.9896726      0.0090297
   5075.6388602      0.9867806      0.0090274
   5080.7190291      0.9889364      0.0091079
   5085.7991979      0.9911592      0.0091946
   5090.8793669      0.9871337      0.0091339
   5095.9721490      0.9864966      0.0089366
   5101.0769438      0.9840993      0.0088902
   5106.1697260      0.9762538      0.0087728
   5111.2871343      0.9649569      0.0085914
   5116.3919291      0.9543852      0.0084903
   5121.5093373      0.9466590      0.0083987
   5126.6261448      0.9391584      0.0083388
   5131.7555657      0.9291592      0.0083009
   5136.8855873      0.9206987      0.0082741
   5142.0270209      0.9131298      0.0082043
   5147.1690552      0.9014581      0.0082280
   5152.3231021      0.8904587      0.0082881
   5157.4651362      0.8783351      0.0082000
   5162.6311959      0.8702036      0.0081428
   5167.7852428      0.8658080      0.0081374
   5172.9519031      0.8585073      0.0080716
   5178.1305760      0.8515009      0.0080530
   5183.3092490      0.8468745      0.0080727
   5188.4879219      0.8432245      0.0080519
   5193.6792081      0.8424403      0.0080255
   5198.8698938      0.8446138      0.0080182
   5204.0731928      0.8493167      0.0080270
   5209.2764919      0.8517209      0.0080619
   5214.4924041      0.8569345      0.0080692
   5219.7077157      0.8536618      0.0081353
   5224.9236281      0.8562342      0.0081581
   5230.1515531      0.8553990      0.0081210
   5235.3794781      0.8536947      0.0080792
   5240.6194157      0.8467285      0.0080708
   5245.8599541      0.8399874      0.0080738
   5251.0998919      0.8389673      0.0080628
   5256.3524428      0.8375569      0.0080362
   5261.6049938      0.8335980      0.0080506
   5266.8701581      0.8326147      0.0080793
   5272.1347219      0.8311664      0.0081049
   5277.4118990      0.8317460      0.0081446
   5282.6890760      0.8323184      0.0081689
   5287.9662531      0.8404269      0.0082186
   5293.2554428      0.8494474      0.0082554
   5298.5572459      0.8561853      0.0083133
   5303.8470362      0.8613470      0.0084064
   5309.1608521      0.8688565      0.0085011
   5314.4626552      0.8760433      0.0086085
   5319.7764709      0.8838277      0.0087405
   5325.1029000      0.8872097      0.0089012
   5330.4293291      0.8987556      0.0090379
   5335.7557581      0.9112070      0.0091569
   5341.0942000      0.9204919      0.0092845
   5346.4326419      0.9285845      0.0093893
   5351.7836969      0.9369428      0.0095270
   5357.1347521      0.9352488      0.0096584
   5362.4858072      0.9356464      0.0097540
   5367.8488750      0.9345634      0.0098696
   5373.2245562      0.9316170      0.0099888
   5378.5876240      0.9310081      0.0101111
   5383.9753178      0.9296262      0.0102561
   5389.3509990      0.9309883      0.0104304
   5394.7386928      0.9250099      0.0106402
   5400.1390000      0.9214551      0.0107927
   5405.5393072      0.9197673      0.0109234
   5410.9516271      0.9158471      0.0111925
   5416.3519343      0.9173219      0.0114921
   5421.7762669      0.9182547      0.0118000
   5427.2012000      0.9142832      0.0120508
   5432.6261331      0.9041495      0.0123141
   5438.0504657      0.9011039      0.0126174
   5443.5000250      0.8983127      0.0129288
   5448.9369709      0.8982105      0.0132194
   5454.3865302      0.8933362      0.0133474
   5459.8481021      0.8952313      0.0134479
   5465.2976612      0.9009649      0.0136274
   5470.7712459      0.9022924      0.0137842
   5476.2328178      0.9037401      0.0139079
   5481.7190157      0.9055586      0.0137829
   5487.1932010      0.9104389      0.0137894
   5492.6920123      0.9063003      0.0140339
   5498.1782102      0.9080625      0.0141298
   5503.6764209      0.9157420      0.0142750
   5509.1872448      0.9138123      0.0146838
   5514.6860562      0.9134048      0.0152850
   5520.2088928      0.9012796      0.0152466
   5525.7197169      0.8898302      0.0159143
   5531.2551669      0.8817447      0.0173472
   5536.7786041      0.8700206      0.0169715
   5542.3140541      0.8610463      0.0161910
   5547.8615169      0.8586972      0.0153387
   5553.4095802      0.8522967      0.0153341
   5558.9696562      0.8428217      0.0148473
   5564.5171188      0.8433648      0.0139440
   5570.0898081      0.8384655      0.0132967
   5575.6618969      0.8326660      0.0126777
   5581.2345862      0.8395547      0.0118773
   5586.8186877      0.8431821      0.0117814
   5592.4033898      0.8470788      0.0116598
   5598.0007052      0.8489833      0.0115295
   5603.5974198      0.8623295      0.0110619
   5609.1947352      0.8629679      0.0113058
   5614.8034627      0.8631170      0.0116589
   5620.4254041      0.8665276      0.0120146
   5626.0467448      0.8700315      0.0124671
   5631.6686862      0.8633710      0.0111408
   5637.3020398      0.8630579      0.0112252
   5642.9359938      0.8633960      0.0110488
   5648.5825612      0.8558219      0.0115686
   5654.2285281      0.8480141      0.0113562
   5659.8871081      0.8422092      0.0116209
   5665.5450877      0.8297529      0.0116834
   5671.2162812      0.8199232      0.0121541
   5676.8868740      0.8101118      0.0124673
   5682.5574669      0.7981066      0.0128834
   5688.2406729      0.7937225      0.0131767
   5693.9358919      0.7891755      0.0130736
   5699.6317112      0.7850117      0.0127762
   5705.3269302      0.7795827      0.0123644
   5711.0347623      0.7782139      0.0121297
   5716.7419938      0.7701576      0.0117063
   5722.4618388      0.7680997      0.0112262
   5728.1822843      0.7587070      0.0109391
   5733.9141419      0.7521720      0.0107463
   5739.6466000      0.7488058      0.0106470
   5745.3910709      0.7468609      0.0111995
   5751.1235291      0.7388098      0.0115556
   5756.8800127      0.7219110      0.0127698
   5762.6370969      0.7149375      0.0125342
   5768.4061938      0.7074739      0.0121493
   5774.1752907      0.6979011      0.0119353
   5779.9443877      0.6910891      0.0115140
   5785.7260979      0.6842677      0.0115099
   5791.5078081      0.6809762      0.0114866
   5797.3015312      0.6704590      0.0114290
   5803.0952541      0.6691579      0.0113453
   5808.9009898      0.6586981      0.0116031
   5814.7193388      0.6505778      0.0118465
   5820.5256750      0.6439555      0.0119309
   5826.3440240      0.6364514      0.0124004
   5832.1749862      0.6218371      0.0118757
   5838.0053479      0.6149666      0.0113253
   5843.8483229      0.6100370      0.0115801
   5849.6912979      0.6085054      0.0119322
   5855.5468862      0.6028288      0.0123496
   5861.3898612      0.6029603      0.0127893
   5867.2574623      0.5987073      0.0134507
   5873.1244627      0.5893254      0.0139082
   5879.0046771      0.5913171      0.0143209
   5884.8842907      0.5951642      0.0146968
   5890.7645052      0.5999136      0.0146647
   5896.6567322      0.5876388      0.0150404
   5902.5489593      0.5805986      0.0148113
   5908.4531990      0.5764367      0.0144910
   5914.3574388      0.5839503      0.0137193
   5920.2742919      0.5830054      0.0132947
   5926.2037581      0.5868427      0.0130265
   5932.1326240      0.5922441      0.0125900
   5938.0614898      0.6004018      0.0120050
   5943.9909562      0.6079403      0.0116915
   5949.9444479      0.6045968      0.0114739
   5955.8859271      0.6029390      0.0125190
   5961.8394188      0.6056705      0.0121099
   5967.8055240      0.6067582      0.0114686
   5973.7716291      0.6059099      0.0110734
   5979.7497469      0.6063780      0.0108081
   5985.7278648      0.6075943      0.0106264
   5991.7185959      0.6093199      0.0104049
   5997.7093271      0.6122555      0.0103762
   6003.7000581      0.6176354      0.0103146
   6009.7148148      0.6197385      0.0102276
   6015.7181593      0.6205953      0.0100047
   6021.7329157      0.6247265      0.0099122
   6027.7608862      0.6239253      0.0098611
   6033.7882562      0.6247863      0.0098586
   6039.8156260      0.6227310      0.0098770
   6045.8676219      0.6232135      0.0099872
   6051.9076052      0.6160577      0.0101757
   6057.9596010      0.6207412      0.0104695
   6064.0242102      0.6232307      0.0109601
   6070.0762062      0.6250463      0.0112439
   6076.1528281      0.6237682      0.0115161
   6082.2294500      0.6261326      0.0116350
   6088.3060719      0.6280474      0.0117284
   6094.3953072      0.6311235      0.0120038
   6100.4965552      0.6217887      0.0119117
   6106.5978031      0.6203120      0.0113999
   6112.6990510      0.6292198      0.0111873
   6118.8129123      0.6295847      0.0110424
   6124.9387862      0.6395785      0.0107393
   6131.0646602      0.6487736      0.0100645
   6137.1905343      0.6516868      0.0097546
   6143.3284209      0.6525190      0.0095064
   6149.4669081      0.6528935      0.0090375
   6155.6174081      0.6488553      0.0088473
   6161.7799209      0.6508200      0.0086872
   6167.9430343      0.6533351      0.0086141
   6174.1055469      0.6469514      0.0083459
   6180.2806729      0.6455073      0.0082620
   6186.4557990      0.6494522      0.0081803
   6192.6429377      0.6463377      0.0079898
   6198.8426898      0.6469668      0.0078658
   6205.0424419      0.6447470      0.0077989
   6211.2548072      0.6421708      0.0077458
   6217.4545593      0.6438318      0.0077276
   6223.6789373      0.6427255      0.0077240
   6229.9027148      0.6432006      0.0077130
   6236.1270928      0.6393769      0.0075485
   6242.3640843      0.6390508      0.0076462
   6248.6124877      0.6392245      0.0076263
   6254.8614919      0.6406103      0.0075099
   6261.1104959      0.6444149      0.0076309
   6267.3715127      0.6486807      0.0076302
   6273.6451428      0.6534367      0.0076318
   6279.9187729      0.6530857      0.0075245
   6286.1924031      0.6546572      0.0076202
   6292.4780459      0.6549466      0.0075777
   6298.7763021      0.6541581      0.0073949
   6305.0745581      0.6550976      0.0073470
   6311.3848271      0.6525670      0.0073790
   6317.6950959      0.6527554      0.0071974
   6324.0053648      0.6548872      0.0071408
   6330.3408602      0.6506649      0.0071353
   6336.6631419      0.6535782      0.0069482
   6342.9986373      0.6555715      0.0068851
   6349.3455448      0.6546442      0.0068271
   6355.6930531      0.6513652      0.0067274
   6362.0525740      0.6501427      0.0066913
   6368.4120948      0.6471477      0.0066663
   6374.7842291      0.6492354      0.0066467
   6381.1557627      0.6492170      0.0066410
   6387.5405102      0.6446195      0.0066185
   6393.9246572      0.6402586      0.0064609
   6400.3208169      0.6394517      0.0064824
   6406.7175771      0.6371014      0.0064524
   6413.1263500      0.6339602      0.0063397
   6419.5477362      0.6281689      0.0064029
   6425.9565093      0.6255456      0.0063805
   6432.3899081      0.6168477      0.0062549
   6438.8233072      0.6097748      0.0063287
   6445.2567062      0.6039115      0.0063243
   6451.7021178      0.5997145      0.0062285
   6458.1601428      0.5976580      0.0062945
   6464.6181678      0.5940545      0.0062868
   6471.0761928      0.5915990      0.0062123
   6477.5468312      0.5888864      0.0062106
   6484.0294822      0.5857120      0.0063032
   6490.5121331      0.5855180      0.0061948
   6497.0067969      0.5842629      0.0061759
   6503.5020612      0.5811895      0.0062484
   6510.0087377      0.5788040      0.0061175
   6516.5160148      0.5782587      0.0061191
   6523.0359052      0.5794374      0.0062159
   6529.5551948      0.5780021      0.0061646
   6536.0870979      0.5785735      0.0061985
   6542.6190010      0.5818759      0.0062574
   6549.1629169      0.5795807      0.0062585
   6555.7194459      0.5803519      0.0062159
   6562.2759750      0.5789025      0.0061624
   6568.8325041      0.5790898      0.0061345
   6575.4010459      0.5777378      0.0061135
   6581.9822010      0.5738752      0.0060794
   6588.5633562      0.5726745      0.0060369
   6595.1565240      0.5690569      0.0059846
   6601.7376791      0.5633134      0.0058820
   6608.3434602      0.5634141      0.0058245
   6614.9612541      0.5597652      0.0056877
   6621.5670352      0.5548618      0.0056866
   6628.1968419      0.5519742      0.0056386
   6634.8152362      0.5465968      0.0055154
   6641.4576562      0.5430066      0.0055775
   6648.1000760      0.5416944      0.0055480
   6654.7424959      0.5362217      0.0054460
   6661.3975291      0.5330313      0.0055010
   6668.0645750      0.5299569      0.0053988
   6674.7316209      0.5259531      0.0053753
   6681.4112802      0.5255912      0.0054135
   6688.0903388      0.5250970      0.0053335
   6694.7826112      0.5217816      0.0054063
   6701.4742831      0.5216607      0.0053345
   6708.1779678      0.5205695      0.0053540
   6714.8822531      0.5196402      0.0054164
   6721.5985510      0.5172491      0.0053013
   6728.3148490      0.5147984      0.0052646
   6735.0437602      0.5133179      0.0052344
   6741.7846843      0.5128835      0.0052236
   6748.5256081      0.5112522      0.0052081
   6755.2785448      0.5076060      0.0051319
   6762.0320822      0.5072909      0.0050906
   6768.7976322      0.5055683      0.0050477
   6775.5631822      0.5038998      0.0050450
   6782.3407448      0.5016951      0.0050532
   6789.1189081      0.4957341      0.0050441
   6795.9090843      0.4942785      0.0050321
   6802.6992602      0.4923829      0.0049696
   6809.5014490      0.4902186      0.0050417
   6816.3162510      0.4887618      0.0050584
   6823.1310531      0.4857941      0.0051132
   6829.9578678      0.4840821      0.0051472
   6836.7852831      0.4828063      0.0051360
   6843.6247112      0.4805861      0.0052475
   6850.4761521      0.4800623      0.0052265
   6857.3155802      0.4786784      0.0052546
   6864.1796343      0.4766841      0.0053677
   6871.0430877      0.4745912      0.0053020
   6877.9197552      0.4727125      0.0053853
   6884.7958219      0.4711401      0.0053127
   6891.6718888      0.4695336      0.0053041
   6898.5731822      0.4694027      0.0052784
   6905.4738750      0.4689172      0.0052589
   6912.3745678      0.4671210      0.0053264
   6919.2878740      0.4664061      0.0052226
   6926.2011802      0.4640860      0.0051855
   6933.1264990      0.4641745      0.0051063
   6940.0644312      0.4646333      0.0050744
   6947.0017627      0.4637822      0.0050610
   6953.9523081      0.4630220      0.0050477
   6960.9142657      0.4605522      0.0049451
   6967.8648112      0.4621216      0.0049503
   6974.8393822      0.4637288      0.0049152
   6981.8139531      0.4636346      0.0048711
   6988.7885240      0.4617094      0.0048426
   6995.7877209      0.4614933      0.0047556
   7002.7749052      0.4607030      0.0047888
   7009.7861148      0.4588947      0.0046942
   7016.7979250      0.4567855      0.0047195
   7023.8097352      0.4528039      0.0046289
   7030.8335581      0.4504994      0.0046711
   7037.8693938      0.4475270      0.0045865
   7044.9058302      0.4463809      0.0045636
   7051.9542791      0.4455567      0.0045827
   7059.0027281      0.4454180      0.0045015
   7066.0631898      0.4437470      0.0045348
   7073.1242521      0.4393075      0.0044497
   7080.1973271      0.4365087      0.0044766
   7087.2824148      0.4337135      0.0044033
   7094.3681031      0.4300837      0.0043927
   7101.4658041      0.4277991      0.0043665
   7108.5635052      0.4247321      0.0043557
   7115.6732188      0.4238310      0.0043419
   7122.7835331      0.4211435      0.0043399
   7129.9178729      0.4180124      0.0043425
   7137.0402000      0.4176522      0.0043476
   7144.1871531      0.4180925      0.0043835
   7151.3214928      0.4177778      0.0044002
   7158.4810593      0.4151817      0.0043393
   7165.6400250      0.4086648      0.0043952
   7172.7989907      0.4048417      0.0043519
   7179.9705698      0.4021778      0.0044469
   7187.1547623      0.3980361      0.0044491
   7194.3383541      0.3920504      0.0045407
   7201.5345593      0.3868997      0.0045462
   7208.7427771      0.3846447      0.0046743
   7215.9509948      0.3827066      0.0047291
   7223.1592127      0.3786294      0.0048818
   7230.3926572      0.3763865      0.0049291
   7237.6128877      0.3741744      0.0049940
   7244.8583448      0.3675098      0.0051415
   7252.1038021      0.3614720      0.0052002
   7259.3492593      0.3575443      0.0053135
   7266.6187419      0.3550741      0.0053655
   7273.8768123      0.3545748      0.0054600
   7281.1589081      0.3518569      0.0054777
   7288.4410041      0.3474876      0.0054886
   7295.7231000      0.3468009      0.0054871
   7303.0178093      0.3471936      0.0054887
   7310.3245312      0.3476126      0.0054743
   7317.6312531      0.3508667      0.0054505
   7324.9499877      0.3529581      0.0054449
   7332.2819362      0.3531821      0.0054684
   7339.6132843      0.3529041      0.0054418
   7346.9446322      0.3535426      0.0053548
   7354.3006062      0.3527241      0.0053014
   7361.6565802      0.3568486      0.0052557
   7369.0125541      0.3586478      0.0052340
   7376.3805407      0.3567911      0.0051618
   7383.7611407      0.3574555      0.0051062
   7391.1417407      0.3622498      0.0050152
   7398.5349541      0.3622482      0.0049671
   7405.9401802      0.3603294      0.0049079
   7413.3454062      0.3606540      0.0048135
   7420.7626448      0.3603494      0.0048506
   7428.1804843      0.3620216      0.0048098
   7435.6103362      0.3598698      0.0048645
   7443.0395877      0.3595391      0.0047806
   7450.4820531      0.3577571      0.0048395
   7457.9365312      0.3535225      0.0048049
   7465.3910093      0.3505888      0.0048916
   7472.8575000      0.3458120      0.0048562
   7480.3366041      0.3411109      0.0049464
   7487.8157081      0.3411530      0.0049203
   7495.3068250      0.3394732      0.0050020
   7502.7979419      0.3394199      0.0050396
   7510.3016719      0.3379334      0.0050957
   7517.8054021      0.3382584      0.0051099
   7525.3337581      0.3381177      0.0051430
   7532.8615138      0.3382028      0.0051660
   7540.3898698      0.3403404      0.0052192
   7547.9302388      0.3409887      0.0052666
   7555.4832209      0.3424905      0.0054289
   7563.0362031      0.3448575      0.0055608
   7570.6011979      0.3458529      0.0057987
   7578.1661928      0.3484049      0.0059484
   7585.7438010      0.3483531      0.0061759
   7593.3334219      0.3495752      0.0062915
   7600.9230428      0.3533115      0.0065528
   7608.5252771      0.3603471      0.0066367
   7616.1395240      0.3655777      0.0068845
   7623.7537709      0.3687490      0.0070549
   7631.3806312      0.3630949      0.0067364
   7639.0068907      0.3616121      0.0066974
   7646.6457638      0.3608930      0.0064638
   7654.2972500      0.3613558      0.0062975
   7661.9487362      0.3582378      0.0061729
   7669.6122352      0.3532016      0.0059350
   7677.2877469      0.3517765      0.0058351
   7684.9512459      0.3466719      0.0057199
   7692.6393709      0.3450522      0.0057149
   7700.3401093      0.3474019      0.0057752
   7708.0402469      0.3465701      0.0057684
   7715.7529979      0.3446206      0.0057651
   7723.4657490      0.3429124      0.0058218
   7731.1905127      0.3392990      0.0058243
   7738.9158771      0.3379374      0.0058165
   7746.6532541      0.3348087      0.0057784
   7754.4026438      0.3341210      0.0058663
   7762.1646469      0.3331315      0.0058657
   7769.9266500      0.3342446      0.0058477
   7777.6886531      0.3306306      0.0058467
   7785.4752822      0.3268987      0.0058064
   7793.2619112      0.3288345      0.0059142
   7801.0479398      0.3298625      0.0059005
   7808.8471822      0.3325071      0.0060599
   7816.6584373      0.3302411      0.0062041
   7824.4817052      0.3295875      0.0061516
   7832.3049729      0.3295771      0.0062330
   7840.1282407      0.3285373      0.0062127
   7847.9767352      0.3274998      0.0063520
   7855.8246291      0.3254763      0.0064168
   7863.6851362      0.3245558      0.0064824
   7871.5450428      0.3264111      0.0065349
   7879.4175627      0.3271504      0.0065672
   7887.3026959      0.3320551      0.0066622
   7895.1752157      0.3359645      0.0066822
   7903.0729623      0.3390194      0.0066734
   7910.9821209      0.3410514      0.0067427
   7918.8918802      0.3418767      0.0068006
   7926.8136521      0.3463555      0.0068661
   7934.7354240      0.3448491      0.0067965
   7942.6818219      0.3490805      0.0069243
   7950.6162072      0.3534908      0.0070424
   7958.5626052      0.3518716      0.0070008
   7966.5336291      0.3504131      0.0070624
   7974.4920398      0.3466958      0.0069049
   7982.4630638      0.3387673      0.0068103
   7990.4467010      0.3378993      0.0068157
   7998.4423510      0.3394563      0.0066161
   8006.4380010      0.3415743      0.0064736
   8014.4456638      0.3411604      0.0063968
   8022.4659398      0.3405753      0.0062085
   8030.4862157      0.3368846      0.0061295
   8038.5191052      0.3348581      0.0059106
   8046.5513938      0.3323573      0.0057502
   8054.5962959      0.3315366      0.0057313
   8062.6538112      0.3348062      0.0056128
   8070.7227388      0.3370307      0.0055755
   8078.7922669      0.3365421      0.0055562
   8086.8744081      0.3368590      0.0055345
   8094.9559490      0.3375818      0.0054831
   8103.0501031      0.3318223      0.0053554
   8111.1562698      0.3278550      0.0053842
   8119.2750500      0.3260827      0.0054713
   8127.3938302      0.3212644      0.0054894
   8135.5126102      0.3156907      0.0056345
   8143.6554157      0.3113729      0.0057662
   8151.7988219      0.3073034      0.0058206
   8159.9542407      0.3022450      0.0060580
   8168.1102602      0.2954581      0.0061085
   8176.2776919      0.2918888      0.0062593
   8184.4583373      0.2862981      0.0064328
   8192.6383822      0.2865000      0.0064174
   8200.8304398      0.2852678      0.0064313
   8209.0357112      0.2854975      0.0064825
   8217.2403822      0.2808119      0.0063621
   8225.4570657      0.2774626      0.0063565
   8233.6863627      0.2784006      0.0063948
   8241.9162602      0.2778598      0.0064015
   8250.1575698      0.2788903      0.0063679
   8258.4114928      0.2807768      0.0063307
   8266.6654157      0.2835446      0.0063450
   8274.9439648      0.2912672      0.0064596
   8283.2105010      0.2994253      0.0066920
   8291.5010627      0.3009898      0.0067922
   8299.7922250      0.3010056      0.0069482
   8308.0954000      0.2906336      0.0069765
   8316.3985750      0.2815734      0.0069451
   8324.7137627      0.2771162      0.0070556
   8333.0415638      0.2742062      0.0070673
   8341.3693648      0.2702086      0.0070038
   8349.7217919      0.2709933      0.0070717
   8358.0622062      0.2719259      0.0071978
   8366.4266459      0.2681097      0.0071483
   8374.7916862      0.2634097      0.0072116
   8383.1681388      0.2555911      0.0073788
   8391.5578052      0.2511052      0.0075535
   8399.9468709      0.2447738      0.0074924
   8408.3485500      0.2414352      0.0074199
   8416.7502291      0.2401037      0.0074410
   8425.1639209      0.2395430      0.0073204
   8433.5902260      0.2427304      0.0072997
   8442.0285438      0.2461893      0.0073274
   8450.4674623      0.2491796      0.0072958
   8458.9177928      0.2481395      0.0071355
   8467.3813373      0.2494629      0.0069617
   8475.8442812      0.2509397      0.0068317
   8484.3318510      0.2527539      0.0067726
   8492.8074081      0.2544324      0.0066742
   8501.3069907      0.2485228      0.0066061
   8509.8071740      0.2431034      0.0065116
   8518.3073572      0.2362726      0.0064941
   8526.8315657      0.2339865      0.0064204
   8535.3563750      0.2394121      0.0063612
   8543.8931969      0.2441947      0.0062783
   8552.4426322      0.2446512      0.0062615
   8560.9914669      0.2465412      0.0063774
   8569.5529148      0.2407160      0.0063697
   8578.1269760      0.2320043      0.0064607
   8586.7010373      0.2238671      0.0065922
   8595.2871112      0.2190441      0.0068495
   8603.8851979      0.2172426      0.0069541
   8612.4958979      0.2133672      0.0071977
   8621.1065979      0.2163927      0.0073754
   8629.7172979      0.2197975      0.0076206
   8638.3526240      0.2199509      0.0077059
   8646.9999627      0.2226420      0.0079773
   8655.6352888      0.2267307      0.0081518
   8664.2952407      0.2247317      0.0080105
   8672.9678062      0.2217220      0.0080341
   8681.6277581      0.2228900      0.0078242
   8690.3123362      0.2182191      0.0077172
   8699.0089271      0.2163502      0.0076373
   8707.7055178      0.2166433      0.0077036
   8716.4147219      0.2153418      0.0078268
   8725.1359388      0.2159602      0.0079456
   8733.8577562      0.2177969      0.0080704
   8742.5915862      0.2203501      0.0081133
   8751.3374291      0.2273409      0.0083077
   8760.0832719      0.2269170      0.0085994
   8768.8417281      0.2225958      0.0089335
   8777.6121969      0.2162462      0.0090057
   8786.3952791      0.2030496      0.0090631
   8795.1783612      0.1965034      0.0090446
   8803.9734562      0.1979833      0.0091073
   8812.7805638      0.1978599      0.0091023
   8821.5882719      0.1979319      0.0090460
   8830.4206062      0.1935508      0.0090299
   8839.2523398      0.1892407      0.0090372
   8848.0846740      0.1891077      0.0089571
   8856.9290209      0.1823017      0.0090733
   8865.7979938      0.1807272      0.0092659
   8874.6549541      0.1739975      0.0094734
   8883.5359398      0.1684023      0.0095175
   8892.4175260      0.1626590      0.0093370
   8901.3111250      0.1580093      0.0091649
   8910.2173373      0.1562189      0.0091710
   8919.1229490      0.1509045      0.0091184
   8928.0411740      0.1489564      0.0091612
   8936.9720123      0.1511244      0.0090358
   8945.9142627      0.1493168      0.0088540
   8954.8571138      0.1491717      0.0086246
   8963.8125781      0.1512479      0.0084407
   8972.7800552      0.1543624      0.0084044
   8981.7475322      0.1582236      0.0082464
   8990.7270219      0.1590362      0.0081173
   8999.7191250      0.1570455      0.0079920
   9008.7232407      0.1548958      0.0078469
   9017.7279572      0.1516959      0.0077426
   9026.7446862      0.1519987      0.0076174
   9035.7734281      0.1557422      0.0076531
   9044.8147831      0.1512114      0.0075590
   9053.8555377      0.1504128      0.0074916
   9062.9095062      0.1496939      0.0074620
   9071.9754873      0.1477531      0.0074211
   9081.0534812      0.1422047      0.0073082
   9090.1314750      0.1367814      0.0072564
   9099.2220822      0.1342395      0.0073528
   9108.3120888      0.1327025      0.0073875
   9117.4273219      0.1351689      0.0073919
   9126.5425552      0.1325563      0.0073781
   9135.6698010      0.1322442      0.0073211
   9144.8096602      0.1279397      0.0073860
   9153.9489188      0.1257197      0.0074701
   9163.1007907      0.1291991      0.0075392
   9172.2652760      0.1329222      0.0075874
   9181.4417740      0.1387017      0.0077092
   9190.6308852      0.1411580      0.0078068
   9199.8193959      0.1439167      0.0080520
   9209.0205198      0.1459078      0.0083590
   9218.2216438      0.1439347      0.0087128
   9227.4473938      0.1401840      0.0091207
   9236.6731438      0.1378702      0.0096631
   9245.9115072      0.1348958      0.0104156
   9255.1618831      0.1311692      0.0117878
   9264.4122593      0.1262498      0.0135364
   9273.6746479      0.1165654      0.0161037
   9282.9496500      0.1053258      0.0197207
   9292.2366648      0.0876228      0.0249016
