# SOURCE  = 'Quimby et al. 2018' /                                                
# OBJECT  = '2010gx  '           /                                                
# Z       =             0.230100 / wavelengths in OBSERVER FRAME                 
# NORM    =          1.27020E-16 / fluxes divided by norm                         
# CLIPPED =                    1 / galaxy emission lines removed                  
# SMOOTHED=                    1 / spectrum has been smoothed                     
# COLUMN01= 'Wavelength (Angstrom)' /                                             
# COLUMN02= 'Flux Density (erg/s/cm2/A)' /                                        
# COLUMN03= 'Flux Density Uncertainty (erg/s/cm2/A)' /                            
# END                                                                             
# 
# 
# 
# 
# 
# 
# 
# 
# 
# 
# Converted to Observer Frame using z=0.23
 3930.15297 1.8752295 0.0511325
 3934.07146 1.8988910 0.0504050
 3938.00547 1.8980328 0.0496928
 3941.95462 1.8905530 0.0489984
 3945.88826 1.9485571 0.0477746
 3949.83741 1.9317203 0.0470250
 3953.78619 1.9233038 0.0462716
 3957.75049 1.9370049 0.0454775
 3961.69928 1.9362866 0.0447830
 3965.66357 1.9220840 0.0441382
 3969.62750 1.9253445 0.0433928
 3973.59180 1.9314170 0.0427373
 3977.57087 1.9439664 0.0416543
 3981.55031 1.9579005 0.0405422
 3985.52939 1.9782728 0.0395512
 3989.52398 2.0156274 0.0384662
 3993.50305 2.0414679 0.0374428
 3997.49764 2.0455587 0.0364934
 4001.49185 2.0534027 0.0356166
 4005.50159 2.0573201 0.0344645
 4009.51095 2.0483158 0.0336022
 4013.52031 2.0555823 0.0327233
 4017.53005 2.0758264 0.0318970
 4021.55455 2.0899258 0.0312055
 4025.56429 2.1104259 0.0305211
 4029.58879 2.1139789 0.0297699
 4033.62845 2.1227896 0.0292612
 4037.65333 2.1299899 0.0287597
 4041.69298 2.1347024 0.0283025
 4045.73263 2.1431556 0.0279063
 4049.78780 2.1517520 0.0273568
 4053.82745 2.1587179 0.0270022
 4057.88225 2.1532173 0.0267175
 4061.95219 2.1657963 0.0261781
 4066.00736 2.1740699 0.0257792
 4070.07730 2.1847882 0.0252803
 4074.14725 2.2049599 0.0247935
 4078.21719 2.2117233 0.0242660
 4082.30265 2.2486496 0.0237340
 4086.38774 2.2600851 0.0232204
 4090.47283 2.3030384 0.0225701
 4094.55791 2.3190870 0.0221673
 4098.65815 2.3287687 0.0218226
 4102.74360 2.3160810 0.0215267
 4106.85898 2.3142390 0.0216188
 4110.95922 2.3143330 0.0212640
 4115.07459 2.3133914 0.0208391
 4119.18997 2.3238039 0.0205321
 4123.30535 2.3380959 0.0203413
 4127.43587 2.3605969 0.0200990
 4131.55125 2.3555830 0.0200151
 4135.68178 2.3618476 0.0199185
 4139.82744 2.3630550 0.0198721
 4143.95834 2.3476341 0.0196739
 4148.10400 2.3492830 0.0195105
 4152.24967 2.3499119 0.0193687
 4156.41049 2.3438661 0.0192214
 4160.57130 2.3354039 0.0189638
 4164.73211 2.3304987 0.0188614
 4168.89293 2.3291082 0.0187478
 4173.05374 2.3338008 0.0185628
 4177.22970 2.3395276 0.0182216
 4181.40566 2.3346779 0.0180047
 4185.59639 2.3270774 0.0177909
 4189.77235 2.3279247 0.0175438
 4193.96345 2.3397589 0.0173095
 4198.16970 2.3349645 0.0171639
 4202.36080 2.3285222 0.0170278
 4206.56705 2.3232751 0.0167988
 4210.77330 2.3225379 0.0166170
 4214.97955 2.3215890 0.0164281
 4219.20094 2.3084826 0.0163076
 4223.42196 2.3025303 0.0160575
 4227.64336 2.3097234 0.0158865
 4231.86475 2.3106325 0.0156828
 4236.10129 2.3053880 0.0154086
 4240.33783 2.2893770 0.0153420
 4244.57437 2.2852960 0.0154205
 4248.82568 2.2550240 0.0150263
 4253.07736 2.2413106 0.0147761
 4257.32905 2.2279477 0.0148895
 4261.58073 2.1980710 0.0147393
 4265.84719 2.1734922 0.0145314
 4270.11402 2.1633804 0.0144673
 4274.38085 2.1520607 0.0142669
 4278.64730 2.1442335 0.0142049
 4282.92928 2.1333091 0.0141602
 4287.21125 2.1200225 0.0140645
 4291.50800 2.1042345 0.0140326
 4295.78997 2.0805435 0.0139950
 4300.08709 2.0649991 0.0138871
 4304.39898 2.0494726 0.0138101
 4308.69610 2.0363746 0.0137304
 4313.00837 2.0299423 0.0135690
 4317.32026 2.0347474 0.0135118
 4321.63252 2.0345376 0.0134198
 4325.95956 2.0348403 0.0132380
 4330.28697 2.0298779 0.0131827
 4334.61438 2.0148835 0.0131277
 4338.95656 2.0066516 0.0130127
 4343.28397 2.0010772 0.0128794
 4347.62616 1.9924901 0.0127167
 4351.98385 1.9939970 0.0125729
 4356.32604 1.9983253 0.0124399
 4360.68374 2.0002992 0.0122666
 4365.05621 2.0031893 0.0122075
 4369.41391 1.9980683 0.0119814
 4373.78638 1.9992648 0.0119345
 4378.15886 2.0025101 0.0119787
 4382.53170 2.0037239 0.0115864
 4386.91932 2.0089817 0.0113164
 4391.30731 1.9794704 0.0150133
 4395.69493 1.9795781 0.0146195
 4400.09769 1.9869970 0.0143292
 4404.50082 2.0016768 0.0141103
 4408.90359 1.9940541 0.0137178
 4413.30635 1.9915800 0.0137211
 4417.72463 2.0000429 0.0139876
 4422.14254 2.0012460 0.0134006
 4426.56045 2.0066240 0.0131657
 4430.99387 2.0211465 0.0130259
 4435.42692 2.0242577 0.0132534
 4439.85998 2.0280633 0.0135054
 4444.29340 2.0472102 0.0139657
 4448.74160 2.0557697 0.0143764
 4453.18980 2.0370333 0.0147981
 4457.63800 2.0184889 0.0153295
 4462.10134 1.9920574 0.0159882
 4466.56506 1.9996479 0.0165109
 4471.02840 1.9925997 0.0166738
 4475.50689 1.9842387 0.0169963
 4479.97023 1.9833958 0.0173586
 4484.44872 1.9669845 0.0171101
 4488.94273 1.9671495 0.0167585
 4493.43636 1.9694257 0.0163788
 4497.92999 1.9635743 0.0163552
 4502.42363 1.9573400 0.0161747
 4506.93241 1.9541821 0.0158927
 4511.42604 1.9517221 0.0158855
 4515.94996 1.9541665 0.0162226
 4520.45874 1.9663953 0.0146943
 4524.98267 1.9629211 0.0141328
 4529.50659 1.9630246 0.0133945
 4534.03052 1.9651203 0.0134269
 4538.56958 1.9692154 0.0137445
 4543.10865 1.9875256 0.0134827
 4547.64772 1.9917923 0.0135804
 4552.20194 2.0032451 0.0138014
 4556.75615 2.0014677 0.0140715
 4561.31036 1.9848934 0.0149157
 4565.86458 1.9940504 0.0156670
 4570.43394 1.9863248 0.0149877
 4575.00330 1.9790225 0.0147475
 4579.58780 1.9633698 0.0140610
 4584.15716 1.9547266 0.0137920
 4588.74166 1.9353667 0.0132986
 4593.34131 1.9315919 0.0131335
 4597.92545 1.9250412 0.0130560
 4602.52510 1.9249640 0.0126892
 4607.12475 1.9142786 0.0119894
 4611.73954 1.9013346 0.0114990
 4616.35433 1.8950268 0.0112890
 4620.96876 1.8928056 0.0110514
 4625.58355 1.8981558 0.0111238
 4630.21349 1.8896470 0.0106720
 4634.84343 1.8831791 0.0105552
 4639.47337 1.8834496 0.0103491
 4644.11808 1.8811425 0.0103385
 4648.76317 1.8779876 0.0101865
 4653.40825 1.8813993 0.0101648
 4658.06811 1.8686930 0.0100271
 4662.72834 1.8630850 0.0099779
 4667.38857 1.8658921 0.0099572
 4672.04843 1.8667827 0.0099730
 4676.72380 1.8597476 0.0102089
 4681.39918 1.8568115 0.0105759
 4686.08933 1.8399509 0.0101135
 4690.76470 1.8219430 0.0099124
 4695.45522 1.8030490 0.0100236
 4700.16051 1.7864676 0.0103675
 4704.86618 1.7701628 0.0106014
 4709.55633 1.7616363 0.0110225
 4714.27714 1.7431625 0.0112629
 4718.98243 1.7213864 0.0112816
 4723.70324 1.7097267 0.0113388
 4728.42368 1.6884120 0.0109539
 4733.15963 1.6634007 0.0106916
 4737.89522 1.6544195 0.0107083
 4742.63117 1.6481236 0.0099645
 4747.36676 1.6474127 0.0095886
 4752.11786 1.6546580 0.0093347
 4756.86859 1.6625431 0.0092674
 4761.63483 1.6583527 0.0094637
 4766.38556 1.6612400 0.0100612
 4771.15144 1.6642816 0.0098300
 4775.93282 1.6553864 0.0095335
 4780.69870 1.6494668 0.0094277
 4785.48009 1.6434512 0.0095643
 4790.27625 1.6587094 0.0095566
 4795.05727 1.6605691 0.0094287
 4799.85381 1.6543361 0.0094310
 4804.66512 1.6485865 0.0092393
 4809.46128 1.6401129 0.0090819
 4814.27259 1.6231184 0.0089420
 4819.08427 1.6103420 0.0087884
 4823.91072 1.6016887 0.0087681
 4828.73718 1.6056629 0.0088961
 4833.56363 1.6029971 0.0085576
 4838.39046 1.6057992 0.0084323
 4843.23206 1.6090741 0.0083954
 4848.07366 1.6124156 0.0083844
 4852.93040 1.6070962 0.0083562
 4857.77200 1.6127162 0.0083950
 4862.62912 1.6151716 0.0083348
 4867.50101 1.6099885 0.0082289
 4872.35775 1.6127071 0.0082391
 4877.24479 1.6313204 0.0081665
 4882.11668 1.6377865 0.0080830
 4887.00371 1.6364303 0.0080953
 4891.89074 1.6325002 0.0081696
 4896.77778 1.6371796 0.0081898
 4901.67996 1.6432698 0.0082806
 4906.58214 1.6434976 0.0083816
 4911.48432 1.6459645 0.0083869
 4916.40164 1.6521865 0.0084948
 4921.31897 1.6562104 0.0086244
 4926.23629 1.6557468 0.0087115
 4931.15362 1.6604135 0.0089410
 4936.08609 1.6609180 0.0090315
 4941.03370 1.6613333 0.0090342
 4945.96617 1.6605576 0.0092042
 4950.91379 1.6641897 0.0093636
 4955.86140 1.6672474 0.0094486
 4960.82416 1.6703236 0.0095873
 4965.78692 1.6765735 0.0097629
 4970.74968 1.6832073 0.0097386
 4975.72759 1.6744205 0.0096770
 4980.68998 1.6822262 0.0095592
 4985.68303 1.6804218 0.0094050
 4990.66093 1.6825041 0.0093191
 4995.65398 1.6806674 0.0092116
 5000.64703 1.6753677 0.0090328
 5005.65486 1.6723253 0.0088289
 5010.66305 1.6684476 0.0086578
 5015.67124 1.6688451 0.0085920
 5020.67944 1.6579400 0.0085164
 5025.70241 1.6492420 0.0084671
 5030.72575 1.6478198 0.0082602
 5035.76423 1.6382191 0.0080974
 5040.80272 1.6266092 0.0080181
 5045.84083 1.6161897 0.0078587
 5050.87932 1.6093330 0.0078712
 5055.93295 1.6025547 0.0079087
 5060.98621 1.5993972 0.0077259
 5066.05498 1.5892304 0.0077024
 5071.12339 1.5845187 0.0078095
 5076.19216 1.5773677 0.0079545
 5081.26094 1.5702115 0.0080787
 5086.34449 1.5653843 0.0082242
 5091.42841 1.5521610 0.0083233
 5096.52711 1.5485569 0.0084196
 5101.62617 1.5499032 0.0085143
 5106.72487 1.5406152 0.0085662
 5111.83908 1.5456583 0.0084140
 5116.95292 1.5396312 0.0082778
 5122.06713 1.5398570 0.0081290
 5127.18097 1.5346485 0.0079728
 5132.31032 1.5286897 0.0078206
 5137.43931 1.5271727 0.0076889
 5142.58344 1.5228232 0.0075836
 5147.72794 1.5248086 0.0076702
 5152.87207 1.5236374 0.0077023
 5158.03171 1.5175188 0.0075489
 5163.17584 1.5077754 0.0075459
 5168.35026 1.4969459 0.0075576
 5173.50991 1.4854081 0.0075707
 5178.68433 1.4642335 0.0075441
 5183.87389 1.4503351 0.0075299
 5189.04868 1.4327117 0.0075468
 5194.23825 1.4237001 0.0075575
 5199.42781 1.4065109 0.0075848
 5204.63252 1.3839846 0.0075520
 5209.83760 1.3774446 0.0075996
 5215.05746 1.3619241 0.0075800
 5220.26217 1.3477879 0.0075515
 5225.48203 1.3382039 0.0074933
 5230.71703 1.3335459 0.0074158
 5235.93725 1.3252984 0.0073156
 5241.17225 1.3209840 0.0072025
 5246.42240 1.3183593 0.0071007
 5251.67254 1.3087274 0.0069836
 5256.92269 1.3005449 0.0069478
 5262.17283 1.2918688 0.0068819
 5267.43812 1.2811223 0.0068241
 5272.70341 1.2674625 0.0067990
 5277.98422 1.2594668 0.0067688
 5283.26466 1.2569604 0.0067676
 5288.54509 1.2502596 0.0068003
 5293.82553 1.2433774 0.0068482
 5299.12111 1.2300932 0.0069138
 5304.41669 1.2257460 0.0069666
 5309.72741 1.2189771 0.0070753
 5315.03814 1.2130641 0.0071297
 5320.34886 1.2040302 0.0071315
 5325.67436 1.1967919 0.0072169
 5331.00024 1.1931157 0.0073758
 5336.32611 1.1874453 0.0075478
 5341.66712 1.1894275 0.0077237
 5347.00814 1.1853077 0.0079227
 5352.36430 1.1796788 0.0081199
 5357.70531 1.1746500 0.0083116
 5363.06147 1.1669388 0.0083684
 5368.43241 1.1671324 0.0083043
 5373.80372 1.1647000 0.0081458
 5379.17502 1.1665937 0.0079423
 5384.54633 1.1634928 0.0076326
 5389.93278 1.1578799 0.0074012
 5395.31886 1.1550906 0.0071997
 5400.72045 1.1525133 0.0070576
 5406.12205 1.1524146 0.0071839
 5411.53842 1.1525716 0.0070915
 5416.94002 1.1495860 0.0069443
 5422.35676 1.1475002 0.0069032
 5427.78827 1.1490285 0.0069544
 5433.20501 1.1582772 0.0070381
 5438.63690 1.1670471 0.0070954
 5444.08356 1.1712643 0.0071468
 5449.53059 1.1823997 0.0071202
 5454.97762 1.1921741 0.0071198
 5460.43943 1.1896207 0.0070755
 5465.88646 1.1929491 0.0070184
 5471.36341 1.1988158 0.0069100
 5476.82558 1.1998034 0.0068114
 5482.30254 1.2016726 0.0067085
 5487.79500 1.2024037 0.0066018
 5493.27195 1.1973205 0.0064841
 5498.76442 1.1945480 0.0064940
 5504.27166 1.1913418 0.0065405
 5509.77927 1.1896687 0.0067349
 5515.28651 1.1910307 0.0065492
 5520.80927 1.1864333 0.0065205
 5526.31651 1.1831999 0.0064856
 5531.85404 1.1830087 0.0064808
 5537.37679 1.1823568 0.0064767
 5542.91433 1.1830713 0.0064537
 5548.46700 1.1783684 0.0064311
 5554.00490 1.1760880 0.0064116
 5559.57272 1.1684663 0.0063842
 5565.12540 1.1643122 0.0063644
 5570.69359 1.1617336 0.0063566
 5576.26141 1.1523676 0.0063490
 5581.84438 1.1454906 0.0063786
 5587.41220 1.1385156 0.0064415
 5593.01068 1.1345061 0.0062861
 5598.59365 1.1337866 0.0062579
 5604.20690 1.1352730 0.0063141
 5609.80501 1.1394026 0.0063243
 5615.41827 1.1383574 0.0063938
 5621.03190 1.1389871 0.0064492
 5626.64515 1.1377037 0.0064979
 5632.27355 1.1389928 0.0065330
 5637.91710 1.1393692 0.0065370
 5643.54550 1.1372945 0.0065180
 5649.18905 1.1379548 0.0064443
 5654.84774 1.1365378 0.0063171
 5660.49128 1.1315478 0.0064043
 5666.16512 1.1309409 0.0062324
 5671.82381 1.1266788 0.0061191
 5677.49765 1.1156976 0.0060662
 5683.17148 1.1073427 0.0061115
 5688.86046 1.1013761 0.0062433
 5694.54945 1.0966833 0.0064447
 5700.23843 1.0980374 0.0063570
 5705.94255 1.0982840 0.0064482
 5711.64668 1.0957170 0.0065358
 5717.36595 1.0904624 0.0065935
 5723.07008 1.0837647 0.0066385
 5728.80449 1.0753686 0.0066960
 5734.52377 1.0718673 0.0066378
 5740.25781 1.0649134 0.0065843
 5746.00737 1.0609503 0.0065040
 5751.75693 1.0520464 0.0064068
 5757.50650 1.0468436 0.0063327
 5763.25606 1.0455614 0.0063129
 5769.02039 1.0412331 0.0063487
 5774.80025 1.0372332 0.0062683
 5780.56495 1.0298642 0.0062037
 5786.34480 1.0249993 0.0061416
 5792.13943 1.0244018 0.0062195
 5797.93443 1.0233330 0.0062729
 5803.72942 1.0216328 0.0063064
 5809.52405 1.0235950 0.0063657
 5815.33419 1.0169549 0.0064363
 5821.15948 1.0180871 0.0064840
 5826.98439 1.0183333 0.0064796
 5832.80968 1.0161213 0.0064235
 5838.63460 1.0131350 0.0063639
 5844.47503 1.0041355 0.0062292
 5850.31509 0.9967536 0.0061592
 5856.17067 0.9883978 0.0060529
 5862.02587 0.9762015 0.0059145
 5867.89659 0.9722495 0.0058688
 5873.75180 0.9710410 0.0057961
 5879.63767 0.9667998 0.0057679
 5885.50802 0.9604039 0.0057959
 5891.39389 0.9566615 0.0057522
 5897.29453 0.9498289 0.0057326
 5903.19554 0.9503834 0.0057400
 5909.09618 0.9458704 0.0057365
 5914.99682 0.9460117 0.0057228
 5920.91298 0.9480072 0.0057904
 5926.84391 0.9471391 0.0058188
 5932.75970 0.9564970 0.0059207
 5938.70615 0.9586062 0.0059380
 5944.63708 0.9640873 0.0059768
 5950.58315 0.9631866 0.0060239
 5956.52960 0.9634507 0.0060363
 5962.49082 0.9671571 0.0060131
 5968.45204 0.9646966 0.0060479
 5974.42841 0.9652467 0.0060086
 5980.39000 0.9701107 0.0060387
 5986.38151 0.9666073 0.0059967
 5992.35788 0.9642096 0.0060196
 5998.34939 0.9627138 0.0059787
 6004.35605 0.9612524 0.0059741
 6010.36271 0.9585198 0.0059804
 6016.36936 0.9580057 0.0059740
 6022.39154 0.9562647 0.0059704
 6028.41334 0.9519183 0.0059541
 6034.43514 0.9480268 0.0059428
 6040.47209 0.9426074 0.0059243
 6046.50903 0.9385812 0.0059336
 6052.56113 0.9342659 0.0059862
 6058.61322 0.9334061 0.0059191
 6064.66531 0.9239497 0.0058626
 6070.73255 0.9209882 0.0059158
 6076.79978 0.9095778 0.0059225
 6082.88217 0.8992955 0.0060171
 6088.96455 0.8867248 0.0061073
 6095.06171 0.8757766 0.0062906
 6101.14409 0.8642998 0.0064545
 6107.25676 0.8574684 0.0066358
 6113.36943 0.8530146 0.0067889
 6119.48210 0.8516456 0.0068207
 6125.59478 0.8424691 0.0067311
 6131.72222 0.8306448 0.0066598
 6137.85004 0.8186836 0.0064379
 6143.99300 0.8044717 0.0062135
 6150.13596 0.7962778 0.0060245
 6156.27893 0.7862067 0.0060073
 6162.43666 0.7775499 0.0060795
 6168.60992 0.7758781 0.0057862
 6174.76802 0.7692901 0.0055582
 6180.95605 0.7617650 0.0055029
 6187.12930 0.7556227 0.0056002
 6193.31770 0.7495522 0.0057349
 6199.50610 0.7431502 0.0058620
 6205.70890 0.7372558 0.0059566
 6211.91244 0.7324539 0.0061279
 6218.13150 0.7302587 0.0062487
 6224.34982 0.7248107 0.0064126
 6230.56813 0.7258569 0.0064718
 6236.80197 0.7229645 0.0063891
 6243.03580 0.7141327 0.0063327
 6249.28441 0.7073420 0.0061998
 6255.53301 0.7024069 0.0059934
 6261.78162 0.6985595 0.0058317
 6268.04574 0.6957254 0.0057747
 6274.32464 0.6905270 0.0058538
 6280.58876 0.6980573 0.0057299
 6286.88318 0.7012783 0.0054804
 6293.16207 0.7059691 0.0053727
 6299.45648 0.7140431 0.0053036
 6305.75016 0.7203975 0.0052701
 6312.05935 0.7214540 0.0053217
 6318.36927 0.7271797 0.0053534
 6324.69324 0.7347179 0.0053415
 6331.01794 0.7391820 0.0053537
 6337.35742 0.7455503 0.0053489
 6343.68212 0.7500209 0.0053313
 6350.03637 0.7551578 0.0053312
 6356.37585 0.7578555 0.0053150
 6362.73084 0.7601463 0.0052969
 6369.10061 0.7609274 0.0052674
 6375.47038 0.7606512 0.0052823
 6381.84014 0.7582778 0.0053150
 6388.22543 0.7586256 0.0053804
 6394.60997 0.7578161 0.0054133
 6401.01003 0.7633268 0.0054675
 6407.41009 0.7635010 0.0054781
 6413.82566 0.7624615 0.0054684
 6420.24049 0.7659611 0.0054296
 6426.65606 0.7607246 0.0054336
 6433.08641 0.7610250 0.0054417
 6439.51676 0.7606235 0.0054276
 6445.96188 0.7598760 0.0053845
 6452.40774 0.7556949 0.0053765
 6458.85287 0.7497229 0.0053738
 6465.31350 0.7456456 0.0053526
 6471.77414 0.7459004 0.0053549
 6478.25029 0.7432191 0.0053172
 6484.72571 0.7436951 0.0053214
 6491.21664 0.7346054 0.0053279
 6497.70756 0.7312209 0.0053717
 6504.19849 0.7242008 0.0053978
 6510.70419 0.7196839 0.0054214
 6517.22541 0.7152826 0.0054255
 6523.73185 0.7134303 0.0054678
 6530.26785 0.7074818 0.0055101
 6536.78907 0.7003831 0.0055412
 6543.32506 0.6977359 0.0056065
 6549.87657 0.6903531 0.0057017
 6556.42807 0.6799899 0.0057431
 6562.97958 0.6717248 0.0058298
 6569.54587 0.6651506 0.0059137
 6576.11215 0.6620426 0.0059847
 6582.69395 0.6542223 0.0060595
 6589.27575 0.6528067 0.0061129
 6595.85754 0.6526514 0.0061696
 6602.45412 0.6476936 0.0062090
 6609.06620 0.6455642 0.0062402
 6615.66278 0.6406437 0.0062822
 6622.28964 0.6463041 0.0063031
 6628.90173 0.6418887 0.0063915
 6635.52859 0.6453698 0.0065112
 6642.17097 0.6474180 0.0066390
 6648.81335 0.6470976 0.0067885
 6655.47050 0.6436417 0.0069450
 6662.11288 0.6407905 0.0070123
 6668.78481 0.6359913 0.0071035
 6675.45748 0.6354133 0.0072690
 6682.13014 0.6274114 0.0074198
 6688.80207 0.6329021 0.0075684
 6695.50503 0.6306566 0.0077264
 6702.19247 0.6344153 0.0078258
 6708.89543 0.6289153 0.0079151
 6715.61317 0.6329736 0.0080056
 6722.31612 0.6357661 0.0080457
 6729.04863 0.6352030 0.0079977
 6735.76637 0.6429041 0.0078465
 6742.51439 0.6554964 0.0077785
 6749.24764 0.6651225 0.0075679
 6756.01118 0.6753663 0.0074954
 6762.75920 0.6861516 0.0075161
 6769.52200 0.6920841 0.0075438
 6776.30031 0.7017672 0.0078596
 6783.06385 0.7128845 0.0080855
 6789.85694 0.7202621 0.0083270
 6796.63525 0.7253618 0.0088744
 6803.44386 0.7312731 0.0086108
 6810.23768 0.7344421 0.0082146
 6817.04629 0.7380157 0.0081617
 6823.86967 0.7386354 0.0079066
 6830.69378 0.7398179 0.0078196
 6837.53268 0.7419800 0.0074337
 6844.35606 0.7431294 0.0076627
 6851.21046 0.7422197 0.0075731
 6858.06413 0.7409503 0.0077460
 6864.91854 0.7453071 0.0076571
 6871.78699 0.7498419 0.0077356
 6878.65617 0.7473766 0.0077243
 6885.54087 0.7487373 0.0074589
 6892.42483 0.7498618 0.0073789
 6899.30952 0.7522505 0.0073149
 6906.20826 0.7530771 0.0072101
 6913.12325 0.7583835 0.0069683
 6920.03750 0.7596923 0.0070082
 6926.95248 0.7568973 0.0070956
 6933.88151 0.7527237 0.0070731
 6940.81127 0.7504071 0.0071383
 6947.75655 0.7468444 0.0072075
 6954.70109 0.7407743 0.0070771
 6961.66114 0.7349128 0.0073250
 6968.62046 0.7316148 0.0074419
 6975.59603 0.7275241 0.0077092
 6982.57086 0.7262225 0.0078417
 6989.54568 0.7280501 0.0079871
 6996.53603 0.7279301 0.0080279
 7003.54115 0.7289907 0.0081851
 7010.54700 0.7233286 0.0080817
 7017.55212 0.7240778 0.0079373
 7024.57276 0.7203935 0.0075874
 7031.59265 0.7224098 0.0074520
 7038.62806 0.7234303 0.0072626
 7045.66421 0.7240143 0.0071030
 7052.71439 0.7200748 0.0071274
 7059.76532 0.7131386 0.0069989
 7066.83102 0.7055421 0.0069977
 7073.88194 0.6983755 0.0070108
 7080.96242 0.6928954 0.0070423
 7088.04363 0.6878389 0.0070916
 7095.13962 0.6814600 0.0074723
 7102.23561 0.6809962 0.0077704
 7109.33160 0.6783218 0.0080652
 7116.44310 0.6805546 0.0087241
 7123.55460 0.6805388 0.0092303
 7130.68088 0.6799288 0.0103782
 7137.80716 0.6811088 0.0130153
 7144.94822 0.6750169 0.0042528
 7152.10479 0.6716738 0.0042747
 7159.24658 0.6700305 0.0042629
 7166.40315 0.6665979 0.0042859
 7173.57523 0.6638148 0.0043223
 7180.74658 0.6610258 0.0043327
 7187.93344 0.6567139 0.0043305
 7195.12030 0.6538567 0.0043678
 7202.32267 0.6510646 0.0043897
 7209.50953 0.6480427 0.0043762
 7216.72668 0.6455698 0.0043222
 7223.94309 0.6422575 0.0043373
 7231.17575 0.6383560 0.0043222
 7238.40768 0.6348529 0.0172640
 7245.64034 0.6345508 0.0150329
 7252.88778 0.6322360 0.0120423
 7260.13522 0.6282943 0.0105407
 7267.39743 0.6236924 0.0098436
 7274.65965 0.6209092 0.0091048
 7281.93738 0.6160237 0.0086701
 7289.23062 0.6126567 0.0080808
 7296.52313 0.6116380 0.0078308
 7303.81563 0.6107689 0.0076619
 7311.10888 0.6058635 0.0077375
 7318.43167 0.6076986 0.0074595
 7325.73969 0.6095709 0.0073632
 7333.06249 0.6057059 0.0072568
 7340.40079 0.6032788 0.0072432
 7347.73910 0.6043041 0.0070014
 7355.09219 0.6026160 0.0069378
 7362.44527 0.6013359 0.0068763
 7369.81387 0.6018375 0.0068163
 7377.18247 0.5984394 0.0066840
 7384.55107 0.5957834 0.0066163
 7391.94922 0.5941777 0.0065547
 7399.33334 0.5892723 0.0064985
 7406.73149 0.5840332 0.0063792
 7414.14589 0.5808839 0.0063206
 7421.55956 0.5777493 0.0062688
 7428.97322 0.5755013 0.0062240
 7436.41717 0.5745708 0.0061471
 7443.84635 0.5725405 0.0061158
 7451.29031 0.5726947 0.0060882
 7458.74978 0.5734541 0.0060562
 7466.19373 0.5737925 0.0059957
 7473.66798 0.5715166 0.0059906
 7481.14222 0.5725914 0.0060072
 7488.61647 0.5716104 0.0060400
 7496.10623 0.5708608 0.0061125
 7503.61076 0.5690409 0.0061484
 7511.11530 0.5693035 0.0061711
 7518.61983 0.5648056 0.0060330
 7526.13988 0.5623216 0.0061506
 7533.67471 0.5600012 0.0061332
 7541.20953 0.5559318 0.0061140
 7548.74436 0.5540656 0.0059388
 7556.29396 0.5540550 0.0059966
 7563.84430 0.5538402 0.0059425
 7571.40941 0.5557216 0.0057350
 7578.98930 0.5533590 0.0056758
 7586.56993 0.5534060 0.0057312
 7594.14982 0.5542939 0.0056810
 7601.74523 0.5528163 0.0054973
 7609.34063 0.5520018 0.0054263
 7616.95081 0.5529349 0.0054562
 7624.57651 0.5507132 0.0053195
 7632.20220 0.5503250 0.0052965
 7639.84341 0.5495813 0.0052857
 7647.46911 0.5449286 0.0054100
 7655.12509 0.5450000 0.0053257
 7662.78034 0.5427343 0.0053175
 7670.43632 0.5409083 0.0054383
 7678.10782 0.5398885 0.0053884
 7685.79336 0.5362660 0.0053680
 7693.47964 0.5369614 0.0053461
 7701.16591 0.5412135 0.0054100
 7708.86696 0.5408320 0.0054519
 7716.58353 0.5399834 0.0054983
 7724.30009 0.5377045 0.0055906
 7732.01666 0.5386010 0.0056085
 7739.74800 0.5342337 0.0056239
 7747.49485 0.5303749 0.0056304
 7755.24171 0.5285202 0.0055833
 7763.00334 0.5239409 0.0054830
 7770.76497 0.5195860 0.0053823
 7778.52660 0.5183710 0.0052244
 7786.31926 0.5166185 0.0051345
 7794.09566 0.5147777 0.0050616
 7801.88832 0.5109526 0.0049219
 7809.69502 0.5079626 0.0049722
 7817.50246 0.5034050 0.0049943
 7825.32467 0.5015939 0.0051544
 7833.14688 0.5013663 0.0053631
 7840.98460 0.5038731 0.0054828
 7848.82159 0.5066132 0.0049211
 7856.67483 0.5053115 0.0049703
 7864.52733 0.5033992 0.0051029
 7872.39460 0.5035697 0.0051828
 7880.26262 0.5017015 0.0053740
 7888.14541 0.4989616 0.0057231
 7896.04372 0.4973963 0.0057902
 7903.92651 0.4970255 0.0059385
 7911.83959 0.4932420 0.0060785
 7919.75267 0.4941365 0.0057798
 7927.66575 0.4903108 0.0055515
 7935.59360 0.4901934 0.0053928
 7943.53698 0.4858083 0.0050735
 7951.48035 0.4804166 0.0048592
 7959.42372 0.4760838 0.0047816
 7967.38260 0.4704375 0.0048218
 7975.35626 0.4667398 0.0052429
 7983.32992 0.4641263 0.0049286
 7991.31836 0.4644956 0.0046774
 7999.30754 0.4602569 0.0045509
 8007.31075 0.4558635 0.0044317
 8015.31470 0.4518970 0.0044195
 8023.33416 0.4501335 0.0044035
 8031.35289 0.4490795 0.0043694
 8039.38713 0.4456308 0.0043433
 8047.42137 0.4418028 0.0043186
 8055.47039 0.4439693 0.0042582
 8063.53492 0.4437256 0.0042335
 8071.59945 0.4441635 0.0042178
 8079.66398 0.4418687 0.0041645
 8087.74329 0.4424848 0.0041312
 8095.83811 0.4403934 0.0040118
 8103.93293 0.4392124 0.0040561
 8112.04252 0.4384298 0.0040398
 8120.13735 0.4389496 0.0039400
 8128.26246 0.4396361 0.0039881
 8136.40234 0.4397329 0.0039785
 8144.52745 0.4418786 0.0038848
 8152.68212 0.4386120 0.0039367
 8160.82274 0.4384017 0.0038628
 8168.99292 0.4380815 0.0039371
 8177.16309 0.4370740 0.0039360
 8185.33327 0.4353676 0.0038689
 8193.51896 0.4338745 0.0039520
 8201.71943 0.4332862 0.0039612
 8209.91989 0.4345698 0.0039020
 8218.13587 0.4341791 0.0039891
 8226.35112 0.4331464 0.0039340
 8234.58261 0.4331012 0.0039383
 8242.81337 0.4315449 0.0040238
 8251.05890 0.4290651 0.0039462
 8259.30517 0.4292092 0.0040167
 8267.56622 0.4274565 0.0039297
 8275.82726 0.4270280 0.0039131
 8284.10383 0.4262630 0.0039668
 8292.39516 0.4259700 0.0038632
 8300.68650 0.4255864 0.0038394
 8308.99261 0.4240457 0.0038088
 8317.29946 0.4243659 0.0037939
 8325.62109 0.4227511 0.0038606
 8333.94271 0.4221633 0.0037479
 8342.27912 0.4216067 0.0037171
 8350.61626 0.4190266 0.0037069
 8358.96817 0.4166730 0.0037154
 8367.32009 0.4173345 0.0036896
 8375.68678 0.4156211 0.0037624
 8384.06899 0.4130592 0.0037618
 8392.45120 0.4131558 0.0038031
 8400.84818 0.4096441 0.0038255
 8409.24590 0.4091492 0.0038076
 8417.65839 0.4083060 0.0039339
 8426.08567 0.4061862 0.0039658
 8434.49816 0.4049609 0.0040363
 8442.94095 0.4049670 0.0040505
 8451.38300 0.4052427 0.0039994
 8459.84130 0.4042931 0.0040931
 8468.29886 0.4053355 0.0040384
 8476.75642 0.4046665 0.0041296
 8485.24501 0.4036330 0.0040351
 8493.73287 0.4036186 0.0040153
 8502.22072 0.4033342 0.0040314
 8510.72409 0.4005584 0.0039370
 8519.22745 0.3999458 0.0040051
 8527.74559 0.4014233 0.0039257
 8536.27925 0.4006480 0.0039716
 8544.81217 0.4001035 0.0038690
 8553.36134 0.4006715 0.0038461
 8561.92455 0.3987653 0.0038831
 8570.47372 0.3976674 0.0037901
 8579.05244 0.3960378 0.0038208
 8587.63116 0.3959326 0.0037255
 8596.20988 0.3943721 0.0037037
 8604.81890 0.3936175 0.0036500
 8613.41313 0.3924349 0.0036279
 8622.03692 0.3887529 0.0036031
 8630.66145 0.3862644 0.0035901
 8639.28597 0.3829645 0.0035548
 8647.92528 0.3811955 0.0035406
 8656.57935 0.3813953 0.0034738
 8665.23417 0.3788001 0.0035316
 8673.90376 0.3765493 0.0035253
 8682.57336 0.3756177 0.0035020
 8691.25772 0.3748286 0.0034919
 8699.94283 0.3759655 0.0034664
 8708.64271 0.3725398 0.0034517
 8717.35737 0.3702793 0.0034132
 8726.07277 0.3679266 0.0033984
 8734.80294 0.3671442 0.0033241
 8743.53311 0.3671279 0.0033699
 8752.27806 0.3670171 0.0033025
 8761.02375 0.3639123 0.0033513
 8769.79898 0.3621942 0.0032949
 8778.55945 0.3602816 0.0033588
 8787.35020 0.3575660 0.0033136
 8796.12544 0.3548964 0.0033835
 8804.93170 0.3520971 0.0033568
 8813.73723 0.3501941 0.0034408
 8822.54276 0.3484478 0.0034265
 8831.36380 0.3473497 0.0034313
 8840.20036 0.3447436 0.0034441
 8849.03618 0.3441315 0.0034575
 8857.88751 0.3423975 0.0035463
 8866.75362 0.3412216 0.0035902
 8875.61972 0.3355084 0.0036983
 8884.48583 0.3331205 0.0037435
 8893.38297 0.3325288 0.0038927
 8902.26385 0.3307576 0.0039703
 8911.17576 0.3314252 0.0041554
 8920.08768 0.3309946 0.0042163
 8928.99959 0.3272625 0.0043283
 8937.94105 0.3262399 0.0043676
 8946.86848 0.3246863 0.0044165
 8955.82546 0.3216241 0.0043897
 8964.78244 0.3175762 0.0043837
 8973.73941 0.3160894 0.0043860
 8982.71191 0.3171676 0.0044332
 8991.69917 0.3165341 0.0044301
 9000.68644 0.3138384 0.0043857
 9009.68848 0.3111056 0.0043485
 9018.70678 0.3112584 0.0043157
 9027.72434 0.3085509 0.0042932
 9036.74190 0.3041689 0.0042459
 9045.78975 0.3030319 0.0041837
 9054.83759 0.3031736 0.0040909
 9063.88544 0.3041207 0.0040429
 9072.94807 0.3027208 0.0039590
 9082.02620 0.3020741 0.0039187
 9091.10434 0.3028007 0.0038488
 9100.19799 0.3003146 0.0037536
 9109.30642 0.2994800 0.0038680
 9118.41485 0.3002200 0.0037123
 9127.53805 0.2996267 0.0037155
 9136.66200 0.3006397 0.0036598
 9145.80071 0.3007926 0.0037374
 9154.93869 0.3014088 0.0037240
 9164.09293 0.3009046 0.0038446
 9173.26193 0.3014580 0.0037947
 9182.43094 0.3019566 0.0038982
 9191.61472 0.3005709 0.0038446
 9200.81402 0.2991680 0.0038961
 9210.01332 0.2976634 0.0039179
 9219.22739 0.3001084 0.0039827
 9228.44147 0.2994663 0.0040107
 9237.67106 0.2992032 0.0040245
 9246.90064 0.2954595 0.0040313
 9256.16052 0.2933619 0.0040526
 9265.41966 0.2938429 0.0040679
 9274.67954 0.2904456 0.0041485
 9283.95419 0.2874253 0.0043043
 9293.24436 0.2855510 0.0042269
 9302.53453 0.2835923 0.0043854
 9311.83947 0.2823148 0.0044580
 9321.14442 0.2802086 0.0047461
 9330.46488 0.2794409 0.0049207
 9339.80011 0.2805157 0.0055673
 9349.13534 0.2795192 0.0054898
 9358.48609 0.2769254 0.0057635
 9367.85161 0.2732075 0.0057520
 9377.21714 0.2726289 0.0059327
 9386.59818 0.2679453 0.0058245
 9395.97848 0.2709794 0.0055418
 9405.37429 0.2685128 0.0054197
 9414.78562 0.2688287 0.0049100
 9424.19695 0.2654928 0.0047442
 9433.62305 0.2664763 0.0045238
 9443.06393 0.2679360 0.0045269
 9452.49003 0.2650340 0.0044244
 9461.94643 0.2640200 0.0043768
 9471.41833 0.2626967 0.0044630
 9480.88950 0.2641026 0.0044816
 9490.37619 0.2625102 0.0045893
 9499.86287 0.2626041 0.0045782
 9509.36433 0.2622657 0.0045916
 9518.86653 0.2634430 0.0045849
 9528.38350 0.2624150 0.0045800
 9537.91525 0.2616287 0.0046394
 9547.46252 0.2580011 0.0045353
 9557.00978 0.2545891 0.0045775
 9566.55704 0.2547415 0.0046106
 9576.13460 0.2567407 0.0047234
 9585.71215 0.2557814 0.0046672
 9595.28897 0.2547053 0.0047210
 9604.88203 0.2520716 0.0047733
 9614.48988 0.2535099 0.0048301
 9624.11250 0.2537961 0.0049821
 9633.73512 0.2540978 0.0049820
 9643.35774 0.2566623 0.0050889
 9653.01138 0.2577250 0.0051596
 9662.66429 0.2561113 0.0051070
 9672.33272 0.2561346 0.0052672
 9682.00040 0.2540836 0.0052403
 9691.68360 0.2532378 0.0053699
 9701.38232 0.2567933 0.0054675
 9711.06552 0.2554549 0.0054049
 9720.77974 0.2555589 0.0054343
 9730.50801 0.2547595 0.0053366
 9740.23701 0.2545878 0.0053439
 9749.98079 0.2559249 0.0054447
 9759.72457 0.2516084 0.0053371
 9769.49864 0.2522058 0.0053501
 9779.25793 0.2511201 0.0054298
 9789.03200 0.2479264 0.0053227
 9798.83636 0.2493353 0.0052922
 9808.62521 0.2503929 0.0052865
 9818.42957 0.2528035 0.0053329
 9828.24944 0.2523223 0.0054501
 9838.08409 0.2518278 0.0052716
 9847.91874 0.2479825 0.0051410
 9857.76817 0.2492198 0.0051135
 9867.63311 0.2498927 0.0049565
 9877.49805 0.2521356 0.0048362
 9887.37850 0.2521855 0.0047821
 9897.25821 0.2524788 0.0046631
 9907.15344 0.2530689 0.0045666
 9917.06419 0.2510307 0.0045327
 9926.98897 0.2496816 0.0044583
 9936.91449 0.2495193 0.0043731
 9946.85552 0.2504059 0.0043466
 9956.79582 0.2523607 0.0043430
 9966.75163 0.2496285 0.0043526
 9976.72221 0.2487081 0.0042896
 9986.70831 0.2499161 0.0043463
 9996.69441 0.2470396 0.0043160
 10006.68051 0.2476831 0.0044214
 10016.69616 0.2475447 0.0045562
 10026.71255 0.2473920 0.0046054
 10036.74372 0.2454446 0.0047477
 10046.77562 0.2445397 0.0049307
 10056.82156 0.2428187 0.0049525
 10066.88375 0.2409715 0.0050415
 10076.94521 0.2369167 0.0051725
 10087.02144 0.2338614 0.0051177
 10097.11392 0.2314972 0.0051278
 10107.20567 0.2273536 0.0050637
 10117.31219 0.2271685 0.0049991
 10127.43423 0.2244111 0.0049088
 10137.55700 0.2211261 0.0049137
 10147.69381 0.2178379 0.0049488
 10157.84614 0.2130434 0.0051341
 10167.99846 0.2116109 0.0053494
 10178.18108 0.2119411 0.0054182
 10188.34892 0.2089533 0.0055143
 10198.54631 0.2099878 0.0056366
 10208.74444 0.2086714 0.0058102
 10218.95734 0.2074410 0.0058785
 10229.17025 0.2049593 0.0059949
 10239.39793 0.2069050 0.0060365
 10249.64112 0.2098191 0.0059323
 10259.88432 0.2126374 0.0060035
 10270.15780 0.2115715 0.0060765
 10280.41651 0.2142439 0.0060367
 10290.70477 0.2174895 0.0062145
 10300.99377 0.2212737 0.0063004
 10311.29681 0.2219837 0.0062559
 10321.61610 0.2215586 0.0062346
 10331.93465 0.2167958 0.0062693
 10342.26872 0.2128769 0.0063115
 10352.60278 0.2074946 0.0063183
 10362.95162 0.2120715 0.0063978
 10373.31598 0.2132918 0.0064158
 10383.69511 0.2132782 0.0061947
 10394.07498 0.2132685 0.0060740
 10404.46889 0.2107215 0.0059742
 10414.87904 0.2070597 0.0059743
 10425.28847 0.2068992 0.0058031
 10435.72818 0.2049021 0.0056557
 10446.15311 0.2047213 0.0055259
 10456.60760 0.2049138 0.0055510
 10467.06282 0.2055277 0.0054199
 10477.51805 0.2073823 0.0053206
 10488.00283 0.2070038 0.0052417
 10498.48834 0.2065940 0.0052385
 10508.98863 0.2019750 0.0052454
 10519.50444 0.2004091 0.0052011
 10530.01950 0.1975573 0.0051618
 10540.55009 0.1997943 0.0051878
 10551.09618 0.2007764 0.0053043
 10561.64228 0.2048966 0.0053835
 10572.20315 0.2053797 0.0055080
 10582.77879 0.2055176 0.0055608
 10593.36995 0.2049114 0.0058506
 10603.96112 0.2015684 0.0061499
 10614.55228 0.2002209 0.0064132
 10625.17373 0.2033204 0.0064315
 10635.80995 0.2020119 0.0065462
 10646.43141 0.2020206 0.0066791
 10657.08315 0.1992427 0.0066493
 10667.75040 0.1980464 0.0065393
 10678.40214 0.1938973 0.0064438
 10689.08417 0.1932205 0.0061872
 10699.78098 0.1899631 0.0060440
 10710.47779 0.1843963 0.0059280
 10721.19011 0.1819340 0.0059645
 10731.91720 0.1797585 0.0060103
 10742.64504 0.1808137 0.0062148
 10753.38765 0.1793353 0.0063316
 10764.14504 0.1773218 0.0066064
 10774.90242 0.1746200 0.0066214
 10785.67533 0.1709545 0.0066853
 10796.46300 0.1683242 0.0068712
 10807.26619 0.1671433 0.0068991
 10818.06938 0.1631143 0.0070090
 10828.88735 0.1614530 0.0069806
 10839.72009 0.1633960 0.0070662
 10850.55357 0.1638401 0.0070222
 10861.41735 0.1569757 0.0070183
 10872.28038 0.1568757 0.0069700
 10883.14415 0.1524971 0.0070359
 10894.02270 0.1540866 0.0070193
 10904.93153 0.1538695 0.0070803
 10915.82559 0.1522043 0.0070912
 10926.74921 0.1514754 0.0071713
 10937.67356 0.1519769 0.0071428
 10948.61268 0.1467018 0.0070141
 10959.56732 0.1400444 0.0069615
 10970.52123 0.1372611 0.0068840
 10981.49064 0.1366630 0.0068739
 10992.47558 0.1345572 0.0067841
 11003.47454 0.1369108 0.0066738
 11014.47425 0.1357871 0.0065373
 11025.48947 0.1337957 0.0064234
 11036.51947 0.1323308 0.0062899
 11047.54946 0.1313554 0.0061765
 11058.59424 0.1316157 0.0060845
 11069.65452 0.1294940 0.0059683
 11080.72959 0.1311627 0.0059218
 11091.80539 0.1322852 0.0057917
 11102.89596 0.1337751 0.0057496
 11114.00132 0.1340919 0.0056714
 11125.12218 0.1335346 0.0056481
 11136.24231 0.1331923 0.0056040
 11147.37869 0.1337291 0.0055999
 11158.52985 0.1316232 0.0055873
 11169.69578 0.1301716 0.0055103
 11180.86171 0.1349926 0.0055468
 11192.04316 0.1360534 0.0055252
 11203.22387 0.1361593 0.0055376
 11214.43561 0.1351693 0.0055018
 11225.64734 0.1329247 0.0055068
 11236.87386 0.1326853 0.0054730
 11248.11588 0.1316396 0.0055669
 11259.35717 0.1319905 0.0056764
 11270.61397 0.1318275 0.0057314
 11281.88629 0.1300966 0.0058411
 11293.17338 0.1273246 0.0059802
 11304.47599 0.1258166 0.0061930
 11315.77786 0.1257797 0.0063642
 11327.09524 0.1252682 0.0066659
 11338.41262 0.1258846 0.0070057
 11349.76029 0.1245474 0.0075524
 11361.10797 0.1241658 0.0081400
 11372.47115 0.1235444 0.0087315
 11383.84912 0.1222503 0.0097293
 11395.22708 0.1212994 0.0110505
 11406.61982 0.1199870 0.0131243
 11418.02807 0.1215546 0.0153011
 11429.45110 0.1213296 0.0172696
