# SOURCE  = 'Quimby et al. 2018' /                                                
# OBJECT  = '2010gx  '           /                                                
# Z       =             0.230100 / wavelengths in OBSERVER FRAME                 
# NORM    =          8.10890E-19 / fluxes divided by norm                         
# CLIPPED =                    1 / galaxy emission lines removed                  
# SMOOTHED=                    1 / spectrum has been smoothed                     
# COLUMN01= 'Wavelength (Angstrom)' /                                             
# COLUMN02= 'Flux Density (erg/s/cm2/A)' /                                        
# COLUMN03= 'Flux Density Uncertainty (erg/s/cm2/A)' /                            
# END                                                                             
# 
# 
# 
# 
# 
# 
# 
# 
# 
# 
# Converted to Observer Frame using z=0.23
 3914.46274 2.6127126 0.5102739
 3918.38160 2.5813706 0.4915228
 3922.30047 2.6014476 0.4779696
 3926.21896 2.6368837 0.4650127
 3930.15297 2.6671846 0.4533395
 3934.07146 2.6848049 0.4387289
 3938.00547 2.7368431 0.4278664
 3941.95462 2.7202432 0.4172231
 3945.88826 2.7626204 0.4067850
 3949.83741 2.7548645 0.3935830
 3953.78619 2.7784216 0.3842440
 3957.75049 2.7769988 0.3755394
 3961.69928 2.8050678 0.3676002
 3965.66357 2.6876512 0.3578672
 3969.62750 2.5927582 0.3511166
 3973.59180 2.5502408 0.3449260
 3977.57087 2.5290973 0.3370104
 3981.55031 2.5332093 0.3311713
 3985.52939 2.5253117 0.3242882
 3989.52398 2.5367835 0.3181799
 3993.50305 2.5157337 0.3102289
 3997.49764 2.4041400 0.3051898
 4001.49185 2.3818717 0.3005226
 4005.50159 2.3489814 0.2945307
 4009.51095 2.3323615 0.2899879
 4013.52031 2.3349502 0.2855395
 4017.53005 2.2554097 0.2812686
 4021.55455 2.2365561 0.2752232
 4025.56429 2.2324548 0.2717142
 4029.58879 2.2348909 0.2676294
 4033.62845 2.2252886 0.2616445
 4037.65333 2.1140807 0.2574927
 4041.69298 2.1407826 0.2532766
 4045.73263 2.1355455 0.2500418
 4049.78780 2.1444180 0.2448272
 4053.82745 2.1451283 0.2398376
 4057.88225 2.1163855 0.2352481
 4061.95219 2.0262756 0.2300846
 4066.00736 2.0715663 0.2265835
 4070.07730 2.1254420 0.2228113
 4074.14725 2.1392560 0.2171187
 4078.21719 2.1553142 0.2133807
 4082.30265 2.1730089 0.2094657
 4086.38774 2.1821008 0.2041819
 4090.47283 2.1774051 0.2006505
 4094.55791 2.1314130 0.1976185
 4098.65815 2.1501274 0.1933102
 4102.74360 2.2426131 0.1904580
 4106.85898 2.2379949 0.1877748
 4110.95922 2.2352116 0.1845152
 4115.07459 2.2460058 0.1822417
 4119.18997 2.2691474 0.1801925
 4123.30535 2.1952713 0.1773000
 4127.43587 2.1502123 0.1758347
 4131.55125 2.2039211 0.1739437
 4135.68178 2.1747530 0.1709291
 4139.82744 2.1880021 0.1688230
 4143.95834 2.1485543 0.1669598
 4148.10400 2.1419222 0.1638732
 4152.24967 2.1219127 0.1617106
 4156.41049 2.0978119 0.1598722
 4160.57130 2.0671959 0.1569179
 4164.73211 2.0515921 0.1550541
 4168.89293 2.0419860 0.1521691
 4173.05374 2.0413711 0.1503961
 4177.22970 2.0297055 0.1483482
 4181.40566 2.1019411 0.1454805
 4185.59639 2.1346197 0.1439308
 4189.77235 2.1648686 0.1422036
 4193.96345 2.2229435 0.1399086
 4198.16970 2.2190731 0.1387124
 4202.36080 2.2779810 0.1371862
 4206.56705 2.3130050 0.1359715
 4210.77330 2.3748763 0.1346385
 4214.97955 2.3859057 0.1327527
 4219.20094 2.3974423 0.1316254
 4223.42196 2.4409692 0.1299595
 4227.64336 2.5335059 0.1293914
 4231.86475 2.5466559 0.1284106
 4236.10129 2.5709071 0.1268205
 4240.33783 2.6040549 0.1262112
 4244.57437 2.5790999 0.1246373
 4248.82568 2.5749607 0.1236711
 4253.07736 2.5841546 0.1229777
 4257.32905 2.6064270 0.1213660
 4261.58073 2.6641059 0.1203881
 4265.84719 2.6818063 0.1190716
 4270.11402 2.6612718 0.1182175
 4274.38085 2.6821177 0.1175044
 4278.64730 2.6896567 0.1164647
 4282.92928 2.6319189 0.1155727
 4287.21125 2.5598385 0.1140589
 4291.50800 2.5202093 0.1134230
 4295.78997 2.4902558 0.1118603
 4300.08709 2.4305482 0.1109283
 4304.39898 2.4005847 0.1103507
 4308.69610 2.3816094 0.1090976
 4313.00837 2.3344808 0.1084707
 4317.32026 2.2982373 0.1077415
 4321.63252 2.2341969 0.1072817
 4325.95956 2.2015932 0.1064325
 4330.28697 2.1628790 0.1064493
 4334.61438 2.1597433 0.1056505
 4338.95656 2.1643739 0.1052440
 4343.28397 2.1695023 0.1051237
 4347.62616 2.1769617 0.1041708
 4351.98385 2.1500521 0.1039946
 4356.32604 2.1457133 0.1029961
 4360.68374 2.1606615 0.1026105
 4365.05621 2.1340463 0.1021149
 4369.41391 2.1166639 0.1015301
 4373.78638 2.1241190 0.1002846
 4378.15886 2.1420085 0.0997828
 4382.53170 2.1365263 0.0985137
 4386.91932 2.1539137 0.0980245
 4391.30731 2.1475341 0.0967548
 4395.69493 2.1640277 0.0959801
 4400.09769 2.1517055 0.0949855
 4404.50082 2.1423385 0.0942891
 4408.90359 2.1405342 0.0934683
 4413.30635 2.1479843 0.0929349
 4417.72463 2.1794817 0.0920901
 4422.14254 2.2001462 0.0918789
 4426.56045 2.2079639 0.0911327
 4430.99387 2.2204432 0.0911197
 4435.42692 2.2167151 0.0905292
 4439.85998 2.2106128 0.0907619
 4444.29340 2.2112839 0.0902876
 4448.74160 2.1797993 0.0901282
 4453.18980 2.1655738 0.0898617
 4457.63800 2.1801326 0.0896749
 4462.10134 2.1799793 0.0893935
 4466.56506 2.1777720 0.0891185
 4471.02840 2.1971245 0.0883314
 4475.50689 2.1835370 0.0881384
 4479.97023 2.1728356 0.0872643
 4484.44872 2.1327884 0.0870213
 4488.94273 2.1090019 0.0863374
 4493.43636 2.0847497 0.0855089
 4497.92999 2.1033223 0.0850373
 4502.42363 2.0954239 0.0844568
 4506.93241 2.0914390 0.0840432
 4511.42604 2.0817313 0.0832869
 4515.94996 2.0660226 0.0830756
 4520.45874 2.0617750 0.0821950
 4524.98267 2.0673254 0.0819717
 4529.50659 2.0698929 0.0812893
 4534.03052 2.0766728 0.0812417
 4538.56958 2.0401504 0.0806049
 4543.10865 2.0315309 0.0802056
 4547.64772 2.0455332 0.0799595
 4552.20194 2.0423133 0.0797219
 4556.75615 2.0299950 0.0795522
 4561.31036 2.0134308 0.0792428
 4565.86458 2.0040522 0.0786046
 4570.43394 2.0163908 0.0785178
 4575.00330 1.9930553 0.0778515
 4579.58780 1.9955951 0.0777441
 4584.15716 2.0041950 0.0770131
 4588.74166 1.9985214 0.0768680
 4593.34131 2.0222383 0.0761049
 4597.92545 2.0135558 0.0755412
 4602.52510 2.0154822 0.0750962
 4607.12475 2.0123568 0.0744627
 4611.73954 2.0052447 0.0739466
 4616.35433 2.0252304 0.0732996
 4620.96876 2.0309501 0.0725783
 4625.58355 2.0398736 0.0723487
 4630.21349 2.0554421 0.0715136
 4634.84343 2.0566487 0.0709492
 4639.47337 2.0527539 0.0705586
 4644.11808 2.0457761 0.0700207
 4648.76317 2.0577562 0.0695823
 4653.40825 2.0306489 0.0690488
 4658.06811 2.0396347 0.0684132
 4662.72834 2.0325689 0.0683215
 4667.38857 2.0577705 0.0677884
 4672.04843 2.0636642 0.0673039
 4676.72380 2.0639801 0.0671110
 4681.39918 2.0530622 0.0667974
 4686.08933 2.0462375 0.0664756
 4690.76470 2.0398319 0.0662357
 4695.45522 2.0409386 0.0658941
 4700.16051 2.0583701 0.0653499
 4704.86618 2.0682790 0.0652756
 4709.55633 2.0836885 0.0647514
 4714.27714 2.1002328 0.0643769
 4718.98243 2.0967038 0.0640585
 4723.70324 2.1115024 0.0635772
 4728.42368 2.1130447 0.0630582
 4733.15963 2.1056588 0.0626715
 4737.89522 2.1026819 0.0621282
 4742.63117 2.0856676 0.0614260
 4747.36676 2.0817204 0.0612235
 4752.11786 2.0816431 0.0607224
 4756.86859 2.0762227 0.0604423
 4761.63483 2.0814631 0.0603573
 4766.38556 2.0748110 0.0598656
 4771.15144 2.0757892 0.0595344
 4775.93282 2.0726140 0.0592686
 4780.69870 2.0513377 0.0588976
 4785.48009 2.0590937 0.0585008
 4790.27625 2.0455556 0.0580141
 4795.05727 2.0438154 0.0580362
 4799.85381 2.0399716 0.0577293
 4804.66512 2.0368116 0.0575833
 4809.46128 2.0345199 0.0575636
 4814.27259 2.0367458 0.0571296
 4819.08427 2.0062582 0.0568710
 4823.91072 1.9861376 0.0564549
 4828.73718 1.9700890 0.0564088
 4833.56363 1.9621438 0.0561384
 4838.39046 1.9373324 0.0557437
 4843.23206 1.9394248 0.0555189
 4848.07366 1.9335700 0.0555128
 4852.93040 1.9313642 0.0551274
 4857.77200 1.9003695 0.0549385
 4862.62912 1.9007761 0.0547911
 4867.50101 1.9193022 0.0547000
 4872.35775 1.9185967 0.0546821
 4877.24479 1.9066628 0.0545425
 4882.11668 1.9211228 0.0546254
 4887.00371 1.9321780 0.0549145
 4891.89074 1.9400775 0.0548022
 4896.77778 1.9281129 0.0549259
 4901.67996 1.9259690 0.0550662
 4906.58214 1.9231293 0.0549702
 4911.48432 1.9241343 0.0551468
 4916.40164 1.9129571 0.0551242
 4921.31897 1.9012963 0.0549251
 4926.23629 1.9000489 0.0548907
 4931.15362 1.9051455 0.0548624
 4936.08609 1.9127684 0.0550737
 4941.03370 1.9151179 0.0549064
 4945.96617 1.9092578 0.0548775
 4950.91379 1.9064426 0.0547754
 4955.86140 1.9028623 0.0544941
 4960.82416 1.9068592 0.0545526
 4965.78692 1.9069662 0.0543822
 4970.74968 1.9103361 0.0540427
 4975.72759 1.8968741 0.0538678
 4980.68998 1.8866103 0.0537374
 4985.68303 1.8944114 0.0536307
 4990.66093 1.8954210 0.0535270
 4995.65398 1.9095863 0.0533236
 5000.64703 1.8887069 0.0531020
 5005.65486 1.8818746 0.0527371
 5010.66305 1.8621409 0.0525574
 5015.67124 1.8743598 0.0524137
 5020.67944 1.8747879 0.0524721
 5025.70241 1.8751392 0.0521878
 5030.72575 1.8838205 0.0520390
 5035.76423 1.8934938 0.0518307
 5040.80272 1.8818482 0.0516218
 5045.84083 1.8860736 0.0512756
 5050.87932 1.8708957 0.0512688
 5055.93295 1.8781499 0.0510274
 5060.98621 1.8803122 0.0510394
 5066.05498 1.8523930 0.0507460
 5071.12339 1.8483835 0.0506348
 5076.19216 1.8541430 0.0505600
 5081.26094 1.8447790 0.0504853
 5086.34449 1.8465457 0.0502551
 5091.42841 1.8493145 0.0502101
 5096.52711 1.8628368 0.0502270
 5101.62617 1.8537844 0.0501972
 5106.72487 1.8466249 0.0502561
 5111.83908 1.8331130 0.0499627
 5116.95292 1.8342851 0.0498344
 5122.06713 1.8375658 0.0497102
 5127.18097 1.8316705 0.0495648
 5132.31032 1.8190207 0.0492636
 5137.43931 1.7946717 0.0490669
 5142.58344 1.7769145 0.0488663
 5147.72794 1.7742389 0.0486824
 5152.87207 1.7677076 0.0484797
 5158.03171 1.7668195 0.0482905
 5163.17584 1.7618572 0.0479722
 5168.35026 1.7530529 0.0477805
 5173.50991 1.7426035 0.0475935
 5178.68433 1.7423790 0.0473908
 5183.87389 1.7448289 0.0473474
 5189.04868 1.7471370 0.0470030
 5194.23825 1.7455148 0.0467968
 5199.42781 1.7396473 0.0466281
 5204.63252 1.7447242 0.0465223
 5209.83760 1.7473152 0.0464420
 5215.05746 1.7506652 0.0463183
 5220.26217 1.7563556 0.0461803
 5225.48203 1.7644773 0.0459216
 5230.71703 1.7695037 0.0457666
 5235.93725 1.7740978 0.0455891
 5241.17225 1.7797194 0.0454693
 5246.42240 1.7756246 0.0453699
 5251.67254 1.7655590 0.0452832
 5256.92269 1.7709281 0.0451041
 5262.17283 1.7753839 0.0448715
 5267.43812 1.7799195 0.0447616
 5272.70341 1.7809083 0.0446716
 5277.98422 1.7901744 0.0446078
 5283.26466 1.7857285 0.0445393
 5288.54509 1.7908062 0.0444663
 5293.82553 1.7910475 0.0444297
 5299.12111 1.7767653 0.0444266
 5304.41669 1.7752799 0.0443987
 5309.72741 1.7644032 0.0442125
 5315.03814 1.7628262 0.0442134
 5320.34886 1.7696580 0.0441056
 5325.67436 1.7557395 0.0441242
 5331.00024 1.7467639 0.0441274
 5336.32611 1.7332741 0.0441236
 5341.66712 1.7241904 0.0441094
 5347.00814 1.7221488 0.0441018
 5352.36430 1.7240673 0.0441109
 5357.70531 1.7304565 0.0441170
 5363.06147 1.7323360 0.0441552
 5368.43241 1.7361554 0.0441949
 5373.80372 1.7324337 0.0442250
 5379.17502 1.7202640 0.0442584
 5384.54633 1.7143909 0.0441650
 5389.93278 1.7090036 0.0442155
 5395.31886 1.7115674 0.0441583
 5400.72045 1.7206666 0.0442577
 5406.12205 1.7131028 0.0443644
 5411.53842 1.7013679 0.0444796
 5416.94002 1.7044733 0.0445460
 5422.35676 1.7179374 0.0445676
 5427.78827 1.7211368 0.0445973
 5433.20501 1.7229791 0.0446324
 5438.63690 1.7212206 0.0446285
 5444.08356 1.7141314 0.0444707
 5449.53059 1.6990246 0.0444740
 5454.97762 1.6847245 0.0444595
 5460.43943 1.6854346 0.0444173
 5465.88646 1.6776299 0.0443848
 5471.36341 1.6706465 0.0443294
 5476.82558 1.6615599 0.0442578
 5482.30254 1.6442116 0.0440288
 5487.79500 1.6504166 0.0439451
 5493.27195 1.6410741 0.0438621
 5498.76442 1.6419381 0.0437822
 5504.27166 1.6451228 0.0437356
 5509.77927 1.6358438 0.0437055
 5515.28651 1.6421520 0.0435801
 5520.80927 1.6390060 0.0435953
 5526.31651 1.6417006 0.0436180
 5531.85404 1.6445364 0.0436435
 5537.37679 1.6235342 0.0437340
 5542.91433 1.6226273 0.0435142
 5548.46700 1.6167819 0.0436093
 5554.00490 1.6246929 0.0435934
 5559.57272 1.6072470 0.0436061
 5565.12540 1.6180608 0.0436316
 5570.69359 1.6324800 0.0435282
 5576.26141 1.6261544 0.0435604
 5581.84438 1.6184224 0.0435879
 5587.41220 1.6156527 0.0436044
 5593.01068 1.6007917 0.0436231
 5598.59365 1.6108165 0.0435238
 5604.20690 1.6258492 0.0435387
 5609.80501 1.6340376 0.0435536
 5615.41827 1.6346331 0.0435678
 5621.03190 1.6259599 0.0436260
 5626.64515 1.6392128 0.0436566
 5632.27355 1.6419905 0.0435808
 5637.91710 1.6412354 0.0435315
 5643.54550 1.6495489 0.0433387
 5649.18905 1.6595989 0.0432911
 5654.84774 1.6574312 0.0432428
 5660.49128 1.6620927 0.0430569
 5666.16512 1.6570690 0.0430098
 5671.82381 1.6659657 0.0430911
 5677.49765 1.6691087 0.0430495
 5683.17148 1.6829790 0.0428917
 5688.86046 1.6866500 0.0428588
 5694.54945 1.7052985 0.0428229
 5700.23843 1.7246897 0.0426479
 5705.94255 1.7371495 0.0425858
 5711.64668 1.7401710 0.0426620
 5717.36595 1.7457672 0.0425007
 5723.07008 1.7561549 0.0424696
 5728.80449 1.7679261 0.0424456
 5734.52377 1.7959861 0.0424341
 5740.25781 1.7893319 0.0423378
 5746.00737 1.7745872 0.0424059
 5751.75693 1.7818179 0.0423776
 5757.50650 1.7813418 0.0422127
 5763.25606 1.7910111 0.0421740
 5769.02039 1.7889034 0.0426805
 5774.80025 1.7874376 0.0427476
 5780.56495 1.7971665 0.0422708
 5786.34480 1.8022373 0.0418435
 5792.13943 1.7975060 0.0417126
 5797.93443 1.7925653 0.0416339
 5803.72942 1.7802314 0.0416139
 5809.52405 1.7893780 0.0417001
 5815.33419 1.7787755 0.0418318
 5821.15948 1.7838486 0.0418790
 5826.98439 1.7883565 0.0422077
 5832.80968 1.7779382 0.0423191
 5838.63460 1.7740270 0.0425651
 5844.47503 1.7733480 0.0428202
 5850.31509 1.7762403 0.0430295
 5856.17067 1.7691545 0.0431490
 5862.02587 1.7707546 0.0431914
 5867.89659 1.7842962 0.0433321
 5873.75180 1.7780498 0.0434626
 5879.63767 1.7822496 0.0435540
 5885.50802 1.7866474 0.0438811
 5891.39389 1.7735426 0.0444218
 5897.29453 1.7924803 0.0442556
 5903.19554 1.7860265 0.0436452
 5909.09618 1.7721545 0.0433757
 5914.99682 1.7519176 0.0431318
 5920.91298 1.7341032 0.0429809
 5926.84391 1.7141421 0.0427168
 5932.75970 1.7002558 0.0426088
 5938.70615 1.6918559 0.0425294
 5944.63708 1.6943358 0.0424840
 5950.58315 1.6914254 0.0423428
 5956.52960 1.6841689 0.0424266
 5962.49082 1.6798966 0.0424296
 5968.45204 1.6560045 0.0423611
 5974.42841 1.6532027 0.0425562
 5980.39000 1.6689110 0.0425661
 5986.38151 1.6714119 0.0426940
 5992.35788 1.6701880 0.0432796
 5998.34939 1.6705709 0.0434435
 6004.35605 1.6842766 0.0429913
 6010.36271 1.6950270 0.0425260
 6016.36936 1.6833102 0.0424925
 6022.39154 1.6854695 0.0424155
 6028.41334 1.6943667 0.0422839
 6034.43514 1.6958563 0.0420683
 6040.47209 1.7211283 0.0420668
 6046.50903 1.7343311 0.0418200
 6052.56113 1.7714938 0.0416664
 6058.61322 1.7934469 0.0415045
 6064.66531 1.8035243 0.0412269
 6070.73255 1.8233517 0.0411842
 6076.79978 1.8589529 0.0409108
 6082.88217 1.8668609 0.0407784
 6088.96455 1.8821868 0.0406790
 6095.06171 1.8994908 0.0406111
 6101.14409 1.9198239 0.0406738
 6107.25676 1.9110582 0.0406801
 6113.36943 1.9080591 0.0408777
 6119.48210 1.8973022 0.0413867
 6125.59478 1.8794419 0.0413837
 6131.72222 1.8624058 0.0407824
 6137.85004 1.8261693 0.0405746
 6143.99300 1.8039244 0.0406976
 6150.13596 1.7956394 0.0405745
 6156.27893 1.7753679 0.0405637
 6162.43666 1.7712334 0.0405461
 6168.60992 1.7549611 0.0405395
 6174.76802 1.7479746 0.0405419
 6180.95605 1.7365396 0.0404296
 6187.12930 1.7233210 0.0404226
 6193.31770 1.7086221 0.0404293
 6199.50610 1.6974534 0.0404311
 6205.70890 1.6850237 0.0403199
 6211.91244 1.6785703 0.0404299
 6218.13150 1.6844893 0.0403332
 6224.34982 1.6675853 0.0404007
 6230.56813 1.6608691 0.0402402
 6236.80197 1.6536847 0.0403120
 6243.03580 1.6516788 0.0401987
 6249.28441 1.6463782 0.0402069
 6255.53301 1.6267660 0.0402541
 6261.78162 1.6252733 0.0403217
 6268.04574 1.6389564 0.0404014
 6274.32464 1.6446695 0.0404647
 6280.58876 1.6661835 0.0404778
 6286.88318 1.6718080 0.0403812
 6293.16207 1.6934601 0.0404170
 6299.45648 1.6927100 0.0404643
 6305.75016 1.7131897 0.0405153
 6312.05935 1.7311687 0.0404559
 6318.36927 1.7304991 0.0405362
 6324.69324 1.7177231 0.0407095
 6331.01794 1.7342339 0.0406575
 6337.35742 1.7378501 0.0407383
 6343.68212 1.7375078 0.0406972
 6350.03637 1.7249531 0.0407360
 6356.37585 1.7232243 0.0407864
 6362.73084 1.7142665 0.0408890
 6369.10061 1.6986963 0.0409698
 6375.47038 1.6905863 0.0409251
 6381.84014 1.6868030 0.0411099
 6388.22543 1.6994632 0.0411770
 6394.60997 1.6962003 0.0411214
 6401.01003 1.6779855 0.0411864
 6407.41009 1.6676593 0.0411299
 6413.82566 1.6591848 0.0411864
 6420.24049 1.6554843 0.0413418
 6426.65606 1.6509341 0.0412674
 6433.08641 1.6512231 0.0413296
 6439.51676 1.6325026 0.0414046
 6445.96188 1.6497014 0.0413390
 6452.40774 1.6450000 0.0414006
 6458.85287 1.6330003 0.0414790
 6465.31350 1.6190467 0.0415470
 6471.77414 1.5999089 0.0416150
 6478.25029 1.5856247 0.0415833
 6484.72571 1.5606605 0.0415929
 6491.21664 1.5474632 0.0416967
 6497.70756 1.5457878 0.0417834
 6504.19849 1.5362039 0.0417725
 6510.70419 1.5308559 0.0419154
 6517.22541 1.5368294 0.0420567
 6523.73185 1.5408592 0.0422706
 6530.26785 1.5473512 0.0422297
 6536.78907 1.5414877 0.0424080
 6543.32506 1.5392762 0.0425320
 6549.87657 1.5433708 0.0426597
 6556.42807 1.5455991 0.0426479
 6562.97958 1.5383933 0.0427777
 6569.54587 1.5365562 0.0429063
 6576.11215 1.5369720 0.0430049
 6582.69395 1.5425144 0.0429984
 6589.27575 1.5365062 0.0431251
 6595.85754 1.5219561 0.0432103
 6602.45412 1.5144393 0.0432810
 6609.06620 1.5089478 0.0432683
 6615.66278 1.5090224 0.0433942
 6622.28964 1.5201696 0.0434775
 6628.90173 1.5241979 0.0435625
 6635.52859 1.5232935 0.0436647
 6642.17097 1.5273463 0.0436338
 6648.81335 1.5348147 0.0437208
 6655.47050 1.5263360 0.0438092
 6662.11288 1.5496737 0.0438945
 6668.78481 1.5770974 0.0439668
 6675.45748 1.5836160 0.0439261
 6682.13014 1.6075760 0.0440279
 6688.80207 1.6037943 0.0441453
 6695.50503 1.6160991 0.0442341
 6702.19247 1.6413616 0.0443128
 6708.89543 1.6229811 0.0444830
 6715.61317 1.6279050 0.0446665
 6722.31612 1.6221430 0.0448651
 6729.04863 1.6238372 0.0453885
 6735.76637 1.6277858 0.0453160
 6742.51439 1.6407470 0.0452711
 6749.24764 1.6757003 0.0452654
 6756.01118 1.6869696 0.0453991
 6762.75920 1.6798072 0.0456751
 6769.52200 1.6633688 0.0460246
 6776.30031 1.6652653 0.0463249
 6783.06385 1.6748860 0.0468687
 6789.85694 1.6678230 0.0474018
 6796.63525 1.6532151 0.0479576
 6803.44386 1.6495177 0.0484151
 6810.23768 1.6461869 0.0489701
 6817.04629 1.6146340 0.0494707
 6823.86967 1.6020701 0.0499224
 6830.69378 1.5969838 0.0503999
 6837.53268 1.5762022 0.0508575
 6844.35606 1.5692976 0.0512464
 6851.21046 1.5433811 0.0515419
 6858.06413 1.5339599 0.0516825
 6864.91854 1.5123380 0.0517920
 6871.78699 1.4923441 0.0517818
 6878.65617 1.4696082 0.0516802
 6885.54087 1.4550925 0.0514764
 6892.42483 1.4345814 0.0511917
 6899.30952 1.4297230 0.0508384
 6906.20826 1.4202169 0.0504068
 6913.12325 1.3949786 0.0498838
 6920.03750 1.3778549 0.0492893
 6926.95248 1.3610840 0.0486922
 6933.88151 1.3350670 0.0480232
 6940.81127 1.3408654 0.0472950
 6947.75655 1.3444750 0.0466232
 6954.70109 1.3350381 0.0459794
 6961.66114 1.3360850 0.0453145
 6968.62046 1.3341928 0.0446675
 6975.59603 1.3352792 0.0440392
 6982.57086 1.3184670 0.0434296
 6989.54568 1.3041898 0.0428574
 6996.53603 1.3086571 0.0422028
 7003.54115 1.3091805 0.0413829
 7010.54700 1.3061161 0.0407466
 7017.55212 1.2977428 0.0401195
 7024.57276 1.2667671 0.0395970
 7031.59265 1.2408893 0.0391759
 7038.62806 1.2446581 0.0387021
 7045.66421 1.2615629 0.0380772
 7052.71439 1.2652724 0.0375861
 7059.76532 1.2620533 0.0371395
 7066.83102 1.2663649 0.0367327
 7073.88194 1.2584296 0.0364547
 7080.96242 1.2467314 0.0362347
 7088.04363 1.2408711 0.0358980
 7095.13962 1.2543874 0.0355914
 7102.23561 1.2398709 0.0355684
 7109.33160 1.2353377 0.0356078
 7116.44310 1.2242579 0.0353546
 7123.55460 1.2093883 0.0346383
 7130.68088 1.1986681 0.0342729
 7137.80716 1.1878097 0.0340906
 7144.94822 1.1919227 0.0339389
 7152.10479 1.1820636 0.0338912
 7159.24658 1.1840755 0.0338973
 7166.40315 1.1779933 0.0338586
 7173.57523 1.1856838 0.0339419
 7180.74658 1.1670816 0.0340228
 7187.93344 1.1531749 0.0341377
 7195.12030 1.1509655 0.0342222
 7202.32267 1.1389383 0.0344521
 7209.50953 1.1407001 0.0348710
 7216.72668 1.1550946 0.0350346
 7223.94309 1.1390547 0.0348425
 7231.17575 1.1380602 0.0348829
 7238.40768 1.1355540 0.0349365
 7245.64034 1.1400728 0.0350227
 7252.88778 1.1414393 0.0350923
 7260.13522 1.1336163 0.0351127
 7267.39743 1.1416970 0.0352151
 7274.65965 1.1435142 0.0353126
 7281.93738 1.1411755 0.0353723
 7289.23062 1.1333839 0.0353739
 7296.52313 1.1181186 0.0352279
 7303.81563 1.0947812 0.0351442
 7311.10888 1.0925193 0.0350169
 7318.43167 1.0905591 0.0348200
 7325.73969 1.0840555 0.0345588
 7333.06249 1.0748512 0.0341297
 7340.40079 1.0722821 0.0339242
 7347.73910 1.0758727 0.0338966
 7355.09219 1.0630291 0.0341467
 7362.44527 1.0607358 0.0344691
 7369.81387 1.0714957 0.0338094
 7377.18247 1.0725114 0.0328041
 7384.55107 1.0566239 0.0322213
 7391.94922 1.0711244 0.0317032
 7399.33334 1.0679710 0.0313925
 7406.73149 1.0680994 0.0312054
 7414.14589 1.0642257 0.0310642
 7421.55956 1.0705221 0.0314635
 7428.97322 1.0714248 0.0318468
 7436.41717 1.0746446 0.0323745
 7443.84635 1.0810157 0.0318064
 7451.29031 1.0915558 0.0313625
 7458.74978 1.1008456 0.0312993
 7466.19373 1.0917994 0.0313407
 7473.66798 1.0878924 0.0316667
 7481.14222 1.1006896 0.0320652
 7488.61647 1.0985782 0.0325127
 7496.10623 1.1145678 0.0330048
 7503.61076 1.1221586 0.0330802
 7511.11530 1.1253426 0.0331171
 7518.61983 1.1406333 0.0339420
 7526.13988 1.1502919 0.0343226
 7533.67471 1.1569653 0.0342343
 7541.20953 1.1358832 0.0340423
 7548.74436 1.1290342 0.0340203
 7556.29396 1.1422333 0.0337053
 7563.84430 1.1240928 0.0334343
 7571.40941 1.1161953 0.0324366
 7578.98930 1.1053236 0.0320386
 7586.56993 1.0912322 0.0316902
 7594.14982 1.0815151 0.0312760
 7601.74523 1.0772378 0.0312061
 7609.34063 1.0778019 0.0308794
 7616.95081 1.0941521 0.0303424
 7624.57651 1.1049477 0.0301335
 7632.20220 1.0958009 0.0302741
 7639.84341 1.0960311 0.0305143
 7647.46911 1.0990354 0.0304529
 7655.12509 1.0971870 0.0299434
 7662.78034 1.0938634 0.0295105
 7670.43632 1.0825695 0.0292945
 7678.10782 1.0762483 0.0293588
 7685.79336 1.0686876 0.0292930
 7693.47964 1.0581917 0.0295205
 7701.16591 1.0502700 0.0297120
 7708.86696 1.0477793 0.0300447
 7716.58353 1.0365301 0.0304626
 7724.30009 1.0318565 0.0301386
 7732.01666 1.0218149 0.0297268
 7739.74800 1.0034347 0.0291371
 7747.49485 1.0124857 0.0288784
 7755.24171 1.0202800 0.0285230
 7763.00334 1.0226252 0.0282765
 7770.76497 1.0175231 0.0279737
 7778.52660 1.0144453 0.0277472
 7786.31926 1.0115265 0.0273988
 7794.09566 1.0101813 0.0271767
 7801.88832 1.0009885 0.0269455
 7809.69502 0.9901238 0.0266684
 7817.50246 0.9909207 0.0262365
 7825.32467 0.9820696 0.0258477
 7833.14688 0.9758504 0.0253463
 7840.98460 0.9713925 0.0251574
 7848.82159 0.9766247 0.0249494
 7856.67483 0.9787582 0.0245747
 7864.52733 0.9776660 0.0243944
 7872.39460 0.9836897 0.0242341
 7880.26262 0.9865080 0.0242435
 7888.14541 0.9874892 0.0242206
 7896.04372 0.9904615 0.0241930
 7903.92651 0.9963908 0.0242569
 7911.83959 0.9954275 0.0239770
 7919.75267 0.9966559 0.0238217
 7927.66575 0.9941890 0.0238655
 7935.59360 0.9897113 0.0239627
 7943.53698 0.9975117 0.0238942
 7951.48035 0.9968107 0.0237943
 7959.42372 0.9918717 0.0239032
 7967.38260 0.9868773 0.0240909
 7975.35626 0.9816260 0.0241697
 7983.32992 0.9805212 0.0241852
 7991.31836 0.9764433 0.0240296
 7999.30754 0.9767829 0.0241317
 8007.31075 0.9715263 0.0241247
 8015.31470 0.9665552 0.0240742
 8023.33416 0.9607376 0.0240099
 8031.35289 0.9611284 0.0238662
 8039.38713 0.9607126 0.0238673
 8047.42137 0.9651726 0.0237017
 8055.47039 0.9709349 0.0235387
 8063.53492 0.9587854 0.0233971
 8071.59945 0.9590976 0.0233334
 8079.66398 0.9526143 0.0232186
 8087.74329 0.9495620 0.0230270
 8095.83811 0.9479963 0.0228751
 8103.93293 0.9327530 0.0228135
 8112.04252 0.9342110 0.0225820
 8120.13735 0.9303094 0.0223695
 8128.26246 0.9326220 0.0220892
 8136.40234 0.9308421 0.0219119
 8144.52745 0.9352940 0.0218044
 8152.68212 0.9351715 0.0217279
 8160.82274 0.9292508 0.0215182
 8168.99292 0.9311326 0.0213713
 8177.16309 0.9271659 0.0213544
 8185.33327 0.9248124 0.0212853
 8193.51896 0.9201697 0.0212584
 8201.71943 0.9159396 0.0211732
 8209.91989 0.9128076 0.0212146
 8218.13587 0.9154727 0.0211063
 8226.35112 0.9181082 0.0208973
 8234.58261 0.9156808 0.0208039
 8242.81337 0.9152259 0.0209219
 8251.05890 0.9177702 0.0207890
 8259.30517 0.9188028 0.0204601
 8267.56622 0.9098039 0.0202861
 8275.82726 0.9103689 0.0202830
 8284.10383 0.9142191 0.0204254
 8292.39516 0.9148275 0.0203947
 8300.68650 0.9118875 0.0203016
 8308.99261 0.9094707 0.0203547
 8317.29946 0.9100064 0.0204009
 8325.62109 0.9039704 0.0204253
 8333.94271 0.8988178 0.0205014
 8342.27912 0.8950150 0.0205393
 8350.61626 0.8909054 0.0207439
 8358.96817 0.8837380 0.0209064
 8367.32009 0.8791602 0.0210419
 8375.68678 0.8662226 0.0212927
 8384.06899 0.8649874 0.0216913
 8392.45120 0.8676565 0.0218779
 8400.84818 0.8603452 0.0220386
 8409.24590 0.8551846 0.0222317
 8417.65839 0.8505408 0.0224563
 8426.08567 0.8402626 0.0226578
 8434.49816 0.8337492 0.0226522
 8442.94095 0.8218279 0.0226243
 8451.38300 0.8222297 0.0227057
 8459.84130 0.8241756 0.0228579
 8468.29886 0.8196303 0.0226866
 8476.75642 0.8186874 0.0224845
 8485.24501 0.8079498 0.0223669
 8493.73287 0.7980483 0.0222970
 8502.22072 0.7988474 0.0222067
 8510.72409 0.7988832 0.0220291
 8519.22745 0.8020009 0.0218105
 8527.74559 0.8049461 0.0216271
 8536.27925 0.8094777 0.0213635
 8544.81217 0.8134324 0.0211088
 8553.36134 0.8106209 0.0208527
 8561.92455 0.8128247 0.0206241
 8570.47372 0.8099795 0.0203700
 8579.05244 0.8101630 0.0200461
 8587.63116 0.8096815 0.0197613
 8596.20988 0.8099830 0.0195692
 8604.81890 0.8199658 0.0194783
 8613.41313 0.8191562 0.0193610
 8622.03692 0.8168594 0.0191253
 8630.66145 0.8138094 0.0188532
 8639.28597 0.8115190 0.0186649
 8647.92528 0.8150058 0.0184599
 8656.57935 0.8153437 0.0182919
 8665.23417 0.8108336 0.0181222
 8673.90376 0.8090304 0.0179860
 8682.57336 0.8131462 0.0178195
 8691.25772 0.8062946 0.0176598
 8699.94283 0.8033134 0.0175497
 8708.64271 0.8037962 0.0175009
 8717.35737 0.8047579 0.0174074
 8726.07277 0.8001935 0.0172809
 8734.80294 0.8028812 0.0173801
 8743.53311 0.8015145 0.0175155
 8752.27806 0.7987222 0.0174356
 8761.02375 0.7895241 0.0171843
 8769.79898 0.7896504 0.0171444
 8778.55945 0.7946121 0.0172961
 8787.35020 0.7966511 0.0173249
 8796.12544 0.8003601 0.0172202
 8804.93170 0.7934601 0.0171535
 8813.73723 0.7907392 0.0172550
 8822.54276 0.7796410 0.0174270
 8831.36380 0.7762641 0.0176081
 8840.20036 0.7799257 0.0178106
 8849.03618 0.7754626 0.0179664
 8857.88751 0.7734511 0.0182638
 8866.75362 0.7602407 0.0184690
 8875.61972 0.7514197 0.0187754
 8884.48583 0.7457319 0.0190971
 8893.38297 0.7341456 0.0194545
 8902.26385 0.7258646 0.0196817
 8911.17576 0.7121301 0.0200257
 8920.08768 0.7122080 0.0204497
 8928.99959 0.7057216 0.0208985
 8937.94105 0.6987761 0.0211929
 8946.86848 0.6844713 0.0215027
 8955.82546 0.6700691 0.0218140
 8964.78244 0.6644060 0.0221237
 8973.73941 0.6565329 0.0223294
 8982.71191 0.6567173 0.0223626
 8991.69917 0.6539539 0.0223415
 9000.68644 0.6502113 0.0223601
 9009.68848 0.6408976 0.0224134
 9018.70678 0.6497620 0.0223359
 9027.72434 0.6636301 0.0222049
 9036.74190 0.6606610 0.0217422
 9045.78975 0.6560051 0.0211940
 9054.83759 0.6684926 0.0207765
 9063.88544 0.6736413 0.0204763
 9072.94807 0.6797468 0.0203986
 9082.02620 0.6915962 0.0204013
 9091.10434 0.6926790 0.0199727
 9100.19799 0.6917228 0.0195321
 9109.30642 0.6882424 0.0191570
 9118.41485 0.6991233 0.0190982
 9127.53805 0.7007564 0.0190310
 9136.66200 0.7038239 0.0188515
 9145.80071 0.6995491 0.0185195
 9154.93869 0.6956214 0.0184189
 9164.09293 0.6981726 0.0184422
 9173.26193 0.6960031 0.0185103
 9182.43094 0.6939973 0.0185355
 9191.61472 0.6952810 0.0183905
 9200.81402 0.6900409 0.0185327
 9210.01332 0.6834372 0.0185783
 9219.22739 0.6758270 0.0183032
 9228.44147 0.6763725 0.0183945
 9237.67106 0.6800070 0.0184595
 9246.90064 0.6782136 0.0185728
 9256.16052 0.6853383 0.0185710
 9265.41966 0.6937058 0.0188134
 9274.67954 0.6933711 0.0191405
 9283.95419 0.6880173 0.0193253
 9293.24436 0.6880366 0.0194269
 9302.53453 0.6834131 0.0196930
 9311.83947 0.6885307 0.0201211
 9321.14442 0.6871599 0.0204335
 9330.46488 0.6894112 0.0203974
 9339.80011 0.6979656 0.0203105
 9349.13534 0.7025506 0.0206648
 9358.48609 0.7152293 0.0210301
 9367.85161 0.7241523 0.0210378
 9377.21714 0.7318429 0.0210245
 9386.59818 0.7386968 0.0209187
 9395.97848 0.7443213 0.0206958
 9405.37429 0.7492056 0.0206816
 9414.78562 0.7605215 0.0204811
 9424.19695 0.7725155 0.0204834
 9433.62305 0.7794804 0.0206422
 9443.06393 0.7876225 0.0204264
 9452.49003 0.7911491 0.0201657
 9461.94643 0.7940319 0.0201266
 9471.41833 0.7950154 0.0201981
 9480.88950 0.7952332 0.0203500
 9490.37619 0.7976015 0.0203657
 9499.86287 0.8028514 0.0204843
 9509.36433 0.8009197 0.0203666
 9518.86653 0.8050369 0.0207778
 9528.38350 0.8091336 0.0209202
 9537.91525 0.8132110 0.0212376
 9547.46252 0.8134159 0.0215290
 9557.00978 0.8119943 0.0217737
 9566.55704 0.8078281 0.0220569
 9576.13460 0.8104869 0.0218627
 9585.71215 0.8140114 0.0219156
 9595.28897 0.8146653 0.0220235
 9604.88203 0.8181558 0.0221753
 9614.48988 0.8170911 0.0222715
 9624.11250 0.8211989 0.0223113
 9633.73512 0.8121873 0.0223301
 9643.35774 0.7951650 0.0227192
 9653.01138 0.7960740 0.0226039
 9662.66429 0.7962142 0.0226558
 9672.33272 0.7797295 0.0229426
 9682.00040 0.7712311 0.0230837
 9691.68360 0.7638251 0.0225968
 9701.38232 0.7625500 0.0222710
 9711.06552 0.7667534 0.0223099
 9720.77974 0.7570884 0.0224760
 9730.50801 0.7556408 0.0226414
 9740.23701 0.7547100 0.0227929
 9749.98079 0.7611508 0.0223988
 9759.72457 0.7651856 0.0216960
 9769.49864 0.7651755 0.0214214
 9779.25793 0.7628158 0.0211754
 9789.03200 0.7657133 0.0207623
 9798.83636 0.7657857 0.0205800
 9808.62521 0.7675341 0.0204847
 9818.42957 0.7722085 0.0203642
 9828.24944 0.7666089 0.0202778
 9838.08409 0.7571807 0.0201608
 9847.91874 0.7625617 0.0200200
 9857.76817 0.7624188 0.0198881
 9867.63311 0.7613642 0.0196586
 9877.49805 0.7603627 0.0194823
 9887.37850 0.7572274 0.0192726
 9897.25821 0.7498381 0.0189467
 9907.15344 0.7418559 0.0186685
 9917.06419 0.7377704 0.0183978
 9926.98897 0.7236125 0.0181804
 9936.91449 0.7196386 0.0176822
 9946.85552 0.7187966 0.0172460
 9956.79582 0.7157790 0.0168116
 9966.75163 0.7090116 0.0164604
 9976.72221 0.7039596 0.0161640
 9986.70831 0.7022383 0.0160303
 9996.69441 0.6962125 0.0159335
 10006.68051 0.6901362 0.0157043
 10016.69616 0.6802006 0.0153789
 10026.71255 0.6807849 0.0151002
 10036.74372 0.6849130 0.0145711
 10046.77562 0.6813112 0.0143142
 10056.82156 0.6729279 0.0142698
 10066.88375 0.6704130 0.0143120
 10076.94521 0.6668212 0.0142588
 10087.02144 0.6671036 0.0142488
 10097.11392 0.6622367 0.0145005
 10107.20567 0.6590277 0.0148244
 10117.31219 0.6604335 0.0151972
 10127.43423 0.6650631 0.0150974
 10137.55700 0.6633360 0.0150513
 10147.69381 0.6656307 0.0151057
 10157.84614 0.6667324 0.0153494
 10167.99846 0.6673849 0.0156391
 10178.18108 0.6694256 0.0157798
 10188.34892 0.6721423 0.0160203
 10198.54631 0.6776319 0.0163855
 10208.74444 0.6786051 0.0167385
 10218.95734 0.6791738 0.0169506
 10229.17025 0.6830760 0.0170015
 10239.39793 0.6912392 0.0172183
 10249.64112 0.6892759 0.0174639
 10259.88432 0.6898643 0.0177988
 10270.15780 0.6895140 0.0178187
 10280.41651 0.6858527 0.0178408
 10290.70477 0.6887462 0.0178326
 10300.99377 0.6870512 0.0179267
 10311.29681 0.6858097 0.0180159
 10321.61610 0.6820453 0.0178621
 10331.93465 0.6863947 0.0176249
 10342.26872 0.6855230 0.0174214
 10352.60278 0.6822940 0.0172595
 10362.95162 0.6821328 0.0171982
 10373.31598 0.6850188 0.0171466
 10383.69511 0.6782898 0.0170631
 10394.07498 0.6706331 0.0169719
 10404.46889 0.6680799 0.0168199
 10414.87904 0.6653342 0.0165930
 10425.28847 0.6624538 0.0161953
 10435.72818 0.6620834 0.0158866
 10446.15311 0.6584143 0.0156824
 10456.60760 0.6498349 0.0155522
 10467.06282 0.6364049 0.0154034
 10477.51805 0.6340707 0.0150110
 10488.00283 0.6288247 0.0147199
 10498.48834 0.6214426 0.0146216
 10508.98863 0.6181046 0.0145847
 10519.50444 0.6102570 0.0146851
 10530.01950 0.6063845 0.0147748
 10540.55009 0.5945795 0.0149540
 10551.09618 0.5956035 0.0149939
 10561.64228 0.5869995 0.0153016
 10572.20315 0.5858701 0.0155896
 10582.77879 0.5834903 0.0157352
 10593.36995 0.5808187 0.0159151
 10603.96112 0.5794622 0.0162930
 10614.55228 0.5755908 0.0159309
 10625.17373 0.5793959 0.0157917
 10635.80995 0.5751446 0.0156420
 10646.43141 0.5735616 0.0159560
 10657.08315 0.5765459 0.0163237
 10667.75040 0.5730284 0.0161600
 10678.40214 0.5718648 0.0159926
 10689.08417 0.5632659 0.0157531
 10699.78098 0.5651476 0.0159499
 10710.47779 0.5635267 0.0158555
 10721.19011 0.5629896 0.0159511
 10731.91720 0.5679560 0.0156222
 10742.64504 0.5682842 0.0156301
 10753.38765 0.5684384 0.0156688
 10764.14504 0.5696061 0.0158970
 10774.90242 0.5715539 0.0156748
 10785.67533 0.5738137 0.0157453
 10796.46300 0.5702814 0.0158103
 10807.26619 0.5707706 0.0163422
 10818.06938 0.5646504 0.0164119
 10828.88735 0.5661271 0.0164867
 10839.72009 0.5667768 0.0167542
 10850.55357 0.5706384 0.0172398
 10861.41735 0.5596987 0.0175498
 10872.28038 0.5461783 0.0173145
 10883.14415 0.5434064 0.0174811
 10894.02270 0.5527877 0.0175849
 10904.93153 0.5504010 0.0178095
 10915.82559 0.5531567 0.0180261
 10926.74921 0.5544432 0.0178368
 10937.67356 0.5551537 0.0177691
 10948.61268 0.5492563 0.0175668
 10959.56732 0.5495145 0.0174045
 10970.52123 0.5582232 0.0173201
 10981.49064 0.5652598 0.0174293
 10992.47558 0.5662524 0.0173206
 11003.47454 0.5613699 0.0165872
 11014.47425 0.5629721 0.0161077
 11025.48947 0.5628960 0.0156562
 11036.51947 0.5607414 0.0152058
 11047.54946 0.5597398 0.0149909
 11058.59424 0.5593483 0.0147400
 11069.65452 0.5603797 0.0146184
 11080.72959 0.5560247 0.0141655
 11091.80539 0.5553434 0.0137434
 11102.89596 0.5536680 0.0134739
 11114.00132 0.5501726 0.0132169
 11125.12218 0.5492263 0.0131889
 11136.24231 0.5447069 0.0128190
 11147.37869 0.5436159 0.0126849
 11158.52985 0.5422495 0.0124069
 11169.69578 0.5345981 0.0123484
 11180.86171 0.5303271 0.0121837
 11192.04316 0.5260758 0.0120205
 11203.22387 0.5271910 0.0118107
 11214.43561 0.5230419 0.0117722
 11225.64734 0.5196396 0.0117921
 11236.87386 0.5177498 0.0118484
 11248.11588 0.5164748 0.0117791
 11259.35717 0.5207921 0.0117263
 11270.61397 0.5236504 0.0115709
 11281.88629 0.5201900 0.0114646
 11293.17338 0.5157875 0.0112979
 11304.47599 0.5157455 0.0112625
 11315.77786 0.5176296 0.0114097
 11327.09524 0.5187549 0.0115089
 11338.41262 0.5144597 0.0116727
 11349.76029 0.5069726 0.0117231
 11361.10797 0.4978817 0.0118436
 11372.47115 0.4948007 0.0120290
 11383.84912 0.4889041 0.0122687
 11395.22708 0.4869097 0.0126231
 11406.61982 0.4870247 0.0130097
 11418.02807 0.4785524 0.0132209
 11429.45110 0.4719597 0.0134104
 11440.87486 0.4604583 0.0137119
 11452.31341 0.4537753 0.0140549
 11463.76673 0.4467666 0.0145211
 11475.23556 0.4373251 0.0150097
 11486.70439 0.4285283 0.0154109
 11498.20351 0.4239506 0.0154899
 11509.70190 0.4182155 0.0156097
 11521.21653 0.4118115 0.0158584
 11532.73043 0.4064285 0.0160870
 11544.25984 0.3968603 0.0164055
 11555.80403 0.3952610 0.0163374
 11567.36374 0.3919869 0.0163195
 11578.93821 0.3936158 0.0162144
 11590.51269 0.3943557 0.0162353
 11602.10268 0.3967646 0.0162833
 11613.70745 0.3963318 0.0162072
 11625.31222 0.4025995 0.0160483
 11636.94728 0.4074273 0.0158871
 11648.58234 0.4226387 0.0159655
 11660.23291 0.4323977 0.0161029
 11671.89826 0.4560179 0.0163591
 11683.56361 0.4662643 0.0166130
 11695.25924 0.4729070 0.0164078
 11706.94011 0.4784302 0.0160639
 11718.65052 0.4845567 0.0158924
 11730.37645 0.4880335 0.0157377
 11742.10238 0.4960922 0.0155584
 11753.84382 0.4998477 0.0156097
 11765.60004 0.4942949 0.0154139
 11777.37103 0.4955483 0.0152298
 11789.14203 0.4985752 0.0152085
 11800.92853 0.4969504 0.0153245
 11812.73056 0.4988878 0.0155797
 11824.54736 0.5052938 0.0157880
 11836.36415 0.4967877 0.0161050
 11848.21050 0.4953490 0.0163000
 11860.05759 0.4949374 0.0163453
 11871.92019 0.4951792 0.0164356
 11883.79683 0.4961853 0.0167082
 11895.67421 0.4881214 0.0168313
 11907.56637 0.4833391 0.0170850
 11919.48955 0.4817407 0.0175436
 11931.39648 0.4766209 0.0176775
 11943.33444 0.4728828 0.0180570
 11955.27239 0.4703159 0.0179963
 11967.24064 0.4698456 0.0182255
 11979.20815 0.4627095 0.0183757
 11991.17640 0.4616103 0.0186213
 12003.17494 0.4632649 0.0187604
 12015.17274 0.4635618 0.0186609
 12027.18605 0.4591758 0.0187418
 12039.21488 0.4612753 0.0188590
 12051.25848 0.4680665 0.0189949
 12063.30209 0.4622276 0.0190965
 12075.37598 0.4568840 0.0192580
 12087.44988 0.4572113 0.0193614
 12099.53929 0.4575148 0.0196619
 12111.64347 0.4686329 0.0203832
 12123.74765 0.4710470 0.0211950
 12135.88213 0.4796289 0.0220550
 12148.01660 0.4879420 0.0229067
 12160.15108 0.4820555 0.0234527
 12172.31510 0.4738011 0.0239242
 12184.49538 0.4716049 0.0245669
 12196.67492 0.4678816 0.0248841
 12208.88549 0.4618248 0.0252085
 12221.07980 0.4534515 0.0257002
 12233.30515 0.4488017 0.0258595
 12245.54600 0.4487048 0.0264392
 12257.78612 0.4379289 0.0272739
 12270.04176 0.4285951 0.0286626
 12282.31217 0.4287106 0.0308004
 12294.59809 0.4247644 0.0308815
 12306.89879 0.4270733 0.0310780
 12319.19949 0.4205638 0.0313196
 12331.51571 0.4199443 0.0317418
 12343.86221 0.4185826 0.0322365
 12356.19320 0.4007805 0.0331941
 12368.55448 0.3884946 0.0334864
 12380.93127 0.3699135 0.0349727
 12393.30733 0.3803290 0.0355814
 12405.69964 0.3622726 0.0367282
 12418.10672 0.3516964 0.0378251
 12430.52858 0.3552856 0.0388013
 12442.96522 0.3564597 0.0402131
 12455.40185 0.3526124 0.0415110
 12467.85474 0.3792236 0.0450924
 12480.32093 0.3768519 0.0488622
 12492.80337 0.3633524 0.0510917
 12505.30206 0.3574454 0.0534616
 12517.79927 0.3575923 0.0565217
 12530.32752 0.3501844 0.0607591
 12542.85429 0.3340521 0.0676733
 12555.39731 0.3424466 0.0768555
 12567.95510 0.3357661 0.0873096
 12580.52915 0.3291342 0.0969202
 12593.10172 0.3257367 0.1096142
 12605.69054 0.2837152 0.1302204
 12618.30892 0.1959139 0.1658733
