 15000.0000 2.34482e-16
 15001.0000 2.13552e-16
 15002.0000 2.02919e-16
 15003.0000 1.82140e-16
 15004.0000 1.71929e-16
 15005.0000 1.73968e-16
 15006.0000 1.74678e-16
 15007.0000 1.90769e-16
 15008.0000 2.30210e-16
 15009.0000 2.40458e-16
 15010.0000 2.42807e-16
 15011.0000 2.47189e-16
 15012.0000 2.32961e-16
 15013.0000 2.24430e-16
 15014.0000 2.34333e-16
 15015.0000 2.26886e-16
 15016.0000 2.33942e-16
 15017.0000 2.38465e-16
 15018.0000 2.32273e-16
 15019.0000 2.00454e-16
 15020.0000 2.17606e-16
 15021.0000 2.98975e-16
 15022.0000 3.03343e-16
 15023.0000 3.05076e-16
 15024.0000 2.98928e-16
 15025.0000 2.91524e-16
 15026.0000 1.96719e-16
 15027.0000 1.95536e-16
 15028.0000 1.72438e-16
 15029.0000 1.79171e-16
 15030.0000 1.79878e-16
 15031.0000 2.31903e-16
 15032.0000 2.18998e-16
 15033.0000 2.40153e-16
 15034.0000 2.30501e-16
 15035.0000 2.21517e-16
 15036.0000 1.80938e-16
 15037.0000 1.72425e-16
 15038.0000 1.48328e-16
 15039.0000 1.43175e-16
 15040.0000 1.38844e-16
 15041.0000 1.46764e-16
 15042.0000 1.63943e-16
 15043.0000 1.59029e-16
 15044.0000 2.35109e-16
 15045.0000 2.39484e-16
 15046.0000 3.08762e-16
 15047.0000 4.98298e-16
 15048.0000 4.60338e-16
 15049.0000 2.52600e-16
 15050.0000 3.20906e-16
 15051.0000 8.03759e-17
 15052.0000 6.21726e-17
 15053.0000 1.14416e-16
 15054.0000 2.83035e-16
 15055.0000 2.31633e-16
 15056.0000 4.32050e-16
 15057.0000 2.53508e-16
 15058.0000 3.23777e-16
 15059.0000 4.25278e-16
 15060.0000 5.92835e-16
 15061.0000 6.81302e-16
 15062.0000 7.40024e-16
 15063.0000 7.44436e-16
 15064.0000 6.36216e-16
 15065.0000 3.79146e-16
 15066.0000 2.47753e-16
 15067.0000 2.05603e-16
 15068.0000 1.73239e-16
 15069.0000 2.06188e-16
 15070.0000 2.84905e-16
 15071.0000 2.92642e-16
 15072.0000 3.02515e-16
 15073.0000 2.79718e-16
 15074.0000 2.51693e-16
 15075.0000 2.22090e-16
 15076.0000 1.97905e-16
 15077.0000 1.92312e-16
 15078.0000 1.89119e-16
 15079.0000 1.92447e-16
 15080.0000 1.68400e-16
 15081.0000 2.71567e-16
 15082.0000 2.45517e-16
 15083.0000 2.47058e-16
 15084.0000 1.62089e-16
 15085.0000 2.47082e-16
 15086.0000 1.73905e-16
 15087.0000 2.00434e-16
 15088.0000 1.83207e-16
 15089.0000 2.62660e-16
 15090.0000 2.30143e-16
 15091.0000 2.21258e-16
 15092.0000 2.52675e-16
 15093.0000 2.82707e-16
 15094.0000 2.86451e-16
 15095.0000 2.86363e-16
 15096.0000 2.78838e-16
 15097.0000 2.57030e-16
 15098.0000 2.30086e-16
 15099.0000 2.13930e-16
 15100.0000 2.10753e-16
 15101.0000 1.77122e-16
 15102.0000 1.39179e-16
 15103.0000 1.49422e-16
 15104.0000 1.55152e-16
 15105.0000 1.72691e-16
 15106.0000 2.51059e-16
 15107.0000 2.48280e-16
 15108.0000 2.64656e-16
 15109.0000 2.76020e-16
 15110.0000 3.00941e-16
 15111.0000 2.49421e-16
 15112.0000 2.84887e-16
 15113.0000 2.70220e-16
 15114.0000 2.47720e-16
 15115.0000 2.24125e-16
 15116.0000 2.36070e-16
 15117.0000 2.05747e-16
 15118.0000 1.94955e-16
 15119.0000 2.10262e-16
 15120.0000 1.90998e-16
 15121.0000 1.73973e-16
 15122.0000 1.69377e-16
 15123.0000 1.62511e-16
 15124.0000 1.75471e-16
 15125.0000 1.99909e-16
 15126.0000 2.41106e-16
 15127.0000 2.28802e-16
 15128.0000 2.39907e-16
 15129.0000 2.56620e-16
 15130.0000 2.32216e-16
 15131.0000 2.04080e-16
 15132.0000 2.51451e-16
 15133.0000 2.58645e-16
 15134.0000 2.09153e-16
 15135.0000 2.04530e-16
 15136.0000 1.88939e-16
 15137.0000 1.57512e-16
 15138.0000 1.48629e-16
 15139.0000 1.58805e-16
 15140.0000 1.83768e-16
 15141.0000 2.23007e-16
 15142.0000 2.04360e-16
 15143.0000 1.85731e-16
 15144.0000 1.86732e-16
 15145.0000 1.94788e-16
 15146.0000 1.90890e-16
 15147.0000 2.20675e-16
 15148.0000 2.30317e-16
 15149.0000 2.30289e-16
 15150.0000 2.27033e-16
 15151.0000 1.96889e-16
 15152.0000 2.22274e-16
 15153.0000 2.30500e-16
 15154.0000 2.38121e-16
 15155.0000 1.87209e-16
 15156.0000 1.85144e-16
 15157.0000 1.83283e-16
 15158.0000 2.04190e-16
 15159.0000 1.93034e-16
 15160.0000 2.19863e-16
 15161.0000 2.35289e-16
 15162.0000 2.17108e-16
 15163.0000 2.19240e-16
 15164.0000 2.17663e-16
 15165.0000 2.24833e-16
 15166.0000 1.68486e-16
 15167.0000 1.72424e-16
 15168.0000 1.54139e-16
 15169.0000 1.51942e-16
 15170.0000 1.54051e-16
 15171.0000 2.14189e-16
 15172.0000 2.31157e-16
 15173.0000 2.45117e-16
 15174.0000 2.40309e-16
 15175.0000 2.51223e-16
 15176.0000 2.36430e-16
 15177.0000 2.56127e-16
 15178.0000 3.19687e-16
 15179.0000 3.13532e-16
 15180.0000 3.06108e-16
 15181.0000 2.84772e-16
 15182.0000 2.61136e-16
 15183.0000 9.88743e-17
 15184.0000 1.05048e-16
 15185.0000 8.87259e-17
 15186.0000 1.13723e-16
 15187.0000 9.98151e-17
 15188.0000 1.85643e-16
 15189.0000 1.95234e-16
 15190.0000 2.08665e-16
 15191.0000 2.15549e-16
 15192.0000 2.14386e-16
 15193.0000 2.08823e-16
 15194.0000 2.17600e-16
 15195.0000 2.08026e-16
 15196.0000 2.15669e-16
 15197.0000 2.13830e-16
 15198.0000 2.17440e-16
 15199.0000 1.91224e-16
 15200.0000 1.97401e-16
 15201.0000 1.76373e-16
 15202.0000 1.49768e-16
 15203.0000 1.59769e-16
 15204.0000 1.83148e-16
 15205.0000 1.84942e-16
 15206.0000 1.86912e-16
 15207.0000 2.16809e-16
 15208.0000 2.15636e-16
 15209.0000 2.25010e-16
 15210.0000 2.33067e-16
 15211.0000 2.44273e-16
 15212.0000 2.52640e-16
 15213.0000 2.56495e-16
 15214.0000 2.51081e-16
 15215.0000 2.35178e-16
 15216.0000 2.35255e-16
 15217.0000 2.33819e-16
 15218.0000 2.31011e-16
 15219.0000 2.44013e-16
 15220.0000 2.56973e-16
 15221.0000 2.62734e-16
 15222.0000 2.59488e-16
 15223.0000 2.50245e-16
 15224.0000 2.28930e-16
 15225.0000 2.21837e-16
 15226.0000 2.11588e-16
 15227.0000 2.11079e-16
 15228.0000 2.37650e-16
 15229.0000 2.31223e-16
 15230.0000 2.32014e-16
 15231.0000 2.05287e-16
 15232.0000 6.41225e-20
 15233.0000 -1.35379e-16
 15234.0000 -7.69656e-17
 15235.0000 -2.05071e-16
 15236.0000 -1.77622e-16
 15237.0000 1.59390e-16
 15238.0000 2.51835e-16
 15239.0000 1.72895e-16
 15240.0000 2.94926e-16
 15241.0000 2.92810e-16
 15242.0000 1.75461e-16
 15243.0000 1.97779e-16
 15244.0000 2.40141e-16
 15245.0000 2.39599e-16
 15246.0000 2.29844e-16
 15247.0000 2.03374e-16
 15248.0000 2.15492e-16
 15249.0000 2.04383e-16
 15250.0000 1.94088e-16
 15251.0000 2.11944e-16
 15252.0000 2.75413e-16
 15253.0000 2.55959e-16
 15254.0000 2.52854e-16
 15255.0000 2.49006e-16
 15256.0000 2.35213e-16
 15257.0000 1.76094e-16
 15258.0000 1.69811e-16
 15259.0000 1.62415e-16
 15260.0000 1.62440e-16
 15261.0000 1.76994e-16
 15262.0000 1.88690e-16
 15263.0000 1.94517e-16
 15264.0000 2.07476e-16
 15265.0000 2.22508e-16
 15266.0000 2.10234e-16
 15267.0000 1.88625e-16
 15268.0000 1.94374e-16
 15269.0000 1.94908e-16
 15270.0000 1.49233e-16
 15271.0000 9.66415e-17
 15272.0000 7.99369e-17
 15273.0000 9.93019e-17
 15274.0000 1.14502e-16
 15275.0000 1.73887e-16
 15276.0000 2.38479e-16
 15277.0000 2.64059e-16
 15278.0000 2.45772e-16
 15279.0000 2.52408e-16
 15280.0000 2.67297e-16
 15281.0000 3.06211e-16
 15282.0000 2.53280e-16
 15283.0000 1.85406e-16
 15284.0000 1.56179e-16
 15285.0000 1.27940e-16
 15286.0000 9.08203e-17
 15287.0000 1.46711e-16
 15288.0000 2.00671e-16
 15289.0000 2.08013e-16
 15290.0000 2.19386e-16
 15291.0000 1.96449e-16
 15292.0000 1.89983e-16
 15293.0000 2.01009e-16
 15294.0000 1.98211e-16
 15295.0000 1.86585e-16
 15296.0000 1.96066e-16
 15297.0000 1.96451e-16
 15298.0000 2.04103e-16
 15299.0000 2.04417e-16
 15300.0000 2.13988e-16
 15301.0000 2.34143e-16
 15302.0000 2.42226e-16
 15303.0000 2.43358e-16
 15304.0000 2.38252e-16
 15305.0000 2.27186e-16
 15306.0000 2.35469e-16
 15307.0000 2.35225e-16
 15308.0000 2.21314e-16
 15309.0000 2.27444e-16
 15310.0000 2.36654e-16
 15311.0000 2.24587e-16
 15312.0000 2.27925e-16
 15313.0000 2.35678e-16
 15314.0000 2.42453e-16
 15315.0000 2.22842e-16
 15316.0000 2.21135e-16
 15317.0000 2.05446e-16
 15318.0000 2.03709e-16
 15319.0000 2.08709e-16
 15320.0000 2.19583e-16
 15321.0000 2.24713e-16
 15322.0000 2.28937e-16
 15323.0000 3.38559e-16
 15324.0000 1.69409e-17
 15325.0000 -7.52995e-17
 15326.0000 1.66253e-16
 15327.0000 2.15502e-16
 15328.0000 2.29377e-16
 15329.0000 5.01668e-16
 15330.0000 6.00680e-16
 15331.0000 3.47791e-16
 15332.0000 2.98625e-16
 15333.0000 1.57032e-16
 15334.0000 1.69823e-16
 15335.0000 1.88298e-16
 15336.0000 1.92668e-16
 15337.0000 2.16327e-16
 15338.0000 2.22514e-16
 15339.0000 2.58887e-16
 15340.0000 2.49513e-16
 15341.0000 2.49637e-16
 15342.0000 2.37088e-16
 15343.0000 2.75863e-16
 15344.0000 2.50044e-16
 15345.0000 2.55677e-16
 15346.0000 2.80876e-16
 15347.0000 2.73386e-16
 15348.0000 2.48216e-16
 15349.0000 2.75494e-16
 15350.0000 2.48785e-16
 15351.0000 2.19012e-16
 15352.0000 2.21660e-16
 15353.0000 2.08488e-16
 15354.0000 1.99883e-16
 15355.0000 2.22124e-16
 15356.0000 2.32957e-16
 15357.0000 2.42991e-16
 15358.0000 2.55562e-16
 15359.0000 2.59972e-16
 15360.0000 2.44961e-16
 15361.0000 2.46571e-16
 15362.0000 2.27526e-16
 15363.0000 2.37365e-16
 15364.0000 2.39747e-16
 15365.0000 2.37864e-16
 15366.0000 2.26845e-16
 15367.0000 2.51126e-16
 15368.0000 2.56115e-16
 15369.0000 2.76337e-16
 15370.0000 3.06346e-16
 15371.0000 3.18842e-16
 15372.0000 2.41114e-16
 15373.0000 2.18123e-16
 15374.0000 1.82487e-16
 15375.0000 1.68011e-16
 15376.0000 1.61679e-16
 15377.0000 2.32210e-16
 15378.0000 2.41428e-16
 15379.0000 2.47228e-16
 15380.0000 2.73794e-16
 15381.0000 2.83428e-16
 15382.0000 2.87901e-16
 15383.0000 2.52362e-16
 15384.0000 2.66916e-16
 15385.0000 2.45189e-16
 15386.0000 2.62763e-16
 15387.0000 2.48951e-16
 15388.0000 2.55177e-16
 15389.0000 2.49535e-16
 15390.0000 2.20337e-16
 15391.0000 1.49081e-16
 15392.0000 1.65717e-16
 15393.0000 1.84346e-16
 15394.0000 1.60755e-16
 15395.0000 1.84173e-16
 15396.0000 2.23550e-16
 15397.0000 1.90017e-16
 15398.0000 1.92610e-16
 15399.0000 2.17520e-16
 15400.0000 2.14341e-16
 15401.0000 2.29853e-16
 15402.0000 2.60296e-16
 15403.0000 2.55654e-16
 15404.0000 2.46223e-16
 15405.0000 2.50328e-16
 15406.0000 2.46981e-16
 15407.0000 2.40430e-16
 15408.0000 2.59229e-16
 15409.0000 2.56426e-16
 15410.0000 2.49243e-16
 15411.0000 2.32955e-16
 15412.0000 2.34164e-16
 15413.0000 2.26476e-16
 15414.0000 2.10054e-16
 15415.0000 2.07104e-16
 15416.0000 2.21417e-16
 15417.0000 2.21888e-16
 15418.0000 2.33316e-16
 15419.0000 2.51627e-16
 15420.0000 2.37444e-16
 15421.0000 2.45716e-16
 15422.0000 3.13809e-16
 15423.0000 3.46644e-16
 15424.0000 6.23893e-17
 15425.0000 4.20608e-17
 15426.0000 -4.55511e-17
 15427.0000 -1.98878e-16
 15428.0000 -1.87419e-16
 15429.0000 1.28918e-16
 15430.0000 1.61881e-16
 15431.0000 2.51179e-16
 15432.0000 3.32898e-16
 15433.0000 2.75895e-16
 15434.0000 2.49748e-16
 15435.0000 2.58004e-16
 15436.0000 2.30311e-16
 15437.0000 2.28415e-16
 15438.0000 2.23155e-16
 15439.0000 2.22142e-16
 15440.0000 2.13233e-16
 15441.0000 2.18689e-16
 15442.0000 2.28910e-16
 15443.0000 2.40611e-16
 15444.0000 2.27105e-16
 15445.0000 2.25329e-16
 15446.0000 2.22386e-16
 15447.0000 2.05088e-16
 15448.0000 2.02994e-16
 15449.0000 1.87882e-16
 15450.0000 1.89947e-16
 15451.0000 2.06954e-16
 15452.0000 2.18715e-16
 15453.0000 2.36239e-16
 15454.0000 2.54855e-16
 15455.0000 2.24747e-16
 15456.0000 2.21692e-16
 15457.0000 2.13016e-16
 15458.0000 1.93091e-16
 15459.0000 2.09913e-16
 15460.0000 2.41309e-16
 15461.0000 2.20256e-16
 15462.0000 2.32189e-16
 15463.0000 2.41375e-16
 15464.0000 2.18175e-16
 15465.0000 2.08476e-16
 15466.0000 2.37260e-16
 15467.0000 2.33989e-16
 15468.0000 2.37518e-16
 15469.0000 2.45177e-16
 15470.0000 2.50721e-16
 15471.0000 2.32318e-16
 15472.0000 2.25714e-16
 15473.0000 2.06032e-16
 15474.0000 2.09263e-16
 15475.0000 2.33974e-16
 15476.0000 2.29751e-16
 15477.0000 2.36616e-16
 15478.0000 2.60623e-16
 15479.0000 2.44552e-16
 15480.0000 2.40903e-16
 15481.0000 2.26978e-16
 15482.0000 1.99655e-16
 15483.0000 2.24978e-16
 15484.0000 2.64882e-16
 15485.0000 2.54146e-16
 15486.0000 2.85419e-16
 15487.0000 3.07888e-16
 15488.0000 2.74697e-16
 15489.0000 2.50705e-16
 15490.0000 2.50897e-16
 15491.0000 2.36060e-16
 15492.0000 2.98707e-16
 15493.0000 2.77641e-16
 15494.0000 2.89073e-16
 15495.0000 2.37759e-16
 15496.0000 2.33985e-16
 15497.0000 1.70464e-16
 15498.0000 1.83780e-16
 15499.0000 1.64444e-16
 15500.0000 2.17433e-16
 15501.0000 2.39448e-16
 15502.0000 2.82051e-16
 15503.0000 3.11573e-16
 15504.0000 2.58851e-16
 15505.0000 2.47210e-16
 15506.0000 2.65060e-16
 15507.0000 2.31481e-16
 15508.0000 1.98092e-16
 15509.0000 2.47064e-16
 15510.0000 2.76110e-16
 15511.0000 2.01285e-16
 15512.0000 2.25046e-16
 15513.0000 2.43021e-16
 15514.0000 2.50168e-16
 15515.0000 2.23400e-16
 15516.0000 2.64995e-16
 15517.0000 2.46611e-16
 15518.0000 2.41948e-16
 15519.0000 2.33436e-16
 15520.0000 2.24587e-16
 15521.0000 2.28599e-16
 15522.0000 2.08137e-16
 15523.0000 1.95976e-16
 15524.0000 2.00930e-16
 15525.0000 2.06574e-16
 15526.0000 1.96508e-16
 15527.0000 1.95008e-16
 15528.0000 1.88944e-16
 15529.0000 2.00520e-16
 15530.0000 2.07345e-16
 15531.0000 2.15072e-16
 15532.0000 1.94636e-16
 15533.0000 2.74281e-16
 15534.0000 1.60067e-16
 15535.0000 2.00705e-16
 15536.0000 1.79176e-16
 15537.0000 1.93836e-16
 15538.0000 1.06761e-16
 15539.0000 2.49537e-16
 15540.0000 1.85061e-16
 15541.0000 1.63184e-16
 15542.0000 2.02399e-16
 15543.0000 2.09239e-16
 15544.0000 1.75208e-16
 15545.0000 1.87692e-16
 15546.0000 2.23018e-16
 15547.0000 1.89468e-16
 15548.0000 1.86459e-16
 15549.0000 1.74669e-16
 15550.0000 1.81279e-16
 15551.0000 1.96580e-16
 15552.0000 1.92920e-16
 15553.0000 1.99029e-16
 15554.0000 2.14775e-16
 15555.0000 2.35756e-16
 15556.0000 2.22278e-16
 15557.0000 2.48434e-16
 15558.0000 2.69212e-16
 15559.0000 2.65584e-16
 15560.0000 2.52515e-16
 15561.0000 2.56467e-16
 15562.0000 2.51914e-16
 15563.0000 1.82571e-16
 15564.0000 1.90421e-16
 15565.0000 1.57503e-16
 15566.0000 1.70883e-16
 15567.0000 1.54805e-16
 15568.0000 2.17140e-16
 15569.0000 2.06542e-16
 15570.0000 2.32753e-16
 15571.0000 2.07082e-16
 15572.0000 2.16558e-16
 15573.0000 1.99579e-16
 15574.0000 1.93142e-16
 15575.0000 1.97051e-16
 15576.0000 2.06756e-16
 15577.0000 2.01434e-16
 15578.0000 2.11819e-16
 15579.0000 2.13382e-16
 15580.0000 2.08622e-16
 15581.0000 2.19339e-16
 15582.0000 2.28359e-16
 15583.0000 2.17397e-16
 15584.0000 2.25205e-16
 15585.0000 2.45512e-16
 15586.0000 2.30378e-16
 15587.0000 2.16939e-16
 15588.0000 1.84846e-16
 15589.0000 5.75664e-17
 15590.0000 4.33607e-17
 15591.0000 8.78811e-17
 15592.0000 8.32662e-17
 15593.0000 1.24749e-16
 15594.0000 2.63120e-16
 15595.0000 2.55398e-16
 15596.0000 2.32526e-16
 15597.0000 2.33911e-16
 15598.0000 2.31420e-16
 15599.0000 2.12597e-16
 15600.0000 2.12241e-16
 15601.0000 1.93869e-16
 15602.0000 2.11827e-16
 15603.0000 2.16019e-16
 15604.0000 2.07664e-16
 15605.0000 2.01431e-16
 15606.0000 1.99714e-16
 15607.0000 1.58236e-16
 15608.0000 1.44291e-16
 15609.0000 1.48483e-16
 15610.0000 1.52688e-16
 15611.0000 1.45909e-16
 15612.0000 1.86917e-16
 15613.0000 1.82130e-16
 15614.0000 1.98528e-16
 15615.0000 1.94091e-16
 15616.0000 1.92150e-16
 15617.0000 1.88109e-16
 15618.0000 2.09473e-16
 15619.0000 2.01255e-16
 15620.0000 2.03826e-16
 15621.0000 1.98469e-16
 15622.0000 2.56458e-16
 15623.0000 2.44526e-16
 15624.0000 3.57296e-16
 15625.0000 2.87234e-16
 15626.0000 2.75398e-16
 15627.0000 2.00083e-16
 15628.0000 2.03548e-16
 15629.0000 9.15093e-17
 15630.0000 1.68926e-16
 15631.0000 2.00163e-16
 15632.0000 2.30171e-16
 15633.0000 2.30886e-16
 15634.0000 2.34346e-16
 15635.0000 2.20304e-16
 15636.0000 2.29199e-16
 15637.0000 2.28145e-16
 15638.0000 2.39145e-16
 15639.0000 2.33582e-16
 15640.0000 2.53615e-16
 15641.0000 2.52773e-16
 15642.0000 2.34055e-16
 15643.0000 2.20848e-16
 15644.0000 2.28872e-16
 15645.0000 2.47048e-16
 15646.0000 2.54234e-16
 15647.0000 2.55311e-16
 15648.0000 2.26376e-16
 15649.0000 2.03550e-16
 15650.0000 7.27828e-16
 15651.0000 7.86043e-16
 15652.0000 8.06177e-16
 15653.0000 8.54781e-16
 15654.0000 8.47689e-16
 15655.0000 2.92438e-16
 15656.0000 2.45060e-16
 15657.0000 2.13744e-16
 15658.0000 1.95299e-16
 15659.0000 2.11227e-16
 15660.0000 2.20362e-16
 15661.0000 1.96735e-16
 15662.0000 2.10845e-16
 15663.0000 2.19682e-16
 15664.0000 2.21959e-16
 15665.0000 2.00985e-16
 15666.0000 2.00857e-16
 15667.0000 1.91524e-16
 15668.0000 1.71346e-16
 15669.0000 1.69330e-16
 15670.0000 1.85996e-16
 15671.0000 1.78488e-16
 15672.0000 1.88743e-16
 15673.0000 1.95079e-16
 15674.0000 2.05355e-16
 15675.0000 2.26877e-16
 15676.0000 2.46702e-16
 15677.0000 2.36979e-16
 15678.0000 2.15716e-16
 15679.0000 1.94100e-16
 15680.0000 1.68230e-16
 15681.0000 1.57737e-16
 15682.0000 1.63215e-16
 15683.0000 1.85901e-16
 15684.0000 2.00587e-16
 15685.0000 2.08641e-16
 15686.0000 2.07187e-16
 15687.0000 2.08269e-16
 15688.0000 2.02009e-16
 15689.0000 2.12203e-16
 15690.0000 2.00384e-16
 15691.0000 1.74346e-16
 15692.0000 1.82100e-16
 15693.0000 1.40240e-16
 15694.0000 5.20930e-17
 15695.0000 9.14633e-17
 15696.0000 1.49637e-16
 15697.0000 6.02011e-17
 15698.0000 1.09708e-16
 15699.0000 2.03986e-16
 15700.0000 1.82173e-16
 15701.0000 1.38796e-16
 15702.0000 2.34764e-16
 15703.0000 2.29318e-16
 15704.0000 2.18015e-16
 15705.0000 2.13264e-16
 15706.0000 2.23445e-16
 15707.0000 2.01230e-16
 15708.0000 2.15053e-16
 15709.0000 2.50249e-16
 15710.0000 2.54178e-16
 15711.0000 2.33255e-16
 15712.0000 2.19199e-16
 15713.0000 2.12106e-16
 15714.0000 1.85556e-16
 15715.0000 1.57055e-16
 15716.0000 1.67620e-16
 15717.0000 1.87913e-16
 15718.0000 1.79337e-16
 15719.0000 1.48362e-16
 15720.0000 1.73739e-16
 15721.0000 1.58025e-16
 15722.0000 1.61732e-16
 15723.0000 1.67998e-16
 15724.0000 1.83881e-16
 15725.0000 1.85190e-16
 15726.0000 1.97465e-16
 15727.0000 1.88736e-16
 15728.0000 1.96576e-16
 15729.0000 2.15687e-16
 15730.0000 1.93532e-16
 15731.0000 2.05466e-16
 15732.0000 2.04911e-16
 15733.0000 2.01510e-16
 15734.0000 1.89160e-16
 15735.0000 2.01956e-16
 15736.0000 2.19244e-16
 15737.0000 2.31569e-16
 15738.0000 2.28353e-16
 15739.0000 1.87674e-16
 15740.0000 2.05227e-16
 15741.0000 2.00052e-16
 15742.0000 1.90295e-16
 15743.0000 1.91731e-16
 15744.0000 2.32142e-16
 15745.0000 2.04651e-16
 15746.0000 1.80453e-16
 15747.0000 1.60929e-16
 15748.0000 1.52320e-16
 15749.0000 1.45467e-16
 15750.0000 1.67589e-16
 15751.0000 1.72685e-16
 15752.0000 1.93073e-16
 15753.0000 1.96912e-16
 15754.0000 2.10095e-16
 15755.0000 1.63835e-16
 15756.0000 1.75447e-16
 15757.0000 1.72338e-16
 15758.0000 1.69727e-16
 15759.0000 1.43603e-16
 15760.0000 1.81087e-16
 15761.0000 1.70507e-16
 15762.0000 1.82717e-16
 15763.0000 1.82726e-16
 15764.0000 1.92455e-16
 15765.0000 1.92444e-16
 15766.0000 2.01746e-16
 15767.0000 1.87930e-16
 15768.0000 2.00679e-16
 15769.0000 2.05799e-16
 15770.0000 2.14208e-16
 15771.0000 2.03278e-16
 15772.0000 1.91995e-16
 15773.0000 2.01498e-16
 15774.0000 2.01114e-16
 15775.0000 2.19710e-16
 15776.0000 2.40470e-16
 15777.0000 2.68700e-16
 15778.0000 2.45442e-16
 15779.0000 2.58025e-16
 15780.0000 2.22124e-16
 15781.0000 2.15588e-16
 15782.0000 2.07155e-16
 15783.0000 1.81900e-16
 15784.0000 1.58671e-16
 15785.0000 1.53639e-16
 15786.0000 1.48665e-16
 15787.0000 1.40951e-16
 15788.0000 1.77697e-16
 15789.0000 1.73632e-16
 15790.0000 1.88484e-16
 15791.0000 1.85516e-16
 15792.0000 1.68909e-16
 15793.0000 1.67326e-16
 15794.0000 1.60177e-16
 15795.0000 1.43652e-16
 15796.0000 1.42220e-16
 15797.0000 1.68341e-16
 15798.0000 1.69777e-16
 15799.0000 2.16744e-16
 15800.0000 2.32063e-16
 15801.0000 2.05945e-16
 15802.0000 1.97291e-16
 15803.0000 1.98761e-16
 15804.0000 1.76520e-16
 15805.0000 1.54832e-16
 15806.0000 1.92565e-16
 15807.0000 2.11094e-16
 15808.0000 2.06839e-16
 15809.0000 2.24876e-16
 15810.0000 2.60303e-16
 15811.0000 2.58117e-16
 15812.0000 2.32925e-16
 15813.0000 2.21085e-16
 15814.0000 2.06684e-16
 15815.0000 1.85120e-16
 15816.0000 1.78661e-16
 15817.0000 1.91912e-16
 15818.0000 2.17527e-16
 15819.0000 2.37016e-16
 15820.0000 2.21401e-16
 15821.0000 1.65934e-16
 15822.0000 1.56919e-16
 15823.0000 -2.49377e-16
 15824.0000 -3.95597e-16
 15825.0000 -1.68247e-16
 15826.0000 -6.94313e-17
 15827.0000 -4.20684e-16
 15828.0000 1.67245e-17
 15829.0000 -4.78537e-17
 15830.0000 -2.61688e-16
 15831.0000 -3.10445e-16
 15832.0000 3.15938e-17
 15833.0000 -3.31096e-17
 15834.0000 1.37426e-16
 15835.0000 1.42452e-16
 15836.0000 1.91692e-16
 15837.0000 2.34209e-16
 15838.0000 4.44005e-16
 15839.0000 5.95943e-16
 15840.0000 7.53143e-16
 15841.0000 6.33664e-16
 15842.0000 1.03772e-15
 15843.0000 8.33382e-16
 15844.0000 6.63737e-16
 15845.0000 4.99054e-16
 15846.0000 5.47137e-16
 15847.0000 1.09388e-16
 15848.0000 1.30454e-16
 15849.0000 1.67095e-16
 15850.0000 1.69523e-16
 15851.0000 1.91621e-16
 15852.0000 2.21964e-16
 15853.0000 2.18430e-16
 15854.0000 2.31127e-16
 15855.0000 2.51013e-16
 15856.0000 2.65099e-16
 15857.0000 2.64206e-16
 15858.0000 2.46891e-16
 15859.0000 1.86429e-16
 15860.0000 1.00728e-16
 15861.0000 1.55828e-16
 15862.0000 1.63588e-16
 15863.0000 1.81947e-16
 15864.0000 2.47415e-16
 15865.0000 3.30292e-16
 15866.0000 2.51114e-16
 15867.0000 2.11007e-16
 15868.0000 2.11071e-16
 15869.0000 1.90128e-16
 15870.0000 2.02857e-16
 15871.0000 2.09064e-16
 15872.0000 2.24684e-16
 15873.0000 2.16757e-16
 15874.0000 2.27612e-16
 15875.0000 2.16831e-16
 15876.0000 2.36130e-16
 15877.0000 2.35980e-16
 15878.0000 2.41704e-16
 15879.0000 2.33283e-16
 15880.0000 2.18187e-16
 15881.0000 1.95031e-16
 15882.0000 1.86951e-16
 15883.0000 2.03305e-16
 15884.0000 2.01728e-16
 15885.0000 2.13971e-16
 15886.0000 2.32296e-16
 15887.0000 2.37473e-16
 15888.0000 2.27032e-16
 15889.0000 2.42060e-16
 15890.0000 2.17615e-16
 15891.0000 2.10138e-16
 15892.0000 1.73578e-16
 15893.0000 1.47305e-16
 15894.0000 1.43586e-16
 15895.0000 1.65003e-16
 15896.0000 1.68489e-16
 15897.0000 1.96803e-16
 15898.0000 1.95671e-16
 15899.0000 2.04119e-16
 15900.0000 2.05254e-16
 15901.0000 2.09888e-16
 15902.0000 2.12409e-16
 15903.0000 2.36759e-16
 15904.0000 2.10743e-16
 15905.0000 2.26498e-16
 15906.0000 2.05115e-16
 15907.0000 2.01712e-16
 15908.0000 1.92648e-16
 15909.0000 1.75944e-16
 15910.0000 1.45023e-16
 15911.0000 1.53776e-16
 15912.0000 1.87941e-16
 15913.0000 1.87557e-16
 15914.0000 2.09765e-16
 15915.0000 2.37216e-16
 15916.0000 2.47377e-16
 15917.0000 2.17695e-16
 15918.0000 2.24294e-16
 15919.0000 2.14274e-16
 15920.0000 1.98273e-16
 15921.0000 2.09526e-16
 15922.0000 2.02463e-16
 15923.0000 2.06934e-16
 15924.0000 2.21040e-16
 15925.0000 2.33466e-16
 15926.0000 2.24876e-16
 15927.0000 2.49737e-16
 15928.0000 2.49797e-16
 15929.0000 2.52813e-16
 15930.0000 2.31639e-16
 15931.0000 2.26164e-16
 15932.0000 1.99452e-16
 15933.0000 2.01126e-16
 15934.0000 2.00878e-16
 15935.0000 2.10290e-16
 15936.0000 2.13946e-16
 15937.0000 2.27831e-16
 15938.0000 2.16728e-16
 15939.0000 2.12113e-16
 15940.0000 2.09318e-16
 15941.0000 2.14886e-16
 15942.0000 2.19932e-16
 15943.0000 2.26083e-16
 15944.0000 2.31983e-16
 15945.0000 2.45933e-16
 15946.0000 2.38625e-16
 15947.0000 2.11875e-16
 15948.0000 2.08493e-16
 15949.0000 2.07236e-16
 15950.0000 1.99347e-16
 15951.0000 1.97654e-16
 15952.0000 2.16601e-16
 15953.0000 2.18503e-16
 15954.0000 2.03407e-16
 15955.0000 1.96482e-16
 15956.0000 2.01578e-16
 15957.0000 2.06499e-16
 15958.0000 2.00860e-16
 15959.0000 2.00801e-16
 15960.0000 2.11012e-16
 15961.0000 1.95164e-16
 15962.0000 1.83107e-16
 15963.0000 1.33446e-16
 15964.0000 2.51477e-16
 15965.0000 2.59081e-16
 15966.0000 8.79477e-17
 15967.0000 1.27875e-16
 15968.0000 1.81319e-16
 15969.0000 6.25632e-17
 15970.0000 5.68278e-17
 15971.0000 2.41619e-16
 15972.0000 2.03340e-16
 15973.0000 2.12329e-16
 15974.0000 2.25358e-16
 15975.0000 2.06786e-16
 15976.0000 2.11918e-16
 15977.0000 2.25916e-16
 15978.0000 2.10903e-16
 15979.0000 1.90418e-16
 15980.0000 1.84461e-16
 15981.0000 1.80086e-16
 15982.0000 1.73072e-16
 15983.0000 1.76910e-16
 15984.0000 1.94018e-16
 15985.0000 2.30668e-16
 15986.0000 2.26028e-16
 15987.0000 2.36322e-16
 15988.0000 2.40821e-16
 15989.0000 2.35416e-16
 15990.0000 2.12242e-16
 15991.0000 2.15454e-16
 15992.0000 2.05858e-16
 15993.0000 1.89197e-16
 15994.0000 1.96569e-16
 15995.0000 1.96295e-16
 15996.0000 1.79889e-16
 15997.0000 1.65336e-16
 15998.0000 1.79998e-16
 15999.0000 1.73240e-16
 16000.0000 1.77931e-16
 16001.0000 1.72739e-16
 16002.0000 1.90607e-16
 16003.0000 1.93715e-16
 16004.0000 1.93822e-16
 16005.0000 2.11994e-16
 16006.0000 2.32420e-16
 16007.0000 2.25523e-16
 16008.0000 2.25390e-16
 16009.0000 2.42436e-16
 16010.0000 2.36763e-16
 16011.0000 2.41949e-16
 16012.0000 2.37839e-16
 16013.0000 2.31966e-16
 16014.0000 2.16210e-16
 16015.0000 1.91184e-16
 16016.0000 1.71746e-16
 16017.0000 1.69916e-16
 16018.0000 1.62763e-16
 16019.0000 1.61256e-16
 16020.0000 2.08190e-16
 16021.0000 3.04597e-16
 16022.0000 3.15053e-16
 16023.0000 6.61011e-16
 16024.0000 7.85895e-16
 16025.0000 7.45428e-16
 16026.0000 6.48549e-16
 16027.0000 7.46178e-16
 16028.0000 4.03891e-16
 16029.0000 3.02158e-16
 16030.0000 2.94734e-16
 16031.0000 2.90049e-16
 16032.0000 1.84915e-16
 16033.0000 1.90564e-16
 16034.0000 1.70539e-16
 16035.0000 1.89551e-16
 16036.0000 2.59766e-16
 16037.0000 2.66715e-16
 16038.0000 2.58607e-16
 16039.0000 2.55987e-16
 16040.0000 2.56474e-16
 16041.0000 2.06821e-16
 16042.0000 2.12603e-16
 16043.0000 2.14592e-16
 16044.0000 2.15008e-16
 16045.0000 2.17318e-16
 16046.0000 2.16786e-16
 16047.0000 1.93278e-16
 16048.0000 2.07776e-16
 16049.0000 2.23706e-16
 16050.0000 2.04390e-16
 16051.0000 2.02412e-16
 16052.0000 2.21838e-16
 16053.0000 2.10331e-16
 16054.0000 2.25490e-16
 16055.0000 2.29530e-16
 16056.0000 2.22544e-16
 16057.0000 2.18985e-16
 16058.0000 2.39151e-16
 16059.0000 2.21283e-16
 16060.0000 2.49763e-16
 16061.0000 2.51148e-16
 16062.0000 2.38672e-16
 16063.0000 2.25637e-16
 16064.0000 2.05466e-16
 16065.0000 1.78369e-16
 16066.0000 1.83503e-16
 16067.0000 1.90645e-16
 16068.0000 1.62221e-16
 16069.0000 1.57785e-16
 16070.0000 2.76875e-16
 16071.0000 2.12160e-16
 16072.0000 2.55102e-16
 16073.0000 3.05889e-16
 16074.0000 3.69334e-16
 16075.0000 3.10557e-16
 16076.0000 3.83203e-16
 16077.0000 3.30760e-16
 16078.0000 2.88472e-16
 16079.0000 2.39534e-16
 16080.0000 1.56068e-16
 16081.0000 1.55745e-16
 16082.0000 1.83351e-16
 16083.0000 1.94382e-16
 16084.0000 1.86048e-16
 16085.0000 1.82021e-16
 16086.0000 1.66312e-16
 16087.0000 1.61889e-16
 16088.0000 1.61742e-16
 16089.0000 1.57449e-16
 16090.0000 2.06111e-16
 16091.0000 2.16477e-16
 16092.0000 2.06290e-16
 16093.0000 2.11705e-16
 16094.0000 2.33438e-16
 16095.0000 2.12803e-16
 16096.0000 1.99450e-16
 16097.0000 2.07275e-16
 16098.0000 1.98422e-16
 16099.0000 2.01367e-16
 16100.0000 1.97080e-16
 16101.0000 1.94161e-16
 16102.0000 1.85613e-16
 16103.0000 1.90286e-16
 16104.0000 1.78421e-16
 16105.0000 1.78976e-16
 16106.0000 1.97649e-16
 16107.0000 1.95302e-16
 16108.0000 1.96906e-16
 16109.0000 2.07498e-16
 16110.0000 2.09424e-16
 16111.0000 2.14139e-16
 16112.0000 2.08221e-16
 16113.0000 1.91356e-16
 16114.0000 1.99656e-16
 16115.0000 2.00796e-16
 16116.0000 1.93474e-16
 16117.0000 2.01792e-16
 16118.0000 2.83494e-16
 16119.0000 5.42326e-16
 16120.0000 7.02335e-16
 16121.0000 7.18033e-16
 16122.0000 6.27235e-16
 16123.0000 6.83796e-16
 16124.0000 6.19202e-16
 16125.0000 5.05898e-16
 16126.0000 4.93067e-16
 16127.0000 5.94187e-16
 16128.0000 4.83107e-16
 16129.0000 2.65344e-16
 16130.0000 2.17505e-16
 16131.0000 2.07219e-16
 16132.0000 2.02857e-16
 16133.0000 1.89205e-16
 16134.0000 1.89172e-16
 16135.0000 1.76381e-16
 16136.0000 1.65205e-16
 16137.0000 1.59296e-16
 16138.0000 1.78303e-16
 16139.0000 1.86739e-16
 16140.0000 1.96002e-16
 16141.0000 2.12613e-16
 16142.0000 2.10361e-16
 16143.0000 2.14265e-16
 16144.0000 1.96583e-16
 16145.0000 2.21628e-16
 16146.0000 2.21769e-16
 16147.0000 2.25421e-16
 16148.0000 2.00446e-16
 16149.0000 2.28756e-16
 16150.0000 1.93594e-16
 16151.0000 1.83814e-16
 16152.0000 1.86803e-16
 16153.0000 1.95973e-16
 16154.0000 1.83513e-16
 16155.0000 2.14692e-16
 16156.0000 2.24555e-16
 16157.0000 2.26081e-16
 16158.0000 2.22177e-16
 16159.0000 2.16952e-16
 16160.0000 2.13319e-16
 16161.0000 2.22599e-16
 16162.0000 2.24692e-16
 16163.0000 2.31883e-16
 16164.0000 2.31257e-16
 16165.0000 2.20025e-16
 16166.0000 1.90602e-16
 16167.0000 1.77903e-16
 16168.0000 1.75609e-16
 16169.0000 1.85153e-16
 16170.0000 1.77723e-16
 16171.0000 1.99026e-16
 16172.0000 2.10204e-16
 16173.0000 2.18335e-16
 16174.0000 2.08450e-16
 16175.0000 2.06397e-16
 16176.0000 2.01023e-16
 16177.0000 1.90301e-16
 16178.0000 1.97440e-16
 16179.0000 1.94682e-16
 16180.0000 2.04147e-16
 16181.0000 2.20448e-16
 16182.0000 2.28691e-16
 16183.0000 2.15634e-16
 16184.0000 2.41847e-16
 16185.0000 2.21709e-16
 16186.0000 2.70165e-16
 16187.0000 3.42605e-16
 16188.0000 2.94343e-16
 16189.0000 3.26744e-16
 16190.0000 3.54437e-16
 16191.0000 2.85082e-16
 16192.0000 2.12603e-16
 16193.0000 2.48812e-16
 16194.0000 1.94842e-16
 16195.0000 1.99632e-16
 16196.0000 1.96011e-16
 16197.0000 1.94617e-16
 16198.0000 2.14038e-16
 16199.0000 2.25058e-16
 16200.0000 2.11583e-16
 16201.0000 2.35946e-16
 16202.0000 2.59404e-16
 16203.0000 2.27375e-16
 16204.0000 2.23508e-16
 16205.0000 2.19866e-16
 16206.0000 2.04931e-16
 16207.0000 1.99334e-16
 16208.0000 2.26926e-16
 16209.0000 2.38345e-16
 16210.0000 2.42204e-16
 16211.0000 2.38868e-16
 16212.0000 2.14639e-16
 16213.0000 2.27078e-16
 16214.0000 2.10237e-16
 16215.0000 2.33952e-16
 16216.0000 1.91051e-16
 16217.0000 1.70061e-16
 16218.0000 1.52943e-16
 16219.0000 1.57856e-16
 16220.0000 1.25303e-16
 16221.0000 1.63049e-16
 16222.0000 2.19748e-16
 16223.0000 1.81789e-16
 16224.0000 1.64568e-16
 16225.0000 1.33763e-16
 16226.0000 4.10537e-16
 16227.0000 3.48798e-16
 16228.0000 3.63121e-16
 16229.0000 4.01887e-16
 16230.0000 3.65330e-16
 16231.0000 8.94151e-17
 16232.0000 9.66195e-17
 16233.0000 1.23845e-16
 16234.0000 1.08471e-16
 16235.0000 1.86244e-16
 16236.0000 1.97787e-16
 16237.0000 2.25851e-16
 16238.0000 1.92684e-16
 16239.0000 2.03926e-16
 16240.0000 2.48112e-16
 16241.0000 2.35840e-16
 16242.0000 2.19285e-16
 16243.0000 2.43230e-16
 16244.0000 2.21241e-16
 16245.0000 1.62384e-16
 16246.0000 1.80694e-16
 16247.0000 2.04642e-16
 16248.0000 2.01868e-16
 16249.0000 2.24565e-16
 16250.0000 2.47492e-16
 16251.0000 2.35114e-16
 16252.0000 2.17681e-16
 16253.0000 2.39094e-16
 16254.0000 2.09723e-16
 16255.0000 2.04570e-16
 16256.0000 2.03115e-16
 16257.0000 2.19037e-16
 16258.0000 2.11081e-16
 16259.0000 2.19713e-16
 16260.0000 2.30365e-16
 16261.0000 2.32634e-16
 16262.0000 2.27313e-16
 16263.0000 2.66771e-16
 16264.0000 2.82500e-16
 16265.0000 2.63924e-16
 16266.0000 2.80651e-16
 16267.0000 2.32953e-16
 16268.0000 1.73154e-16
 16269.0000 1.60807e-16
 16270.0000 1.69676e-16
 16271.0000 1.52147e-16
 16272.0000 1.87627e-16
 16273.0000 2.09891e-16
 16274.0000 2.11019e-16
 16275.0000 2.22709e-16
 16276.0000 2.13329e-16
 16277.0000 2.20029e-16
 16278.0000 2.13846e-16
 16279.0000 2.16165e-16
 16280.0000 2.05923e-16
 16281.0000 2.23686e-16
 16282.0000 2.35612e-16
 16283.0000 2.33993e-16
 16284.0000 2.22638e-16
 16285.0000 2.24868e-16
 16286.0000 2.29864e-16
 16287.0000 2.27473e-16
 16288.0000 2.21742e-16
 16289.0000 2.06388e-16
 16290.0000 2.04513e-16
 16291.0000 1.93686e-16
 16292.0000 1.67580e-16
 16293.0000 1.57213e-16
 16294.0000 1.55772e-16
 16295.0000 1.85921e-16
 16296.0000 1.72710e-16
 16297.0000 1.52190e-16
 16298.0000 1.79593e-16
 16299.0000 1.92731e-16
 16300.0000 1.49595e-16
 16301.0000 1.65157e-16
 16302.0000 1.68862e-16
 16303.0000 1.68278e-16
 16304.0000 1.92085e-16
 16305.0000 1.96349e-16
 16306.0000 1.93328e-16
 16307.0000 2.25043e-16
 16308.0000 1.96739e-16
 16309.0000 4.76055e-16
 16310.0000 4.79772e-16
 16311.0000 6.09188e-16
 16312.0000 5.93334e-16
 16313.0000 6.49696e-16
 16314.0000 3.76443e-16
 16315.0000 3.77022e-16
 16316.0000 2.68054e-16
 16317.0000 3.03755e-16
 16318.0000 2.78965e-16
 16319.0000 2.50663e-16
 16320.0000 2.53780e-16
 16321.0000 2.18258e-16
 16322.0000 1.98356e-16
 16323.0000 1.74571e-16
 16324.0000 1.95687e-16
 16325.0000 1.93393e-16
 16326.0000 2.18414e-16
 16327.0000 2.29761e-16
 16328.0000 2.30423e-16
 16329.0000 2.25885e-16
 16330.0000 2.26900e-16
 16331.0000 2.21351e-16
 16332.0000 2.24028e-16
 16333.0000 2.85381e-16
 16334.0000 2.26998e-16
 16335.0000 2.16317e-16
 16336.0000 3.05219e-16
 16337.0000 2.67170e-16
 16338.0000 2.14525e-16
 16339.0000 2.44503e-16
 16340.0000 2.72683e-16
 16341.0000 2.64479e-16
 16342.0000 2.86584e-16
 16343.0000 3.60934e-16
 16344.0000 4.41795e-16
 16345.0000 4.47580e-16
 16346.0000 2.93814e-16
 16347.0000 5.59894e-16
 16348.0000 5.12967e-16
 16349.0000 4.51815e-16
 16350.0000 4.19492e-16
 16351.0000 4.58696e-16
 16352.0000 2.13066e-16
 16353.0000 1.45640e-16
 16354.0000 1.01186e-16
 16355.0000 1.12021e-16
 16356.0000 1.57372e-16
 16357.0000 1.41241e-16
 16358.0000 1.78713e-16
 16359.0000 1.84186e-16
 16360.0000 1.69558e-16
 16361.0000 1.72883e-16
 16362.0000 1.73532e-16
 16363.0000 1.81398e-16
 16364.0000 1.89383e-16
 16365.0000 1.90886e-16
 16366.0000 1.73608e-16
 16367.0000 1.75243e-16
 16368.0000 1.68067e-16
 16369.0000 2.06373e-16
 16370.0000 2.07803e-16
 16371.0000 2.05562e-16
 16372.0000 2.05609e-16
 16373.0000 2.12802e-16
 16374.0000 2.08852e-16
 16375.0000 2.23923e-16
 16376.0000 2.34952e-16
 16377.0000 2.43400e-16
 16378.0000 2.38258e-16
 16379.0000 1.84338e-16
 16380.0000 9.50817e-17
 16381.0000 7.69879e-17
 16382.0000 6.99917e-17
 16383.0000 7.26912e-17
 16384.0000 5.36342e-17
 16385.0000 1.53760e-16
 16386.0000 1.61533e-16
 16387.0000 1.69497e-16
 16388.0000 1.73461e-16
 16389.0000 2.37184e-16
 16390.0000 2.21184e-16
 16391.0000 2.24796e-16
 16392.0000 2.12159e-16
 16393.0000 2.10981e-16
 16394.0000 2.05551e-16
 16395.0000 1.97485e-16
 16396.0000 1.90118e-16
 16397.0000 1.83029e-16
 16398.0000 1.65604e-16
 16399.0000 1.69327e-16
 16400.0000 1.82781e-16
 16401.0000 1.89455e-16
 16402.0000 2.01686e-16
 16403.0000 1.99446e-16
 16404.0000 2.10783e-16
 16405.0000 2.18008e-16
 16406.0000 1.68357e-16
 16407.0000 1.19709e-16
 16408.0000 1.43299e-16
 16409.0000 1.70391e-16
 16410.0000 1.26488e-16
 16411.0000 1.80579e-16
 16412.0000 2.25612e-16
 16413.0000 2.29335e-16
 16414.0000 1.97537e-16
 16415.0000 2.28188e-16
 16416.0000 2.13187e-16
 16417.0000 2.34068e-16
 16418.0000 2.12870e-16
 16419.0000 2.06314e-16
 16420.0000 2.11005e-16
 16421.0000 2.05091e-16
 16422.0000 1.91429e-16
 16423.0000 1.99055e-16
 16424.0000 2.21370e-16
 16425.0000 2.26413e-16
 16426.0000 2.24986e-16
 16427.0000 2.21638e-16
 16428.0000 2.31170e-16
 16429.0000 2.14396e-16
 16430.0000 1.96765e-16
 16431.0000 2.16042e-16
 16432.0000 2.04395e-16
 16433.0000 1.87196e-16
 16434.0000 1.77486e-16
 16435.0000 9.57922e-17
 16436.0000 1.06021e-16
 16437.0000 1.33079e-16
 16438.0000 1.42786e-16
 16439.0000 1.91148e-16
 16440.0000 3.06896e-16
 16441.0000 3.92793e-16
 16442.0000 3.19849e-16
 16443.0000 2.89891e-16
 16444.0000 2.54285e-16
 16445.0000 2.22185e-16
 16446.0000 1.18267e-16
 16447.0000 1.82492e-16
 16448.0000 1.89099e-16
 16449.0000 1.88689e-16
 16450.0000 1.93516e-16
 16451.0000 1.95477e-16
 16452.0000 1.89327e-16
 16453.0000 2.01646e-16
 16454.0000 2.01063e-16
 16455.0000 2.01809e-16
 16456.0000 2.15732e-16
 16457.0000 2.13219e-16
 16458.0000 2.23230e-16
 16459.0000 2.42455e-16
 16460.0000 2.40820e-16
 16461.0000 2.30299e-16
 16462.0000 2.46741e-16
 16463.0000 2.45769e-16
 16464.0000 2.41576e-16
 16465.0000 2.29469e-16
 16466.0000 2.27421e-16
 16467.0000 1.61794e-16
 16468.0000 1.70916e-16
 16469.0000 1.82547e-16
 16470.0000 1.41508e-16
 16471.0000 4.09625e-16
 16472.0000 4.89928e-16
 16473.0000 5.10061e-16
 16474.0000 4.99600e-16
 16475.0000 5.49487e-16
 16476.0000 2.82175e-16
 16477.0000 2.72605e-16
 16478.0000 2.53412e-16
 16479.0000 2.33859e-16
 16480.0000 2.38813e-16
 16481.0000 2.30125e-16
 16482.0000 2.06634e-16
 16483.0000 2.09254e-16
 16484.0000 2.33983e-16
 16485.0000 2.40392e-16
 16486.0000 2.55319e-16
 16487.0000 2.49514e-16
 16488.0000 2.30732e-16
 16489.0000 2.17261e-16
 16490.0000 2.20516e-16
 16491.0000 2.22701e-16
 16492.0000 2.12985e-16
 16493.0000 4.36041e-16
 16494.0000 4.29901e-16
 16495.0000 5.25304e-16
 16496.0000 5.21576e-16
 16497.0000 5.22093e-16
 16498.0000 2.57696e-16
 16499.0000 2.46883e-16
 16500.0000 1.32091e-16
 16501.0000 1.35581e-16
 16502.0000 1.49249e-16
 16503.0000 2.06482e-16
 16504.0000 2.17750e-16
 16505.0000 2.20451e-16
 16506.0000 2.13866e-16
 16507.0000 2.13172e-16
 16508.0000 2.00081e-16
 16509.0000 1.93095e-16
 16510.0000 1.96398e-16
 16511.0000 2.12473e-16
 16512.0000 2.07040e-16
 16513.0000 1.94275e-16
 16514.0000 1.95279e-16
 16515.0000 1.96525e-16
 16516.0000 1.80414e-16
 16517.0000 1.90678e-16
 16518.0000 2.09925e-16
 16519.0000 2.17888e-16
 16520.0000 2.26772e-16
 16521.0000 2.32152e-16
 16522.0000 2.43978e-16
 16523.0000 2.64104e-16
 16524.0000 2.34463e-16
 16525.0000 2.32249e-16
 16526.0000 2.29890e-16
 16527.0000 2.03882e-16
 16528.0000 1.74048e-16
 16529.0000 1.69383e-16
 16530.0000 1.43704e-16
 16531.0000 1.34005e-16
 16532.0000 1.63590e-16
 16533.0000 1.40919e-16
 16534.0000 1.53474e-16
 16535.0000 1.61751e-16
 16536.0000 1.83909e-16
 16537.0000 1.57775e-16
 16538.0000 1.76163e-16
 16539.0000 1.94510e-16
 16540.0000 2.04888e-16
 16541.0000 2.15899e-16
 16542.0000 2.35031e-16
 16543.0000 2.53562e-16
 16544.0000 2.87802e-16
 16545.0000 4.17102e-16
 16546.0000 3.60088e-16
 16547.0000 3.93413e-16
 16548.0000 4.51266e-16
 16549.0000 4.29175e-16
 16550.0000 2.83480e-16
 16551.0000 3.19086e-16
 16552.0000 2.68511e-16
 16553.0000 2.09658e-16
 16554.0000 1.97702e-16
 16555.0000 2.15475e-16
 16556.0000 2.14347e-16
 16557.0000 2.23723e-16
 16558.0000 2.13797e-16
 16559.0000 2.05739e-16
 16560.0000 2.10189e-16
 16561.0000 2.20282e-16
 16562.0000 2.17867e-16
 16563.0000 2.19545e-16
 16564.0000 2.11714e-16
 16565.0000 2.15550e-16
 16566.0000 2.06152e-16
 16567.0000 2.05400e-16
 16568.0000 1.97900e-16
 16569.0000 2.10741e-16
 16570.0000 1.98646e-16
 16571.0000 1.93936e-16
 16572.0000 2.04040e-16
 16573.0000 1.98054e-16
 16574.0000 2.06612e-16
 16575.0000 2.03692e-16
 16576.0000 1.81677e-16
 16577.0000 1.84254e-16
 16578.0000 2.15361e-16
 16579.0000 1.99102e-16
 16580.0000 2.29717e-16
 16581.0000 2.94654e-16
 16582.0000 2.90658e-16
 16583.0000 2.61674e-16
 16584.0000 2.75030e-16
 16585.0000 2.74397e-16
 16586.0000 2.34395e-16
 16587.0000 2.23267e-16
 16588.0000 2.26830e-16
 16589.0000 2.22556e-16
 16590.0000 2.03840e-16
 16591.0000 1.92430e-16
 16592.0000 1.99078e-16
 16593.0000 1.98830e-16
 16594.0000 1.85937e-16
 16595.0000 1.83564e-16
 16596.0000 1.87939e-16
 16597.0000 1.89804e-16
 16598.0000 2.19512e-16
 16599.0000 2.32007e-16
 16600.0000 2.44751e-16
 16601.0000 2.19512e-16
 16602.0000 2.36647e-16
 16603.0000 2.40068e-16
 16604.0000 2.37717e-16
 16605.0000 2.34044e-16
 16606.0000 2.32986e-16
 16607.0000 2.16953e-16
 16608.0000 2.08126e-16
 16609.0000 2.13069e-16
 16610.0000 1.93194e-16
 16611.0000 2.13612e-16
 16612.0000 2.10789e-16
 16613.0000 1.99810e-16
 16614.0000 2.05114e-16
 16615.0000 2.04117e-16
 16616.0000 2.07833e-16
 16617.0000 1.98029e-16
 16618.0000 2.07456e-16
 16619.0000 2.15672e-16
 16620.0000 2.24566e-16
 16621.0000 2.37923e-16
 16622.0000 2.51239e-16
 16623.0000 2.44513e-16
 16624.0000 2.55644e-16
 16625.0000 2.70626e-16
 16626.0000 2.75605e-16
 16627.0000 2.77270e-16
 16628.0000 2.76770e-16
 16629.0000 2.45909e-16
 16630.0000 2.31609e-16
 16631.0000 2.07682e-16
 16632.0000 1.91444e-16
 16633.0000 1.79665e-16
 16634.0000 1.93571e-16
 16635.0000 1.85358e-16
 16636.0000 1.84227e-16
 16637.0000 1.83950e-16
 16638.0000 1.91470e-16
 16639.0000 1.81981e-16
 16640.0000 1.92904e-16
 16641.0000 2.15057e-16
 16642.0000 2.34390e-16
 16643.0000 2.46475e-16
 16644.0000 2.36601e-16
 16645.0000 2.24663e-16
 16646.0000 2.17193e-16
 16647.0000 2.07954e-16
 16648.0000 1.71190e-16
 16649.0000 1.64539e-16
 16650.0000 1.71750e-16
 16651.0000 1.56946e-16
 16652.0000 1.66154e-16
 16653.0000 2.00821e-16
 16654.0000 2.14122e-16
 16655.0000 2.14637e-16
 16656.0000 2.21010e-16
 16657.0000 1.85395e-16
 16658.0000 1.57168e-16
 16659.0000 1.67166e-16
 16660.0000 1.66140e-16
 16661.0000 1.63958e-16
 16662.0000 1.85572e-16
 16663.0000 2.22498e-16
 16664.0000 2.24239e-16
 16665.0000 2.19865e-16
 16666.0000 2.15466e-16
 16667.0000 2.21398e-16
 16668.0000 1.97578e-16
 16669.0000 1.99858e-16
 16670.0000 2.24619e-16
 16671.0000 2.25636e-16
 16672.0000 2.33849e-16
 16673.0000 2.35914e-16
 16674.0000 2.29229e-16
 16675.0000 2.14387e-16
 16676.0000 2.31175e-16
 16677.0000 2.18778e-16
 16678.0000 2.05266e-16
 16679.0000 2.05064e-16
 16680.0000 1.72087e-16
 16681.0000 1.76353e-16
 16682.0000 8.08984e-17
 16683.0000 -5.36102e-17
 16684.0000 -1.18084e-16
 16685.0000 -1.68578e-16
 16686.0000 -2.36185e-16
 16687.0000 -2.90319e-16
 16688.0000 -1.90329e-16
 16689.0000 -1.50085e-16
 16690.0000 -8.20345e-17
 16691.0000 -6.31602e-18
 16692.0000 1.26031e-16
 16693.0000 1.67134e-16
 16694.0000 1.80734e-16
 16695.0000 1.50078e-16
 16696.0000 1.46397e-16
 16697.0000 1.73879e-16
 16698.0000 1.75136e-16
 16699.0000 1.88750e-16
 16700.0000 3.04474e-16
 16701.0000 3.51543e-16
 16702.0000 4.79408e-16
 16703.0000 4.94935e-16
 16704.0000 4.67474e-16
 16705.0000 3.78414e-16
 16706.0000 3.30031e-16
 16707.0000 1.79239e-16
 16708.0000 1.60758e-16
 16709.0000 2.02886e-16
 16710.0000 2.29067e-16
 16711.0000 2.01735e-16
 16712.0000 1.78660e-16
 16713.0000 1.96777e-16
 16714.0000 1.77744e-16
 16715.0000 1.79729e-16
 16716.0000 2.09199e-16
 16717.0000 2.45350e-16
 16718.0000 2.48684e-16
 16719.0000 2.76287e-16
 16720.0000 2.64332e-16
 16721.0000 2.58172e-16
 16722.0000 2.43026e-16
 16723.0000 2.10108e-16
 16724.0000 1.80991e-16
 16725.0000 1.91163e-16
 16726.0000 1.78223e-16
 16727.0000 1.97144e-16
 16728.0000 2.15979e-16
 16729.0000 2.16776e-16
 16730.0000 2.16134e-16
 16731.0000 2.27330e-16
 16732.0000 2.39455e-16
 16733.0000 2.44738e-16
 16734.0000 2.62116e-16
 16735.0000 2.63440e-16
 16736.0000 2.66063e-16
 16737.0000 2.44903e-16
 16738.0000 2.43828e-16
 16739.0000 2.34869e-16
 16740.0000 2.36470e-16
 16741.0000 2.45150e-16
 16742.0000 2.55774e-16
 16743.0000 2.55297e-16
 16744.0000 2.48615e-16
 16745.0000 2.35827e-16
 16746.0000 2.11159e-16
 16747.0000 2.36806e-16
 16748.0000 2.72562e-16
 16749.0000 2.45048e-16
 16750.0000 2.52719e-16
 16751.0000 2.81406e-16
 16752.0000 2.26942e-16
 16753.0000 1.86903e-16
 16754.0000 2.32925e-16
 16755.0000 2.09784e-16
 16756.0000 1.96376e-16
 16757.0000 1.98808e-16
 16758.0000 1.94514e-16
 16759.0000 1.72938e-16
 16760.0000 1.73113e-16
 16761.0000 1.48639e-16
 16762.0000 1.79972e-16
 16763.0000 1.92004e-16
 16764.0000 1.80414e-16
 16765.0000 1.94630e-16
 16766.0000 2.17718e-16
 16767.0000 1.90622e-16
 16768.0000 1.80255e-16
 16769.0000 1.98543e-16
 16770.0000 2.61570e-16
 16771.0000 2.81099e-16
 16772.0000 2.98453e-16
 16773.0000 2.98629e-16
 16774.0000 3.01477e-16
 16775.0000 2.53069e-16
 16776.0000 2.34819e-16
 16777.0000 2.32047e-16
 16778.0000 2.48680e-16
 16779.0000 2.54536e-16
 16780.0000 2.52130e-16
 16781.0000 2.54961e-16
 16782.0000 2.72482e-16
 16783.0000 2.66200e-16
 16784.0000 2.50766e-16
 16785.0000 2.46306e-16
 16786.0000 2.26734e-16
 16787.0000 2.27619e-16
 16788.0000 2.31687e-16
 16789.0000 2.52078e-16
 16790.0000 2.54837e-16
 16791.0000 2.84458e-16
 16792.0000 2.95741e-16
 16793.0000 2.80788e-16
 16794.0000 2.68755e-16
 16795.0000 2.58223e-16
 16796.0000 2.60215e-16
 16797.0000 2.48961e-16
 16798.0000 2.60374e-16
 16799.0000 2.59671e-16
 16800.0000 2.51656e-16
 16801.0000 2.40858e-16
 16802.0000 2.41926e-16
 16803.0000 2.37924e-16
 16804.0000 2.23668e-16
 16805.0000 2.36023e-16
 16806.0000 2.34588e-16
 16807.0000 2.16178e-16
 16808.0000 1.99759e-16
 16809.0000 2.00854e-16
 16810.0000 1.95197e-16
 16811.0000 1.80744e-16
 16812.0000 1.73187e-16
 16813.0000 1.85522e-16
 16814.0000 2.02832e-16
 16815.0000 1.98410e-16
 16816.0000 2.15151e-16
 16817.0000 2.36406e-16
 16818.0000 2.29463e-16
 16819.0000 2.37833e-16
 16820.0000 2.38929e-16
 16821.0000 2.41994e-16
 16822.0000 2.49053e-16
 16823.0000 2.63563e-16
 16824.0000 2.34587e-16
 16825.0000 2.43407e-16
 16826.0000 2.26641e-16
 16827.0000 2.33027e-16
 16828.0000 2.37538e-16
 16829.0000 2.42748e-16
 16830.0000 2.86047e-16
 16831.0000 3.98239e-16
 16832.0000 4.57264e-16
 16833.0000 5.63373e-16
 16834.0000 5.67291e-16
 16835.0000 4.94970e-16
 16836.0000 4.38557e-16
 16837.0000 3.76143e-16
 16838.0000 2.51660e-16
 16839.0000 2.66002e-16
 16840.0000 2.94002e-16
 16841.0000 2.49424e-16
 16842.0000 2.51499e-16
 16843.0000 2.68956e-16
 16844.0000 2.66514e-16
 16845.0000 2.83441e-16
 16846.0000 2.62912e-16
 16847.0000 2.37598e-16
 16848.0000 2.26732e-16
 16849.0000 1.91008e-16
 16850.0000 1.75714e-16
 16851.0000 1.90417e-16
 16852.0000 1.95742e-16
 16853.0000 2.02386e-16
 16854.0000 2.27089e-16
 16855.0000 2.41060e-16
 16856.0000 2.46784e-16
 16857.0000 2.42217e-16
 16858.0000 2.37417e-16
 16859.0000 2.23282e-16
 16860.0000 2.22892e-16
 16861.0000 2.13215e-16
 16862.0000 2.25154e-16
 16863.0000 2.35763e-16
 16864.0000 2.54248e-16
 16865.0000 2.34689e-16
 16866.0000 2.38697e-16
 16867.0000 2.22576e-16
 16868.0000 2.15331e-16
 16869.0000 2.21733e-16
 16870.0000 2.34880e-16
 16871.0000 2.33585e-16
 16872.0000 2.45316e-16
 16873.0000 2.54021e-16
 16874.0000 2.52105e-16
 16875.0000 2.34117e-16
 16876.0000 2.26973e-16
 16877.0000 2.10845e-16
 16878.0000 2.09418e-16
 16879.0000 2.22680e-16
 16880.0000 2.36237e-16
 16881.0000 2.45641e-16
 16882.0000 2.80883e-16
 16883.0000 2.85179e-16
 16884.0000 2.60060e-16
 16885.0000 2.54657e-16
 16886.0000 2.57248e-16
 16887.0000 2.39016e-16
 16888.0000 2.48017e-16
 16889.0000 2.41937e-16
 16890.0000 2.62103e-16
 16891.0000 2.56692e-16
 16892.0000 2.87282e-16
 16893.0000 5.21109e-16
 16894.0000 2.97907e-16
 16895.0000 3.40154e-16
 16896.0000 1.81223e-16
 16897.0000 3.63628e-16
 16898.0000 1.25683e-16
 16899.0000 6.36786e-16
 16900.0000 7.56865e-16
 16901.0000 9.56802e-16
 16902.0000 7.57355e-16
 16903.0000 7.44329e-16
 16904.0000 4.82971e-16
 16905.0000 2.97295e-16
 16906.0000 2.72884e-16
 16907.0000 2.62354e-16
 16908.0000 2.53695e-16
 16909.0000 2.53616e-16
 16910.0000 2.59381e-16
 16911.0000 2.37529e-16
 16912.0000 2.31264e-16
 16913.0000 2.34100e-16
 16914.0000 2.20501e-16
 16915.0000 2.21667e-16
 16916.0000 2.24568e-16
 16917.0000 2.14723e-16
 16918.0000 2.19023e-16
 16919.0000 1.85439e-16
 16920.0000 1.92692e-16
 16921.0000 2.07445e-16
 16922.0000 2.21918e-16
 16923.0000 2.17469e-16
 16924.0000 2.40635e-16
 16925.0000 2.35952e-16
 16926.0000 2.11087e-16
 16927.0000 2.13025e-16
 16928.0000 2.11030e-16
 16929.0000 2.19812e-16
 16930.0000 2.25244e-16
 16931.0000 2.36063e-16
 16932.0000 2.33139e-16
 16933.0000 2.21646e-16
 16934.0000 2.10264e-16
 16935.0000 2.03183e-16
 16936.0000 2.17000e-16
 16937.0000 2.18045e-16
 16938.0000 2.35885e-16
 16939.0000 2.45998e-16
 16940.0000 2.51796e-16
 16941.0000 2.35216e-16
 16942.0000 2.25397e-16
 16943.0000 2.24570e-16
 16944.0000 2.18743e-16
 16945.0000 1.48168e-16
 16946.0000 2.88262e-16
 16947.0000 4.74100e-17
 16948.0000 3.24597e-17
 16949.0000 1.83382e-17
 16950.0000 1.22905e-16
 16951.0000 -1.10162e-16
 16952.0000 1.19500e-16
 16953.0000 1.29426e-16
 16954.0000 1.57456e-16
 16955.0000 1.24052e-16
 16956.0000 2.28448e-16
 16957.0000 2.38628e-16
 16958.0000 2.47329e-16
 16959.0000 2.40578e-16
 16960.0000 2.43643e-16
 16961.0000 2.38810e-16
 16962.0000 2.41722e-16
 16963.0000 2.32214e-16
 16964.0000 2.36779e-16
 16965.0000 2.37481e-16
 16966.0000 2.42493e-16
 16967.0000 2.23382e-16
 16968.0000 2.39307e-16
 16969.0000 2.45495e-16
 16970.0000 2.51307e-16
 16971.0000 2.49175e-16
 16972.0000 2.71330e-16
 16973.0000 2.63483e-16
 16974.0000 2.35918e-16
 16975.0000 2.12261e-16
 16976.0000 1.89883e-16
 16977.0000 2.21667e-16
 16978.0000 2.49176e-16
 16979.0000 2.53603e-16
 16980.0000 2.50454e-16
 16981.0000 2.78831e-16
 16982.0000 2.34522e-16
 16983.0000 1.84443e-16
 16984.0000 2.16439e-16
 16985.0000 2.34319e-16
 16986.0000 2.10755e-16
 16987.0000 2.09380e-16
 16988.0000 2.35620e-16
 16989.0000 2.01072e-16
 16990.0000 1.93827e-16
 16991.0000 2.05925e-16
 16992.0000 2.03302e-16
 16993.0000 1.99213e-16
 16994.0000 1.99259e-16
 16995.0000 1.88502e-16
 16996.0000 2.04416e-16
 16997.0000 2.13030e-16
 16998.0000 1.47219e-16
 16999.0000 1.89306e-16
 17000.0000 3.53001e-16
 17001.0000 2.37971e-16
 17002.0000 3.41953e-16
 17003.0000 7.11084e-16
 17004.0000 7.20539e-16
 17005.0000 5.64820e-16
 17006.0000 6.61892e-16
 17007.0000 5.52818e-16
 17008.0000 2.49857e-16
 17009.0000 2.31314e-16
 17010.0000 2.63849e-16
 17011.0000 2.49233e-16
 17012.0000 2.77780e-16
 17013.0000 2.77135e-16
 17014.0000 2.61446e-16
 17015.0000 2.65346e-16
 17016.0000 2.88256e-16
 17017.0000 2.78842e-16
 17018.0000 2.76885e-16
 17019.0000 2.83700e-16
 17020.0000 2.56033e-16
 17021.0000 2.81755e-16
 17022.0000 2.89095e-16
 17023.0000 2.76163e-16
 17024.0000 2.62910e-16
 17025.0000 2.79230e-16
 17026.0000 2.52733e-16
 17027.0000 2.51792e-16
 17028.0000 2.71476e-16
 17029.0000 2.43471e-16
 17030.0000 2.12268e-16
 17031.0000 2.12060e-16
 17032.0000 1.96068e-16
 17033.0000 1.98100e-16
 17034.0000 2.33453e-16
 17035.0000 2.38252e-16
 17036.0000 2.39755e-16
 17037.0000 2.33302e-16
 17038.0000 2.38568e-16
 17039.0000 2.21126e-16
 17040.0000 2.30103e-16
 17041.0000 2.34425e-16
 17042.0000 2.62799e-16
 17043.0000 2.52898e-16
 17044.0000 2.91148e-16
 17045.0000 3.08317e-16
 17046.0000 3.04605e-16
 17047.0000 2.98425e-16
 17048.0000 3.13715e-16
 17049.0000 3.23932e-16
 17050.0000 2.77208e-16
 17051.0000 2.83469e-16
 17052.0000 2.35535e-16
 17053.0000 2.26545e-16
 17054.0000 1.92217e-16
 17055.0000 2.04871e-16
 17056.0000 1.80547e-16
 17057.0000 2.23941e-16
 17058.0000 2.09249e-16
 17059.0000 2.22284e-16
 17060.0000 2.40110e-16
 17061.0000 2.61952e-16
 17062.0000 2.87208e-16
 17063.0000 3.09737e-16
 17064.0000 2.75447e-16
 17065.0000 2.83032e-16
 17066.0000 2.95443e-16
 17067.0000 2.63234e-16
 17068.0000 3.08419e-16
 17069.0000 5.80792e-16
 17070.0000 6.70465e-16
 17071.0000 7.66519e-16
 17072.0000 7.72594e-16
 17073.0000 7.26914e-16
 17074.0000 5.17386e-16
 17075.0000 3.98092e-16
 17076.0000 2.90632e-16
 17077.0000 2.91048e-16
 17078.0000 2.70977e-16
 17079.0000 2.37287e-16
 17080.0000 2.52510e-16
 17081.0000 2.40983e-16
 17082.0000 2.08879e-16
 17083.0000 1.88442e-16
 17084.0000 1.84030e-16
 17085.0000 2.05509e-16
 17086.0000 2.03422e-16
 17087.0000 2.19001e-16
 17088.0000 2.42951e-16
 17089.0000 2.47473e-16
 17090.0000 2.18576e-16
 17091.0000 2.41100e-16
 17092.0000 2.50726e-16
 17093.0000 2.56434e-16
 17094.0000 2.41843e-16
 17095.0000 2.51061e-16
 17096.0000 2.61881e-16
 17097.0000 2.69736e-16
 17098.0000 2.85170e-16
 17099.0000 2.88001e-16
 17100.0000 2.82235e-16
 17101.0000 2.62805e-16
 17102.0000 2.51032e-16
 17103.0000 2.19759e-16
 17104.0000 1.82411e-16
 17105.0000 1.81017e-16
 17106.0000 1.48479e-16
 17107.0000 1.65234e-16
 17108.0000 1.82017e-16
 17109.0000 2.29750e-16
 17110.0000 2.47148e-16
 17111.0000 2.86736e-16
 17112.0000 2.87149e-16
 17113.0000 1.89822e-16
 17114.0000 3.86493e-16
 17115.0000 2.06623e-16
 17116.0000 1.48206e-16
 17117.0000 1.78455e-16
 17118.0000 4.71690e-16
 17119.0000 2.73720e-16
 17120.0000 3.54795e-16
 17121.0000 4.00095e-16
 17122.0000 3.34233e-16
 17123.0000 1.36491e-16
 17124.0000 1.41740e-16
 17125.0000 2.18021e-16
 17126.0000 2.20052e-16
 17127.0000 2.27314e-16
 17128.0000 2.37892e-16
 17129.0000 2.33986e-16
 17130.0000 2.44010e-16
 17131.0000 2.36071e-16
 17132.0000 2.73551e-16
 17133.0000 2.65558e-16
 17134.0000 2.64523e-16
 17135.0000 2.74665e-16
 17136.0000 2.63629e-16
 17137.0000 2.41937e-16
 17138.0000 2.37351e-16
 17139.0000 2.28773e-16
 17140.0000 2.39594e-16
 17141.0000 2.63002e-16
 17142.0000 2.72510e-16
 17143.0000 2.96873e-16
 17144.0000 3.03043e-16
 17145.0000 2.93735e-16
 17146.0000 2.78425e-16
 17147.0000 2.75620e-16
 17148.0000 2.49020e-16
 17149.0000 2.38311e-16
 17150.0000 2.35397e-16
 17151.0000 2.52489e-16
 17152.0000 2.52034e-16
 17153.0000 2.55668e-16
 17154.0000 2.47554e-16
 17155.0000 2.33893e-16
 17156.0000 2.21789e-16
 17157.0000 2.39201e-16
 17158.0000 2.47395e-16
 17159.0000 2.88645e-16
 17160.0000 3.13383e-16
 17161.0000 3.19873e-16
 17162.0000 3.27143e-16
 17163.0000 3.12247e-16
 17164.0000 2.80961e-16
 17165.0000 2.52089e-16
 17166.0000 2.62447e-16
 17167.0000 2.07112e-16
 17168.0000 1.82791e-16
 17169.0000 2.04206e-16
 17170.0000 2.19073e-16
 17171.0000 2.06353e-16
 17172.0000 2.39114e-16
 17173.0000 2.61052e-16
 17174.0000 2.42869e-16
 17175.0000 2.35234e-16
 17176.0000 2.52573e-16
 17177.0000 2.56886e-16
 17178.0000 2.83090e-16
 17179.0000 2.89346e-16
 17180.0000 3.06228e-16
 17181.0000 3.10523e-16
 17182.0000 3.51150e-16
 17183.0000 3.27844e-16
 17184.0000 3.14632e-16
 17185.0000 3.26348e-16
 17186.0000 3.14695e-16
 17187.0000 2.70887e-16
 17188.0000 2.47692e-16
 17189.0000 2.19133e-16
 17190.0000 1.79276e-16
 17191.0000 1.93547e-16
 17192.0000 1.61179e-16
 17193.0000 1.87283e-16
 17194.0000 2.24940e-16
 17195.0000 2.36112e-16
 17196.0000 2.57525e-16
 17197.0000 2.86534e-16
 17198.0000 2.83533e-16
 17199.0000 3.03139e-16
 17200.0000 3.44167e-16
 17201.0000 3.26464e-16
 17202.0000 3.78270e-16
 17203.0000 3.73987e-16
 17204.0000 3.40788e-16
 17205.0000 3.14022e-16
 17206.0000 2.89954e-16
 17207.0000 2.16582e-16
 17208.0000 2.23804e-16
 17209.0000 2.70748e-16
 17210.0000 2.64698e-16
 17211.0000 2.55010e-16
 17212.0000 2.64198e-16
 17213.0000 2.63026e-16
 17214.0000 2.27526e-16
 17215.0000 2.27005e-16
 17216.0000 2.21534e-16
 17217.0000 2.43711e-16
 17218.0000 2.41002e-16
 17219.0000 2.43937e-16
 17220.0000 2.39720e-16
 17221.0000 2.55442e-16
 17222.0000 2.51134e-16
 17223.0000 2.47711e-16
 17224.0000 2.51195e-16
 17225.0000 2.19406e-16
 17226.0000 2.04399e-16
 17227.0000 1.88094e-16
 17228.0000 1.79929e-16
 17229.0000 1.94104e-16
 17230.0000 2.27746e-16
 17231.0000 2.41344e-16
 17232.0000 2.43819e-16
 17233.0000 2.67831e-16
 17234.0000 2.67294e-16
 17235.0000 2.52857e-16
 17236.0000 2.42562e-16
 17237.0000 2.46783e-16
 17238.0000 1.96547e-16
 17239.0000 1.81421e-16
 17240.0000 2.81634e-16
 17241.0000 2.17308e-16
 17242.0000 2.29425e-16
 17243.0000 3.27318e-16
 17244.0000 2.79717e-16
 17245.0000 1.61004e-16
 17246.0000 2.46818e-16
 17247.0000 2.42528e-16
 17248.0000 1.98860e-16
 17249.0000 2.50226e-16
 17250.0000 2.79821e-16
 17251.0000 2.84523e-16
 17252.0000 3.39106e-16
 17253.0000 3.54399e-16
 17254.0000 3.56194e-16
 17255.0000 3.60959e-16
 17256.0000 3.51169e-16
 17257.0000 3.04483e-16
 17258.0000 2.91044e-16
 17259.0000 2.89150e-16
 17260.0000 3.02932e-16
 17261.0000 2.99247e-16
 17262.0000 2.91046e-16
 17263.0000 2.86979e-16
 17264.0000 3.03697e-16
 17265.0000 2.95207e-16
 17266.0000 2.64685e-16
 17267.0000 2.50499e-16
 17268.0000 2.74101e-16
 17269.0000 2.76579e-16
 17270.0000 2.98587e-16
 17271.0000 3.32240e-16
 17272.0000 3.42404e-16
 17273.0000 2.90439e-16
 17274.0000 2.76281e-16
 17275.0000 2.06909e-16
 17276.0000 2.21533e-16
 17277.0000 2.62967e-16
 17278.0000 2.70683e-16
 17279.0000 2.62449e-16
 17280.0000 2.97746e-16
 17281.0000 2.72707e-16
 17282.0000 2.39621e-16
 17283.0000 2.65729e-16
 17284.0000 2.40435e-16
 17285.0000 2.54597e-16
 17286.0000 2.50403e-16
 17287.0000 2.45398e-16
 17288.0000 2.38391e-16
 17289.0000 2.64930e-16
 17290.0000 2.58446e-16
 17291.0000 2.71361e-16
 17292.0000 2.83262e-16
 17293.0000 2.79638e-16
 17294.0000 2.96363e-16
 17295.0000 3.35367e-16
 17296.0000 3.27820e-16
 17297.0000 3.34295e-16
 17298.0000 3.37790e-16
 17299.0000 3.18292e-16
 17300.0000 2.81534e-16
 17301.0000 2.91055e-16
 17302.0000 2.80628e-16
 17303.0000 2.75543e-16
 17304.0000 2.94945e-16
 17305.0000 2.84740e-16
 17306.0000 2.74530e-16
 17307.0000 2.89927e-16
 17308.0000 3.05523e-16
 17309.0000 3.22887e-16
 17310.0000 3.55540e-16
 17311.0000 3.57507e-16
 17312.0000 3.50025e-16
 17313.0000 3.16494e-16
 17314.0000 2.71697e-16
 17315.0000 2.41610e-16
 17316.0000 2.20732e-16
 17317.0000 1.91714e-16
 17318.0000 2.22216e-16
 17319.0000 2.24934e-16
 17320.0000 2.20062e-16
 17321.0000 2.63281e-16
 17322.0000 2.14014e-16
 17323.0000 1.62679e-16
 17324.0000 1.87757e-16
 17325.0000 2.48926e-16
 17326.0000 8.84181e-17
 17327.0000 1.37973e-16
 17328.0000 1.68421e-16
 17329.0000 1.61159e-16
 17330.0000 1.36152e-16
 17331.0000 2.77315e-16
 17332.0000 3.07780e-16
 17333.0000 2.83393e-16
 17334.0000 2.72616e-16
 17335.0000 2.49877e-16
 17336.0000 2.43467e-16
 17337.0000 2.27542e-16
 17338.0000 2.59266e-16
 17339.0000 2.66598e-16
 17340.0000 2.70041e-16
 17341.0000 2.71064e-16
 17342.0000 2.63227e-16
 17343.0000 2.49199e-16
 17344.0000 2.98944e-16
 17345.0000 2.68093e-16
 17346.0000 3.75258e-16
 17347.0000 4.05381e-16
 17348.0000 3.93834e-16
 17349.0000 3.33677e-16
 17350.0000 3.63444e-16
 17351.0000 2.19236e-16
 17352.0000 1.75819e-16
 17353.0000 1.76883e-16
 17354.0000 2.06034e-16
 17355.0000 2.17098e-16
 17356.0000 2.65335e-16
 17357.0000 2.85494e-16
 17358.0000 2.93505e-16
 17359.0000 2.58234e-16
 17360.0000 2.24611e-16
 17361.0000 2.00473e-16
 17362.0000 1.89786e-16
 17363.0000 2.07498e-16
 17364.0000 2.23587e-16
 17365.0000 2.38291e-16
 17366.0000 2.69544e-16
 17367.0000 2.74248e-16
 17368.0000 2.81172e-16
 17369.0000 2.83861e-16
 17370.0000 3.05870e-16
 17371.0000 2.82289e-16
 17372.0000 2.84965e-16
 17373.0000 3.10239e-16
 17374.0000 3.05511e-16
 17375.0000 2.93078e-16
 17376.0000 2.22672e-16
 17377.0000 2.53205e-16
 17378.0000 2.58370e-16
 17379.0000 2.80763e-16
 17380.0000 3.48936e-16
 17381.0000 4.43321e-16
 17382.0000 3.73045e-16
 17383.0000 2.73700e-16
 17384.0000 2.46303e-16
 17385.0000 1.71075e-16
 17386.0000 1.42232e-16
 17387.0000 1.81365e-16
 17388.0000 2.56516e-16
 17389.0000 2.45234e-16
 17390.0000 2.36342e-16
 17391.0000 2.48914e-16
 17392.0000 2.44390e-16
 17393.0000 2.23999e-16
 17394.0000 2.28053e-16
 17395.0000 2.38294e-16
 17396.0000 2.46778e-16
 17397.0000 2.71521e-16
 17398.0000 2.82620e-16
 17399.0000 2.97906e-16
 17400.0000 2.84585e-16
 17401.0000 2.83810e-16
 17402.0000 2.64022e-16
 17403.0000 2.29901e-16
 17404.0000 2.06386e-16
 17405.0000 1.91762e-16
 17406.0000 1.70676e-16
 17407.0000 1.54504e-16
 17408.0000 1.91887e-16
 17409.0000 1.91697e-16
 17410.0000 1.89324e-16
 17411.0000 1.88964e-16
 17412.0000 2.05569e-16
 17413.0000 1.77101e-16
 17414.0000 1.83139e-16
 17415.0000 2.29942e-16
 17416.0000 2.42515e-16
 17417.0000 2.60189e-16
 17418.0000 2.64097e-16
 17419.0000 2.53534e-16
 17420.0000 2.66059e-16
 17421.0000 2.65436e-16
 17422.0000 2.52025e-16
 17423.0000 2.46170e-16
 17424.0000 2.50762e-16
 17425.0000 2.20937e-16
 17426.0000 2.09116e-16
 17427.0000 1.87023e-16
 17428.0000 2.15135e-16
 17429.0000 2.34489e-16
 17430.0000 2.41096e-16
 17431.0000 2.53918e-16
 17432.0000 2.70806e-16
 17433.0000 2.75180e-16
 17434.0000 2.80231e-16
 17435.0000 2.79550e-16
 17436.0000 2.62199e-16
 17437.0000 2.33987e-16
 17438.0000 2.16046e-16
 17439.0000 2.01637e-16
 17440.0000 1.75216e-16
 17441.0000 2.89897e-16
 17442.0000 4.61427e-16
 17443.0000 5.03143e-16
 17444.0000 6.59219e-16
 17445.0000 7.23471e-16
 17446.0000 6.63990e-16
 17447.0000 5.23155e-16
 17448.0000 4.83269e-16
 17449.0000 3.39454e-16
 17450.0000 2.92709e-16
 17451.0000 2.48846e-16
 17452.0000 2.32865e-16
 17453.0000 2.31818e-16
 17454.0000 2.39890e-16
 17455.0000 2.48018e-16
 17456.0000 2.73420e-16
 17457.0000 2.79654e-16
 17458.0000 2.78213e-16
 17459.0000 2.35149e-16
 17460.0000 1.91871e-16
 17461.0000 1.57292e-16
 17462.0000 1.49811e-16
 17463.0000 1.42596e-16
 17464.0000 1.54226e-16
 17465.0000 1.87243e-16
 17466.0000 1.82356e-16
 17467.0000 1.86444e-16
 17468.0000 1.99299e-16
 17469.0000 2.25449e-16
 17470.0000 2.22148e-16
 17471.0000 2.36241e-16
 17472.0000 2.52214e-16
 17473.0000 2.57741e-16
 17474.0000 2.54013e-16
 17475.0000 2.46377e-16
 17476.0000 2.28283e-16
 17477.0000 2.05819e-16
 17478.0000 2.05434e-16
 17479.0000 1.88839e-16
 17480.0000 1.96175e-16
 17481.0000 2.22149e-16
 17482.0000 2.62843e-16
 17483.0000 2.62296e-16
 17484.0000 2.59016e-16
 17485.0000 2.24021e-16
 17486.0000 2.26333e-16
 17487.0000 1.99160e-16
 17488.0000 2.13276e-16
 17489.0000 2.25736e-16
 17490.0000 2.75167e-16
 17491.0000 2.60355e-16
 17492.0000 2.97078e-16
 17493.0000 3.04739e-16
 17494.0000 3.17365e-16
 17495.0000 3.37575e-16
 17496.0000 3.52624e-16
 17497.0000 4.06632e-16
 17498.0000 4.07025e-16
 17499.0000 3.43442e-16
 17500.0000 2.84756e-16
 17501.0000 2.78945e-16
 17502.0000 1.67604e-16
 17503.0000 1.35776e-16
 17504.0000 2.03372e-16
 17505.0000 2.40701e-16
 17506.0000 2.38382e-16
 17507.0000 2.40125e-16
 17508.0000 2.27383e-16
 17509.0000 2.17704e-16
 17510.0000 2.22906e-16
 17511.0000 2.33405e-16
 17512.0000 2.59851e-16
 17513.0000 2.82054e-16
 17514.0000 2.89286e-16
 17515.0000 2.79057e-16
 17516.0000 2.75543e-16
 17517.0000 2.78392e-16
 17518.0000 3.00209e-16
 17519.0000 2.95149e-16
 17520.0000 2.65998e-16
 17521.0000 3.02427e-16
 17522.0000 3.08679e-16
 17523.0000 3.62274e-16
 17524.0000 3.70856e-16
 17525.0000 4.10803e-16
 17526.0000 3.59485e-16
 17527.0000 3.67724e-16
 17528.0000 2.90955e-16
 17529.0000 2.70054e-16
 17530.0000 2.58957e-16
 17531.0000 2.58728e-16
 17532.0000 2.35962e-16
 17533.0000 2.42696e-16
 17534.0000 2.64836e-16
 17535.0000 2.59581e-16
 17536.0000 2.62524e-16
 17537.0000 2.77454e-16
 17538.0000 2.73243e-16
 17539.0000 2.38760e-16
 17540.0000 2.45277e-16
 17541.0000 2.55517e-16
 17542.0000 2.19129e-16
 17543.0000 1.71008e-16
 17544.0000 1.63160e-16
 17545.0000 1.48769e-16
 17546.0000 1.46889e-16
 17547.0000 1.63991e-16
 17548.0000 2.06918e-16
 17549.0000 2.34299e-16
 17550.0000 2.56297e-16
 17551.0000 2.57470e-16
 17552.0000 2.61858e-16
 17553.0000 2.58986e-16
 17554.0000 2.59359e-16
 17555.0000 2.43033e-16
 17556.0000 2.51956e-16
 17557.0000 2.27312e-16
 17558.0000 2.48544e-16
 17559.0000 2.16928e-16
 17560.0000 1.97894e-16
 17561.0000 1.63828e-16
 17562.0000 1.76068e-16
 17563.0000 1.50683e-16
 17564.0000 1.84524e-16
 17565.0000 2.09532e-16
 17566.0000 2.03131e-16
 17567.0000 1.68208e-16
 17568.0000 1.37614e-16
 17569.0000 1.24245e-16
 17570.0000 1.15904e-16
 17571.0000 1.45784e-16
 17572.0000 1.92848e-16
 17573.0000 2.30836e-16
 17574.0000 2.28458e-16
 17575.0000 2.28535e-16
 17576.0000 2.25160e-16
 17577.0000 2.23854e-16
 17578.0000 2.24645e-16
 17579.0000 2.54048e-16
 17580.0000 2.62562e-16
 17581.0000 2.89448e-16
 17582.0000 3.07889e-16
 17583.0000 2.97607e-16
 17584.0000 2.88677e-16
 17585.0000 2.81624e-16
 17586.0000 2.71836e-16
 17587.0000 2.83182e-16
 17588.0000 2.94950e-16
 17589.0000 2.70401e-16
 17590.0000 2.73749e-16
 17591.0000 2.65889e-16
 17592.0000 2.48612e-16
 17593.0000 2.45356e-16
 17594.0000 2.62323e-16
 17595.0000 2.76482e-16
 17596.0000 2.68290e-16
 17597.0000 2.62087e-16
 17598.0000 2.52594e-16
 17599.0000 2.50007e-16
 17600.0000 2.39415e-16
 17601.0000 2.29271e-16
 17602.0000 2.03710e-16
 17603.0000 2.15378e-16
 17604.0000 2.21932e-16
 17605.0000 2.22540e-16
 17606.0000 2.56503e-16
 17607.0000 3.10177e-16
 17608.0000 3.15672e-16
 17609.0000 3.27477e-16
 17610.0000 3.43369e-16
 17611.0000 3.32648e-16
 17612.0000 2.90632e-16
 17613.0000 2.77998e-16
 17614.0000 2.52996e-16
 17615.0000 2.49879e-16
 17616.0000 2.44762e-16
 17617.0000 2.37165e-16
 17618.0000 2.27130e-16
 17619.0000 2.15662e-16
 17620.0000 2.12920e-16
 17621.0000 2.27653e-16
 17622.0000 2.41600e-16
 17623.0000 2.23575e-16
 17624.0000 2.46805e-16
 17625.0000 2.29403e-16
 17626.0000 1.95411e-16
 17627.0000 2.09031e-16
 17628.0000 2.46733e-16
 17629.0000 2.65540e-16
 17630.0000 2.68811e-16
 17631.0000 2.95543e-16
 17632.0000 2.79689e-16
 17633.0000 2.83207e-16
 17634.0000 2.55555e-16
 17635.0000 2.58776e-16
 17636.0000 2.39993e-16
 17637.0000 2.45809e-16
 17638.0000 2.32580e-16
 17639.0000 2.28409e-16
 17640.0000 2.94208e-16
 17641.0000 3.06331e-16
 17642.0000 2.69565e-16
 17643.0000 2.93309e-16
 17644.0000 2.77728e-16
 17645.0000 2.05473e-16
 17646.0000 3.84173e-17
 17647.0000 4.35266e-16
 17648.0000 -3.70074e-17
 17649.0000 -6.85173e-17
 17650.0000 -9.58572e-17
 17651.0000 1.25367e-17
 17652.0000 -4.01547e-16
 17653.0000 2.23557e-17
 17654.0000 5.66090e-17
 17655.0000 9.61539e-17
 17656.0000 2.26043e-16
 17657.0000 2.54804e-16
 17658.0000 2.81469e-16
 17659.0000 2.93367e-16
 17660.0000 2.98235e-16
 17661.0000 2.85417e-16
 17662.0000 3.33482e-16
 17663.0000 3.89080e-16
 17664.0000 2.80552e-16
 17665.0000 2.67766e-16
 17666.0000 5.02095e-16
 17667.0000 4.82139e-16
 17668.0000 4.16067e-16
 17669.0000 5.32842e-16
 17670.0000 5.39478e-16
 17671.0000 2.42677e-16
 17672.0000 2.49664e-16
 17673.0000 2.61546e-16
 17674.0000 2.54475e-16
 17675.0000 2.54217e-16
 17676.0000 2.61578e-16
 17677.0000 2.58936e-16
 17678.0000 2.76696e-16
 17679.0000 2.89758e-16
 17680.0000 2.87252e-16
 17681.0000 2.60305e-16
 17682.0000 2.59647e-16
 17683.0000 2.57033e-16
 17684.0000 2.53920e-16
 17685.0000 2.54614e-16
 17686.0000 2.52991e-16
 17687.0000 2.37695e-16
 17688.0000 2.04519e-16
 17689.0000 1.81801e-16
 17690.0000 2.29851e-16
 17691.0000 2.01048e-16
 17692.0000 1.95386e-16
 17693.0000 2.14472e-16
 17694.0000 2.38280e-16
 17695.0000 2.05886e-16
 17696.0000 2.62240e-16
 17697.0000 2.80833e-16
 17698.0000 2.61295e-16
 17699.0000 2.21108e-16
 17700.0000 1.87031e-16
 17701.0000 1.75534e-16
 17702.0000 1.39466e-16
 17703.0000 1.52652e-16
 17704.0000 1.79556e-16
 17705.0000 1.81964e-16
 17706.0000 1.85379e-16
 17707.0000 2.18825e-16
 17708.0000 2.29286e-16
 17709.0000 2.32441e-16
 17710.0000 2.52019e-16
 17711.0000 2.62694e-16
 17712.0000 2.61608e-16
 17713.0000 2.58973e-16
 17714.0000 2.42815e-16
 17715.0000 2.26337e-16
 17716.0000 2.24607e-16
 17717.0000 2.19086e-16
 17718.0000 2.26764e-16
 17719.0000 2.55365e-16
 17720.0000 2.50559e-16
 17721.0000 2.29647e-16
 17722.0000 2.35357e-16
 17723.0000 2.47511e-16
 17724.0000 2.29855e-16
 17725.0000 2.31762e-16
 17726.0000 2.28706e-16
 17727.0000 1.87333e-16
 17728.0000 1.82501e-16
 17729.0000 1.90082e-16
 17730.0000 1.70735e-16
 17731.0000 1.82921e-16
 17732.0000 2.08619e-16
 17733.0000 1.55121e-16
 17734.0000 1.37785e-16
 17735.0000 1.59992e-16
 17736.0000 1.31038e-16
 17737.0000 1.26056e-16
 17738.0000 1.50190e-16
 17739.0000 1.60250e-16
 17740.0000 1.70715e-16
 17741.0000 1.92793e-16
 17742.0000 1.95541e-16
 17743.0000 1.96254e-16
 17744.0000 2.02622e-16
 17745.0000 2.09229e-16
 17746.0000 2.07291e-16
 17747.0000 1.93454e-16
 17748.0000 1.98844e-16
 17749.0000 1.94012e-16
 17750.0000 1.72876e-16
 17751.0000 1.81003e-16
 17752.0000 1.99695e-16
 17753.0000 1.83888e-16
 17754.0000 1.67026e-16
 17755.0000 1.70187e-16
 17756.0000 1.61474e-16
 17757.0000 1.58802e-16
 17758.0000 1.73258e-16
 17759.0000 1.73120e-16
 17760.0000 1.54835e-16
 17761.0000 1.43045e-16
 17762.0000 1.45076e-16
 17763.0000 1.22268e-16
 17764.0000 1.62349e-16
 17765.0000 1.81797e-16
 17766.0000 1.98749e-16
 17767.0000 2.10685e-16
 17768.0000 2.33547e-16
 17769.0000 2.10569e-16
 17770.0000 2.19084e-16
 17771.0000 2.13537e-16
 17772.0000 2.07418e-16
 17773.0000 2.25710e-16
 17774.0000 2.27399e-16
 17775.0000 2.00943e-16
 17776.0000 2.01420e-16
 17777.0000 2.03782e-16
 17778.0000 1.67037e-16
 17779.0000 1.54563e-16
 17780.0000 1.53376e-16
 17781.0000 1.15286e-16
 17782.0000 1.06738e-16
 17783.0000 1.16025e-16
 17784.0000 1.18839e-16
 17785.0000 1.48067e-16
 17786.0000 2.08719e-16
 17787.0000 2.18425e-16
 17788.0000 2.50468e-16
 17789.0000 2.62153e-16
 17790.0000 2.48644e-16
 17791.0000 2.31418e-16
 17792.0000 2.19891e-16
 17793.0000 1.86926e-16
 17794.0000 1.86482e-16
 17795.0000 2.07261e-16
 17796.0000 2.14078e-16
 17797.0000 2.46128e-16
 17798.0000 2.67118e-16
 17799.0000 2.74481e-16
 17800.0000 2.39520e-16
 17801.0000 2.25739e-16
 17802.0000 1.51735e-16
 17803.0000 1.28648e-16
 17804.0000 5.18247e-17
 17805.0000 5.67685e-17
 17806.0000 8.97518e-18
 17807.0000 4.45358e-17
 17808.0000 2.67064e-17
 17809.0000 6.33380e-17
 17810.0000 6.24773e-17
 17811.0000 1.34949e-16
 17812.0000 1.35840e-16
 17813.0000 1.71086e-16
 17814.0000 1.76049e-16
 17815.0000 2.01001e-16
 17816.0000 1.81336e-16
 17817.0000 1.81623e-16
 17818.0000 1.97152e-16
 17819.0000 2.30889e-16
 17820.0000 2.39838e-16
 17821.0000 2.54569e-16
 17822.0000 2.86768e-16
 17823.0000 3.02411e-16
 17824.0000 3.13584e-16
 17825.0000 2.74726e-16
 17826.0000 2.54663e-16
 17827.0000 2.42254e-16
 17828.0000 2.30666e-16
 17829.0000 2.17428e-16
 17830.0000 2.62264e-16
