 10290.0000 2.03123e-15
 10291.0000 1.48402e-15
 10292.0000 1.10710e-15
 10293.0000 8.85183e-16
 10294.0000 8.61251e-16
 10295.0000 8.52281e-16
 10296.0000 8.12273e-16
 10297.0000 1.06846e-15
 10298.0000 1.13409e-15
 10299.0000 1.18324e-15
 10300.0000 1.02462e-15
 10301.0000 1.04437e-15
 10302.0000 1.14863e-15
 10303.0000 1.16073e-15
 10304.0000 1.09734e-15
 10305.0000 1.22326e-15
 10306.0000 1.37408e-15
 10307.0000 1.17724e-15
 10308.0000 1.17153e-15
 10309.0000 1.45006e-15
 10310.0000 1.50390e-15
 10311.0000 1.43140e-15
 10312.0000 1.63803e-15
 10313.0000 1.66760e-15
 10314.0000 1.48494e-15
 10315.0000 1.36139e-15
 10316.0000 1.30824e-15
 10317.0000 1.15469e-15
 10318.0000 1.14513e-15
 10319.0000 1.13960e-15
 10320.0000 1.22925e-15
 10321.0000 1.31897e-15
 10322.0000 1.31831e-15
 10323.0000 1.24102e-15
 10324.0000 1.08650e-15
 10325.0000 1.02253e-15
 10326.0000 1.04847e-15
 10327.0000 1.07216e-15
 10328.0000 1.08743e-15
 10329.0000 1.21070e-15
 10330.0000 1.35956e-15
 10331.0000 1.21602e-15
 10332.0000 1.25891e-15
 10333.0000 1.30106e-15
 10334.0000 1.41764e-15
 10335.0000 1.31114e-15
 10336.0000 1.39822e-15
 10337.0000 1.39232e-15
 10338.0000 1.31858e-15
 10339.0000 1.24189e-15
 10340.0000 1.26091e-15
 10341.0000 1.26678e-15
 10342.0000 1.30416e-15
 10343.0000 1.28896e-15
 10344.0000 1.31325e-15
 10345.0000 1.30015e-15
 10346.0000 1.20608e-15
 10347.0000 1.16346e-15
 10348.0000 1.11820e-15
 10349.0000 1.02855e-15
 10350.0000 1.11516e-15
 10351.0000 1.01976e-15
 10352.0000 1.08448e-15
 10353.0000 1.37896e-15
 10354.0000 1.34676e-15
 10355.0000 1.20753e-15
 10356.0000 1.25036e-15
 10357.0000 1.20189e-15
 10358.0000 9.68181e-16
 10359.0000 1.05756e-15
 10360.0000 1.08791e-15
 10361.0000 1.14711e-15
 10362.0000 1.07306e-15
 10363.0000 1.02006e-15
 10364.0000 1.00460e-15
 10365.0000 9.97043e-16
 10366.0000 9.63950e-16
 10367.0000 1.00103e-15
 10368.0000 1.18420e-15
 10369.0000 1.03940e-15
 10370.0000 1.14639e-15
 10371.0000 1.50912e-15
 10372.0000 1.19310e-15
 10373.0000 1.06538e-15
 10374.0000 1.09289e-15
 10375.0000 1.03701e-15
 10376.0000 6.15471e-16
 10377.0000 9.70152e-16
 10378.0000 1.07781e-15
 10379.0000 1.15623e-15
 10380.0000 1.13506e-15
 10381.0000 1.20090e-15
 10382.0000 1.17169e-15
 10383.0000 1.12873e-15
 10384.0000 1.15637e-15
 10385.0000 1.18442e-15
 10386.0000 1.19584e-15
 10387.0000 1.25650e-15
 10388.0000 1.23134e-15
 10389.0000 1.21270e-15
 10390.0000 1.11239e-15
 10391.0000 1.12884e-15
 10392.0000 1.14372e-15
 10393.0000 1.12172e-15
 10394.0000 1.06663e-15
 10395.0000 1.11997e-15
 10396.0000 1.07207e-15
 10397.0000 9.92198e-16
 10398.0000 1.08432e-15
 10399.0000 1.12346e-15
 10400.0000 1.08763e-15
 10401.0000 1.07275e-15
 10402.0000 1.09399e-15
 10403.0000 1.02848e-15
 10404.0000 1.03879e-15
 10405.0000 1.14587e-15
 10406.0000 1.12356e-15
 10407.0000 1.10680e-15
 10408.0000 1.05636e-15
 10409.0000 1.11266e-15
 10410.0000 1.00236e-15
 10411.0000 1.08523e-15
 10412.0000 1.05677e-15
 10413.0000 1.11546e-15
 10414.0000 9.85161e-16
 10415.0000 1.06300e-15
 10416.0000 1.23263e-15
 10417.0000 1.26185e-15
 10418.0000 1.21931e-15
 10419.0000 1.27536e-15
 10420.0000 1.24203e-15
 10421.0000 1.08038e-15
 10422.0000 1.00503e-15
 10423.0000 1.04562e-15
 10424.0000 1.02090e-15
 10425.0000 9.88177e-16
 10426.0000 9.60007e-16
 10427.0000 9.83978e-16
 10428.0000 9.63194e-16
 10429.0000 1.01455e-15
 10430.0000 1.03746e-15
 10431.0000 1.07273e-15
 10432.0000 1.11455e-15
 10433.0000 1.08806e-15
 10434.0000 9.99209e-16
 10435.0000 9.53274e-16
 10436.0000 8.71121e-16
 10437.0000 8.80839e-16
 10438.0000 8.76207e-16
 10439.0000 9.90119e-16
 10440.0000 1.04566e-15
 10441.0000 1.09408e-15
 10442.0000 1.02793e-15
 10443.0000 1.07885e-15
 10444.0000 9.83688e-16
 10445.0000 9.77993e-16
 10446.0000 9.43049e-16
 10447.0000 1.09230e-15
 10448.0000 1.12848e-15
 10449.0000 1.06023e-15
 10450.0000 9.96388e-16
 10451.0000 9.84768e-16
 10452.0000 8.56180e-16
 10453.0000 7.76504e-16
 10454.0000 8.14407e-16
 10455.0000 7.88838e-16
 10456.0000 8.28468e-16
 10457.0000 8.09413e-16
 10458.0000 7.90345e-16
 10459.0000 8.58412e-16
 10460.0000 9.21116e-16
 10461.0000 9.15954e-16
 10462.0000 9.09590e-16
 10463.0000 9.22276e-16
 10464.0000 9.00300e-16
 10465.0000 8.57226e-16
 10466.0000 9.58569e-16
 10467.0000 8.55149e-16
 10468.0000 9.64653e-16
 10469.0000 9.84770e-16
 10470.0000 1.00778e-15
 10471.0000 9.13965e-16
 10472.0000 1.00463e-15
 10473.0000 9.50094e-16
 10474.0000 9.53798e-16
 10475.0000 9.63516e-16
 10476.0000 9.35490e-16
 10477.0000 1.01097e-15
 10478.0000 9.25214e-16
 10479.0000 9.06386e-16
 10480.0000 9.08965e-16
 10481.0000 8.72575e-16
 10482.0000 8.51183e-16
 10483.0000 9.04724e-16
 10484.0000 1.02800e-15
 10485.0000 1.01183e-15
 10486.0000 9.80726e-16
 10487.0000 9.50767e-16
 10488.0000 9.30774e-16
 10489.0000 7.88466e-16
 10490.0000 8.32921e-16
 10491.0000 8.90911e-16
 10492.0000 9.29125e-16
 10493.0000 8.96328e-16
 10494.0000 9.03878e-16
 10495.0000 8.28191e-16
 10496.0000 8.20944e-16
 10497.0000 7.59331e-16
 10498.0000 7.69383e-16
 10499.0000 8.06625e-16
 10500.0000 8.50968e-16
 10501.0000 8.78542e-16
 10502.0000 9.21657e-16
 10503.0000 9.83347e-16
 10504.0000 9.96476e-16
 10505.0000 1.04956e-15
 10506.0000 9.87480e-16
 10507.0000 9.46351e-16
 10508.0000 8.58510e-16
 10509.0000 8.06214e-16
 10510.0000 7.22564e-16
 10511.0000 8.03638e-16
 10512.0000 8.27358e-16
 10513.0000 8.59530e-16
 10514.0000 8.53510e-16
 10515.0000 9.53984e-16
 10516.0000 9.49022e-16
 10517.0000 9.55373e-16
 10518.0000 1.00882e-15
 10519.0000 1.07764e-15
 10520.0000 1.04654e-15
 10521.0000 1.04318e-15
 10522.0000 9.61341e-16
 10523.0000 8.58192e-16
 10524.0000 9.30455e-16
 10525.0000 8.99977e-16
 10526.0000 8.78902e-16
 10527.0000 9.28286e-16
 10528.0000 9.89005e-16
 10529.0000 8.84826e-16
 10530.0000 8.72487e-16
 10531.0000 8.13664e-16
 10532.0000 8.54918e-16
 10533.0000 8.45551e-16
 10534.0000 8.79337e-16
 10535.0000 8.67272e-16
 10536.0000 9.01987e-16
 10537.0000 8.48681e-16
 10538.0000 8.56296e-16
 10539.0000 7.14364e-16
 10540.0000 7.04750e-16
 10541.0000 7.14496e-16
 10542.0000 7.37342e-16
 10543.0000 6.42741e-16
 10544.0000 7.44264e-16
 10545.0000 7.64961e-16
 10546.0000 7.37401e-16
 10547.0000 7.69499e-16
 10548.0000 8.02607e-16
 10549.0000 8.04008e-16
 10550.0000 7.54086e-16
 10551.0000 7.80916e-16
 10552.0000 7.31945e-16
 10553.0000 8.49289e-16
 10554.0000 8.09111e-16
 10555.0000 8.09287e-16
 10556.0000 6.08459e-16
 10557.0000 6.33141e-16
 10558.0000 5.88305e-16
 10559.0000 5.84958e-16
 10560.0000 6.13770e-16
 10561.0000 7.70772e-16
 10562.0000 7.62930e-16
 10563.0000 7.42232e-16
 10564.0000 7.79732e-16
 10565.0000 7.36637e-16
 10566.0000 7.77820e-16
 10567.0000 7.96019e-16
 10568.0000 7.34507e-16
 10569.0000 6.75446e-16
 10570.0000 7.33990e-16
 10571.0000 7.62572e-16
 10572.0000 7.53859e-16
 10573.0000 7.69057e-16
 10574.0000 7.91533e-16
 10575.0000 7.65000e-16
 10576.0000 7.31705e-16
 10577.0000 6.96370e-16
 10578.0000 7.26531e-16
 10579.0000 7.66566e-16
 10580.0000 7.33272e-16
 10581.0000 7.07499e-16
 10582.0000 7.70436e-16
 10583.0000 6.99936e-16
 10584.0000 6.42722e-16
 10585.0000 6.51168e-16
 10586.0000 6.63648e-16
 10587.0000 6.28592e-16
 10588.0000 7.38294e-16
 10589.0000 7.82158e-16
 10590.0000 8.65789e-16
 10591.0000 9.16599e-16
 10592.0000 9.01998e-16
 10593.0000 7.76405e-16
 10594.0000 7.15271e-16
 10595.0000 6.47407e-16
 10596.0000 5.89220e-16
 10597.0000 5.68895e-16
 10598.0000 6.49580e-16
 10599.0000 7.55401e-16
 10600.0000 7.27425e-16
 10601.0000 7.30801e-16
 10602.0000 7.35258e-16
 10603.0000 8.14817e-16
 10604.0000 7.86359e-16
 10605.0000 8.39166e-16
 10606.0000 8.76584e-16
 10607.0000 9.01834e-16
 10608.0000 8.39525e-16
 10609.0000 8.00149e-16
 10610.0000 7.84922e-16
 10611.0000 7.29584e-16
 10612.0000 7.15859e-16
 10613.0000 7.24372e-16
 10614.0000 7.04203e-16
 10615.0000 7.96866e-16
 10616.0000 8.84785e-16
 10617.0000 9.50687e-16
 10618.0000 8.98232e-16
 10619.0000 9.68461e-16
 10620.0000 8.77246e-16
 10621.0000 7.88227e-16
 10622.0000 7.56524e-16
 10623.0000 7.26756e-16
 10624.0000 7.11956e-16
 10625.0000 6.72798e-16
 10626.0000 7.27265e-16
 10627.0000 7.00083e-16
 10628.0000 7.44570e-16
 10629.0000 7.15427e-16
 10630.0000 7.33070e-16
 10631.0000 6.64562e-16
 10632.0000 7.07213e-16
 10633.0000 7.45969e-16
 10634.0000 6.92190e-16
 10635.0000 6.87656e-16
 10636.0000 7.89428e-16
 10637.0000 8.31880e-16
 10638.0000 8.02773e-16
 10639.0000 8.78501e-16
 10640.0000 9.03885e-16
 10641.0000 8.48694e-16
 10642.0000 8.29671e-16
 10643.0000 7.47855e-16
 10644.0000 6.63308e-16
 10645.0000 6.38023e-16
 10646.0000 6.01652e-16
 10647.0000 5.68781e-16
 10648.0000 6.45231e-16
 10649.0000 7.40704e-16
 10650.0000 7.43931e-16
 10651.0000 7.87306e-16
 10652.0000 7.59279e-16
 10653.0000 9.10245e-16
 10654.0000 1.04465e-15
 10655.0000 1.30419e-15
 10656.0000 1.37563e-15
 10657.0000 1.41452e-15
 10658.0000 1.29522e-15
 10659.0000 1.05862e-15
 10660.0000 7.82017e-16
 10661.0000 7.48384e-16
 10662.0000 7.22619e-16
 10663.0000 6.65733e-16
 10664.0000 7.36686e-16
 10665.0000 8.15505e-16
 10666.0000 7.38432e-16
 10667.0000 7.04509e-16
 10668.0000 7.24072e-16
 10669.0000 7.67669e-16
 10670.0000 7.92556e-16
 10671.0000 8.50434e-16
 10672.0000 9.34664e-16
 10673.0000 1.08429e-15
 10674.0000 1.09236e-15
 10675.0000 9.39793e-16
 10676.0000 9.31647e-16
 10677.0000 9.17055e-16
 10678.0000 8.02327e-16
 10679.0000 7.79097e-16
 10680.0000 8.67674e-16
 10681.0000 9.46830e-16
 10682.0000 8.84586e-16
 10683.0000 9.29597e-16
 10684.0000 9.21022e-16
 10685.0000 1.01163e-15
 10686.0000 8.26049e-16
 10687.0000 9.06971e-16
 10688.0000 8.46116e-16
 10689.0000 7.93912e-16
 10690.0000 7.00078e-16
 10691.0000 8.39181e-16
 10692.0000 9.10625e-16
 10693.0000 9.03092e-16
 10694.0000 9.42370e-16
 10695.0000 9.50974e-16
 10696.0000 9.50585e-16
 10697.0000 8.72873e-16
 10698.0000 7.98714e-16
 10699.0000 7.84412e-16
 10700.0000 8.24112e-16
 10701.0000 7.24157e-16
 10702.0000 7.52682e-16
 10703.0000 8.38121e-16
 10704.0000 9.38236e-16
 10705.0000 9.12190e-16
 10706.0000 8.67319e-16
 10707.0000 8.56230e-16
 10708.0000 8.23958e-16
 10709.0000 6.66997e-16
 10710.0000 5.88999e-16
 10711.0000 7.16064e-16
 10712.0000 7.64226e-16
 10713.0000 8.03995e-16
 10714.0000 9.43038e-16
 10715.0000 1.02533e-15
 10716.0000 9.24582e-16
 10717.0000 8.44944e-16
 10718.0000 7.99082e-16
 10719.0000 7.15898e-16
 10720.0000 6.37111e-16
 10721.0000 6.69026e-16
 10722.0000 6.27652e-16
 10723.0000 7.21509e-16
 10724.0000 7.12798e-16
 10725.0000 7.59776e-16
 10726.0000 6.92031e-16
 10727.0000 7.76735e-16
 10728.0000 8.53531e-16
 10729.0000 8.53687e-16
 10730.0000 8.23962e-16
 10731.0000 9.35192e-16
 10732.0000 9.54836e-16
 10733.0000 8.25027e-16
 10734.0000 9.08502e-16
 10735.0000 9.43353e-16
 10736.0000 1.01664e-15
 10737.0000 9.75477e-16
 10738.0000 9.71733e-16
 10739.0000 9.37359e-16
 10740.0000 1.02041e-15
 10741.0000 9.96668e-16
 10742.0000 7.69726e-16
 10743.0000 7.91192e-16
 10744.0000 7.93775e-16
 10745.0000 7.66702e-16
 10746.0000 7.63120e-16
 10747.0000 1.06124e-15
 10748.0000 1.20672e-15
 10749.0000 1.19417e-15
 10750.0000 1.36988e-15
 10751.0000 1.21838e-15
 10752.0000 1.05113e-15
 10753.0000 9.63343e-16
 10754.0000 1.00663e-15
 10755.0000 8.55048e-16
 10756.0000 1.00252e-15
 10757.0000 1.11570e-15
 10758.0000 1.08807e-15
 10759.0000 1.14313e-15
 10760.0000 1.13757e-15
 10761.0000 1.12162e-15
 10762.0000 1.12747e-15
 10763.0000 1.03573e-15
 10764.0000 9.27807e-16
 10765.0000 8.69381e-16
 10766.0000 8.54328e-16
 10767.0000 8.26372e-16
 10768.0000 9.21044e-16
 10769.0000 9.93841e-16
 10770.0000 1.05026e-15
 10771.0000 1.03275e-15
 10772.0000 1.00912e-15
 10773.0000 9.35774e-16
 10774.0000 8.57294e-16
 10775.0000 7.51510e-16
 10776.0000 7.76465e-16
 10777.0000 7.96369e-16
 10778.0000 8.05406e-16
 10779.0000 8.73522e-16
 10780.0000 9.58440e-16
 10781.0000 9.58179e-16
 10782.0000 9.44595e-16
 10783.0000 9.17336e-16
 10784.0000 8.56224e-16
 10785.0000 8.13973e-16
 10786.0000 8.36659e-16
 10787.0000 7.71332e-16
 10788.0000 8.22157e-16
 10789.0000 9.54013e-16
 10790.0000 9.59339e-16
 10791.0000 9.84018e-16
 10792.0000 9.87507e-16
 10793.0000 1.00793e-15
 10794.0000 8.57456e-16
 10795.0000 8.42702e-16
 10796.0000 7.89575e-16
 10797.0000 8.43451e-16
 10798.0000 7.93893e-16
 10799.0000 8.78636e-16
 10800.0000 9.20818e-16
 10801.0000 9.78583e-16
 10802.0000 1.00843e-15
 10803.0000 1.06857e-15
 10804.0000 1.00089e-15
 10805.0000 1.06701e-15
 10806.0000 1.00936e-15
 10807.0000 1.00532e-15
 10808.0000 9.40730e-16
 10809.0000 9.62598e-16
 10810.0000 9.50775e-16
 10811.0000 9.45154e-16
 10812.0000 9.85002e-16
 10813.0000 1.02380e-15
 10814.0000 1.08594e-15
 10815.0000 1.03517e-15
 10816.0000 1.05510e-15
 10817.0000 1.01476e-15
 10818.0000 1.05508e-15
 10819.0000 9.75784e-16
 10820.0000 1.07507e-15
 10821.0000 1.10219e-15
 10822.0000 1.09962e-15
 10823.0000 1.08118e-15
 10824.0000 1.09242e-15
 10825.0000 1.01852e-15
 10826.0000 9.62569e-16
 10827.0000 1.06435e-15
 10828.0000 1.09149e-15
 10829.0000 1.87534e-15
 10830.0000 1.54693e-15
 10831.0000 1.58298e-15
 10832.0000 1.47044e-15
 10833.0000 1.48215e-15
 10834.0000 6.49701e-16
 10835.0000 9.73534e-16
 10836.0000 9.43077e-16
 10837.0000 9.56669e-16
 10838.0000 9.92931e-16
 10839.0000 1.17104e-15
 10840.0000 1.25508e-15
 10841.0000 1.25864e-15
 10842.0000 1.28406e-15
 10843.0000 1.25886e-15
 10844.0000 1.17604e-15
 10845.0000 1.07940e-15
 10846.0000 1.10998e-15
 10847.0000 1.10090e-15
 10848.0000 1.02376e-15
 10849.0000 9.83294e-16
 10850.0000 1.01047e-15
 10851.0000 9.77223e-16
 10852.0000 9.32769e-16
 10853.0000 1.00215e-15
 10854.0000 9.75239e-16
 10855.0000 9.29577e-16
 10856.0000 9.57401e-16
 10857.0000 8.94863e-16
 10858.0000 8.24594e-16
 10859.0000 8.69512e-16
 10860.0000 9.48512e-16
 10861.0000 9.71339e-16
 10862.0000 9.91836e-16
 10863.0000 1.04461e-15
 10864.0000 1.03877e-15
 10865.0000 9.46954e-16
 10866.0000 8.60549e-16
 10867.0000 8.97681e-16
 10868.0000 8.43986e-16
 10869.0000 8.30849e-16
 10870.0000 8.74682e-16
 10871.0000 9.11494e-16
 10872.0000 9.40166e-16
 10873.0000 9.50150e-16
 10874.0000 9.86010e-16
 10875.0000 9.68054e-16
 10876.0000 9.28018e-16
 10877.0000 8.84243e-16
 10878.0000 8.61625e-16
 10879.0000 8.34404e-16
 10880.0000 8.38915e-16
 10881.0000 8.87136e-16
 10882.0000 8.73006e-16
 10883.0000 9.00920e-16
 10884.0000 8.16225e-16
 10885.0000 7.99905e-16
 10886.0000 7.59394e-16
 10887.0000 7.91364e-16
 10888.0000 8.36782e-16
 10889.0000 9.31055e-16
 10890.0000 9.57538e-16
 10891.0000 1.04415e-15
 10892.0000 9.05098e-16
 10893.0000 8.37243e-16
 10894.0000 8.34189e-16
 10895.0000 7.77241e-16
 10896.0000 7.84515e-16
 10897.0000 8.76192e-16
 10898.0000 9.06041e-16
 10899.0000 9.38226e-16
 10900.0000 1.01391e-15
 10901.0000 9.33771e-16
 10902.0000 9.82610e-16
 10903.0000 9.90092e-16
 10904.0000 1.01512e-15
 10905.0000 1.00878e-15
 10906.0000 1.02716e-15
 10907.0000 1.05396e-15
 10908.0000 9.99461e-16
 10909.0000 9.29198e-16
 10910.0000 8.58535e-16
 10911.0000 8.64613e-16
 10912.0000 8.02423e-16
 10913.0000 8.57791e-16
 10914.0000 8.35434e-16
 10915.0000 8.66671e-16
 10916.0000 8.85556e-16
 10917.0000 9.42222e-16
 10918.0000 9.66556e-16
 10919.0000 9.32944e-16
 10920.0000 8.02112e-16
 10921.0000 8.95705e-16
 10922.0000 8.75287e-16
 10923.0000 7.31840e-16
 10924.0000 8.05687e-16
 10925.0000 9.72523e-16
 10926.0000 8.85591e-16
 10927.0000 8.73240e-16
 10928.0000 9.38178e-16
 10929.0000 8.89517e-16
 10930.0000 8.89240e-16
 10931.0000 9.29438e-16
 10932.0000 1.00109e-15
 10933.0000 1.06320e-15
 10934.0000 1.11587e-15
 10935.0000 1.13799e-15
 10936.0000 8.57708e-16
 10937.0000 8.30023e-16
 10938.0000 8.49192e-16
 10939.0000 8.58705e-16
 10940.0000 7.89035e-16
 10941.0000 1.03073e-15
 10942.0000 9.98078e-16
 10943.0000 8.82345e-16
 10944.0000 8.86721e-16
 10945.0000 9.13544e-16
 10946.0000 9.09014e-16
 10947.0000 7.36543e-16
 10948.0000 7.81146e-16
 10949.0000 7.17535e-16
 10950.0000 7.53649e-16
 10951.0000 7.11063e-16
 10952.0000 9.08805e-16
 10953.0000 9.40161e-16
 10954.0000 9.70480e-16
 10955.0000 8.79090e-16
 10956.0000 8.83494e-16
 10957.0000 8.44612e-16
 10958.0000 8.02580e-16
 10959.0000 8.07995e-16
 10960.0000 8.40540e-16
 10961.0000 8.58426e-16
 10962.0000 9.69418e-16
 10963.0000 1.01339e-15
 10964.0000 1.02275e-15
 10965.0000 1.08395e-15
 10966.0000 1.11428e-15
 10967.0000 1.01707e-15
 10968.0000 9.65378e-16
 10969.0000 9.77305e-16
 10970.0000 9.73086e-16
 10971.0000 8.18642e-16
 10972.0000 9.15451e-16
 10973.0000 9.30377e-16
 10974.0000 8.98475e-16
 10975.0000 8.08932e-16
 10976.0000 8.97455e-16
 10977.0000 8.25613e-16
 10978.0000 8.14980e-16
 10979.0000 8.85394e-16
 10980.0000 9.26675e-16
 10981.0000 9.90370e-16
 10982.0000 9.11414e-16
 10983.0000 8.80596e-16
 10984.0000 7.81815e-16
 10985.0000 8.07481e-16
 10986.0000 7.74174e-16
 10987.0000 8.62803e-16
 10988.0000 9.35186e-16
 10989.0000 9.28293e-16
 10990.0000 8.79634e-16
 10991.0000 7.48902e-16
 10992.0000 6.75641e-16
 10993.0000 6.61726e-16
 10994.0000 6.06018e-16
 10995.0000 6.09007e-16
 10996.0000 7.30164e-16
 10997.0000 7.27594e-16
 10998.0000 7.38423e-16
 10999.0000 8.41577e-16
 11000.0000 8.11421e-16
 11001.0000 8.49189e-16
 11002.0000 9.63372e-16
 11003.0000 9.55779e-16
 11004.0000 7.75969e-16
 11005.0000 6.49800e-16
 11006.0000 5.66591e-16
 11007.0000 4.63997e-16
 11008.0000 4.67199e-16
 11009.0000 5.76491e-16
 11010.0000 7.41057e-16
 11011.0000 7.78274e-16
 11012.0000 7.66462e-16
 11013.0000 7.15051e-16
 11014.0000 6.77460e-16
 11015.0000 6.35794e-16
 11016.0000 6.45543e-16
 11017.0000 7.01717e-16
 11018.0000 7.60132e-16
 11019.0000 8.31407e-16
 11020.0000 8.34898e-16
 11021.0000 7.87813e-16
 11022.0000 7.80747e-16
 11023.0000 8.75406e-16
 11024.0000 8.67784e-16
 11025.0000 7.61629e-16
 11026.0000 8.86974e-16
 11027.0000 7.80836e-16
 11028.0000 5.01479e-16
 11029.0000 5.15837e-16
 11030.0000 6.56075e-16
 11031.0000 5.60836e-16
 11032.0000 6.90746e-16
 11033.0000 8.29053e-16
 11034.0000 8.06520e-16
 11035.0000 7.93238e-16
 11036.0000 7.85492e-16
 11037.0000 7.60462e-16
 11038.0000 7.87327e-16
 11039.0000 7.79496e-16
 11040.0000 8.33519e-16
 11041.0000 8.39143e-16
 11042.0000 8.31963e-16
 11043.0000 8.23579e-16
 11044.0000 8.50990e-16
 11045.0000 7.89222e-16
 11046.0000 7.83443e-16
 11047.0000 7.98335e-16
 11048.0000 7.97339e-16
 11049.0000 8.12019e-16
 11050.0000 7.89735e-16
 11051.0000 6.56408e-16
 11052.0000 6.06487e-16
 11053.0000 6.26012e-16
 11054.0000 6.06295e-16
 11055.0000 7.00744e-16
 11056.0000 8.10944e-16
 11057.0000 7.56680e-16
 11058.0000 7.49562e-16
 11059.0000 8.11387e-16
 11060.0000 7.74834e-16
 11061.0000 7.60225e-16
 11062.0000 8.07761e-16
 11063.0000 7.79846e-16
 11064.0000 6.86915e-16
 11065.0000 7.31912e-16
 11066.0000 8.40443e-16
 11067.0000 8.28821e-16
 11068.0000 8.99356e-16
 11069.0000 8.34104e-16
 11070.0000 7.84552e-16
 11071.0000 7.61404e-16
 11072.0000 7.39286e-16
 11073.0000 7.36205e-16
 11074.0000 8.32284e-16
 11075.0000 8.06935e-16
 11076.0000 7.59029e-16
 11077.0000 7.58209e-16
 11078.0000 6.78642e-16
 11079.0000 6.53803e-16
 11080.0000 6.26346e-16
 11081.0000 5.84906e-16
 11082.0000 6.27578e-16
 11083.0000 6.52528e-16
 11084.0000 5.54602e-16
 11085.0000 4.98104e-16
 11086.0000 5.13074e-16
 11087.0000 4.94501e-16
 11088.0000 4.54377e-16
 11089.0000 5.99257e-16
 11090.0000 6.81204e-16
 11091.0000 7.09647e-16
 11092.0000 7.43465e-16
 11093.0000 7.50965e-16
 11094.0000 7.57163e-16
 11095.0000 7.83431e-16
 11096.0000 7.88582e-16
 11097.0000 6.81352e-16
 11098.0000 7.43152e-16
 11099.0000 7.35464e-16
 11100.0000 7.15024e-16
 11101.0000 7.11532e-16
 11102.0000 7.72318e-16
 11103.0000 7.14786e-16
 11104.0000 6.73914e-16
 11105.0000 6.54243e-16
 11106.0000 6.43048e-16
 11107.0000 6.09035e-16
 11108.0000 6.72790e-16
 11109.0000 6.60544e-16
 11110.0000 6.70345e-16
 11111.0000 6.33675e-16
 11112.0000 6.82952e-16
 11113.0000 6.61938e-16
 11114.0000 7.33970e-16
 11115.0000 7.52456e-16
 11116.0000 8.01128e-16
 11117.0000 8.47322e-16
 11118.0000 7.65489e-16
 11119.0000 6.89741e-16
 11120.0000 7.32584e-16
 11121.0000 7.29818e-16
 11122.0000 6.79241e-16
 11123.0000 7.24517e-16
 11124.0000 7.53994e-16
 11125.0000 6.37787e-16
 11126.0000 5.89296e-16
 11127.0000 5.40794e-16
 11128.0000 5.11656e-16
 11129.0000 4.78391e-16
 11130.0000 5.51627e-16
 11131.0000 5.38156e-16
 11132.0000 5.37241e-16
 11133.0000 5.25429e-16
 11134.0000 5.37893e-16
 11135.0000 5.19806e-16
 11136.0000 5.71907e-16
 11137.0000 6.09603e-16
 11138.0000 6.89535e-16
 11139.0000 6.30161e-16
 11140.0000 6.53743e-16
 11141.0000 7.00983e-16
 11142.0000 6.73216e-16
 11143.0000 5.84883e-16
 11144.0000 6.87473e-16
 11145.0000 5.62747e-16
 11146.0000 3.74898e-16
 11147.0000 3.78631e-16
 11148.0000 4.38294e-16
 11149.0000 2.50508e-16
 11150.0000 3.06871e-16
 11151.0000 4.39438e-16
 11152.0000 4.35900e-16
 11153.0000 4.31169e-16
 11154.0000 5.79031e-16
 11155.0000 5.96989e-16
 11156.0000 6.26148e-16
 11157.0000 6.14134e-16
 11158.0000 5.27188e-16
 11159.0000 4.61202e-16
 11160.0000 3.92083e-16
 11161.0000 2.24250e-16
 11162.0000 1.96071e-16
 11163.0000 2.10113e-16
 11164.0000 1.66998e-16
 11165.0000 2.11502e-16
 11166.0000 3.66043e-16
 11167.0000 3.28802e-16
 11168.0000 3.62551e-16
 11169.0000 3.56209e-16
 11170.0000 3.96929e-16
 11171.0000 3.69242e-16
 11172.0000 4.74888e-16
 11173.0000 5.41385e-16
 11174.0000 6.63311e-16
 11175.0000 6.06201e-16
 11176.0000 6.39988e-16
 11177.0000 6.11696e-16
 11178.0000 5.15904e-16
 11179.0000 4.83448e-16
 11180.0000 5.17425e-16
 11181.0000 4.76392e-16
 11182.0000 5.87172e-16
 11183.0000 6.42282e-16
 11184.0000 5.84006e-16
 11185.0000 5.29551e-16
 11186.0000 4.90568e-16
 11187.0000 3.12196e-16
 11188.0000 2.90949e-16
 11189.0000 2.94108e-16
 11190.0000 2.83943e-16
 11191.0000 3.73571e-16
 11192.0000 4.64052e-16
 11193.0000 4.88891e-16
 11194.0000 5.39969e-16
 11195.0000 5.24192e-16
 11196.0000 4.84965e-16
 11197.0000 6.40759e-16
 11198.0000 6.63396e-16
 11199.0000 6.22291e-16
 11200.0000 7.34082e-16
 11201.0000 8.20695e-16
 11202.0000 5.89041e-16
 11203.0000 5.67309e-16
 11204.0000 6.54859e-16
 11205.0000 6.05005e-16
 11206.0000 5.32923e-16
 11207.0000 5.53968e-16
 11208.0000 4.17311e-16
 11209.0000 2.94750e-16
 11210.0000 2.80348e-16
 11211.0000 3.40809e-16
 11212.0000 5.04790e-16
 11213.0000 5.40667e-16
 11214.0000 5.26725e-16
 11215.0000 5.31276e-16
 11216.0000 4.02311e-16
 11217.0000 2.67978e-16
 11218.0000 2.19775e-16
 11219.0000 2.14173e-16
 11220.0000 1.70432e-16
 11221.0000 7.47493e-17
 11222.0000 3.38919e-17
 11223.0000 5.99581e-17
 11224.0000 1.17102e-16
 11225.0000 1.84842e-16
 11226.0000 3.50851e-16
 11227.0000 4.66326e-16
 11228.0000 5.60501e-16
 11229.0000 6.36644e-16
 11230.0000 5.40766e-16
 11231.0000 4.36882e-16
 11232.0000 2.80737e-16
 11233.0000 1.79109e-16
 11234.0000 1.16209e-16
 11235.0000 1.75888e-16
 11236.0000 2.55736e-16
 11237.0000 3.24786e-16
 11238.0000 3.99491e-16
 11239.0000 3.77419e-16
 11240.0000 4.37031e-16
 11241.0000 4.62770e-16
 11242.0000 5.33962e-16
 11243.0000 5.58373e-16
 11244.0000 5.23525e-16
 11245.0000 5.27047e-16
 11246.0000 4.71602e-16
 11247.0000 4.48129e-16
 11248.0000 3.63534e-16
 11249.0000 3.69889e-16
 11250.0000 2.48667e-16
 11251.0000 1.44610e-16
 11252.0000 4.43710e-17
 11253.0000 1.24639e-16
 11254.0000 2.10405e-16
 11255.0000 2.65512e-16
 11256.0000 3.73207e-16
 11257.0000 3.76178e-16
 11258.0000 3.55936e-16
 11259.0000 3.02224e-16
 11260.0000 3.38824e-16
 11261.0000 4.40202e-16
 11262.0000 4.90474e-16
 11263.0000 4.97304e-16
 11264.0000 5.70214e-16
 11265.0000 5.40221e-16
 11266.0000 4.21117e-16
 11267.0000 4.44544e-16
 11268.0000 4.31248e-16
 11269.0000 3.09224e-16
 11270.0000 3.11946e-16
 11271.0000 3.22698e-16
 11272.0000 2.82412e-16
 11273.0000 2.87034e-16
 11274.0000 4.24518e-16
 11275.0000 4.04458e-16
 11276.0000 4.76820e-16
 11277.0000 5.42195e-16
 11278.0000 5.87652e-16
 11279.0000 4.77899e-16
 11280.0000 4.34757e-16
 11281.0000 3.26286e-16
 11282.0000 2.87875e-16
 11283.0000 2.32950e-16
 11284.0000 2.32885e-16
 11285.0000 2.02023e-16
 11286.0000 1.97011e-16
 11287.0000 1.79639e-16
 11288.0000 1.78869e-16
 11289.0000 2.43800e-16
 11290.0000 3.80598e-16
 11291.0000 3.38393e-16
 11292.0000 3.08898e-16
 11293.0000 2.42088e-16
 11294.0000 1.99031e-16
 11295.0000 1.49058e-16
 11296.0000 2.12751e-16
 11297.0000 2.07743e-16
 11298.0000 3.05134e-16
 11299.0000 3.17293e-16
 11300.0000 3.68798e-16
 11301.0000 4.55451e-16
 11302.0000 5.03583e-16
 11303.0000 4.84703e-16
 11304.0000 5.03093e-16
 11305.0000 5.10075e-16
 11306.0000 5.03861e-16
 11307.0000 6.51708e-16
 11308.0000 7.84772e-16
 11309.0000 8.66235e-16
 11310.0000 7.67147e-16
 11311.0000 7.59679e-16
 11312.0000 6.68212e-16
 11313.0000 6.38778e-16
 11314.0000 5.73615e-16
 11315.0000 6.47812e-16
 11316.0000 6.46172e-16
 11317.0000 5.32969e-16
 11318.0000 4.02164e-16
 11319.0000 3.44124e-16
 11320.0000 3.29608e-16
 11321.0000 2.99129e-16
 11322.0000 3.83868e-16
 11323.0000 4.97688e-16
 11324.0000 3.79177e-16
 11325.0000 2.86638e-16
 11326.0000 1.46936e-16
 11327.0000 4.13515e-17
 11328.0000 -5.24896e-17
 11329.0000 -5.02487e-18
 11330.0000 -4.40351e-17
 11331.0000 -3.02387e-17
 11332.0000 5.38604e-17
 11333.0000 4.89884e-17
 11334.0000 1.49404e-16
 11335.0000 2.56127e-16
 11336.0000 2.86500e-16
 11337.0000 2.41327e-16
 11338.0000 2.41698e-16
 11339.0000 2.24442e-16
 11340.0000 1.63027e-16
 11341.0000 1.59752e-16
 11342.0000 1.10025e-16
 11343.0000 3.23970e-17
 11344.0000 2.47589e-17
 11345.0000 7.45457e-17
 11346.0000 5.27431e-17
 11347.0000 4.02925e-17
 11348.0000 1.09761e-16
 11349.0000 8.41686e-17
 11350.0000 1.05401e-16
 11351.0000 2.19435e-16
 11352.0000 3.75585e-16
 11353.0000 3.71473e-16
 11354.0000 3.53210e-16
 11355.0000 2.70880e-16
 11356.0000 1.13787e-16
 11357.0000 1.83380e-17
 11358.0000 7.96639e-17
 11359.0000 1.48483e-16
 11360.0000 2.34816e-16
 11361.0000 4.31655e-16
 11362.0000 4.76635e-16
 11363.0000 4.53334e-16
 11364.0000 5.14822e-16
 11365.0000 5.31791e-16
 11366.0000 5.20905e-16
 11367.0000 5.42266e-16
 11368.0000 6.00886e-16
 11369.0000 5.06867e-16
 11370.0000 4.67925e-16
 11371.0000 3.62089e-16
 11372.0000 3.33876e-16
 11373.0000 2.81567e-16
 11374.0000 3.76518e-16
 11375.0000 4.04595e-16
 11376.0000 4.86361e-16
 11377.0000 5.27403e-16
 11378.0000 5.31706e-16
 11379.0000 3.92190e-16
 11380.0000 3.51479e-16
 11381.0000 3.46575e-16
 11382.0000 3.14191e-16
 11383.0000 3.16526e-16
 11384.0000 4.18464e-16
 11385.0000 5.13913e-16
 11386.0000 5.21922e-16
 11387.0000 5.35128e-16
 11388.0000 5.31189e-16
 11389.0000 5.45139e-16
 11390.0000 4.90478e-16
 11391.0000 4.85025e-16
 11392.0000 4.24100e-16
 11393.0000 3.78495e-16
 11394.0000 2.95252e-16
 11395.0000 3.17267e-16
 11396.0000 3.37798e-16
 11397.0000 4.57001e-16
 11398.0000 5.64157e-16
 11399.0000 6.71232e-16
 11400.0000 6.77966e-16
 11401.0000 6.48273e-16
 11402.0000 5.54700e-16
 11403.0000 4.45945e-16
 11404.0000 3.68533e-16
 11405.0000 3.33522e-16
 11406.0000 3.74927e-16
 11407.0000 3.94358e-16
 11408.0000 4.69749e-16
 11409.0000 4.29766e-16
 11410.0000 4.01672e-16
 11411.0000 3.87510e-16
 11412.0000 4.17782e-16
 11413.0000 4.29277e-16
 11414.0000 5.02236e-16
 11415.0000 5.64961e-16
 11416.0000 5.22680e-16
 11417.0000 4.76232e-16
 11418.0000 4.56813e-16
 11419.0000 4.78385e-16
 11420.0000 4.85373e-16
 11421.0000 5.20085e-16
 11422.0000 5.60394e-16
 11423.0000 5.18607e-16
 11424.0000 5.12000e-16
 11425.0000 5.28666e-16
 11426.0000 5.93040e-16
 11427.0000 6.28902e-16
 11428.0000 6.45865e-16
 11429.0000 6.71554e-16
 11430.0000 6.30460e-16
 11431.0000 5.67829e-16
 11432.0000 4.31393e-16
 11433.0000 6.34420e-16
 11434.0000 3.65638e-16
 11435.0000 4.63437e-16
 11436.0000 4.26328e-16
 11437.0000 4.67369e-16
 11438.0000 1.66824e-16
 11439.0000 3.15210e-16
 11440.0000 1.37102e-16
 11441.0000 2.02722e-16
 11442.0000 3.05478e-16
 11443.0000 3.55952e-16
 11444.0000 3.34180e-16
 11445.0000 4.44778e-16
 11446.0000 4.39531e-16
 11447.0000 3.76106e-16
 11448.0000 4.21927e-16
 11449.0000 4.64345e-16
 11450.0000 4.58765e-16
 11451.0000 4.50934e-16
 11452.0000 4.73266e-16
 11453.0000 5.15715e-16
 11454.0000 5.06131e-16
 11455.0000 4.96967e-16
 11456.0000 4.80545e-16
 11457.0000 4.46685e-16
 11458.0000 4.25901e-16
 11459.0000 4.68681e-16
 11460.0000 4.37071e-16
 11461.0000 3.59145e-16
 11462.0000 3.56120e-16
 11463.0000 2.96375e-16
 11464.0000 3.29104e-16
 11465.0000 2.72769e-16
 11466.0000 3.31808e-16
 11467.0000 2.86724e-16
 11468.0000 2.57145e-16
 11469.0000 1.63685e-16
 11470.0000 1.54308e-16
 11471.0000 6.36707e-17
 11472.0000 1.11930e-16
 11473.0000 1.93253e-16
 11474.0000 2.36486e-16
 11475.0000 3.31878e-16
 11476.0000 4.03466e-16
 11477.0000 4.75714e-16
 11478.0000 4.83943e-16
 11479.0000 5.62806e-16
 11480.0000 5.65533e-16
 11481.0000 5.50373e-16
 11482.0000 4.48480e-16
 11483.0000 3.29581e-16
 11484.0000 3.30408e-16
 11485.0000 3.38692e-16
 11486.0000 4.23275e-16
 11487.0000 5.03788e-16
 11488.0000 6.26133e-16
 11489.0000 5.74692e-16
 11490.0000 5.36566e-16
 11491.0000 4.14909e-16
 11492.0000 2.89747e-16
 11493.0000 2.11203e-16
 11494.0000 1.24633e-16
 11495.0000 5.98663e-17
 11496.0000 1.01203e-16
 11497.0000 1.76489e-16
 11498.0000 2.33371e-16
 11499.0000 3.11240e-16
 11500.0000 4.03498e-16
 11501.0000 4.82139e-16
 11502.0000 4.91867e-16
 11503.0000 4.63980e-16
 11504.0000 5.22369e-16
 11505.0000 5.37662e-16
 11506.0000 4.65155e-16
 11507.0000 4.23322e-16
 11508.0000 3.94624e-16
 11509.0000 3.79046e-16
 11510.0000 3.49220e-16
 11511.0000 4.18624e-16
 11512.0000 4.89206e-16
 11513.0000 5.68114e-16
 11514.0000 4.69556e-16
 11515.0000 4.05981e-16
 11516.0000 3.02322e-16
 11517.0000 3.08064e-16
 11518.0000 2.62640e-16
 11519.0000 3.34765e-16
 11520.0000 3.40156e-16
 11521.0000 3.29122e-16
 11522.0000 2.26706e-16
 11523.0000 2.18841e-16
 11524.0000 2.34018e-16
 11525.0000 3.43868e-16
 11526.0000 4.34585e-16
 11527.0000 4.71855e-16
 11528.0000 5.23307e-16
 11529.0000 5.12239e-16
 11530.0000 4.87790e-16
 11531.0000 4.71232e-16
 11532.0000 6.38423e-16
 11533.0000 4.29294e-16
 11534.0000 2.76808e-16
 11535.0000 4.81268e-17
 11536.0000 4.46029e-17
 11537.0000 -1.11732e-16
 11538.0000 -4.36660e-18
 11539.0000 8.44810e-17
 11540.0000 2.87892e-16
 11541.0000 3.71265e-16
 11542.0000 4.17039e-16
 11543.0000 5.46870e-16
 11544.0000 6.07543e-16
 11545.0000 5.95565e-16
 11546.0000 5.21228e-16
 11547.0000 5.65004e-16
 11548.0000 4.81084e-16
 11549.0000 4.38514e-16
 11550.0000 4.77817e-16
 11551.0000 4.32677e-16
 11552.0000 3.07762e-16
 11553.0000 2.89862e-16
 11554.0000 3.53790e-16
 11555.0000 3.60931e-16
 11556.0000 3.71543e-16
 11557.0000 4.28827e-16
 11558.0000 5.33917e-16
 11559.0000 4.75830e-16
 11560.0000 4.19667e-16
 11561.0000 4.46188e-16
 11562.0000 5.09389e-16
 11563.0000 4.72531e-16
 11564.0000 5.41968e-16
 11565.0000 5.99149e-16
 11566.0000 6.13933e-16
 11567.0000 4.89267e-16
 11568.0000 4.40504e-16
 11569.0000 4.02197e-16
 11570.0000 3.52244e-16
 11571.0000 3.10589e-16
 11572.0000 3.59609e-16
 11573.0000 3.92437e-16
 11574.0000 4.87175e-16
 11575.0000 5.21800e-16
 11576.0000 5.82160e-16
 11577.0000 6.12714e-16
 11578.0000 5.81870e-16
 11579.0000 4.42629e-16
 11580.0000 4.81955e-16
 11581.0000 5.29273e-16
 11582.0000 5.25863e-16
 11583.0000 5.93510e-16
 11584.0000 6.08144e-16
 11585.0000 5.52302e-16
 11586.0000 2.49397e-16
 11587.0000 7.92273e-17
 11588.0000 8.05531e-17
 11589.0000 1.42909e-16
 11590.0000 1.90552e-16
 11591.0000 4.03592e-16
 11592.0000 5.56563e-16
 11593.0000 5.31976e-16
 11594.0000 4.90552e-16
 11595.0000 3.98640e-16
 11596.0000 4.10946e-16
 11597.0000 4.43199e-16
 11598.0000 4.05604e-16
 11599.0000 4.21372e-16
 11600.0000 5.12667e-16
 11601.0000 5.06429e-16
 11602.0000 4.99714e-16
 11603.0000 5.31514e-16
 11604.0000 5.97380e-16
 11605.0000 5.78353e-16
 11606.0000 6.39453e-16
 11607.0000 6.21579e-16
 11608.0000 6.03692e-16
 11609.0000 5.28789e-16
 11610.0000 5.14659e-16
 11611.0000 4.87080e-16
 11612.0000 4.93661e-16
 11613.0000 5.66108e-16
 11614.0000 5.57230e-16
 11615.0000 5.80341e-16
 11616.0000 5.69493e-16
 11617.0000 5.92761e-16
 11618.0000 5.80764e-16
 11619.0000 5.76743e-16
 11620.0000 6.15379e-16
 11621.0000 6.59203e-16
 11622.0000 6.66246e-16
 11623.0000 5.74937e-16
 11624.0000 6.01014e-16
 11625.0000 5.91716e-16
 11626.0000 5.59402e-16
 11627.0000 5.89565e-16
 11628.0000 6.70152e-16
 11629.0000 6.48474e-16
 11630.0000 6.12575e-16
 11631.0000 6.13576e-16
 11632.0000 5.51469e-16
 11633.0000 4.57403e-16
 11634.0000 5.60159e-16
 11635.0000 5.45774e-16
 11636.0000 5.73853e-16
 11637.0000 6.91263e-16
 11638.0000 7.83283e-16
 11639.0000 7.06623e-16
 11640.0000 6.83768e-16
 11641.0000 6.34117e-16
 11642.0000 5.56522e-16
 11643.0000 5.38783e-16
 11644.0000 4.62713e-16
 11645.0000 4.67078e-16
 11646.0000 5.83635e-16
 11647.0000 6.26057e-16
 11648.0000 6.84287e-16
 11649.0000 7.10214e-16
 11650.0000 7.57600e-16
 11651.0000 6.11644e-16
 11652.0000 5.06211e-16
 11653.0000 4.46599e-16
 11654.0000 4.99165e-16
 11655.0000 4.36005e-16
 11656.0000 4.83053e-16
 11657.0000 4.95036e-16
 11658.0000 5.32574e-16
 11659.0000 4.98857e-16
 11660.0000 5.47722e-16
 11661.0000 5.30449e-16
 11662.0000 5.19617e-16
 11663.0000 4.77802e-16
 11664.0000 5.30465e-16
 11665.0000 5.30224e-16
 11666.0000 5.59988e-16
 11667.0000 5.63032e-16
 11668.0000 6.11667e-16
 11669.0000 6.42918e-16
 11670.0000 6.78241e-16
 11671.0000 6.84282e-16
 11672.0000 7.28641e-16
 11673.0000 7.09503e-16
 11674.0000 6.80443e-16
 11675.0000 6.30130e-16
 11676.0000 6.33186e-16
 11677.0000 5.51027e-16
 11678.0000 5.48608e-16
 11679.0000 5.25154e-16
 11680.0000 5.78222e-16
 11681.0000 6.39243e-16
 11682.0000 7.38055e-16
 11683.0000 6.73117e-16
 11684.0000 6.87422e-16
 11685.0000 6.96756e-16
 11686.0000 6.43461e-16
 11687.0000 5.80690e-16
 11688.0000 5.85023e-16
 11689.0000 4.80412e-16
 11690.0000 3.65430e-16
 11691.0000 3.39058e-16
 11692.0000 3.35063e-16
 11693.0000 3.55348e-16
 11694.0000 4.09286e-16
 11695.0000 4.51028e-16
 11696.0000 4.29327e-16
 11697.0000 4.03453e-16
 11698.0000 3.44225e-16
 11699.0000 4.24772e-16
 11700.0000 4.21642e-16
 11701.0000 4.16240e-16
 11702.0000 4.92531e-16
 11703.0000 5.46159e-16
 11704.0000 4.58452e-16
 11705.0000 4.74718e-16
 11706.0000 5.50433e-16
 11707.0000 5.95952e-16
 11708.0000 6.19219e-16
 11709.0000 5.86417e-16
 11710.0000 7.26439e-16
 11711.0000 6.84244e-16
 11712.0000 7.16584e-16
 11713.0000 6.76431e-16
 11714.0000 7.51328e-16
 11715.0000 5.81816e-16
 11716.0000 5.98825e-16
 11717.0000 4.84984e-16
 11718.0000 5.59320e-16
 11719.0000 5.71127e-16
 11720.0000 6.57342e-16
 11721.0000 5.69961e-16
 11722.0000 6.10779e-16
 11723.0000 5.32626e-16
 11724.0000 5.35084e-16
 11725.0000 5.25523e-16
 11726.0000 5.71810e-16
 11727.0000 5.79850e-16
 11728.0000 6.04170e-16
 11729.0000 6.61188e-16
 11730.0000 6.35898e-16
 11731.0000 6.20876e-16
 11732.0000 6.21475e-16
 11733.0000 6.45311e-16
 11734.0000 5.83405e-16
 11735.0000 5.07339e-16
 11736.0000 5.15752e-16
 11737.0000 4.52660e-16
 11738.0000 4.40757e-16
 11739.0000 5.11567e-16
 11740.0000 5.39282e-16
 11741.0000 5.72023e-16
 11742.0000 6.08035e-16
 11743.0000 5.50559e-16
 11744.0000 5.06315e-16
 11745.0000 5.42420e-16
 11746.0000 5.16779e-16
 11747.0000 4.59459e-16
 11748.0000 4.92968e-16
 11749.0000 4.77972e-16
 11750.0000 4.63467e-16
 11751.0000 4.64672e-16
 11752.0000 5.42097e-16
 11753.0000 5.94447e-16
 11754.0000 5.78792e-16
 11755.0000 5.82215e-16
 11756.0000 5.36918e-16
 11757.0000 5.31562e-16
 11758.0000 5.43947e-16
 11759.0000 5.56032e-16
 11760.0000 5.73049e-16
 11761.0000 6.15181e-16
 11762.0000 6.01055e-16
 11763.0000 5.96161e-16
 11764.0000 6.10389e-16
 11765.0000 5.40088e-16
 11766.0000 5.24630e-16
 11767.0000 5.62416e-16
 11768.0000 4.86532e-16
 11769.0000 4.49839e-16
 11770.0000 4.40689e-16
 11771.0000 4.53649e-16
 11772.0000 3.93971e-16
 11773.0000 5.24220e-16
 11774.0000 5.17994e-16
 11775.0000 6.08756e-16
 11776.0000 6.59886e-16
 11777.0000 6.65930e-16
 11778.0000 6.30035e-16
 11779.0000 6.78268e-16
 11780.0000 6.48355e-16
 11781.0000 6.49097e-16
 11782.0000 6.27657e-16
 11783.0000 7.19195e-16
 11784.0000 6.96922e-16
 11785.0000 7.16488e-16
 11786.0000 6.86435e-16
 11787.0000 7.66716e-16
 11788.0000 6.49125e-16
 11789.0000 6.25148e-16
 11790.0000 6.22911e-16
 11791.0000 6.34517e-16
 11792.0000 5.51519e-16
 11793.0000 5.43156e-16
 11794.0000 5.98315e-16
 11795.0000 5.73494e-16
 11796.0000 5.54372e-16
 11797.0000 5.89850e-16
 11798.0000 5.75893e-16
 11799.0000 5.01038e-16
 11800.0000 5.35045e-16
 11801.0000 5.49516e-16
 11802.0000 5.53358e-16
 11803.0000 5.31693e-16
 11804.0000 6.29385e-16
 11805.0000 6.10227e-16
 11806.0000 6.33142e-16
 11807.0000 6.53986e-16
 11808.0000 7.18114e-16
 11809.0000 6.89929e-16
 11810.0000 7.28201e-16
 11811.0000 6.79240e-16
 11812.0000 6.01518e-16
 11813.0000 5.55312e-16
 11814.0000 5.38182e-16
 11815.0000 4.89722e-16
 11816.0000 4.55156e-16
 11817.0000 4.65799e-16
 11818.0000 5.02257e-16
 11819.0000 4.97090e-16
 11820.0000 4.46954e-16
 11821.0000 4.70954e-16
 11822.0000 5.14711e-16
 11823.0000 4.79555e-16
 11824.0000 4.73906e-16
 11825.0000 5.29890e-16
 11826.0000 5.57801e-16
 11827.0000 5.36659e-16
 11828.0000 6.03846e-16
 11829.0000 6.31806e-16
 11830.0000 6.25510e-16
 11831.0000 5.98769e-16
 11832.0000 6.01083e-16
 11833.0000 5.52280e-16
 11834.0000 5.37879e-16
 11835.0000 5.82840e-16
 11836.0000 5.75845e-16
 11837.0000 5.75136e-16
 11838.0000 5.33816e-16
 11839.0000 4.97050e-16
 11840.0000 4.33435e-16
 11841.0000 4.36084e-16
 11842.0000 4.53819e-16
 11843.0000 4.94789e-16
 11844.0000 4.69267e-16
 11845.0000 4.79927e-16
 11846.0000 4.71177e-16
 11847.0000 4.89257e-16
 11848.0000 4.71092e-16
 11849.0000 5.18011e-16
 11850.0000 5.89141e-16
 11851.0000 6.81311e-16
 11852.0000 6.79518e-16
 11853.0000 6.86950e-16
 11854.0000 7.27335e-16
 11855.0000 6.68182e-16
 11856.0000 6.51850e-16
 11857.0000 6.39349e-16
 11858.0000 6.55486e-16
 11859.0000 6.11415e-16
 11860.0000 6.28246e-16
 11861.0000 6.16597e-16
 11862.0000 6.49410e-16
 11863.0000 6.55347e-16
 11864.0000 6.77009e-16
 11865.0000 6.35094e-16
 11866.0000 5.97580e-16
 11867.0000 5.68778e-16
 11868.0000 5.88095e-16
 11869.0000 5.63646e-16
 11870.0000 5.91955e-16
 11871.0000 6.03864e-16
 11872.0000 5.41940e-16
 11873.0000 5.17925e-16
 11874.0000 5.14467e-16
 11875.0000 5.06560e-16
 11876.0000 4.84977e-16
 11877.0000 5.28058e-16
 11878.0000 5.01965e-16
 11879.0000 4.91923e-16
 11880.0000 4.78563e-16
 11881.0000 5.00431e-16
 11882.0000 5.28617e-16
 11883.0000 5.71455e-16
 11884.0000 5.80825e-16
 11885.0000 6.17086e-16
 11886.0000 5.59708e-16
 11887.0000 4.97042e-16
 11888.0000 3.52403e-16
 11889.0000 3.50414e-16
 11890.0000 3.92902e-16
 11891.0000 4.54682e-16
 11892.0000 5.09415e-16
 11893.0000 6.58302e-16
 11894.0000 6.84181e-16
 11895.0000 6.32758e-16
 11896.0000 5.93967e-16
 11897.0000 5.60482e-16
 11898.0000 5.00712e-16
 11899.0000 4.75533e-16
 11900.0000 4.37645e-16
 11901.0000 4.18223e-16
 11902.0000 4.83314e-16
 11903.0000 5.02888e-16
 11904.0000 5.32534e-16
 11905.0000 5.35423e-16
 11906.0000 5.63130e-16
 11907.0000 5.45881e-16
 11908.0000 5.13779e-16
 11909.0000 4.93604e-16
 11910.0000 4.96265e-16
 11911.0000 4.66024e-16
 11912.0000 4.45856e-16
 11913.0000 4.59173e-16
 11914.0000 4.36279e-16
 11915.0000 4.74385e-16
 11916.0000 5.11710e-16
 11917.0000 5.28229e-16
 11918.0000 5.48888e-16
 11919.0000 5.60648e-16
 11920.0000 5.42386e-16
 11921.0000 5.58863e-16
 11922.0000 5.39357e-16
 11923.0000 5.54952e-16
 11924.0000 5.60647e-16
 11925.0000 5.58771e-16
 11926.0000 5.51947e-16
 11927.0000 5.70380e-16
 11928.0000 5.24670e-16
 11929.0000 4.88290e-16
 11930.0000 4.83664e-16
 11931.0000 4.32365e-16
 11932.0000 4.71757e-16
 11933.0000 4.07735e-16
 11934.0000 4.91913e-16
 11935.0000 4.98149e-16
 11936.0000 5.66251e-16
 11937.0000 4.89398e-16
 11938.0000 5.81852e-16
 11939.0000 5.17992e-16
 11940.0000 5.32051e-16
 11941.0000 5.10090e-16
 11942.0000 5.46250e-16
 11943.0000 5.61594e-16
 11944.0000 5.65912e-16
 11945.0000 5.40898e-16
 11946.0000 5.28355e-16
 11947.0000 5.01823e-16
 11948.0000 4.06384e-16
 11949.0000 4.00059e-16
 11950.0000 4.28417e-16
 11951.0000 4.35774e-16
 11952.0000 4.35569e-16
 11953.0000 4.99082e-16
 11954.0000 5.07670e-16
 11955.0000 4.96827e-16
 11956.0000 5.03570e-16
 11957.0000 5.14709e-16
 11958.0000 5.36223e-16
 11959.0000 5.40718e-16
 11960.0000 5.16042e-16
 11961.0000 4.95435e-16
 11962.0000 3.90305e-16
 11963.0000 4.10422e-16
 11964.0000 3.96178e-16
 11965.0000 4.71966e-16
 11966.0000 4.74383e-16
 11967.0000 5.42260e-16
 11968.0000 5.00963e-16
 11969.0000 5.16459e-16
 11970.0000 4.87006e-16
 11971.0000 5.09266e-16
 11972.0000 4.58501e-16
 11973.0000 4.59247e-16
 11974.0000 4.61542e-16
 11975.0000 4.39751e-16
 11976.0000 4.38750e-16
 11977.0000 4.79078e-16
 11978.0000 5.30628e-16
 11979.0000 4.85338e-16
 11980.0000 4.45509e-16
 11981.0000 4.40926e-16
 11982.0000 4.79824e-16
 11983.0000 2.96142e-16
 11984.0000 2.96842e-16
 11985.0000 3.22328e-16
 11986.0000 3.08962e-16
 11987.0000 3.31639e-16
 11988.0000 4.82198e-16
 11989.0000 5.55975e-16
 11990.0000 5.58650e-16
 11991.0000 5.88555e-16
 11992.0000 5.72360e-16
 11993.0000 5.71816e-16
 11994.0000 5.42872e-16
 11995.0000 5.52457e-16
 11996.0000 5.25819e-16
 11997.0000 5.15863e-16
 11998.0000 5.49375e-16
 11999.0000 5.87790e-16
 12000.0000 5.87695e-16
 12001.0000 7.74291e-16
 12002.0000 5.94981e-16
 12003.0000 5.81549e-16
 12004.0000 5.47548e-16
 12005.0000 5.52069e-16
 12006.0000 3.65583e-16
 12007.0000 5.49597e-16
 12008.0000 4.81086e-16
 12009.0000 4.49490e-16
 12010.0000 4.06159e-16
 12011.0000 3.98208e-16
 12012.0000 3.67701e-16
 12013.0000 3.56569e-16
 12014.0000 3.75203e-16
 12015.0000 4.19604e-16
 12016.0000 4.29473e-16
 12017.0000 4.52588e-16
 12018.0000 5.63717e-16
 12019.0000 5.66958e-16
 12020.0000 4.87122e-16
 12021.0000 5.04368e-16
 12022.0000 5.03860e-16
 12023.0000 4.56968e-16
 12024.0000 5.38987e-16
 12025.0000 6.63163e-16
 12026.0000 5.95587e-16
 12027.0000 5.12294e-16
 12028.0000 4.71250e-16
 12029.0000 3.94504e-16
 12030.0000 2.97999e-16
 12031.0000 3.07791e-16
 12032.0000 3.29949e-16
 12033.0000 2.87790e-16
 12034.0000 2.65622e-16
 12035.0000 3.01588e-16
 12036.0000 3.14965e-16
 12037.0000 3.65890e-16
 12038.0000 5.14350e-16
 12039.0000 5.18443e-16
 12040.0000 5.37946e-16
 12041.0000 5.66071e-16
 12042.0000 5.84397e-16
 12043.0000 5.07114e-16
 12044.0000 4.73566e-16
 12045.0000 4.24795e-16
 12046.0000 4.06883e-16
 12047.0000 4.29265e-16
 12048.0000 4.45153e-16
 12049.0000 4.86565e-16
 12050.0000 5.22608e-16
 12051.0000 5.46712e-16
 12052.0000 6.91142e-16
 12053.0000 6.60240e-16
 12054.0000 6.71950e-16
 12055.0000 7.16841e-16
 12056.0000 7.36698e-16
 12057.0000 5.95822e-16
 12058.0000 5.93282e-16
 12059.0000 5.56622e-16
 12060.0000 5.05518e-16
 12061.0000 4.78338e-16
 12062.0000 4.78753e-16
 12063.0000 5.16676e-16
 12064.0000 5.44074e-16
 12065.0000 5.18573e-16
 12066.0000 5.67560e-16
 12067.0000 4.72580e-16
 12068.0000 4.46485e-16
 12069.0000 4.46560e-16
 12070.0000 4.37619e-16
 12071.0000 3.88483e-16
 12072.0000 4.64139e-16
 12073.0000 4.44587e-16
 12074.0000 5.18502e-16
 12075.0000 4.95331e-16
 12076.0000 5.02202e-16
 12077.0000 4.70869e-16
 12078.0000 5.04769e-16
 12079.0000 4.24284e-16
 12080.0000 4.84035e-16
 12081.0000 5.05253e-16
 12082.0000 4.79864e-16
 12083.0000 4.52002e-16
 12084.0000 4.52537e-16
 12085.0000 4.77951e-16
 12086.0000 4.10561e-16
 12087.0000 4.42517e-16
 12088.0000 4.20042e-16
 12089.0000 4.42846e-16
 12090.0000 4.58006e-16
 12091.0000 5.16189e-16
 12092.0000 6.21636e-16
 12093.0000 6.10921e-16
 12094.0000 5.61539e-16
 12095.0000 4.89004e-16
 12096.0000 4.90698e-16
 12097.0000 4.49110e-16
 12098.0000 5.19697e-16
 12099.0000 5.55749e-16
 12100.0000 5.81731e-16
 12101.0000 5.64849e-16
 12102.0000 4.92344e-16
 12103.0000 4.59647e-16
 12104.0000 4.06703e-16
 12105.0000 3.93290e-16
 12106.0000 3.79608e-16
 12107.0000 4.22808e-16
 12108.0000 4.00662e-16
 12109.0000 4.00112e-16
 12110.0000 3.74690e-16
 12111.0000 3.64747e-16
 12112.0000 3.72774e-16
 12113.0000 4.06273e-16
 12114.0000 4.16395e-16
 12115.0000 3.85291e-16
 12116.0000 3.07297e-16
 12117.0000 3.54840e-16
 12118.0000 5.38739e-16
 12119.0000 8.31489e-16
 12120.0000 9.54682e-16
 12121.0000 1.07128e-15
 12122.0000 9.55413e-16
 12123.0000 7.63539e-16
 12124.0000 5.27641e-16
 12125.0000 4.58450e-16
 12126.0000 4.73339e-16
 12127.0000 5.02897e-16
 12128.0000 5.26664e-16
 12129.0000 5.51109e-16
 12130.0000 6.11519e-16
 12131.0000 7.12233e-16
 12132.0000 7.15624e-16
 12133.0000 7.21512e-16
 12134.0000 6.55205e-16
 12135.0000 5.66034e-16
 12136.0000 4.37242e-16
 12137.0000 4.68094e-16
 12138.0000 4.16724e-16
 12139.0000 4.67948e-16
 12140.0000 5.07709e-16
 12141.0000 4.81618e-16
 12142.0000 4.89195e-16
 12143.0000 5.50654e-16
 12144.0000 5.52080e-16
 12145.0000 5.40530e-16
 12146.0000 5.62374e-16
 12147.0000 5.12558e-16
 12148.0000 4.70641e-16
 12149.0000 3.71683e-16
 12150.0000 3.57926e-16
 12151.0000 3.60232e-16
 12152.0000 3.98753e-16
 12153.0000 4.20113e-16
 12154.0000 4.45615e-16
 12155.0000 4.84684e-16
 12156.0000 4.98542e-16
 12157.0000 4.65069e-16
 12158.0000 4.56392e-16
 12159.0000 5.32818e-16
 12160.0000 5.47251e-16
 12161.0000 5.54362e-16
 12162.0000 5.32578e-16
 12163.0000 5.27728e-16
 12164.0000 5.00905e-16
 12165.0000 5.52387e-16
 12166.0000 5.31259e-16
 12167.0000 5.22646e-16
 12168.0000 5.15341e-16
 12169.0000 5.42245e-16
 12170.0000 4.90159e-16
 12171.0000 4.62327e-16
 12172.0000 5.11509e-16
 12173.0000 5.04254e-16
 12174.0000 4.74196e-16
 12175.0000 3.95119e-16
 12176.0000 4.17778e-16
 12177.0000 3.78071e-16
 12178.0000 3.61618e-16
 12179.0000 3.63694e-16
 12180.0000 4.23137e-16
 12181.0000 4.44766e-16
 12182.0000 4.74015e-16
 12183.0000 5.07120e-16
 12184.0000 5.14862e-16
 12185.0000 4.88034e-16
 12186.0000 4.67530e-16
 12187.0000 4.29363e-16
 12188.0000 4.39986e-16
 12189.0000 3.94258e-16
 12190.0000 5.22040e-16
 12191.0000 5.04187e-16
 12192.0000 5.66055e-16
 12193.0000 5.46284e-16
 12194.0000 5.90359e-16
 12195.0000 4.53715e-16
 12196.0000 4.62199e-16
 12197.0000 3.88761e-16
 12198.0000 3.87929e-16
 12199.0000 3.82101e-16
 12200.0000 4.20591e-16
 12201.0000 4.32690e-16
 12202.0000 4.81277e-16
 12203.0000 4.80022e-16
 12204.0000 4.37685e-16
 12205.0000 4.12171e-16
 12206.0000 4.11757e-16
 12207.0000 4.19070e-16
 12208.0000 3.87404e-16
 12209.0000 3.93428e-16
 12210.0000 4.23699e-16
 12211.0000 3.89368e-16
 12212.0000 3.50070e-16
 12213.0000 3.64644e-16
 12214.0000 3.90049e-16
 12215.0000 3.87879e-16
 12216.0000 4.20349e-16
 12217.0000 4.35275e-16
 12218.0000 4.45769e-16
 12219.0000 4.30900e-16
 12220.0000 4.63352e-16
 12221.0000 3.90213e-16
 12222.0000 1.75085e-16
 12223.0000 5.89842e-16
 12224.0000 5.15477e-16
 12225.0000 6.58962e-16
 12226.0000 5.15736e-16
 12227.0000 7.89225e-16
 12228.0000 3.65344e-16
 12229.0000 4.89707e-16
 12230.0000 2.96691e-16
 12231.0000 5.18670e-16
 12232.0000 5.27171e-16
 12233.0000 5.17817e-16
 12234.0000 4.87531e-16
 12235.0000 5.28224e-16
 12236.0000 5.77832e-16
 12237.0000 5.78185e-16
 12238.0000 5.48000e-16
 12239.0000 5.47546e-16
 12240.0000 5.53669e-16
 12241.0000 4.65669e-16
 12242.0000 4.14226e-16
 12243.0000 4.71175e-16
 12244.0000 5.16367e-16
 12245.0000 4.68021e-16
 12246.0000 4.87439e-16
 12247.0000 4.66144e-16
 12248.0000 5.35723e-16
 12249.0000 4.26724e-16
 12250.0000 4.49976e-16
 12251.0000 3.42022e-16
 12252.0000 3.41140e-16
 12253.0000 2.13749e-16
 12254.0000 2.85539e-16
 12255.0000 2.76487e-16
 12256.0000 3.87631e-16
 12257.0000 3.91794e-16
 12258.0000 4.59937e-16
 12259.0000 4.37897e-16
 12260.0000 4.77488e-16
 12261.0000 4.88961e-16
 12262.0000 5.12023e-16
 12263.0000 4.95549e-16
 12264.0000 4.90188e-16
 12265.0000 4.20356e-16
 12266.0000 4.22050e-16
 12267.0000 4.01903e-16
 12268.0000 4.34871e-16
 12269.0000 4.21708e-16
 12270.0000 4.19555e-16
 12271.0000 4.59323e-16
 12272.0000 4.92280e-16
 12273.0000 4.48155e-16
 12274.0000 4.38106e-16
 12275.0000 4.70114e-16
 12276.0000 4.15404e-16
 12277.0000 3.56181e-16
 12278.0000 3.34729e-16
 12279.0000 5.68350e-16
 12280.0000 6.74940e-16
 12281.0000 7.55684e-16
 12282.0000 6.40267e-16
 12283.0000 7.01908e-16
 12284.0000 5.20791e-16
 12285.0000 4.34532e-16
 12286.0000 3.58023e-16
 12287.0000 4.89973e-16
 12288.0000 5.06195e-16
 12289.0000 4.93804e-16
 12290.0000 4.80193e-16
 12291.0000 4.63561e-16
 12292.0000 5.32425e-16
 12293.0000 4.98380e-16
 12294.0000 4.84353e-16
 12295.0000 4.80877e-16
 12296.0000 4.86525e-16
 12297.0000 4.42729e-16
 12298.0000 4.67050e-16
 12299.0000 4.47794e-16
 12300.0000 4.37379e-16
 12301.0000 4.50655e-16
 12302.0000 4.32874e-16
 12303.0000 3.91901e-16
 12304.0000 4.13581e-16
 12305.0000 4.44897e-16
 12306.0000 4.42093e-16
 12307.0000 4.71942e-16
 12308.0000 5.18264e-16
 12309.0000 5.17368e-16
 12310.0000 4.97063e-16
 12311.0000 5.17892e-16
 12312.0000 5.18334e-16
 12313.0000 4.57295e-16
 12314.0000 4.43935e-16
 12315.0000 3.92438e-16
 12316.0000 3.86641e-16
 12317.0000 3.87245e-16
 12318.0000 4.09188e-16
 12319.0000 4.57960e-16
 12320.0000 6.25885e-16
 12321.0000 5.85632e-16
 12322.0000 4.48842e-16
 12323.0000 4.49955e-16
 12324.0000 3.64290e-16
 12325.0000 2.20154e-16
 12326.0000 2.64432e-16
 12327.0000 3.71862e-16
 12328.0000 3.61632e-16
 12329.0000 3.95975e-16
 12330.0000 3.74045e-16
 12331.0000 3.60341e-16
 12332.0000 3.76401e-16
 12333.0000 3.53045e-16
 12334.0000 3.77227e-16
 12335.0000 3.86878e-16
 12336.0000 3.73840e-16
 12337.0000 3.83086e-16
 12338.0000 3.92276e-16
 12339.0000 4.05201e-16
 12340.0000 3.93880e-16
 12341.0000 3.69904e-16
 12342.0000 3.52194e-16
 12343.0000 3.92323e-16
 12344.0000 4.03080e-16
 12345.0000 5.12236e-16
 12346.0000 5.27787e-16
 12347.0000 5.34329e-16
 12348.0000 4.62990e-16
 12349.0000 4.69348e-16
 12350.0000 4.00713e-16
 12351.0000 4.19902e-16
 12352.0000 4.47280e-16
 12353.0000 5.03675e-16
 12354.0000 4.74622e-16
 12355.0000 4.50738e-16
 12356.0000 3.96745e-16
 12357.0000 3.51513e-16
 12358.0000 3.29897e-16
 12359.0000 3.75319e-16
 12360.0000 3.88690e-16
 12361.0000 4.55385e-16
 12362.0000 4.49566e-16
 12363.0000 4.75685e-16
 12364.0000 4.04291e-16
 12365.0000 4.05990e-16
 12366.0000 4.02103e-16
 12367.0000 4.45744e-16
 12368.0000 4.55888e-16
 12369.0000 5.03297e-16
 12370.0000 5.39894e-16
 12371.0000 5.05645e-16
 12372.0000 4.60665e-16
 12373.0000 4.29699e-16
 12374.0000 4.11452e-16
 12375.0000 3.81446e-16
 12376.0000 3.99127e-16
 12377.0000 4.44965e-16
 12378.0000 4.80037e-16
 12379.0000 4.63278e-16
 12380.0000 4.53788e-16
 12381.0000 4.73180e-16
 12382.0000 4.56458e-16
 12383.0000 4.33928e-16
 12384.0000 4.53783e-16
 12385.0000 4.67294e-16
 12386.0000 4.82563e-16
 12387.0000 4.62088e-16
 12388.0000 4.28378e-16
 12389.0000 4.64740e-16
 12390.0000 4.55341e-16
 12391.0000 4.81506e-16
 12392.0000 4.96947e-16
 12393.0000 5.27071e-16
 12394.0000 4.46945e-16
 12395.0000 4.17672e-16
 12396.0000 3.23725e-16
 12397.0000 3.25364e-16
 12398.0000 3.26558e-16
 12399.0000 3.48057e-16
 12400.0000 3.69251e-16
 12401.0000 4.20104e-16
 12402.0000 4.05026e-16
 12403.0000 4.10199e-16
 12404.0000 4.20976e-16
 12405.0000 4.26500e-16
 12406.0000 4.14551e-16
 12407.0000 3.99384e-16
 12408.0000 4.03864e-16
 12409.0000 4.04926e-16
 12410.0000 5.15026e-16
 12411.0000 5.79407e-16
 12412.0000 6.14494e-16
 12413.0000 5.96689e-16
 12414.0000 5.88126e-16
 12415.0000 4.74682e-16
 12416.0000 3.45986e-16
 12417.0000 3.46582e-16
 12418.0000 3.24484e-16
 12419.0000 4.22236e-16
 12420.0000 4.76318e-16
 12421.0000 5.26852e-16
 12422.0000 5.42918e-16
 12423.0000 5.63222e-16
 12424.0000 4.78241e-16
 12425.0000 4.23632e-16
 12426.0000 4.40042e-16
 12427.0000 4.37040e-16
 12428.0000 4.38894e-16
 12429.0000 4.56503e-16
 12430.0000 4.68172e-16
 12431.0000 5.00688e-16
 12432.0000 5.29538e-16
 12433.0000 5.76962e-16
 12434.0000 5.53414e-16
 12435.0000 5.61326e-16
 12436.0000 5.38252e-16
 12437.0000 4.96419e-16
 12438.0000 4.25424e-16
 12439.0000 4.42985e-16
 12440.0000 4.35284e-16
 12441.0000 4.22381e-16
 12442.0000 4.50685e-16
 12443.0000 5.26517e-16
 12444.0000 5.17112e-16
 12445.0000 5.35145e-16
 12446.0000 5.46496e-16
 12447.0000 5.22642e-16
 12448.0000 4.89602e-16
 12449.0000 4.61618e-16
 12450.0000 4.50473e-16
 12451.0000 4.51389e-16
 12452.0000 4.35567e-16
 12453.0000 4.33822e-16
 12454.0000 4.63012e-16
 12455.0000 4.31434e-16
 12456.0000 4.32771e-16
 12457.0000 3.94582e-16
 12458.0000 4.17264e-16
 12459.0000 4.13038e-16
 12460.0000 4.41103e-16
 12461.0000 4.20557e-16
 12462.0000 4.90755e-16
 12463.0000 4.56376e-16
 12464.0000 4.69635e-16
 12465.0000 4.30345e-16
 12466.0000 4.30752e-16
 12467.0000 4.08913e-16
 12468.0000 4.43316e-16
 12469.0000 4.53406e-16
 12470.0000 5.06984e-16
 12471.0000 5.44021e-16
 12472.0000 5.94460e-16
 12473.0000 5.74311e-16
 12474.0000 5.58653e-16
 12475.0000 5.57423e-16
 12476.0000 5.77415e-16
 12477.0000 4.80541e-16
 12478.0000 4.83614e-16
 12479.0000 4.98039e-16
 12480.0000 4.45523e-16
 12481.0000 4.01135e-16
 12482.0000 4.33052e-16
 12483.0000 4.40666e-16
 12484.0000 4.13231e-16
 12485.0000 4.44057e-16
 12486.0000 4.25907e-16
 12487.0000 4.32974e-16
 12488.0000 4.14919e-16
 12489.0000 4.26566e-16
 12490.0000 4.37797e-16
 12491.0000 4.59749e-16
 12492.0000 4.56058e-16
 12493.0000 4.95825e-16
 12494.0000 5.12048e-16
 12495.0000 4.60944e-16
 12496.0000 4.52305e-16
 12497.0000 4.45633e-16
 12498.0000 3.82603e-16
 12499.0000 3.44238e-16
 12500.0000 4.00039e-16
 12501.0000 3.72341e-16
 12502.0000 3.48818e-16
 12503.0000 3.74269e-16
 12504.0000 3.71955e-16
 12505.0000 3.64404e-16
 12506.0000 3.83635e-16
 12507.0000 4.51451e-16
 12508.0000 4.73995e-16
 12509.0000 4.74950e-16
 12510.0000 4.51329e-16
 12511.0000 4.50764e-16
 12512.0000 4.13409e-16
 12513.0000 3.74759e-16
 12514.0000 3.93696e-16
 12515.0000 4.29154e-16
 12516.0000 4.32720e-16
 12517.0000 4.68575e-16
 12518.0000 4.70510e-16
 12519.0000 2.75897e-16
 12520.0000 2.43262e-16
 12521.0000 2.74581e-16
 12522.0000 2.56411e-16
 12523.0000 2.54295e-16
 12524.0000 4.79062e-16
 12525.0000 5.34072e-16
 12526.0000 4.91469e-16
 12527.0000 5.06726e-16
 12528.0000 5.40110e-16
 12529.0000 5.23242e-16
 12530.0000 4.67736e-16
 12531.0000 5.05534e-16
 12532.0000 5.37223e-16
 12533.0000 5.04247e-16
 12534.0000 4.98073e-16
 12535.0000 5.36056e-16
 12536.0000 5.30293e-16
 12537.0000 4.72209e-16
 12538.0000 4.62026e-16
 12539.0000 4.47325e-16
 12540.0000 4.18811e-16
 12541.0000 3.94753e-16
 12542.0000 3.98627e-16
 12543.0000 4.14446e-16
 12544.0000 4.33594e-16
 12545.0000 4.52701e-16
 12546.0000 4.60468e-16
 12547.0000 4.53569e-16
 12548.0000 4.60354e-16
 12549.0000 4.30246e-16
 12550.0000 4.20990e-16
 12551.0000 4.03609e-16
 12552.0000 4.17578e-16
 12553.0000 4.56543e-16
 12554.0000 5.01080e-16
 12555.0000 4.94762e-16
 12556.0000 5.28991e-16
 12557.0000 5.34078e-16
 12558.0000 4.97495e-16
 12559.0000 4.96347e-16
 12560.0000 4.68453e-16
 12561.0000 4.60250e-16
 12562.0000 4.80927e-16
 12563.0000 4.79291e-16
 12564.0000 4.51915e-16
 12565.0000 4.79358e-16
 12566.0000 4.56986e-16
 12567.0000 4.20274e-16
 12568.0000 4.15568e-16
 12569.0000 4.13068e-16
 12570.0000 4.25865e-16
 12571.0000 4.37225e-16
 12572.0000 4.19887e-16
 12573.0000 4.00452e-16
 12574.0000 4.10528e-16
 12575.0000 3.98207e-16
 12576.0000 2.99167e-16
 12577.0000 2.84851e-16
 12578.0000 3.24302e-16
 12579.0000 3.37011e-16
 12580.0000 3.56758e-16
 12581.0000 4.29956e-16
 12582.0000 4.59191e-16
 12583.0000 4.79010e-16
 12584.0000 4.46854e-16
 12585.0000 4.54912e-16
 12586.0000 4.39700e-16
 12587.0000 4.14316e-16
 12588.0000 3.61592e-16
 12589.0000 3.92354e-16
 12590.0000 3.50922e-16
 12591.0000 3.68581e-16
 12592.0000 4.25010e-16
 12593.0000 4.39304e-16
 12594.0000 3.55098e-16
 12595.0000 3.51646e-16
 12596.0000 4.28064e-16
 12597.0000 3.74505e-16
 12598.0000 3.73122e-16
 12599.0000 4.27829e-16
 12600.0000 4.45751e-16
 12601.0000 4.37344e-16
 12602.0000 4.13796e-16
 12603.0000 4.12822e-16
 12604.0000 4.56528e-16
 12605.0000 4.28005e-16
 12606.0000 3.64032e-16
 12607.0000 4.08406e-16
 12608.0000 4.02165e-16
 12609.0000 3.48788e-16
 12610.0000 3.91893e-16
 12611.0000 4.19579e-16
 12612.0000 3.78734e-16
 12613.0000 4.14520e-16
 12614.0000 4.55581e-16
 12615.0000 4.52980e-16
 12616.0000 4.67198e-16
 12617.0000 5.21783e-16
 12618.0000 5.12484e-16
 12619.0000 4.28761e-16
 12620.0000 4.29255e-16
 12621.0000 4.17802e-16
 12622.0000 4.60258e-16
 12623.0000 5.02024e-16
 12624.0000 5.66966e-16
 12625.0000 5.28385e-16
 12626.0000 5.06457e-16
 12627.0000 4.63123e-16
 12628.0000 3.99280e-16
 12629.0000 4.02910e-16
 12630.0000 4.01267e-16
 12631.0000 3.95997e-16
 12632.0000 4.27217e-16
 12633.0000 4.40619e-16
 12634.0000 4.48703e-16
 12635.0000 5.20882e-16
 12636.0000 5.03465e-16
 12637.0000 3.91974e-16
 12638.0000 3.79259e-16
 12639.0000 3.96668e-16
 12640.0000 3.50203e-16
 12641.0000 4.11152e-16
 12642.0000 5.08262e-16
 12643.0000 5.34247e-16
 12644.0000 4.74737e-16
 12645.0000 4.51705e-16
 12646.0000 3.93160e-16
 12647.0000 3.56746e-16
 12648.0000 3.42499e-16
 12649.0000 3.75752e-16
 12650.0000 3.65631e-16
 12651.0000 4.11144e-16
 12652.0000 4.20614e-16
 12653.0000 4.34689e-16
 12654.0000 3.98660e-16
 12655.0000 3.79244e-16
 12656.0000 3.76913e-16
 12657.0000 3.60390e-16
 12658.0000 3.61324e-16
 12659.0000 4.13570e-16
 12660.0000 4.86464e-16
 12661.0000 5.12616e-16
 12662.0000 5.15388e-16
 12663.0000 4.39950e-16
 12664.0000 4.23504e-16
 12665.0000 4.52435e-16
 12666.0000 4.35602e-16
 12667.0000 3.25617e-16
 12668.0000 4.03844e-16
 12669.0000 3.98777e-16
 12670.0000 2.57629e-16
 12671.0000 1.99703e-16
 12672.0000 3.07298e-16
 12673.0000 3.17114e-16
 12674.0000 3.15354e-16
 12675.0000 4.52305e-16
 12676.0000 5.12861e-16
 12677.0000 4.57516e-16
 12678.0000 2.92655e-16
 12679.0000 3.45173e-16
 12680.0000 3.01453e-16
 12681.0000 2.90556e-16
 12682.0000 1.91794e-16
 12683.0000 3.39995e-16
 12684.0000 2.49359e-16
 12685.0000 2.17999e-16
 12686.0000 1.84145e-16
 12687.0000 3.44805e-16
 12688.0000 4.01813e-16
 12689.0000 5.23912e-16
 12690.0000 5.85150e-16
 12691.0000 5.54659e-16
 12692.0000 5.07861e-16
 12693.0000 4.49908e-16
 12694.0000 3.24419e-16
 12695.0000 4.06728e-16
 12696.0000 4.90728e-16
 12697.0000 5.55132e-16
 12698.0000 5.22199e-16
 12699.0000 6.10732e-16
 12700.0000 5.06663e-16
 12701.0000 5.00853e-16
 12702.0000 5.43434e-16
 12703.0000 6.17607e-16
 12704.0000 6.41050e-16
 12705.0000 6.79238e-16
 12706.0000 6.27415e-16
 12707.0000 5.81660e-16
 12708.0000 5.33013e-16
 12709.0000 4.97015e-16
 12710.0000 4.28819e-16
 12711.0000 4.58163e-16
 12712.0000 4.50538e-16
 12713.0000 4.53399e-16
 12714.0000 4.22052e-16
 12715.0000 4.02815e-16
 12716.0000 3.80434e-16
 12717.0000 4.00857e-16
 12718.0000 3.59204e-16
 12719.0000 3.64853e-16
 12720.0000 4.38849e-16
 12721.0000 4.35910e-16
 12722.0000 4.98811e-16
 12723.0000 6.86880e-16
 12724.0000 9.60795e-16
 12725.0000 1.32783e-15
 12726.0000 1.77060e-15
 12727.0000 1.86692e-15
 12728.0000 1.79500e-15
 12729.0000 1.57233e-15
 12730.0000 1.19286e-15
 12731.0000 7.89507e-16
 12732.0000 6.67151e-16
 12733.0000 6.10980e-16
 12734.0000 5.69367e-16
 12735.0000 5.95946e-16
 12736.0000 6.58868e-16
 12737.0000 5.56237e-16
 12738.0000 4.75483e-16
 12739.0000 4.90781e-16
 12740.0000 4.70553e-16
 12741.0000 4.60415e-16
 12742.0000 5.45233e-16
 12743.0000 5.87037e-16
 12744.0000 5.70590e-16
 12745.0000 6.06308e-16
 12746.0000 4.30829e-16
 12747.0000 5.14024e-16
 12748.0000 6.02290e-16
 12749.0000 6.49949e-16
 12750.0000 5.99442e-16
 12751.0000 7.14542e-16
 12752.0000 5.93428e-16
 12753.0000 4.67594e-16
 12754.0000 4.72845e-16
 12755.0000 4.78129e-16
 12756.0000 4.50055e-16
 12757.0000 5.24513e-16
 12758.0000 6.81273e-16
 12759.0000 7.01478e-16
 12760.0000 5.66123e-16
 12761.0000 5.86246e-16
 12762.0000 5.51505e-16
 12763.0000 5.00314e-16
 12764.0000 4.52025e-16
 12765.0000 5.48554e-16
 12766.0000 5.53590e-16
 12767.0000 5.20483e-16
 12768.0000 5.65395e-16
 12769.0000 5.37711e-16
 12770.0000 5.24521e-16
 12771.0000 5.13093e-16
 12772.0000 6.00352e-16
 12773.0000 5.45623e-16
 12774.0000 5.27632e-16
 12775.0000 5.57034e-16
 12776.0000 4.83253e-16
 12777.0000 3.08877e-16
 12778.0000 1.00603e-16
 12779.0000 6.02919e-17
 12780.0000 9.70449e-17
 12781.0000 2.03257e-16
 12782.0000 3.50038e-16
 12783.0000 5.23984e-16
 12784.0000 5.79687e-16
 12785.0000 5.97264e-16
 12786.0000 5.71739e-16
 12787.0000 4.88069e-16
 12788.0000 4.93860e-16
 12789.0000 5.09254e-16
 12790.0000 4.71910e-16
 12791.0000 5.34312e-16
 12792.0000 5.67549e-16
 12793.0000 6.67573e-16
 12794.0000 7.32732e-16
 12795.0000 7.31996e-16
 12796.0000 6.86240e-16
 12797.0000 7.27414e-16
 12798.0000 6.61241e-16
 12799.0000 7.54420e-16
 12800.0000 8.05278e-16
 12801.0000 7.69900e-16
 12802.0000 6.96786e-16
 12803.0000 6.22155e-16
 12804.0000 4.46640e-16
 12805.0000 4.58743e-16
 12806.0000 4.89864e-16
 12807.0000 5.49853e-16
 12808.0000 6.37455e-16
 12809.0000 6.41557e-16
 12810.0000 5.42307e-16
 12811.0000 5.29610e-16
 12812.0000 4.94086e-16
 12813.0000 4.60100e-16
 12814.0000 4.68738e-16
 12815.0000 5.41266e-16
 12816.0000 5.60058e-16
 12817.0000 5.56155e-16
 12818.0000 5.09453e-16
 12819.0000 4.41272e-16
 12820.0000 5.45372e-16
 12821.0000 6.03320e-16
 12822.0000 6.08648e-16
 12823.0000 6.12540e-16
 12824.0000 6.75076e-16
 12825.0000 5.58565e-16
 12826.0000 4.52662e-16
 12827.0000 3.25387e-16
 12828.0000 4.45122e-16
 12829.0000 4.78217e-16
 12830.0000 5.17772e-16
 12831.0000 6.01424e-16
 12832.0000 7.37404e-16
 12833.0000 6.21229e-16
 12834.0000 6.04772e-16
 12835.0000 5.18708e-16
 12836.0000 4.90446e-16
 12837.0000 5.08065e-16
 12838.0000 5.94861e-16
 12839.0000 4.73332e-16
 12840.0000 4.79726e-16
 12841.0000 4.03447e-16
 12842.0000 4.16883e-16
 12843.0000 3.58937e-16
 12844.0000 5.04190e-16
 12845.0000 4.69433e-16
 12846.0000 5.29567e-16
 12847.0000 5.32025e-16
 12848.0000 5.10976e-16
 12849.0000 4.59350e-16
 12850.0000 6.02319e-16
 12851.0000 7.30429e-16
 12852.0000 7.48560e-16
 12853.0000 8.46832e-16
 12854.0000 9.02859e-16
 12855.0000 7.76117e-16
 12856.0000 6.29139e-16
 12857.0000 5.95399e-16
 12858.0000 4.89922e-16
 12859.0000 4.26591e-16
 12860.0000 4.62399e-16
 12861.0000 4.67228e-16
 12862.0000 3.83868e-16
 12863.0000 4.30013e-16
 12864.0000 5.18587e-16
 12865.0000 5.35472e-16
 12866.0000 5.30665e-16
 12867.0000 6.04962e-16
 12868.0000 5.91234e-16
 12869.0000 5.45252e-16
 12870.0000 5.44781e-16
 12871.0000 5.82876e-16
 12872.0000 5.76539e-16
 12873.0000 5.58358e-16
 12874.0000 5.33591e-16
 12875.0000 4.76510e-16
 12876.0000 3.93748e-16
 12877.0000 3.59823e-16
 12878.0000 3.25486e-16
 12879.0000 3.07364e-16
 12880.0000 3.67952e-16
 12881.0000 4.63730e-16
 12882.0000 4.72290e-16
 12883.0000 5.10165e-16
 12884.0000 5.42525e-16
 12885.0000 5.11129e-16
 12886.0000 4.71069e-16
 12887.0000 4.72013e-16
 12888.0000 4.69089e-16
 12889.0000 5.07561e-16
 12890.0000 5.20056e-16
 12891.0000 4.98591e-16
 12892.0000 5.34679e-16
 12893.0000 5.80639e-16
 12894.0000 5.10384e-16
 12895.0000 4.59980e-16
 12896.0000 4.30695e-16
 12897.0000 4.00148e-16
 12898.0000 3.26526e-16
 12899.0000 2.77729e-16
 12900.0000 2.73397e-16
 12901.0000 5.46980e-16
 12902.0000 4.78896e-16
 12903.0000 5.27876e-16
 12904.0000 5.70050e-16
 12905.0000 6.19372e-16
 12906.0000 3.66800e-16
 12907.0000 4.29480e-16
 12908.0000 4.27842e-16
 12909.0000 4.00894e-16
 12910.0000 3.91787e-16
 12911.0000 3.47480e-16
 12912.0000 3.89110e-16
 12913.0000 3.50799e-16
 12914.0000 4.17228e-16
 12915.0000 2.87117e-16
 12916.0000 3.56498e-16
 12917.0000 2.61241e-16
 12918.0000 2.99741e-16
 12919.0000 2.59050e-16
 12920.0000 3.97582e-16
 12921.0000 4.07735e-16
 12922.0000 4.73110e-16
 12923.0000 4.17652e-16
 12924.0000 4.36903e-16
 12925.0000 3.48165e-16
 12926.0000 3.32966e-16
 12927.0000 3.61031e-16
 12928.0000 3.67158e-16
 12929.0000 3.69367e-16
 12930.0000 4.33097e-16
 12931.0000 4.63467e-16
 12932.0000 4.39746e-16
 12933.0000 4.68394e-16
 12934.0000 4.30800e-16
 12935.0000 4.66759e-16
 12936.0000 4.73759e-16
 12937.0000 4.46953e-16
 12938.0000 4.97473e-16
 12939.0000 5.49926e-16
 12940.0000 5.35545e-16
 12941.0000 5.08747e-16
 12942.0000 5.27888e-16
 12943.0000 4.56250e-16
 12944.0000 4.47624e-16
 12945.0000 4.35970e-16
 12946.0000 4.13598e-16
 12947.0000 4.18617e-16
 12948.0000 4.07861e-16
 12949.0000 3.66499e-16
 12950.0000 3.79636e-16
 12951.0000 3.89674e-16
 12952.0000 3.97689e-16
 12953.0000 4.38747e-16
 12954.0000 4.54824e-16
 12955.0000 4.59101e-16
 12956.0000 4.66288e-16
 12957.0000 4.52553e-16
 12958.0000 4.44011e-16
 12959.0000 4.63457e-16
 12960.0000 4.62200e-16
 12961.0000 4.54205e-16
 12962.0000 4.42311e-16
 12963.0000 4.17146e-16
 12964.0000 3.86639e-16
 12965.0000 3.64916e-16
 12966.0000 2.73519e-16
 12967.0000 2.45841e-16
 12968.0000 2.62151e-16
 12969.0000 2.58213e-16
 12970.0000 2.43803e-16
 12971.0000 3.37630e-16
 12972.0000 3.96492e-16
 12973.0000 4.08326e-16
 12974.0000 4.32026e-16
 12975.0000 4.42827e-16
 12976.0000 4.55422e-16
 12977.0000 4.56690e-16
 12978.0000 4.43872e-16
 12979.0000 5.11127e-16
 12980.0000 5.50451e-16
 12981.0000 5.37423e-16
 12982.0000 4.99072e-16
 12983.0000 5.00374e-16
 12984.0000 4.36009e-16
 12985.0000 4.28767e-16
 12986.0000 4.28690e-16
 12987.0000 4.55876e-16
 12988.0000 4.76645e-16
 12989.0000 4.93563e-16
 12990.0000 4.63158e-16
 12991.0000 4.51923e-16
 12992.0000 4.36941e-16
 12993.0000 4.27644e-16
 12994.0000 4.12987e-16
 12995.0000 4.01940e-16
 12996.0000 4.46198e-16
 12997.0000 4.72773e-16
 12998.0000 4.33980e-16
 12999.0000 4.08335e-16
 13000.0000 4.07309e-16
 13001.0000 3.83394e-16
 13002.0000 3.69836e-16
 13003.0000 3.96989e-16
 13004.0000 3.98336e-16
 13005.0000 4.17719e-16
 13006.0000 3.84819e-16
 13007.0000 3.84654e-16
 13008.0000 3.63031e-16
 13009.0000 4.02687e-16
 13010.0000 4.41581e-16
 13011.0000 5.00983e-16
 13012.0000 4.97015e-16
 13013.0000 5.92441e-16
 13014.0000 5.68178e-16
 13015.0000 4.42988e-16
 13016.0000 3.34529e-16
 13017.0000 5.23926e-16
 13018.0000 3.66352e-16
 13019.0000 3.95474e-16
 13020.0000 4.93882e-16
 13021.0000 5.60004e-16
 13022.0000 3.51180e-16
 13023.0000 4.64415e-16
 13024.0000 4.52071e-16
 13025.0000 4.64326e-16
 13026.0000 4.78481e-16
 13027.0000 4.89537e-16
 13028.0000 4.33933e-16
 13029.0000 4.02194e-16
 13030.0000 3.92611e-16
 13031.0000 3.81032e-16
 13032.0000 3.88234e-16
 13033.0000 4.00155e-16
 13034.0000 3.87171e-16
 13035.0000 3.98822e-16
 13036.0000 3.73095e-16
 13037.0000 3.53434e-16
 13038.0000 3.59070e-16
 13039.0000 4.04624e-16
 13040.0000 3.92967e-16
 13041.0000 4.36990e-16
 13042.0000 4.46379e-16
 13043.0000 4.87668e-16
 13044.0000 4.58816e-16
 13045.0000 4.96180e-16
 13046.0000 5.13145e-16
 13047.0000 5.97481e-16
 13048.0000 4.76374e-16
 13049.0000 4.73579e-16
 13050.0000 4.38128e-16
 13051.0000 3.89824e-16
 13052.0000 3.09088e-16
 13053.0000 3.80402e-16
 13054.0000 3.75880e-16
 13055.0000 3.55474e-16
 13056.0000 3.70614e-16
 13057.0000 3.54645e-16
 13058.0000 3.83524e-16
 13059.0000 3.92745e-16
 13060.0000 3.56268e-16
 13061.0000 3.36937e-16
 13062.0000 3.26820e-16
 13063.0000 2.90212e-16
 13064.0000 3.15327e-16
 13065.0000 3.53390e-16
 13066.0000 3.68645e-16
 13067.0000 3.52701e-16
 13068.0000 3.40027e-16
 13069.0000 3.53114e-16
 13070.0000 3.67080e-16
 13071.0000 4.03508e-16
 13072.0000 4.82779e-16
 13073.0000 5.18869e-16
 13074.0000 4.56848e-16
 13075.0000 4.08923e-16
 13076.0000 3.62792e-16
 13077.0000 6.04184e-16
 13078.0000 7.57630e-16
 13079.0000 8.05639e-16
 13080.0000 9.42104e-16
 13081.0000 1.08451e-15
 13082.0000 7.95215e-16
 13083.0000 6.26104e-16
 13084.0000 5.98513e-16
 13085.0000 4.68984e-16
 13086.0000 3.65786e-16
 13087.0000 3.56106e-16
 13088.0000 3.71617e-16
 13089.0000 4.27620e-16
 13090.0000 4.34163e-16
 13091.0000 3.98569e-16
 13092.0000 4.17913e-16
 13093.0000 4.05038e-16
 13094.0000 4.74795e-16
 13095.0000 5.13703e-16
 13096.0000 5.50578e-16
 13097.0000 5.40931e-16
 13098.0000 5.12182e-16
 13099.0000 3.65061e-16
 13100.0000 3.40640e-16
 13101.0000 3.22196e-16
 13102.0000 3.19340e-16
 13103.0000 3.57115e-16
 13104.0000 4.07604e-16
 13105.0000 4.25919e-16
 13106.0000 4.16608e-16
 13107.0000 4.82608e-16
 13108.0000 5.12510e-16
 13109.0000 4.88786e-16
 13110.0000 4.85522e-16
 13111.0000 4.77012e-16
 13112.0000 4.13424e-16
 13113.0000 4.05204e-16
 13114.0000 4.26258e-16
 13115.0000 4.21246e-16
 13116.0000 4.24729e-16
 13117.0000 4.33378e-16
 13118.0000 4.38357e-16
 13119.0000 4.35759e-16
 13120.0000 4.53133e-16
 13121.0000 5.65314e-16
 13122.0000 6.74405e-16
 13123.0000 6.48205e-16
 13124.0000 5.77270e-16
 13125.0000 5.83097e-16
 13126.0000 5.29735e-16
 13127.0000 3.90285e-16
 13128.0000 3.97559e-16
 13129.0000 4.30008e-16
 13130.0000 3.91486e-16
 13131.0000 3.05780e-16
 13132.0000 3.44540e-16
 13133.0000 3.20795e-16
 13134.0000 2.95736e-16
 13135.0000 3.13090e-16
 13136.0000 3.26366e-16
 13137.0000 3.58236e-16
 13138.0000 3.67380e-16
 13139.0000 4.11646e-16
 13140.0000 4.07556e-16
 13141.0000 4.35923e-16
 13142.0000 3.82639e-16
 13143.0000 3.69485e-16
 13144.0000 3.67994e-16
 13145.0000 3.99394e-16
 13146.0000 3.81297e-16
 13147.0000 3.80323e-16
 13148.0000 3.68876e-16
 13149.0000 5.09227e-16
 13150.0000 4.39688e-16
 13151.0000 3.94031e-16
 13152.0000 4.96344e-16
 13153.0000 5.14846e-16
 13154.0000 3.94771e-16
 13155.0000 4.28038e-16
 13156.0000 4.82656e-16
 13157.0000 3.88468e-16
 13158.0000 4.13730e-16
 13159.0000 4.22322e-16
 13160.0000 4.30638e-16
 13161.0000 4.44726e-16
 13162.0000 4.57040e-16
 13163.0000 3.98434e-16
 13164.0000 3.72474e-16
 13165.0000 4.27321e-16
 13166.0000 4.25192e-16
 13167.0000 4.21274e-16
 13168.0000 4.50452e-16
 13169.0000 4.68235e-16
 13170.0000 4.09914e-16
 13171.0000 4.00901e-16
 13172.0000 4.03591e-16
 13173.0000 4.24890e-16
 13174.0000 4.25360e-16
 13175.0000 4.42527e-16
 13176.0000 4.08405e-16
 13177.0000 3.75157e-16
 13178.0000 3.54779e-16
 13179.0000 3.44391e-16
 13180.0000 3.24892e-16
 13181.0000 3.56947e-16
 13182.0000 3.63458e-16
 13183.0000 3.70372e-16
 13184.0000 3.76659e-16
 13185.0000 3.89658e-16
 13186.0000 3.93356e-16
 13187.0000 3.89115e-16
 13188.0000 3.81723e-16
 13189.0000 3.75511e-16
 13190.0000 3.81766e-16
 13191.0000 3.64524e-16
 13192.0000 4.10534e-16
 13193.0000 4.22904e-16
 13194.0000 4.05344e-16
 13195.0000 3.65531e-16
 13196.0000 3.73755e-16
 13197.0000 3.55182e-16
 13198.0000 3.48256e-16
 13199.0000 3.70061e-16
 13200.0000 3.94410e-16
 13201.0000 3.79873e-16
 13202.0000 4.19124e-16
 13203.0000 4.69232e-16
 13204.0000 4.89519e-16
 13205.0000 5.53564e-16
 13206.0000 6.22035e-16
 13207.0000 5.73231e-16
 13208.0000 4.97551e-16
 13209.0000 4.71011e-16
 13210.0000 4.19017e-16
 13211.0000 3.75810e-16
 13212.0000 4.10462e-16
 13213.0000 4.21172e-16
 13214.0000 4.33008e-16
 13215.0000 4.12111e-16
 13216.0000 3.92912e-16
 13217.0000 3.67611e-16
 13218.0000 4.15226e-16
 13219.0000 3.87560e-16
 13220.0000 4.06319e-16
 13221.0000 4.24840e-16
 13222.0000 4.05342e-16
 13223.0000 3.60314e-16
 13224.0000 3.60278e-16
 13225.0000 3.29212e-16
 13226.0000 3.05141e-16
 13227.0000 3.09254e-16
 13228.0000 3.47721e-16
 13229.0000 3.78671e-16
 13230.0000 4.90759e-16
