# SOURCE  = 'Quimby et al. 2018' /                                                
# OBJECT  = 'PTF11rks'           /                                                
# Z       =             0.192400 / wavelengths in OBSERVER FRAME                 
# NORM    =          5.53015E-19 / fluxes divided by norm                         
# CLIPPED =                    1 / galaxy emission lines removed                  
# SMOOTHED=                    1 / spectrum has been smoothed                     
# COLUMN01= 'Wavelength (Angstrom)' /                                             
# COLUMN02= 'Flux Density (erg/s/cm2/A)' /                                        
# COLUMN03= 'Flux Density Uncertainty (erg/s/cm2/A)' /                            
# END                                                                             
# 
# 
# 
# 
# 
# 
# 
# 
# 
# 
# Converted to Observer Frame using z=0.193
 6564.96224 1.1635119 0.4746655
 6571.51992 1.1250695 0.4345994
 6578.09219 1.0978072 0.4042134
 6584.67836 1.0633153 0.3682196
 6591.26521 1.0689949 0.3452492
 6597.85137 1.0707293 0.3189589
 6604.45212 1.0512010 0.2949966
 6611.05218 1.0452377 0.2784990
 6617.66682 1.0486223 0.2595454
 6624.28215 1.0517991 0.2471722
 6630.91068 1.0625008 0.2328456
 6637.53991 1.0432731 0.2217196
 6644.18303 1.0430396 0.2132003
 6650.81226 1.0284638 0.2164339
 6657.46927 1.0174474 0.2085421
 6664.12697 1.0385668 0.1989692
 6670.79857 1.0353199 0.1915465
 6677.47017 1.0660108 0.1861501
 6684.14177 1.0707498 0.1793880
 6690.82795 1.0626967 0.1748284
 6697.51413 1.0104799 0.1694298
 6704.21421 0.9813215 0.1649447
 6710.91428 1.0107571 0.1614479
 6717.62825 1.0349312 0.1574862
 6724.35681 1.0122929 0.1545271
 6731.07147 1.0375457 0.1513538
 6737.80002 1.0495850 0.1484969
 6744.54316 1.0101107 0.1461876
 6751.28561 1.0299768 0.1436507
 6758.04264 1.0133922 0.1417704
 6764.79968 1.0074511 0.1404997
 6771.57129 0.9815328 0.1388257
 6778.32833 0.9813530 0.1366391
 6785.11384 1.0041012 0.1341811
 6791.89866 0.9838040 0.1326547
 6798.69875 1.0112441 0.1308951
 6805.49816 0.9903071 0.1293264
 6812.29825 1.0213012 0.1275831
 6819.11224 1.0199192 0.1262263
 6825.92623 1.0160508 0.1249871
 6832.75411 1.0107404 0.1239162
 6839.58200 1.0212983 0.1228798
 6846.42446 1.0530558 0.1222700
 6853.28152 1.0500773 0.1217381
 6860.13788 1.0071009 0.1209510
 6866.99424 0.9894099 0.1204706
 6873.85129 0.9970977 0.1200319
 6880.73613 0.9932384 0.1197044
 6887.60708 1.0016271 0.1190957
 6894.49192 0.9964347 0.1187823
 6901.39134 0.9980283 0.1184762
 6908.29077 1.0363731 0.1179587
 6915.20408 1.0499798 0.1179573
 6922.11740 1.0832270 0.1178255
 6929.04530 1.1064234 0.1173681
 6935.97321 1.0707923 0.1167319
 6942.90111 1.0936172 0.1163293
 6949.85680 1.1080461 0.1158391
 6956.79929 1.0706339 0.1158538
 6963.75497 1.0906444 0.1156659
 6970.72594 1.0972456 0.1151058
 6977.69622 1.0815473 0.1149086
 6984.66649 1.0791829 0.1147362
 6991.66524 1.0258888 0.1142439
 6998.65010 1.0065963 0.1143525
 7005.64886 0.9999779 0.1142227
 7012.66219 0.9885286 0.1137953
 7019.66095 0.9848824 0.1129154
 7026.68818 0.9746425 0.1118902
 7033.71541 0.9506744 0.1116104
 7040.74264 0.9468306 0.1112946
 7047.78446 0.9703501 0.1106271
 7054.84016 0.9199123 0.1102242
 7061.89587 0.9184394 0.1100007
 7068.95158 0.9643602 0.1092905
 7076.02188 0.9624782 0.1088172
 7083.10607 0.9762843 0.1081765
 7090.19025 0.9387985 0.1078078
 7097.27444 0.9646510 0.1073913
 7104.37252 0.9798314 0.1066801
 7111.47129 0.9898097 0.1064356
 7118.58396 0.9761824 0.1056407
 7125.71052 0.9588967 0.1052569
 7132.83777 0.9408213 0.1044596
 7139.96433 0.9501030 0.1039455
 7147.10547 0.9781793 0.1034721
 7154.24662 0.9858952 0.1028655
 7161.40165 1.0067096 0.1025196
 7168.57128 0.9829986 0.1017884
 7175.74090 0.9628841 0.1012442
 7182.92511 0.9757921 0.1005671
 7190.09473 0.9789533 0.1000959
 7197.29283 0.9759215 0.0997564
 7204.49024 1.0029567 0.0990681
 7211.68834 1.0100676 0.0985544
 7218.90103 0.9952639 0.0980416
 7226.12691 0.9876187 0.0978851
 7233.35349 0.9814032 0.0979555
 7240.58007 0.9862984 0.0975306
 7247.82055 0.9655503 0.0965600
 7255.07560 0.9551595 0.0960165
 7262.33066 0.9649798 0.0953372
 7269.58572 0.9603904 0.0951956
 7276.85467 0.9378344 0.0945324
 7284.13821 0.9350056 0.0942592
 7291.42174 0.9574707 0.0938354
 7298.71917 0.9868169 0.0938558
 7306.01660 1.0130969 0.0939284
 7313.31403 0.9994029 0.0937646
 7320.64063 0.9783263 0.0932420
 7327.95195 0.9915516 0.0928112
 7335.27855 1.0066563 0.0922541
 7342.61835 1.0034252 0.0920196
 7349.95885 0.9991205 0.0916725
 7357.31323 1.0164046 0.0915710
 7364.66762 1.0138706 0.0912872
 7372.03659 1.0359294 0.0911954
 7379.40487 1.0301836 0.0908910
 7386.78843 1.0176517 0.0907966
 7394.17129 1.0310224 0.0907269
 7401.56805 1.0409693 0.0905113
 7408.96550 1.0387871 0.0904025
 7416.37684 1.0511236 0.0903496
 7423.80277 1.0678082 0.0903474
 7431.21411 1.0724633 0.0901331
 7438.65393 1.1121259 0.0901501
 7446.09375 1.0884393 0.0897823
 7453.53357 1.0641693 0.0894267
 7460.98728 1.0658357 0.0893875
 7468.45558 1.1139700 0.0891820
 7475.92388 1.1104428 0.0889689
 7483.39218 1.0813717 0.0885624
 7490.87507 1.1098124 0.0885428
 7498.37185 1.1338189 0.0882039
 7505.86862 1.1595778 0.0877944
 7513.37929 1.1621850 0.0877366
 7520.89066 1.1709720 0.0873742
 7528.41522 1.1470041 0.0869463
 7535.94048 1.1481079 0.0866885
 7543.48032 1.1377583 0.0861383
 7551.01947 1.1440043 0.0859207
 7558.57320 1.1486335 0.0854763
 7566.12694 1.1642869 0.0848831
 7573.69456 1.1875752 0.0845747
 7581.27678 1.2116337 0.0841796
 7588.85899 1.2713031 0.0835750
 7596.44120 1.2911267 0.0833287
 7604.03731 1.2961813 0.0827479
 7611.64800 1.3230613 0.0824246
 7619.25869 1.3264821 0.0819738
 7626.88327 1.3416570 0.0814474
 7634.49396 1.3654083 0.0811313
 7642.13313 1.3993068 0.0806494
 7649.78620 1.4299037 0.0800912
 7657.42537 1.4119202 0.0798555
 7665.09232 1.4247047 0.0793260
 7672.74608 1.4213419 0.0788385
 7680.42762 1.4811558 0.0783944
 7688.10916 1.4930255 0.0780832
 7695.79070 1.5107036 0.0776902
 7703.48683 1.5121326 0.0772174
 7711.19684 1.5095953 0.0769088
 7718.90686 1.5207852 0.0765260
 7726.63147 1.5181392 0.0761141
 7734.35538 1.5223876 0.0759076
 7742.09457 1.5210183 0.0754568
 7749.83307 1.5177771 0.0750931
 7757.58546 1.5203500 0.0746041
 7765.33854 1.5186301 0.0743459
 7773.10552 1.5190258 0.0740605
 7780.87249 1.5092807 0.0736957
 7788.65405 1.4855525 0.0733868
 7796.44951 1.4757106 0.0731898
 7804.24496 1.4404916 0.0729263
 7812.05431 1.4217339 0.0726818
 7819.86435 1.4104106 0.0725612
 7827.68828 1.4166611 0.0720939
 7835.51221 1.4114846 0.0716394
 7843.35004 1.3950046 0.0714020
 7851.18856 1.3921125 0.0710396
 7859.04097 1.4205060 0.0708574
 7866.89338 1.4269376 0.0703959
 7874.75968 1.4334826 0.0701705
 7882.64057 1.4379314 0.0702607
 7890.52146 1.4485657 0.0704067
 7898.41624 1.4105541 0.0700516
 7906.31172 1.3830791 0.0698629
 7914.22109 1.3790889 0.0693984
 7922.14435 1.3614004 0.0689942
 7930.05372 1.3536454 0.0686670
 7937.99156 1.3354987 0.0682938
 7945.92871 1.3221935 0.0677947
 7953.88115 1.2962548 0.0673154
 7961.83289 1.2898558 0.0669994
 7969.78462 1.2701930 0.0667240
 7977.76553 1.2689071 0.0667342
 7985.74575 1.2280266 0.0664014
 7993.72597 1.2141118 0.0662204
 8001.72077 1.2234906 0.0660621
 8009.71557 1.2032102 0.0661035
 8017.72427 1.1969404 0.0659728
 8025.74755 1.1874080 0.0661108
 8033.77014 1.1752034 0.0660796
 8041.80801 1.1550956 0.0661519
 8049.85907 1.1459675 0.0662704
 8057.89694 1.1253786 0.0662838
 8065.96259 1.1281230 0.0664601
 8074.02825 1.1307447 0.0665489
 8082.09390 1.1477344 0.0667742
 8090.18803 1.1340098 0.0668301
 8098.26827 1.1213627 0.0670538
 8106.37629 1.1349947 0.0672687
 8114.48501 1.1314723 0.0673617
 8122.59372 1.1067796 0.0675256
 8130.71633 1.0870587 0.0675409
 8138.85283 1.0661436 0.0677166
 8146.99003 1.0595831 0.0678001
 8155.14112 1.0596195 0.0677898
 8163.29220 1.0775659 0.0679892
 8171.45718 1.0823042 0.0679793
 8179.62286 1.0815122 0.0679436
 8187.80242 1.1185051 0.0679427
 8195.99588 1.1255786 0.0678012
 8204.19003 1.1277595 0.0678059
 8212.39808 1.1317874 0.0676851
 8220.60612 1.1080532 0.0674611
 8228.82806 1.1186110 0.0673401
 8237.05069 1.1201736 0.0672124
 8245.30110 1.1035808 0.0669347
 8253.53763 1.1152416 0.0666972
 8261.80263 1.1178879 0.0664428
 8270.05304 1.0926751 0.0660340
 8278.33263 1.0830774 0.0657442
 8286.61152 1.0896050 0.0654368
 8294.89042 1.1006705 0.0651028
 8303.18390 1.0922008 0.0648367
 8311.49196 1.0976036 0.0648484
 8319.79933 1.0870978 0.0646010
 8328.12129 1.0625707 0.0642034
 8336.45714 1.0405856 0.0636679
 8344.79299 1.0398314 0.0632075
 8353.12884 1.0407662 0.0630934
 8361.49387 1.0298641 0.0627670
 8369.84361 1.0195531 0.0621256
 8378.22252 1.0064791 0.0616963
 8386.60144 0.9862025 0.0613107
 8394.98035 0.9945928 0.0609914
 8403.38705 0.9637921 0.0606136
 8411.78055 0.9559917 0.0603188
 8420.20184 0.9525720 0.0599826
 8428.62312 0.9308957 0.0597998
 8437.04441 0.9173702 0.0593988
 8445.48028 0.9137861 0.0592045
 8453.93004 0.9270375 0.0590720
 8462.37981 0.9067799 0.0589916
 8470.84346 0.8885950 0.0588268
 8479.32240 0.8880804 0.0587703
 8487.80064 0.8761436 0.0588460
 8496.27889 0.8655587 0.0588420
 8504.78561 0.8575352 0.0588919
 8513.29233 0.8372497 0.0589872
 8521.79905 0.8027180 0.0593698
 8530.31966 0.7708502 0.0597300
 8538.85486 0.7659437 0.0597433
 8547.39006 0.7410311 0.0597249
 8555.93985 0.7416874 0.0598947
 8564.50352 0.7283079 0.0600517
 8573.06720 0.7163216 0.0602498
 8581.64477 0.7013623 0.0603466
 8590.22303 0.6931484 0.0606207
 8598.81519 0.6803415 0.0606723
 8607.40665 0.6714984 0.0607761
 8616.01339 0.6734796 0.0609830
 8624.63403 0.6632673 0.0610241
 8633.25466 0.6698216 0.0612565
 8641.88919 0.6540254 0.0614689
 8650.53830 0.6545391 0.0616233
 8659.18742 0.6561968 0.0616961
 8667.85042 0.6570707 0.0617651
 8676.51343 0.6470942 0.0617701
 8685.19102 0.6581122 0.0618358
 8693.86861 0.6482697 0.0621657
 8702.57468 0.6592386 0.0621941
 8711.28005 0.6681325 0.0622990
 8719.98612 0.6740087 0.0626361
 8728.70609 0.6727774 0.0630662
 8737.44063 0.6708692 0.0634060
 8746.17518 0.6855630 0.0638900
 8754.92362 0.6811352 0.0640902
 8763.67206 0.6758636 0.0642962
 8772.43509 0.6657841 0.0643023
 8781.21201 0.6627224 0.0642018
 8789.98893 0.6512392 0.0638225
 8798.78043 0.6607873 0.0633093
 8807.58583 0.6558055 0.0626034
 8816.39123 0.6711220 0.0619906
 8825.21121 0.6757852 0.0616349
 8834.03050 0.6966112 0.0613691
 8842.86437 0.7089165 0.0614674
 8851.71284 0.7254751 0.0618209
 8860.56130 0.7357837 0.0619753
 8869.42365 0.7367159 0.0617714
 8878.29990 0.7678052 0.0616685
 8887.16225 0.7923402 0.0616666
 8896.05309 0.8134713 0.0619452
 8904.95850 0.8189858 0.0621244
 8913.86323 0.8083758 0.0623104
 8922.78254 0.8191077 0.0625127
 8931.70185 0.8451687 0.0627822
 8940.63505 0.8515335 0.0629066
 8949.56895 0.8781090 0.0633482
 8958.51674 0.9060593 0.0637015
 8967.47842 0.9483814 0.0641579
 8976.45469 0.9753712 0.0648039
 8985.43096 0.9645051 0.0653754
 8994.40723 0.9851533 0.0659047
 9003.41197 0.9859986 0.0662811
 9012.41672 0.9996076 0.0666756
 9021.42077 1.0092260 0.0672642
 9030.44010 1.0366817 0.0680266
 9039.47333 1.0623565 0.0688580
 9048.52044 1.0758966 0.0690826
 9057.56756 1.0766584 0.0694883
 9066.61468 1.0880907 0.0698184
 9075.69097 1.1115171 0.0705348
 9084.76656 1.1236978 0.0712944
 9093.85674 1.0910909 0.0718825
 9102.94623 1.1097473 0.0718148
 9112.05030 1.1021571 0.0719912
 9121.16896 1.1245283 0.0724170
 9130.27304 1.1270082 0.0725211
 9139.40628 1.1397988 0.0732776
 9148.55273 1.1549473 0.0731406
 9157.69987 1.1116446 0.0731736
 9166.86090 1.1260464 0.0734472
 9176.02193 1.1508962 0.0739660
 9185.21144 1.1131001 0.0735696
 9194.38705 1.1304058 0.0730094
 9203.57656 1.1362776 0.0728221
 9212.79455 1.1266690 0.0729862
 9221.99795 1.1184413 0.0728201
 9231.21594 1.1189402 0.0726563
 9240.44851 1.1497397 0.0725480
 9249.69498 1.1476351 0.0725526
 9258.94144 1.1522861 0.0726965
 9268.20180 1.1635711 0.0727048
 9277.47675 1.1660554 0.0725384
 9286.75169 1.1575776 0.0724778
 9296.04122 1.1537262 0.0724432
 9305.33006 1.1446618 0.0722601
 9314.63348 1.1541553 0.0721199
 9323.95149 1.1718496 0.0719598
 9333.28270 1.2079763 0.0721433
 9342.61460 1.2381316 0.0720778
 9351.96108 1.2239209 0.0720198
 9361.30688 1.2388910 0.0716511
 9370.66726 1.2550660 0.0715395
 9380.04153 1.2685366 0.0714038
 9389.43039 1.2529721 0.0714552
 9398.81924 1.2480090 0.0715870
 9408.20810 1.2223243 0.0719805
 9417.62474 1.2121031 0.0718048
 9427.04208 1.1847037 0.0724247
 9436.47331 1.1467206 0.0731483
 9445.90523 1.1336190 0.0728219
 9455.35035 1.1284189 0.0720687
 9464.81075 1.1171874 0.0712781
 9474.27046 1.1348162 0.0706124
 9483.74406 1.1080928 0.0698574
 9493.23294 1.1322578 0.0691411
 9502.72113 1.1465721 0.0688020
 9512.22320 1.1388918 0.0685594
 9521.73987 1.1453646 0.0677817
 9531.25722 1.1288702 0.0672547
 9540.78778 1.1314780 0.0666489
 9550.33292 1.1490163 0.0658333
 9559.87806 1.1808665 0.0651513
 9569.45169 1.1867192 0.0651926
 9579.01141 1.1839780 0.0652104
 9588.59893 1.1788346 0.0646946
 9598.18713 1.1902326 0.0635759
 9607.78923 1.1817334 0.0627881
 9617.39133 1.1785231 0.0620571
 9627.00732 1.1671158 0.0616944
 9636.63790 1.1531805 0.0616500
 9646.26848 1.1550578 0.0609337
 9655.92753 1.1604189 0.0604112
 9665.57270 1.1593896 0.0601774
 9675.24565 1.1526138 0.0602199
 9684.91929 1.1453534 0.0597510
 9694.60613 1.1471649 0.0589519
 9704.30825 1.1315980 0.0587617
 9714.00968 1.1314113 0.0586584
 9723.72569 1.1018274 0.0585035
 9733.44170 1.1188211 0.0581865
 9743.17161 1.1024631 0.0583004
 9752.91610 1.1170520 0.0585548
 9762.67448 1.1151412 0.0587759
 9772.43356 1.1045191 0.0587789
 9782.20583 1.0935915 0.0590068
 9791.99339 1.0634913 0.0592118
 9801.78025 1.0400025 0.0596221
 9811.59559 1.0172282 0.0601569
 9821.39704 0.9970037 0.0608132
 9831.22627 0.9870963 0.0609424
 9841.05620 0.9837795 0.0611018
 9850.88613 0.9859442 0.0613569
 9860.74384 0.9816264 0.0619002
 9870.60224 0.9627188 0.0628524
 9880.47454 0.9437093 0.0635023
 9890.36142 0.9479517 0.0639201
 9900.24761 0.9323171 0.0639580
 9910.14839 0.9181300 0.0644362
 9920.06375 0.9095548 0.0650780
 9929.97911 0.9194234 0.0649960
 9939.90836 0.9132417 0.0648711
 9949.85151 0.9064101 0.0654054
 9959.80924 0.8815728 0.0657525
 9969.76698 0.8650569 0.0658911
 9979.72471 0.8955756 0.0654568
 9989.71092 0.8929914 0.0654074
 9999.71102 0.8954284 0.0655460
 10009.69723 0.8788866 0.0654587
 10019.71192 0.9021715 0.0654286
 10029.74120 0.9258901 0.0650700
 10039.75589 0.9196655 0.0650889
 10049.79905 0.9407461 0.0650625
 10059.85611 0.9521211 0.0653999
 10069.91317 0.9505536 0.0654379
 10079.98482 0.9696812 0.0653708
 10090.07036 1.0038694 0.0650219
 10100.15659 0.9918359 0.0646081
 10110.25672 0.9775917 0.0640957
 10120.37073 0.9816655 0.0637658
 10130.48475 0.9971281 0.0636566
 10140.61335 0.9799956 0.0635826
 10150.75585 0.9660326 0.0632138
 10160.91293 0.9494517 0.0633371
 10171.07001 0.9566586 0.0627429
 10181.24098 0.9490579 0.0624384
 10191.42585 0.9325302 0.0619352
 10201.61141 0.9188665 0.0619991
 10211.82545 0.8989165 0.0615360
 10222.03879 0.8911548 0.0614800
 10232.25283 0.8928587 0.0614995
 10242.48076 0.8924460 0.0616146
 10252.73717 0.8688453 0.0612382
 10262.97969 0.8498219 0.0612792
 10273.24999 0.8538559 0.0613476
 10283.52098 0.8337657 0.0619902
 10293.80587 0.8032530 0.0618514
 10304.10534 0.7969999 0.0616804
 10314.40412 0.7790329 0.0617785
 10324.71749 0.7861784 0.0620231
 10335.04544 0.7926298 0.0624080
 10345.38659 0.7931827 0.0625236
 10355.72843 0.7744722 0.0633404
 10366.08486 0.7854892 0.0633710
 10376.45519 0.7815421 0.0634521
 10386.82551 0.7699031 0.0636960
 10397.20972 0.7598196 0.0640994
 10407.60852 0.7462488 0.0647343
 10418.02122 0.7276813 0.0654800
 10428.43461 0.7256567 0.0660400
 10438.86188 0.7295738 0.0659517
 10449.30306 0.7398013 0.0662898
 10459.75881 0.7299371 0.0669705
 10470.21388 0.7343264 0.0670900
 10480.68422 0.7350919 0.0667945
 10491.16846 0.7318017 0.0670847
 10501.66659 0.7163751 0.0677484
 10512.16471 0.7298770 0.0678480
 10522.67743 0.6918104 0.0681088
 10533.18945 0.7017987 0.0681834
 10543.73064 0.6816055 0.0683696
 10554.27184 0.6849766 0.0687938
 10564.82692 0.6630352 0.0690031
 10575.39659 0.6468425 0.0688453
 10585.96557 0.6468239 0.0691075
 10596.54913 0.6248629 0.0692196
 10607.14728 0.6276907 0.0692568
 10617.75933 0.6423977 0.0693456
 10628.38595 0.6485531 0.0692162
 10639.01189 0.6845657 0.0691532
 10649.65241 0.6771038 0.0689397
 10660.29293 0.6955160 0.0690258
 10670.96193 0.6873162 0.0693475
 10681.63093 0.6814109 0.0696811
 10692.31451 0.7150922 0.0699315
 10703.01199 0.7017155 0.0703867
 10713.70947 0.6957876 0.0703827
 10724.42084 0.6902968 0.0699809
 10735.14679 0.6957508 0.0690442
 10745.88664 0.7135412 0.0683403
 10756.62718 0.7123495 0.0683635
 10767.38162 0.7247702 0.0681408
 10778.14994 0.7373303 0.0674743
 10788.93286 0.7568128 0.0667569
 10799.71577 0.7840513 0.0658970
 10810.52716 0.7646219 0.0655704
 10821.33786 0.7829425 0.0653028
 10832.16384 0.8091487 0.0654812
 10842.98912 0.8200076 0.0653171
 10853.82899 0.8349878 0.0651820
 10864.68275 0.8333663 0.0652531
 10875.55110 0.8555914 0.0657693
 10886.43334 0.8371456 0.0658553
 10897.31558 0.8594056 0.0652127
 10908.21241 0.8709704 0.0653713
 10919.12312 0.8812434 0.0655483
 10930.03384 0.8665017 0.0659312
 10940.97304 0.8776550 0.0665967
 10951.91224 0.8917269 0.0674386
 10962.86602 0.8681177 0.0686852
 10973.83370 0.8391013 0.0693579
 10984.80137 0.8316796 0.0699691
 10995.79752 0.8353996 0.0711960
 11006.77979 0.8345892 0.0721483
 11017.78983 0.7995664 0.0738516
 11028.81446 0.7879794 0.0749959
 11039.83910 0.7797943 0.0774083
 11050.87832 0.7845767 0.0788577
 11061.93143 0.7828299 0.0814647
 11072.99843 0.7811165 0.0836941
 11084.06543 0.7686322 0.0862914
 11095.14702 0.7635307 0.0891502
 11106.24320 0.7750281 0.0929077
 11117.35326 0.7778147 0.0968849
 11128.46333 0.7801872 0.1012741
 11139.60118 0.7887384 0.1053609
 11150.73973 0.8035291 0.1109211
 11161.89286 0.8115539 0.1174478
 11173.05919 0.8301286 0.1249956
 11184.22622 0.8287018 0.1317096
 11195.40713 0.8263223 0.1376042
 11206.61722 0.8246703 0.1486389
 11217.81203 0.8196704 0.1592668
 11229.03601 0.8187341 0.1736010
 11240.25999 0.8223078 0.1841115
 11251.51245 0.8148085 0.1974172
 11262.76422 0.8186224 0.2116997
 11274.01668 0.7858630 0.2320755
 11285.29762 0.7607062 0.2505496
 11296.57786 0.7398889 0.2789562
 11307.87269 0.7339982 0.3002930
 11319.18211 0.7862443 0.3258898
 11330.50542 0.7750097 0.3579034
