# SOURCE  = 'Quimby et al. 2018' /                                                
# OBJECT  = 'PTF11rks'           /                                                
# Z       =             0.192400 / wavelengths in OBSERVER FRAME                 
# NORM    =          4.31040E-17 / fluxes divided by norm                         
# CLIPPED =                    1 / galaxy emission lines removed                  
# SMOOTHED=                    1 / spectrum has been smoothed                     
# COLUMN01= 'Wavelength (Angstrom)' /                                             
# COLUMN02= 'Flux Density (erg/s/cm2/A)' /                                        
# COLUMN03= 'Flux Density Uncertainty (erg/s/cm2/A)' /                            
# END                                                                             
# 
# 
# 
# 
# 
# 
# 
# 
# 
# 
# Converted to Observer Frame using z=0.193
 3884.45438 3.0160348 0.1093036
 3888.33787 3.0322840 0.1073356
 3892.23560 3.0462363 0.1038128
 3896.11943 3.0819218 0.1001120
 3900.01716 3.0816181 0.0972884
 3903.91489 3.1081324 0.0949148
 3907.82685 3.1284482 0.0925118
 3911.73882 3.1506441 0.0908532
 3915.65079 3.1566398 0.0892210
 3919.56275 3.1717899 0.0878793
 3923.47472 3.1804712 0.0862598
 3927.40092 3.2152512 0.0851123
 3931.32713 3.2583308 0.0839465
 3935.26723 3.2685025 0.0829132
 3939.19343 3.2795742 0.0823545
 3943.13388 3.2936397 0.0827879
 3947.08856 3.2828295 0.0812646
 3951.02901 3.2977004 0.0807908
 3954.98369 3.3117692 0.0811922
 3958.93837 3.3208194 0.0806528
 3962.89306 3.3361487 0.0776055
 3966.86198 3.3353267 0.0757665
 3970.83056 3.3348429 0.0741684
 3974.79948 3.3587823 0.0727417
 3978.76840 3.3663990 0.0728872
 3982.75157 3.4053583 0.0719841
 3986.73473 3.4315937 0.0705407
 3990.71789 3.4528539 0.0689134
 3994.71495 3.4549675 0.0680096
 3998.71235 3.4734323 0.0671160
 4002.70975 3.4788072 0.0670562
 4006.70715 3.4871123 0.0668307
 4010.71844 3.4699748 0.0638568
 4014.73008 3.4388511 0.0621242
 4018.74173 3.4397161 0.0611226
 4022.75302 3.4469151 0.0602213
 4026.77890 3.4518881 0.0592580
 4030.80478 3.4800892 0.0584591
 4034.84455 3.4842627 0.0575166
 4038.87043 3.4926939 0.0568069
 4042.91055 3.4861879 0.0563437
 4046.96456 3.4840491 0.0559158
 4051.00468 3.4924908 0.0559788
 4055.05904 3.5066545 0.0556255
 4059.11305 3.5147758 0.0551929
 4063.16741 3.5219560 0.0547204
 4067.23566 3.5247934 0.0543717
 4071.30426 3.5337281 0.0539251
 4075.37286 3.5437067 0.0541380
 4079.45535 3.5637684 0.0536301
 4083.52394 3.5503967 0.0527045
 4087.60643 3.5572331 0.0528902
 4091.70351 3.5593672 0.0531425
 4095.78600 3.5593178 0.0533434
 4099.88307 3.5552268 0.0520138
 4103.99404 3.5604546 0.0522180
 4108.09112 3.5647891 0.0524763
 4112.20209 3.5593290 0.0501508
 4116.31306 3.5858073 0.0475391
 4120.42437 3.5983183 0.0458681
 4124.54958 3.6075549 0.0444270
 4128.67513 3.6077609 0.0445186
 4132.80034 3.6136239 0.0443327
 4136.93979 3.6204257 0.0434435
 4141.07958 3.6252363 0.0430344
 4145.21903 3.6234512 0.0426074
 4149.35847 3.6198862 0.0424475
 4153.51251 3.6125026 0.0420868
 4157.66619 3.6102664 0.0421737
 4161.81988 3.6121576 0.0421585
 4165.98815 3.6190665 0.0417627
 4170.15608 3.6171918 0.0418003
 4174.32400 3.6200621 0.0417087
 4178.49227 3.6171069 0.0413318
 4182.67444 3.6131866 0.0411730
 4186.85660 3.6164415 0.0413343
 4191.03877 3.6096144 0.0408062
 4195.23517 3.5959289 0.0402328
 4199.43192 3.6045866 0.0397951
 4203.62832 3.6030018 0.0391540
 4207.83897 3.5964260 0.0390692
 4212.03537 3.5820765 0.0389145
 4216.24601 3.5807219 0.0382078
 4220.47124 3.5653574 0.0374727
 4224.69612 3.5674558 0.0371407
 4228.92101 3.5552809 0.0365385
 4233.14589 3.5463991 0.0365073
 4237.38501 3.5342083 0.0367555
 4241.60989 3.5333602 0.0365770
 4245.86325 3.5114496 0.0362876
 4250.10237 3.5000751 0.0361507
 4254.35573 3.4703379 0.0358797
 4258.60909 3.4400296 0.0360257
 4262.86245 3.4225469 0.0360456
 4267.13005 3.3992085 0.0358678
 4271.39765 3.3771422 0.0353791
 4275.66525 3.3677633 0.0353147
 4279.94709 3.3391345 0.0349701
 4284.22893 3.3270884 0.0346498
 4288.51077 3.3138413 0.0346299
 4292.79261 3.2922697 0.0344442
 4297.08869 3.2592275 0.0340083
 4301.38476 3.2531960 0.0336901
 4305.69508 3.2340946 0.0332895
 4309.99116 3.2184927 0.0328431
 4314.30148 3.1853430 0.0323056
 4318.62603 3.1677804 0.0319956
 4322.93600 3.1533692 0.0314760
 4327.26056 3.1423638 0.0311779
 4331.58512 3.1212108 0.0306881
 4335.92391 3.0982268 0.0302141
 4340.26271 3.0756361 0.0298514
 4344.60116 3.0564091 0.0294636
 4348.93995 3.0369213 0.0291714
 4353.29299 3.0220630 0.0291578
 4357.64602 3.0076001 0.0287135
 4361.99906 2.9935782 0.0284757
 4366.36598 2.9728243 0.0285160
 4370.73326 2.9545729 0.0283571
 4375.10053 2.9518061 0.0277958
 4379.48170 2.9350872 0.0275536
 4383.86321 2.9184010 0.0271649
 4388.24472 2.9035213 0.0266959
 4392.62589 2.8818502 0.0263853
 4397.02164 2.8631768 0.0261077
 4401.41740 2.8530531 0.0258986
 4405.82704 2.8452423 0.0255873
 4410.22279 2.8319578 0.0253849
 4414.63278 2.8260617 0.0249488
 4419.05667 2.8099358 0.0246243
 4423.48090 2.7996249 0.0244440
 4427.89054 2.7868991 0.0240658
 4432.32901 2.7675712 0.0237885
 4436.75290 2.7547638 0.0237215
 4441.19137 2.7547712 0.0234348
 4445.62949 2.7400987 0.0231541
 4450.08220 2.7317002 0.0227865
 4454.53456 2.7266641 0.0224345
 4458.98727 2.7169447 0.0222812
 4463.43963 2.7082343 0.0220977
 4467.90658 2.6995206 0.0219555
 4472.37318 2.6892707 0.0218106
 4476.85437 2.6815598 0.0216339
 4481.32097 2.6723578 0.0216490
 4485.80181 2.6597433 0.0216197
 4490.29724 2.6494997 0.0215455
 4494.77808 2.6364660 0.0215204
 4499.27351 2.6313660 0.0213960
 4503.78283 2.6139419 0.0211449
 4508.27791 2.5982101 0.0209661
 4512.78758 2.5813944 0.0208466
 4517.31113 2.5665867 0.0206207
 4521.82045 2.5537148 0.0204558
 4526.34401 2.5478313 0.0204713
 4530.86792 2.5404441 0.0203894
 4535.40571 2.5325997 0.0200268
 4539.94351 2.5235739 0.0198065
 4544.48131 2.5129144 0.0195950
 4549.01945 2.5012288 0.0194699
 4553.57149 2.5121431 0.0393691
 4558.12353 2.4790020 0.0384594
 4562.68980 2.4589574 0.0378319
 4567.24184 2.4783618 0.0372490
 4571.80846 2.4880505 0.0373587
 4576.38898 2.4791057 0.0356904
 4580.95525 2.4764204 0.0355806
 4585.55001 2.4720981 0.0359358
 4590.13052 2.4593370 0.0351520
 4594.72528 2.4561968 0.0346069
 4599.32003 2.4241428 0.0345376
 4603.91479 2.4024835 0.0339020
 4608.52378 2.3978279 0.0337924
 4613.13278 2.3829446 0.0335097
 4617.74177 2.3652554 0.0327073
 4622.36500 2.3467360 0.0318576
 4626.98823 2.3260570 0.0309545
 4631.61147 2.3202012 0.0305807
 4636.23470 2.2919631 0.0304441
 4640.87217 2.2797790 0.0306746
 4645.52388 2.2675791 0.0309621
 4650.16136 2.2589042 0.0320843
 4654.81307 2.2793567 0.0334977
 4659.46478 2.3081555 0.0337952
 4664.13073 2.2960002 0.0346272
 4668.79668 2.3291552 0.0336040
 4673.46263 2.3650870 0.0332418
 4678.14282 2.3708014 0.0333753
 4682.80842 2.3908837 0.0334705
 4687.50285 2.4088516 0.0345987
 4692.18304 2.4169796 0.0339030
 4696.87747 2.4164555 0.0339051
 4701.57190 2.4277830 0.0347918
 4706.28022 2.4028621 0.0352207
 4710.98889 2.4124207 0.0370997
 4715.69756 2.4210212 0.0364801
 4720.40623 2.4181330 0.0362415
 4725.12879 2.4109983 0.0362496
 4729.85169 2.4101238 0.0373948
 4734.58884 2.4151957 0.0362880
 4739.32599 2.4116695 0.0356317
 4744.06279 2.4323144 0.0368627
 4748.79993 2.4307299 0.0371447
 4753.55132 2.4405465 0.0382328
 4758.30236 2.4603031 0.0383338
 4763.06798 2.4932010 0.0390341
 4767.83326 2.5129652 0.0398221
 4772.59889 2.5150828 0.0415465
 4777.36451 2.5516152 0.0456426
 4782.14403 2.5631359 0.0446501
 4786.92389 2.5482216 0.0443307
 4791.71765 2.5578568 0.0448578
 4796.51175 2.5367780 0.0447556
 4801.30551 2.5671051 0.0476176
 4806.11385 2.5469949 0.0443492
 4810.92185 2.5560439 0.0426623
 4815.73019 2.5441544 0.0425016
 4820.53819 2.5123732 0.0421912
 4825.36077 2.5476282 0.0395668
 4830.18300 2.5358479 0.0382057
 4835.01948 2.5315456 0.0386826
 4839.85630 2.5342572 0.0371878
 4844.69277 2.5333993 0.0362878
 4849.54383 2.5451400 0.0356611
 4854.38031 2.5606916 0.0351099
 4859.24526 2.5416038 0.0339323
 4864.09632 2.5054297 0.0336535
 4868.96127 2.5121689 0.0331984
 4873.84046 2.4844322 0.0325547
 4878.70576 2.4614468 0.0316014
 4883.58495 2.4629850 0.0318035
 4888.46415 2.4614635 0.0309018
 4893.35758 2.4762936 0.0300394
 4898.25135 2.4769802 0.0294727
 4903.15902 2.4882116 0.0296224
 4908.05246 2.4840920 0.0304084
 4912.96013 2.4940524 0.0314905
 4917.88204 2.5210822 0.0313229
 4922.79005 2.5160766 0.0315519
 4927.71196 2.5324776 0.0323674
 4932.64811 2.5417984 0.0333229
 4937.58426 2.5373437 0.0350166
 4942.52041 2.5269463 0.0346793
 4947.45656 2.5171163 0.0351329
 4952.40694 2.4850981 0.0356161
 4957.35733 2.4726515 0.0358727
 4962.32231 2.4798343 0.0357424
 4967.28693 2.4867468 0.0359537
 4972.25156 2.4978957 0.0359475
 4977.21619 2.5454361 0.0362030
 4982.19505 2.5447674 0.0346228
 4987.17392 2.5500658 0.0330451
 4992.16702 2.5499411 0.0317921
 4997.16013 2.5524189 0.0310847
 5002.15324 2.5380731 0.0307643
 5007.16023 2.5182993 0.0307375
 5012.16758 2.5076578 0.0296128
 5017.17492 2.4853814 0.0293219
 5022.19651 2.4778192 0.0291289
 5027.21809 2.4458263 0.0293037
 5032.25391 2.3934937 0.0298812
 5037.27550 2.3815503 0.0290781
 5042.31132 2.3496339 0.0291569
 5047.36103 2.3082187 0.0292099
 5052.41110 2.2901523 0.0291476
 5057.46116 2.2711220 0.0290551
 5062.51122 2.2536812 0.0288800
 5067.57552 2.2126970 0.0284979
 5072.63948 2.1851947 0.0282437
 5077.71802 2.1619732 0.0279115
 5082.79656 2.1458559 0.0275999
 5087.88899 2.1150272 0.0273411
 5092.96753 2.0866108 0.0272308
 5098.06031 2.0564458 0.0270402
 5103.16698 2.0430536 0.0268659
 5108.25976 2.0379364 0.0267532
 5113.36678 2.0202022 0.0267572
 5118.48769 2.0052125 0.0267077
 5123.60895 1.9686368 0.0267633
 5128.73021 1.9533172 0.0270011
 5133.86536 1.9559299 0.0273302
 5138.98662 1.9396431 0.0276137
 5144.13601 1.9414847 0.0282373
 5149.27151 1.9447494 0.0290672
 5154.42090 1.9277000 0.0288702
 5159.58487 1.9185158 0.0290043
 5164.73426 1.9219532 0.0295634
 5169.89824 1.9213125 0.0302715
 5175.07611 1.9338735 0.0310023
 5180.25432 1.9329324 0.0318157
 5185.43219 1.9208117 0.0327362
 5190.62464 1.9296654 0.0336059
 5195.80251 1.9701722 0.0342323
 5201.00886 1.9802603 0.0341456
 5206.20131 1.9520741 0.0334915
 5211.40766 1.9288973 0.0325528
 5216.62825 1.8968421 0.0313054
 5221.83494 1.8869286 0.0302998
 5227.06976 1.9209630 0.0294119
 5232.29035 1.9462858 0.0288080
 5237.52552 1.9466983 0.0284400
 5242.76035 1.9660172 0.0287540
 5248.00941 1.9753753 0.0290617
 5253.24424 1.9935424 0.0292270
 5258.50789 2.0446432 0.0281829
 5263.75695 2.0731232 0.0279893
 5269.03449 2.0944073 0.0280449
 5274.29780 2.1204023 0.0279746
 5279.57534 2.1468630 0.0281321
 5284.85323 2.1810091 0.0288801
 5290.13077 2.2047546 0.0293152
 5295.42255 2.2152035 0.0286091
 5300.72858 2.2022486 0.0284634
 5306.02036 2.1691761 0.0285947
 5311.32638 2.1553285 0.0289236
 5316.64664 2.1532605 0.0289531
 5321.95266 2.1520643 0.0289676
 5327.28716 2.1526830 0.0290699
 5332.60742 2.1462748 0.0289122
 5337.94192 2.1367795 0.0285324
 5343.27642 2.1404092 0.0283825
 5348.62516 2.1378286 0.0283954
 5353.97390 2.1318586 0.0282988
 5359.32263 2.1326029 0.0271464
 5364.68561 2.1079226 0.0266977
 5370.04859 2.1056719 0.0262548
 5375.42581 2.1105132 0.0259103
 5380.78879 2.1152110 0.0261810
 5386.18024 2.1097558 0.0265720
 5391.55746 2.0944715 0.0261121
 5396.94857 2.0826435 0.0257989
 5402.35426 2.0873814 0.0260661
 5407.75996 2.0708172 0.0262352
 5413.16566 2.0787208 0.0265416
 5418.57135 2.0716772 0.0268239
 5423.99094 2.0599988 0.0272200
 5429.42511 2.0640576 0.0279392
 5434.84505 2.0658748 0.0272718
 5440.27922 2.0594606 0.0267054
 5445.72729 2.0413873 0.0264858
 5451.17570 2.0457935 0.0263096
 5456.62411 2.0330677 0.0260700
 5462.07218 2.0309367 0.0260999
 5467.53483 2.0204287 0.0260496
 5473.01172 2.0177777 0.0260054
 5478.48827 2.0132675 0.0258797
 5483.96516 1.9978319 0.0263591
 5489.44171 1.9869283 0.0257721
 5494.93284 1.9661136 0.0253152
 5500.42362 1.9644694 0.0247887
 5505.92899 1.9594601 0.0244474
 5511.43401 1.9608065 0.0240901
 5516.95362 1.9540370 0.0237880
 5522.45865 1.9408238 0.0236764
 5527.99249 1.9488069 0.0238403
 5533.51176 1.9440031 0.0244957
 5539.04560 1.9368562 0.0243120
 5544.59334 1.9399772 0.0244191
 5550.14143 1.9325129 0.0247285
 5555.68917 1.9368618 0.0249049
 5561.23691 1.9275649 0.0251567
 5566.79924 1.9221984 0.0253111
 5572.37546 1.9339360 0.0253435
 5577.93744 1.9382145 0.0252742
 5583.52825 1.9532276 0.0252183
 5589.10446 1.9747330 0.0250326
 5594.69492 1.9813102 0.0248561
 5600.28573 1.9859307 0.0247412
 5605.89043 2.0014293 0.0243828
 5611.49512 2.0122285 0.0245956
 5617.11406 2.0241506 0.0247827
 5622.71910 2.0159662 0.0249333
 5628.35228 2.0159049 0.0252080
 5633.97122 2.0142820 0.0256671
 5639.60439 1.9833291 0.0258830
 5645.25181 1.9705489 0.0266941
 5650.89922 1.9579343 0.0263340
 5656.54664 1.9186039 0.0255601
 5662.20864 1.8999445 0.0253126
 5667.87029 1.8722403 0.0251711
 5673.53195 1.8515832 0.0251773
 5679.20784 1.8432207 0.0250511
 5684.88374 1.8371722 0.0251605
 5690.57387 1.8404830 0.0252209
 5696.26400 1.8449042 0.0251054
 5701.95413 1.8359628 0.0254489
 5707.65851 1.8291969 0.0255568
 5713.36288 1.8403525 0.0246468
 5719.08149 1.8358824 0.0241153
 5724.80010 1.8386035 0.0238844
 5730.53260 1.8424826 0.0239571
 5736.25122 1.8496656 0.0239809
 5741.99830 1.8587250 0.0240759
 5747.74539 1.8585447 0.0246584
 5753.49248 1.8790330 0.0265637
 5759.23957 1.8887851 0.0263526
 5765.00056 1.8982773 0.0268478
 5770.76188 1.8933694 0.0273415
 5776.53745 1.8903607 0.0278196
 5782.31302 1.9030217 0.0271082
 5788.08859 1.9002672 0.0266805
 5793.87805 1.8884991 0.0264878
 5799.68210 1.8970617 0.0263282
 5805.47190 1.9000332 0.0261422
 5811.28984 1.8888646 0.0264552
 5817.09389 1.8635890 0.0265318
 5822.91217 1.8542782 0.0259023
 5828.73046 1.8398526 0.0254769
 5834.56229 1.8331369 0.0252899
 5840.39482 1.8384454 0.0254341
 5846.24193 1.8228235 0.0250983
 5852.08834 1.8090208 0.0243524
 5857.93476 1.8001806 0.0239613
 5863.79576 1.7914190 0.0235929
 5869.65677 1.7775878 0.0233679
 5875.53166 1.7636089 0.0233690
 5881.40656 1.7402601 0.0235153
 5887.28145 1.7335808 0.0238580
 5893.17094 1.7071555 0.0232699
 5899.07431 1.6692269 0.0234784
 5904.96379 1.6412039 0.0236615
 5910.88175 1.6289036 0.0243489
 5916.78513 1.6033624 0.0252091
 5922.70309 1.5752710 0.0257985
 5928.62035 1.5542514 0.0256415
 5934.55220 1.5329581 0.0261165
 5940.48475 1.5209076 0.0269013
 5946.43050 1.5158688 0.0276208
 5952.37693 1.5066618 0.0279729
 5958.33727 1.4808754 0.0283851
 5964.28370 1.4524248 0.0281371
 5970.25793 1.4297668 0.0275567
 5976.21826 1.3983040 0.0263578
 5982.19317 1.3846925 0.0255297
 5988.18198 1.3790427 0.0248293
 5994.17079 1.3806750 0.0239677
 6000.15960 1.3786974 0.0232388
 6006.16300 1.3614657 0.0227299
 6012.16570 1.3605084 0.0222119
 6018.18299 1.3619719 0.0220106
 6024.20027 1.3664730 0.0228974
 6030.23215 1.3893327 0.0241922
 6036.26333 1.3993942 0.0236387
 6042.29520 1.4088714 0.0235450
 6048.34097 1.4147086 0.0238844
 6054.38673 1.4367312 0.0246249
 6060.44639 1.4721317 0.0251879
 6066.50675 1.4892153 0.0247040
 6072.56640 1.4950716 0.0243741
 6078.64065 1.5007758 0.0244062
 6084.71489 1.5246979 0.0247796
 6090.80372 1.5535690 0.0248235
 6096.89186 1.5791463 0.0248833
 6102.99458 1.6133986 0.0249491
 6109.09731 1.6438169 0.0256281
 6115.20003 1.6747755 0.0257114
 6121.31664 1.6899754 0.0255567
 6127.44785 1.7262236 0.0250488
 6133.56515 1.7438002 0.0249292
 6139.71025 1.7744631 0.0247734
 6145.84145 1.8001347 0.0241529
 6151.98654 1.8146636 0.0243355
 6158.14622 1.8138051 0.0239663
 6164.30590 1.8072560 0.0236592
 6170.46558 1.8277740 0.0245335
 6176.63915 1.8398275 0.0241563
 6182.81273 1.8480744 0.0238936
 6189.00088 1.8586531 0.0238709
 6195.18904 1.8693881 0.0239928
 6201.37720 1.8967825 0.0241264
 6207.57925 1.8996069 0.0246902
 6213.79589 1.8984532 0.0237723
 6219.99794 1.9027241 0.0237439
 6226.22847 1.9026229 0.0241467
 6232.44510 1.9028329 0.0237686
 6238.67563 1.8940508 0.0234566
 6244.92075 1.8864955 0.0233881
 6251.16586 1.8747672 0.0232955
 6257.42487 1.8631828 0.0234459
 6263.66999 1.8377534 0.0238968
 6269.94288 1.7903639 0.0249567
 6276.21648 1.7738442 0.0235596
 6282.49007 1.7514824 0.0232620
 6288.76297 1.7264723 0.0234825
 6295.06504 1.7049491 0.0238669
 6301.35253 1.6828876 0.0243389
 6307.65460 1.6582173 0.0249294
 6313.97057 1.6385098 0.0252857
 6320.27264 1.6219466 0.0261997
 6326.60249 1.5917351 0.0279584
 6332.91846 1.5644768 0.0267422
 6339.26290 1.5279691 0.0267523
 6345.59345 1.5057400 0.0265922
 6351.95248 1.4730176 0.0265478
 6358.29692 1.4426343 0.0264272
 6364.65526 1.4194601 0.0264194
 6371.02818 1.3915051 0.0265571
 6377.38721 1.3531451 0.0274275
 6383.77402 1.3183924 0.0287370
 6390.14694 1.3029003 0.0284564
 6396.54834 1.2903051 0.0278391
 6402.93585 1.2710490 0.0280829
 6409.33725 1.2527027 0.0283277
 6415.75254 1.2566417 0.0286320
 6422.16852 1.2554539 0.0290588
 6428.59840 1.2501543 0.0296845
 6435.01369 1.2621475 0.0303560
 6441.45816 1.2884835 0.0309669
 6447.90193 1.3017642 0.0318942
 6454.34639 1.3126386 0.0324280
 6460.80405 1.3326235 0.0329583
 6467.26241 1.3514508 0.0337423
 6473.73535 1.3465924 0.0346796
 6480.20760 1.3612964 0.0354564
 6486.68054 1.3747447 0.0362652
 6493.16668 1.3595113 0.0370540
 6499.66810 1.3579167 0.0376252
 6506.16883 1.3548485 0.0381505
 6512.67025 1.3543720 0.0386383
 6519.18487 1.3666046 0.0388976
 6525.70018 1.3805842 0.0387114
 6532.23008 1.3864177 0.0382942
 6538.75929 1.3965731 0.0380707
 6545.30308 1.4002433 0.0376093
 6551.84618 1.4078321 0.0372588
 6558.40456 1.4326907 0.0372563
 6564.96224 1.4703047 0.0372700
 6571.51992 1.4782248 0.0380368
 6578.09219 1.5114278 0.0381624
 6584.67836 1.5332237 0.0385140
 6591.26521 1.5490932 0.0388500
 6597.85137 1.5642400 0.0391373
 6604.45212 1.5787494 0.0396308
 6611.05218 1.6058573 0.0398413
 6617.66682 1.6108440 0.0405927
 6624.28215 1.6249926 0.0414865
 6630.91068 1.6371397 0.0423431
 6637.53991 1.6387972 0.0430055
 6644.18303 1.6541417 0.0436889
 6650.81226 1.6506833 0.0440428
 6657.46927 1.6605788 0.0442033
 6664.12697 1.6582243 0.0441346
 6670.79857 1.6507558 0.0437142
 6677.47017 1.6416253 0.0433270
 6684.14177 1.6228563 0.0429466
 6690.82795 1.6051670 0.0424866
 6697.51413 1.5983692 0.0423759
 6704.21421 1.5898917 0.0424359
 6710.91428 1.5571744 0.0435142
 6717.62825 1.5415787 0.0438538
 6724.35681 1.5225412 0.0439355
 6731.07147 1.4986852 0.0440817
 6737.80002 1.4718492 0.0443477
 6744.54316 1.4423542 0.0452678
 6751.28561 1.4244419 0.0456512
 6758.04264 1.3944652 0.0460015
 6764.79968 1.3627331 0.0462749
 6771.57129 1.3443235 0.0470855
 6778.32833 1.3450547 0.0471296
 6785.11384 1.3509471 0.0470383
 6791.89866 1.3370582 0.0467951
 6798.69875 1.3327661 0.0464252
 6805.49816 1.3294843 0.0463492
 6812.29825 1.3193547 0.0458722
 6819.11224 1.3196764 0.0453723
 6825.92623 1.2972300 0.0449195
 6832.75411 1.2814527 0.0446237
 6839.58200 1.2732131 0.0441907
 6846.42446 1.2679547 0.0443835
 6853.28152 1.2766097 0.0442708
 6860.13788 1.2759908 0.0441922
 6866.99424 1.2778147 0.0441694
 6873.85129 1.2750925 0.0441808
 6880.73613 1.2829874 0.0438586
 6887.60708 1.2795836 0.0440974
 6894.49192 1.2933587 0.0439771
 6901.39134 1.2957995 0.0437983
 6908.29077 1.3016144 0.0433165
 6915.20408 1.2905841 0.0430606
 6922.11740 1.2790469 0.0428004
 6929.04530 1.2819098 0.0425575
 6935.97321 1.2702430 0.0423638
 6942.90111 1.2529935 0.0422368
 6949.85680 1.2447439 0.0422460
 6956.79929 1.2306381 0.0423410
 6963.75497 1.2153176 0.0424970
 6970.72594 1.2042066 0.0422419
 6977.69622 1.1983074 0.0421884
 6984.66649 1.2085412 0.0422432
 6991.66524 1.2040042 0.0428687
 6998.65010 1.2114365 0.0435970
 7005.64886 1.2189180 0.0445534
 7012.66219 1.2388062 0.0451461
 7019.66095 1.2398839 0.0455008
 7026.68818 1.2478986 0.0452195
 7033.71541 1.2446083 0.0449853
 7040.74264 1.2568287 0.0444810
 7047.78446 1.2411968 0.0437625
 7054.84016 1.2453502 0.0429239
 7061.89587 1.2547886 0.0420458
 7068.95158 1.2690099 0.0412382
 7076.02188 1.2752135 0.0404140
 7083.10607 1.2908586 0.0401445
 7090.19025 1.2847115 0.0401891
 7097.27444 1.2738582 0.0401395
 7104.37252 1.2727162 0.0395984
 7111.47129 1.2623971 0.0392567
 7118.58396 1.2657207 0.0390387
 7125.71052 1.2560804 0.0388682
 7132.83777 1.2623110 0.0386977
 7139.96433 1.2546555 0.0385271
 7147.10547 1.2425520 0.0383875
 7154.24662 1.2223692 0.0381949
 7161.40165 1.2007360 0.0379932
 7168.57128 1.1888777 0.0377863
 7175.74090 1.1696675 0.0375681
 7182.92511 1.1538639 0.0373700
 7190.09473 1.1480428 0.0375244
 7197.29283 1.1408907 0.0371398
 7204.49024 1.1424009 0.0365574
 7211.68834 1.1350434 0.0364448
 7218.90103 1.1365811 0.0366194
 7226.12691 1.1302952 0.0369089
 7233.35349 1.1411710 0.0372252
 7240.58007 1.1457576 0.0375348
 7247.82055 1.1399302 0.0377958
 7255.07560 1.1528388 0.0379365
 7262.33066 1.1559172 0.0379153
 7269.58572 1.1638207 0.0377130
 7276.85467 1.1652108 0.0371435
 7284.13821 1.1646630 0.0366370
 7291.42174 1.1676166 0.0360226
 7298.71917 1.1694462 0.0353967
 7306.01660 1.1656053 0.0348170
 7313.31403 1.1627146 0.0343420
 7320.64063 1.1595812 0.0340765
 7327.95195 1.1581151 0.0342012
 7335.27855 1.1509160 0.0339895
 7342.61835 1.1515069 0.0334075
 7349.95885 1.1495099 0.0333035
 7357.31323 1.1493554 0.0336399
 7364.66762 1.1530137 0.0332923
 7372.03659 1.1534675 0.0330271
 7379.40487 1.1504692 0.0330494
 7386.78843 1.1409758 0.0332610
 7394.17129 1.1402819 0.0335711
 7401.56805 1.1384031 0.0339097
 7408.96550 1.1358649 0.0340490
 7416.37684 1.1375737 0.0342737
 7423.80277 1.1320572 0.0343556
 7431.21411 1.1248879 0.0342615
 7438.65393 1.1169957 0.0343334
 7446.09375 1.1084213 0.0339327
 7453.53357 1.0975313 0.0334672
 7460.98728 1.0847743 0.0327779
 7468.45558 1.0805080 0.0324856
 7475.92388 1.0780325 0.0322965
 7483.39218 1.0779270 0.0322249
 7490.87507 1.0742326 0.0325846
 7498.37185 1.0702856 0.0328269
 7505.86862 1.0709857 0.0324092
 7513.37929 1.0615785 0.0321285
 7520.89066 1.0604912 0.0319013
 7528.41522 1.0553653 0.0316050
 7535.94048 1.0538712 0.0315399
 7543.48032 1.0583998 0.0311329
 7551.01947 1.0584973 0.0305329
 7558.57320 1.0586601 0.0305319
 7566.12694 1.0562625 0.0306452
 7573.69456 1.0533803 0.0309257
 7581.27678 1.0539253 0.0313404
 7588.85899 1.0474201 0.0315293
 7596.44120 1.0396347 0.0317923
 7604.03731 1.0396750 0.0319571
 7611.64800 1.0410289 0.0322589
 7619.25869 1.0443039 0.0319592
 7626.88327 1.0407133 0.0317508
 7634.49396 1.0347900 0.0314536
 7642.13313 1.0363014 0.0311027
 7649.78620 1.0439142 0.0304980
 7657.42537 1.0374889 0.0303356
 7665.09232 1.0321738 0.0300973
 7672.74608 1.0248104 0.0300219
 7680.42762 1.0176739 0.0300588
 7688.10916 1.0143259 0.0300110
 7695.79070 1.0039310 0.0295913
 7703.48683 1.0014654 0.0295049
 7711.19684 0.9897283 0.0294244
 7718.90686 0.9754463 0.0293265
 7726.63147 0.9649330 0.0292023
 7734.35538 0.9552246 0.0290236
 7742.09457 0.9473498 0.0289444
 7749.83307 0.9475431 0.0287159
 7757.58546 0.9407542 0.0283626
 7765.33854 0.9422292 0.0282543
 7773.10552 0.9366704 0.0283242
 7780.87249 0.9367375 0.0280752
 7788.65405 0.9403749 0.0280091
 7796.44951 0.9401655 0.0279343
 7804.24496 0.9284752 0.0278118
 7812.05431 0.9210622 0.0277064
 7819.86435 0.9188461 0.0275905
 7827.68828 0.9193261 0.0272927
 7835.51221 0.9173539 0.0273082
 7843.35004 0.9105014 0.0271678
 7851.18856 0.9078804 0.0268840
 7859.04097 0.9002813 0.0269568
 7866.89338 0.8988425 0.0269130
 7874.75968 0.8934384 0.0267606
 7882.64057 0.8911145 0.0268151
 7890.52146 0.8843083 0.0270253
 7898.41624 0.8876610 0.0268995
 7906.31172 0.8856628 0.0269590
 7914.22109 0.8933640 0.0270513
 7922.14435 0.8881493 0.0271296
 7930.05372 0.8925749 0.0271964
 7937.99156 0.8950673 0.0272695
 7945.92871 0.8903592 0.0273255
 7953.88115 0.8903830 0.0272199
 7961.83289 0.8901160 0.0274168
 7969.78462 0.8968257 0.0272887
 7977.76553 0.9001714 0.0272966
 7985.74575 0.8951322 0.0274516
 7993.72597 0.8922475 0.0272590
 8001.72077 0.8890535 0.0272065
 8009.71557 0.8846200 0.0271289
 8017.72427 0.8787348 0.0270368
 8025.74755 0.8703818 0.0267597
 8033.77014 0.8654921 0.0267673
 8041.80801 0.8670996 0.0264642
 8049.85907 0.8710226 0.0263204
 8057.89694 0.8808150 0.0263001
 8065.96259 0.8805236 0.0260265
 8074.02825 0.8811384 0.0260382
 8082.09390 0.8867342 0.0257321
 8090.18803 0.8850820 0.0256102
 8098.26827 0.8776229 0.0254978
 8106.37629 0.8793455 0.0254651
 8114.48501 0.8828703 0.0255585
 8122.59372 0.8857455 0.0256195
 8130.71633 0.8887619 0.0254661
 8138.85283 0.8830222 0.0255061
 8146.99003 0.8805869 0.0255226
 8155.14112 0.8742033 0.0258961
 8163.29220 0.8714870 0.0261001
 8171.45718 0.8614208 0.0265640
 8179.62286 0.8547677 0.0269710
 8187.80242 0.8494138 0.0274873
 8195.99588 0.8478709 0.0278690
 8204.19003 0.8419354 0.0282974
 8212.39808 0.8370986 0.0285461
 8220.60612 0.8258956 0.0285211
 8228.82806 0.8214094 0.0287188
 8237.05069 0.8137364 0.0284524
 8245.30110 0.8019619 0.0284176
 8253.53763 0.7992192 0.0280693
 8261.80263 0.7940710 0.0279095
 8270.05304 0.7934715 0.0278990
 8278.33263 0.7916260 0.0278947
 8286.61152 0.7929468 0.0276803
 8294.89042 0.7849880 0.0275629
 8303.18390 0.7923897 0.0273420
 8311.49196 0.7871717 0.0273844
 8319.79933 0.7799956 0.0271055
 8328.12129 0.7734580 0.0271430
 8336.45714 0.7709184 0.0268785
 8344.79299 0.7687444 0.0267500
 8353.12884 0.7597744 0.0267895
 8361.49387 0.7534602 0.0265398
 8369.84361 0.7466660 0.0264085
 8378.22252 0.7362280 0.0262693
 8386.60144 0.7312559 0.0261178
 8394.98035 0.7285967 0.0259969
 8403.38705 0.7279234 0.0258488
 8411.78055 0.7279358 0.0255691
 8420.20184 0.7202998 0.0255686
 8428.62312 0.7235136 0.0254266
 8437.04441 0.7197786 0.0251698
 8445.48028 0.7190018 0.0251870
 8453.93004 0.7152854 0.0249474
 8462.37981 0.7175984 0.0248703
 8470.84346 0.7142704 0.0249824
 8479.32240 0.7081606 0.0248620
 8487.80064 0.7066516 0.0248876
 8496.27889 0.7054213 0.0247828
 8504.78561 0.7059557 0.0249740
 8513.29233 0.7037497 0.0251225
 8521.79905 0.7073719 0.0251413
 8530.31966 0.7101351 0.0255090
 8538.85486 0.7039099 0.0256908
 8547.39006 0.7118205 0.0260802
 8555.93985 0.7153448 0.0266465
 8564.50352 0.7170740 0.0269828
 8573.06720 0.7174274 0.0270398
 8581.64477 0.7115529 0.0272550
 8590.22303 0.7132331 0.0274901
 8598.81519 0.7097205 0.0280914
 8607.40665 0.7143748 0.0284944
 8616.01339 0.7105595 0.0287218
 8624.63403 0.7098893 0.0290917
 8633.25466 0.7069575 0.0295832
 8641.88919 0.6933556 0.0296831
 8650.53830 0.6983540 0.0297243
 8659.18742 0.6947432 0.0296193
 8667.85042 0.6958579 0.0293223
 8676.51343 0.6958323 0.0289972
 8685.19102 0.7020091 0.0283789
 8693.86861 0.7060443 0.0278709
 8702.57468 0.6929200 0.0273419
 8711.28005 0.6977615 0.0270178
 8719.98612 0.6861574 0.0270716
 8728.70609 0.6791308 0.0267795
 8737.44063 0.6791943 0.0262142
 8746.17518 0.6673446 0.0258418
 8754.92362 0.6629124 0.0255819
 8763.67206 0.6613794 0.0254188
 8772.43509 0.6589676 0.0251906
 8781.21201 0.6514820 0.0250217
 8789.98893 0.6497012 0.0248841
 8798.78043 0.6339035 0.0247693
 8807.58583 0.6264414 0.0245576
 8816.39123 0.6259637 0.0245008
 8825.21121 0.6162049 0.0244506
 8834.03050 0.6096727 0.0245606
 8842.86437 0.6040105 0.0244642
 8851.71284 0.6008294 0.0244161
 8860.56130 0.5907574 0.0244940
 8869.42365 0.5747954 0.0246208
 8878.29990 0.5675235 0.0248008
 8887.16225 0.5547844 0.0249785
 8896.05309 0.5526862 0.0250758
 8904.95850 0.5552130 0.0252447
 8913.86323 0.5460498 0.0254773
 8922.78254 0.5525250 0.0256803
 8931.70185 0.5576758 0.0260333
 8940.63505 0.5552893 0.0262813
 8949.56895 0.5574151 0.0263818
 8958.51674 0.5635362 0.0265770
 8967.47842 0.5579445 0.0267346
 8976.45469 0.5693371 0.0271853
 8985.43096 0.5760227 0.0276931
 8994.40723 0.5756378 0.0279331
 9003.41197 0.5698183 0.0277203
 9012.41672 0.5653863 0.0279947
 9021.42077 0.5675613 0.0285958
 9030.44010 0.5640219 0.0294989
 9039.47333 0.5572461 0.0307601
 9048.52044 0.5557542 0.0323834
 9057.56756 0.5608457 0.0343016
 9066.61468 0.5672823 0.0362173
 9075.69097 0.5757958 0.0378755
 9084.76656 0.5855824 0.0391401
 9093.85674 0.6027783 0.0396125
 9102.94623 0.5978166 0.0389287
 9112.05030 0.5921853 0.0379595
 9121.16896 0.5921728 0.0363156
 9130.27304 0.5907831 0.0341867
 9139.40628 0.5921230 0.0321874
 9148.55273 0.5935401 0.0305933
 9157.69987 0.5990847 0.0296503
 9166.86090 0.5989621 0.0285631
 9176.02193 0.5977119 0.0276280
 9185.21144 0.6090125 0.0271165
 9194.38705 0.6178812 0.0268828
 9203.57656 0.6224912 0.0266719
 9212.79455 0.6255056 0.0265209
 9221.99795 0.6267666 0.0263607
 9231.21594 0.6374593 0.0262743
 9240.44851 0.6415415 0.0262616
 9249.69498 0.6415275 0.0261931
 9258.94144 0.6471644 0.0261786
 9268.20180 0.6502070 0.0262444
 9277.47675 0.6402327 0.0263828
 9286.75169 0.6386877 0.0265138
 9296.04122 0.6387684 0.0266853
 9305.33006 0.6389476 0.0267892
 9314.63348 0.6322122 0.0270098
 9323.95149 0.6281074 0.0274953
 9333.28270 0.6300821 0.0276991
 9342.61460 0.6231582 0.0279273
 9351.96108 0.6250011 0.0282015
 9361.30688 0.6310933 0.0284904
 9370.66726 0.6313201 0.0289818
 9380.04153 0.6283057 0.0292442
 9389.43039 0.6199605 0.0295646
 9398.81924 0.6117474 0.0295532
 9408.20810 0.6050804 0.0297570
 9417.62474 0.5956735 0.0297361
 9427.04208 0.5921845 0.0296162
 9436.47331 0.5956465 0.0294258
 9445.90523 0.5981355 0.0293009
 9455.35035 0.5940516 0.0290983
 9464.81075 0.5893472 0.0288851
 9474.27046 0.5879949 0.0288235
 9483.74406 0.5927616 0.0287789
 9493.23294 0.5915470 0.0285346
 9502.72113 0.5980203 0.0285515
 9512.22320 0.6020460 0.0282888
 9521.73987 0.6043207 0.0282104
 9531.25722 0.6155880 0.0280036
 9540.78778 0.6114099 0.0278857
 9550.33292 0.6155365 0.0276198
 9559.87806 0.6129971 0.0273368
 9569.45169 0.6076649 0.0268986
 9579.01141 0.6064001 0.0266257
 9588.59893 0.5949098 0.0263635
 9598.18713 0.5934767 0.0260887
 9607.78923 0.5949419 0.0258750
 9617.39133 0.5919810 0.0257289
 9627.00732 0.5881568 0.0256956
 9636.63790 0.5805628 0.0253089
 9646.26848 0.5678885 0.0254253
 9655.92753 0.5641981 0.0254024
 9665.57270 0.5682646 0.0254420
 9675.24565 0.5616189 0.0253595
 9684.91929 0.5488723 0.0255216
 9694.60613 0.5444129 0.0254993
 9704.30825 0.5452907 0.0257125
 9714.00968 0.5426359 0.0260407
 9723.72569 0.5351419 0.0265478
 9733.44170 0.5298731 0.0268917
 9743.17161 0.5274320 0.0271333
 9752.91610 0.5226024 0.0274520
 9762.67448 0.5171675 0.0278875
 9772.43356 0.5082091 0.0279073
 9782.20583 0.5148912 0.0280042
 9791.99339 0.5167566 0.0279990
 9801.78025 0.5055413 0.0279238
 9811.59559 0.5012812 0.0276326
 9821.39704 0.5013195 0.0272964
 9831.22627 0.5020889 0.0274101
 9841.05620 0.5026733 0.0274577
 9850.88613 0.5031617 0.0278129
 9860.74384 0.5002002 0.0285038
 9870.60224 0.4975881 0.0279449
 9880.47454 0.5014610 0.0278716
 9890.36142 0.5050799 0.0280351
 9900.24761 0.5049251 0.0284317
 9910.14839 0.5040779 0.0287261
 9920.06375 0.4976983 0.0291924
 9929.97911 0.4948243 0.0293826
 9939.90836 0.4877376 0.0290094
 9949.85151 0.4797731 0.0289165
 9959.80924 0.4787365 0.0299308
 9969.76698 0.4796011 0.0291795
 9979.72471 0.4784420 0.0285911
 9989.71092 0.4760900 0.0287276
 9999.71102 0.4860920 0.0291241
 10009.69723 0.4904736 0.0293169
 10019.71192 0.4956445 0.0289068
 10029.74120 0.4951460 0.0291235
 10039.75589 0.4980440 0.0296571
 10049.79905 0.4997510 0.0302272
 10059.85611 0.4958177 0.0295824
 10069.91317 0.4936828 0.0291281
 10079.98482 0.5005881 0.0286314
 10090.07036 0.5019900 0.0278024
 10100.15659 0.5002627 0.0272246
 10110.25672 0.4953438 0.0268408
 10120.37073 0.4895044 0.0265680
 10130.48475 0.4830316 0.0254421
 10140.61335 0.4700449 0.0253919
 10150.75585 0.4703763 0.0258509
 10160.91293 0.4658225 0.0248852
 10171.07001 0.4665622 0.0245186
 10181.24098 0.4598589 0.0246577
 10191.42585 0.4616070 0.0248894
 10201.61141 0.4520542 0.0251246
 10211.82545 0.4451155 0.0246640
 10222.03879 0.4355057 0.0249382
 10232.25283 0.4265032 0.0251057
 10242.48076 0.4222346 0.0253895
 10252.73717 0.4209384 0.0257028
 10262.97969 0.4235114 0.0259138
 10273.24999 0.4266149 0.0263146
 10283.52098 0.4264639 0.0266804
 10293.80587 0.4277051 0.0270667
 10304.10534 0.4238265 0.0271613
 10314.40412 0.4215616 0.0274342
 10324.71749 0.4222136 0.0273333
 10335.04544 0.4238456 0.0272351
 10345.38659 0.4305838 0.0271826
 10355.72843 0.4352045 0.0269567
 10366.08486 0.4319039 0.0265747
 10376.45519 0.4271686 0.0261050
 10386.82551 0.4236571 0.0260073
 10397.20972 0.4135725 0.0258148
 10407.60852 0.4079486 0.0256659
 10418.02122 0.4055397 0.0258640
 10428.43461 0.4038425 0.0265897
 10438.86188 0.4076378 0.0263147
 10449.30306 0.4118388 0.0259505
 10459.75881 0.4129148 0.0260371
 10470.21388 0.4093700 0.0262027
 10480.68422 0.4107420 0.0264973
 10491.16846 0.4056768 0.0265184
 10501.66659 0.3986947 0.0267522
 10512.16471 0.4063195 0.0266962
 10522.67743 0.4073403 0.0264931
 10533.18945 0.4057190 0.0265202
 10543.73064 0.4023927 0.0262428
 10554.27184 0.3977900 0.0256297
 10564.82692 0.3930526 0.0254665
 10575.39659 0.3937336 0.0252040
 10585.96557 0.3860954 0.0250610
 10596.54913 0.3821651 0.0247706
 10607.14728 0.3800846 0.0247466
 10617.75933 0.3819973 0.0251655
 10628.38595 0.3885222 0.0260603
 10639.01189 0.3845963 0.0255104
 10649.65241 0.3844850 0.0252019
 10660.29293 0.3769509 0.0252151
 10670.96193 0.3782974 0.0250983
 10681.63093 0.3775760 0.0252243
 10692.31451 0.3755844 0.0252585
 10703.01199 0.3712122 0.0255304
 10713.70947 0.3771980 0.0253956
 10724.42084 0.3734981 0.0255069
 10735.14679 0.3713184 0.0257313
 10745.88664 0.3746859 0.0257106
 10756.62718 0.3772007 0.0253400
 10767.38162 0.3822746 0.0251727
 10778.14994 0.3830758 0.0252846
 10788.93286 0.3786758 0.0255483
 10799.71577 0.3741698 0.0256819
 10810.52716 0.3724748 0.0260100
 10821.33786 0.3715914 0.0266125
 10832.16384 0.3688087 0.0269017
 10842.98912 0.3615548 0.0274469
 10853.82899 0.3643756 0.0276668
 10864.68275 0.3597139 0.0277301
 10875.55110 0.3623669 0.0279811
 10886.43334 0.3534876 0.0283175
 10897.31558 0.3539303 0.0286139
 10908.21241 0.3450084 0.0287249
 10919.12312 0.3428197 0.0286187
 10930.03384 0.3371865 0.0285890
 10940.97304 0.3364243 0.0282805
 10951.91224 0.3304565 0.0278079
 10962.86602 0.3274454 0.0272353
 10973.83370 0.3250358 0.0265833
 10984.80137 0.3245700 0.0260112
 10995.79752 0.3174621 0.0256793
 11006.77979 0.3117255 0.0253779
 11017.78983 0.3059786 0.0251684
 11028.81446 0.2947449 0.0248260
 11039.83910 0.2882849 0.0248229
 11050.87832 0.2816510 0.0250844
 11061.93143 0.2814018 0.0257245
 11072.99843 0.2789865 0.0263503
 11084.06543 0.2701601 0.0272412
 11095.14702 0.2703231 0.0282209
 11106.24320 0.2721871 0.0297441
 11117.35326 0.2730559 0.0314269
 11128.46333 0.2771842 0.0332328
 11139.60118 0.2749476 0.0346565
 11150.73973 0.2728745 0.0355731
 11161.89286 0.2748629 0.0359253
 11173.05919 0.2809493 0.0353783
 11184.22622 0.2793690 0.0336556
 11195.40713 0.2883973 0.0331609
 11206.61722 0.2886207 0.0327412
 11217.81203 0.2843392 0.0327816
 11229.03601 0.2767266 0.0329924
 11240.25999 0.2714809 0.0327386
 11251.51245 0.2748599 0.0334651
 11262.76422 0.2692757 0.0336826
 11274.01668 0.2683941 0.0346674
 11285.29762 0.2606212 0.0359612
 11296.57786 0.2480657 0.0361687
 11307.87269 0.2523148 0.0354072
 11319.18211 0.2532388 0.0350830
 11330.50542 0.2509601 0.0353837
 11341.82873 0.2450583 0.0353576
 11353.18051 0.2512216 0.0353953
 11364.53230 0.2453049 0.0355146
 11375.89867 0.2565746 0.0356559
 11387.27894 0.2524890 0.0354383
 11398.65920 0.2519011 0.0354432
 11410.06795 0.2589848 0.0355527
 11421.47669 0.2594334 0.0354943
 11432.88544 0.2608674 0.0350195
 11444.32196 0.2571324 0.0347309
 11455.77377 0.2572736 0.0341873
 11467.22489 0.2626939 0.0339215
 11478.70518 0.2680199 0.0336200
 11490.17018 0.2609734 0.0331327
 11501.66436 0.2656564 0.0328528
 11513.17313 0.2645685 0.0324296
 11524.68120 0.2640187 0.0323053
 11536.20386 0.2656400 0.0320331
 11547.74041 0.2693037 0.0317747
 11559.29154 0.2667890 0.0315675
 11570.85657 0.2641759 0.0312260
 11582.42160 0.2663153 0.0309475
 11594.00121 0.2671843 0.0307548
 11605.60931 0.2643545 0.0305108
 11617.20281 0.2709011 0.0305693
 11628.82480 0.2641736 0.0303819
 11640.46137 0.2607011 0.0305626
 11652.09725 0.2577904 0.0303404
 11663.74841 0.2514567 0.0303773
 11675.41346 0.2556789 0.0303955
 11687.09240 0.2599953 0.0302587
 11698.78523 0.2570513 0.0302743
 11710.47807 0.2529608 0.0303106
 11722.18618 0.2530719 0.0303732
 11733.90680 0.2554744 0.0304804
 11745.64270 0.2497833 0.0305036
 11757.39388 0.2460941 0.0305988
 11769.14367 0.2363837 0.0307117
 11780.92263 0.2355761 0.0310764
 11792.70021 0.2279198 0.0312982
 11804.49306 0.2166751 0.0314612
 11816.29981 0.2112095 0.0319083
 11828.12184 0.2030437 0.0323276
 11839.94248 0.1998091 0.0329867
 11851.77840 0.1922360 0.0336511
 11863.64210 0.1864979 0.0339945
 11875.49192 0.1842747 0.0343548
 11887.37090 0.1788383 0.0349042
 11899.26239 0.1695051 0.0353884
 11911.16916 0.1726805 0.0360126
 11923.07593 0.1734606 0.0365688
 11934.99659 0.1714204 0.0373524
 11946.93114 0.1654915 0.0379693
 11958.88098 0.1662981 0.0389102
 11970.84471 0.1682322 0.0397627
 11982.80843 0.1676706 0.0406179
 11994.79994 0.1685198 0.0415920
 12006.79145 0.1820514 0.0427474
 12018.79824 0.1872570 0.0437844
 12030.81893 0.1847186 0.0453400
 12042.85350 0.1766334 0.0465221
 12054.90197 0.1794802 0.0484182
 12066.95044 0.1806825 0.0503972
 12079.01419 0.1856069 0.0522414
 12091.09183 0.1819791 0.0537968
 12103.18336 0.1831839 0.0557076
 12115.28878 0.1719016 0.0579686
 12127.40810 0.1721047 0.0610429
 12139.54270 0.1580127 0.0649288
 12151.67729 0.1589534 0.0693995
 12163.82578 0.1604003 0.0755515
 12175.98816 0.1478558 0.0816580
 12188.16444 0.1312196 0.0894791
 12200.35599 0.1285569 0.0996267
 12212.56144 0.1275129 0.1125344
 12224.76688 0.1242381 0.1287612
 12237.00011 0.1135603 0.1482957
 12249.23473 0.1093352 0.1741924
 12261.48185 0.1246066 0.2080720
 12273.74426 0.0921206 0.2497021
