# SOURCE  = 'Quimby et al. 2018' /                                                
# OBJECT  = 'PTF11rks'           /                                                
# Z       =             0.192400 / wavelengths in OBSERVER FRAME                 
# NORM    =          5.01140E-17 / fluxes divided by norm                         
# CLIPPED =                    1 / galaxy emission lines removed                  
# SMOOTHED=                    1 / spectrum has been smoothed                     
# COLUMN01= 'Wavelength (Angstrom)' /                                             
# COLUMN02= 'Flux Density (erg/s/cm2/A)' /                                        
# COLUMN03= 'Flux Density Uncertainty (erg/s/cm2/A)' /                            
# END                                                                             
# 
# 
# 
# 
# 
# 
# 
# 
# 
# 
# Converted to Observer Frame using z=0.193
 3724.76079 0.4841228 0.2213779
 3728.48800 0.5438183 0.2150100
 3732.21485 0.5594458 0.2093657
 3735.94206 0.5434638 0.2038157
 3739.68315 0.5584210 0.1976709
 3743.42459 0.5631317 0.1917966
 3747.16569 0.5290470 0.1856721
 3750.92137 0.5278339 0.1793215
 3754.66247 0.5559722 0.1750179
 3758.41815 0.5756977 0.1696705
 3762.17348 0.5401001 0.1631072
 3765.94341 0.5007266 0.1577247
 3769.71298 0.4928481 0.1523466
 3773.48255 0.4632960 0.1454130
 3777.25248 0.5051650 0.1396470
 3781.03629 0.5193298 0.1344996
 3784.80621 0.5456566 0.1296489
 3788.59002 0.5340495 0.1251780
 3792.38808 0.4656279 0.1209375
 3796.17224 0.4533967 0.1169645
 3799.97029 0.4703934 0.1131614
 3803.76834 0.5285492 0.1097163
 3807.58098 0.5924163 0.1066358
 3811.37903 0.6819142 0.1041546
 3815.19132 0.7065395 0.1027874
 3819.01786 0.7694339 0.1013334
 3822.83049 0.8021186 0.1016945
 3826.65703 0.8063979 0.0997489
 3830.48356 0.8608114 0.0966397
 3834.31009 0.9409754 0.0957735
 3838.15121 0.9486905 0.0931373
 3841.99198 0.9893386 0.0906111
 3845.83275 1.0203978 0.0885819
 3849.67352 1.0634907 0.0877479
 3853.52853 1.1165420 0.0883875
 3857.36964 1.1419519 0.0859248
 3861.23889 1.1916767 0.0831256
 3865.09390 1.2399671 0.0808168
 3868.96315 1.2866684 0.0785976
 3872.83240 1.3149621 0.0767216
 3876.70165 1.3491030 0.0748559
 3880.58513 1.3607382 0.0732386
 3884.45438 1.4088180 0.0720230
 3888.33787 1.4620688 0.0709657
 3892.23560 1.4623010 0.0701860
 3896.11943 1.4557961 0.0694467
 3900.01716 1.4586883 0.0687373
 3903.91489 1.4857725 0.0680214
 3907.82685 1.5012982 0.0673853
 3911.73882 1.5265788 0.0667723
 3915.65079 1.5532562 0.0660376
 3919.56275 1.5469047 0.0656966
 3923.47472 1.5724540 0.0646612
 3927.40092 1.6147068 0.0635000
 3931.32713 1.6227983 0.0629563
 3935.26723 1.6504277 0.0632041
 3939.19343 1.6744096 0.0637628
 3943.13388 1.6912591 0.0621283
 3947.08856 1.6798961 0.0583966
 3951.02901 1.7177131 0.0563644
 3954.98369 1.7766641 0.0552596
 3958.93837 1.8279403 0.0543975
 3962.89306 1.8623736 0.0537159
 3966.86198 1.8721344 0.0534303
 3970.83056 1.8892200 0.0533773
 3974.79948 1.9342065 0.0537608
 3978.76840 1.9757273 0.0552376
 3982.75157 2.0216169 0.0545308
 3986.73473 2.0993927 0.0541158
 3990.71789 2.1251049 0.0541251
 3994.71495 2.1748264 0.0544308
 3998.71235 2.2476637 0.0546436
 4002.70975 2.2965920 0.0556813
 4006.70715 2.3344393 0.0555291
 4010.71844 2.3701091 0.0554735
 4014.73008 2.3830526 0.0549077
 4018.74173 2.4026852 0.0540875
 4022.75302 2.4401596 0.0529580
 4026.77890 2.4424047 0.0517861
 4030.80478 2.4533460 0.0504212
 4034.84455 2.4414825 0.0482212
 4038.87043 2.4156475 0.0473057
 4042.91055 2.3936987 0.0470676
 4046.96456 2.3561957 0.0472112
 4051.00468 2.3009441 0.0462409
 4055.05904 2.2852917 0.0456099
 4059.11305 2.2480936 0.0444524
 4063.16741 2.1990354 0.0437943
 4067.23566 2.1877961 0.0435288
 4071.30426 2.1660595 0.0436860
 4075.37286 2.1242821 0.0439821
 4079.45535 2.0478611 0.0441870
 4083.52394 1.9834778 0.0443483
 4087.60643 1.9396194 0.0445688
 4091.70351 1.9097238 0.0454304
 4095.78600 1.9004518 0.0461030
 4099.88307 1.8767419 0.0449709
 4103.99404 1.8431978 0.0437483
 4108.09112 1.7685329 0.0429124
 4112.20209 1.7056360 0.0422222
 4116.31306 1.6745925 0.0408758
 4120.42437 1.6658894 0.0399455
 4124.54958 1.6425279 0.0392294
 4128.67513 1.6197400 0.0383853
 4132.80034 1.6147482 0.0375847
 4136.93979 1.6248899 0.0369454
 4141.07958 1.6176705 0.0363411
 4145.21903 1.6382658 0.0358176
 4149.35847 1.6228477 0.0355667
 4153.51251 1.6283685 0.0363756
 4157.66619 1.6231089 0.0366529
 4161.81988 1.6394540 0.0350044
 4165.98815 1.6337949 0.0339424
 4170.15608 1.6584144 0.0332107
 4174.32400 1.6524178 0.0327506
 4178.49227 1.6665792 0.0324254
 4182.67444 1.6714528 0.0324010
 4186.85660 1.6728282 0.0330609
 4191.03877 1.6748315 0.0327872
 4195.23517 1.6835378 0.0322170
 4199.43192 1.6770134 0.0326399
 4203.62832 1.6719470 0.0332428
 4207.83897 1.6602064 0.0341936
 4212.03537 1.6270390 0.0349491
 4216.24601 1.5980952 0.0361732
 4220.47124 1.6016001 0.0367843
 4224.69612 1.5946318 0.0372381
 4228.92101 1.5980315 0.0385832
 4233.14589 1.6164190 0.0387179
 4237.38501 1.6148734 0.0399792
 4241.60989 1.6505851 0.0369222
 4245.86325 1.6418102 0.0356540
 4250.10237 1.6416230 0.0351589
 4254.35573 1.6457843 0.0351150
 4258.60909 1.6504930 0.0353853
 4262.86245 1.6717770 0.0350354
 4267.13005 1.6725407 0.0345365
 4271.39765 1.6783928 0.0343450
 4275.66525 1.6991249 0.0343502
 4279.94709 1.6901287 0.0339716
 4284.22893 1.6820086 0.0342459
 4288.51077 1.6584584 0.0343665
 4292.79261 1.6327506 0.0335397
 4297.08869 1.6304117 0.0323960
 4301.38476 1.6006550 0.0323801
 4305.69508 1.5843046 0.0320001
 4309.99116 1.5680900 0.0317785
 4314.30148 1.5376027 0.0313832
 4318.62603 1.5289654 0.0316517
 4322.93600 1.4998301 0.0320301
 4327.26056 1.4674702 0.0346379
 4331.58512 1.4536076 0.0359824
 4335.92391 1.4162720 0.0363696
 4340.26271 1.3939544 0.0358917
 4344.60116 1.3644638 0.0359456
 4348.93995 1.3458055 0.0365156
 4353.29299 1.3287297 0.0376760
 4357.64602 1.3150144 0.0392878
 4361.99906 1.3061841 0.0360693
 4366.36598 1.2851391 0.0338819
 4370.73326 1.2651734 0.0337901
 4375.10053 1.2408214 0.0343616
 4379.48170 1.2099983 0.0322056
 4383.86321 1.1777461 0.0310226
 4388.24472 1.1677777 0.0307981
 4392.62589 1.1590714 0.0311154
 4397.02164 1.1423554 0.0323546
 4401.41740 1.1450247 0.0344911
 4405.82704 1.1663251 0.0342748
 4410.22279 1.1663983 0.0335967
 4414.63278 1.1709307 0.0337209
 4419.05667 1.1755242 0.0334493
 4423.48090 1.1861080 0.0329375
 4427.89054 1.1823369 0.0322393
 4432.32901 1.1888918 0.0324241
 4436.75290 1.2079598 0.0318172
 4441.19137 1.2378947 0.0305361
 4445.62949 1.2403336 0.0311066
 4450.08220 1.2483100 0.0299479
 4454.53456 1.2610513 0.0293192
 4458.98727 1.2496018 0.0292392
 4463.43963 1.2399561 0.0295383
 4467.90658 1.2356807 0.0282800
 4472.37318 1.2208312 0.0277519
 4476.85437 1.2185575 0.0271469
 4481.32097 1.2051256 0.0265109
 4485.80181 1.1911439 0.0266196
 4490.29724 1.1832424 0.0263523
 4494.77808 1.1775185 0.0251374
 4499.27351 1.1698660 0.0251014
 4503.78283 1.1717174 0.0248196
 4508.27791 1.1583349 0.0241206
 4512.78758 1.1623220 0.0238273
 4517.31113 1.1523061 0.0248489
 4521.82045 1.1555841 0.0250815
 4526.34401 1.1609957 0.0247043
 4530.86792 1.1642649 0.0248509
 4535.40571 1.1664696 0.0253905
 4539.94351 1.1774237 0.0260321
 4544.48131 1.1665279 0.0276531
 4549.01945 1.1864227 0.0276968
 4553.57149 1.1828097 0.0274129
 4558.12353 1.1815048 0.0274047
 4562.68980 1.1907227 0.0273268
 4567.24184 1.1665988 0.0268378
 4571.80846 1.1547749 0.0272455
 4576.38898 1.1608002 0.0269212
 4580.95525 1.1373782 0.0257009
 4585.55001 1.1310475 0.0257777
 4590.13052 1.1207840 0.0265174
 4594.72528 1.1124974 0.0253349
 4599.32003 1.1075225 0.0246920
 4603.91479 1.0860207 0.0259637
 4608.52378 1.0746820 0.0261066
 4613.13278 1.0847588 0.0259324
 4617.74177 1.0771137 0.0265313
 4622.36500 1.0713331 0.0272886
 4626.98823 1.0720038 0.0283684
 4631.61147 1.0588971 0.0304690
 4636.23470 1.0550199 0.0290325
 4640.87217 1.0585055 0.0285576
 4645.52388 1.0784045 0.0285341
 4650.16136 1.0838467 0.0282065
 4654.81307 1.0701855 0.0274549
 4659.46478 1.0687362 0.0278529
 4664.13073 1.0620658 0.0260453
 4668.79668 1.0533752 0.0252701
 4673.46263 1.0556192 0.0255702
 4678.14282 1.0699507 0.0253980
 4682.80842 1.0604156 0.0246651
 4687.50285 1.0746511 0.0242506
 4692.18304 1.0827156 0.0248176
 4696.87747 1.0772965 0.0256606
 4701.57190 1.0864310 0.0251942
 4706.28022 1.0963944 0.0252883
 4710.98889 1.0962107 0.0249834
 4715.69756 1.0902686 0.0238486
 4720.40623 1.0941932 0.0229262
 4725.12879 1.1118582 0.0223307
 4729.85169 1.1152335 0.0217033
 4734.58884 1.1269196 0.0213935
 4739.32599 1.1314009 0.0219435
 4744.06279 1.1375732 0.0211835
 4748.79993 1.1445984 0.0210622
 4753.55132 1.1509447 0.0213782
 4758.30236 1.1655213 0.0223129
 4763.06798 1.1789858 0.0229817
 4767.83326 1.1904033 0.0225559
 4772.59889 1.1995021 0.0230565
 4777.36451 1.2313552 0.0236024
 4782.14403 1.2439280 0.0247225
 4786.92389 1.2621814 0.0247961
 4791.71765 1.2862841 0.0250167
 4796.51175 1.3162923 0.0256939
 4801.30551 1.3141299 0.0264634
 4806.11385 1.3300693 0.0270535
 4810.92185 1.3398085 0.0277477
 4815.73019 1.3568054 0.0284216
 4820.53819 1.3624625 0.0283068
 4825.36077 1.3770612 0.0280082
 4830.18300 1.3990519 0.0271291
 4835.01948 1.4029227 0.0266764
 4839.85630 1.4068451 0.0264563
 4844.69277 1.4175471 0.0266117
 4849.54383 1.4155318 0.0257301
 4854.38031 1.4229026 0.0247305
 4859.24526 1.4337329 0.0245096
 4864.09632 1.4521894 0.0244488
 4868.96127 1.4863594 0.0251495
 4873.84046 1.4970695 0.0250942
 4878.70576 1.4959455 0.0245147
 4883.58495 1.5122771 0.0245928
 4888.46415 1.5480771 0.0241318
 4893.35758 1.5528522 0.0234530
 4898.25135 1.5734572 0.0238244
 4903.15902 1.5952733 0.0230520
 4908.05246 1.6235977 0.0227215
 4912.96013 1.6438897 0.0225740
 4917.88204 1.6530969 0.0226844
 4922.79005 1.6764286 0.0228357
 4927.71196 1.6715338 0.0231332
 4932.64811 1.6806902 0.0234767
 4937.58426 1.6912682 0.0248060
 4942.52041 1.6815177 0.0247612
 4947.45656 1.6950041 0.0245792
 4952.40694 1.7155695 0.0242822
 4957.35733 1.7367666 0.0239564
 4962.32231 1.7356570 0.0234800
 4967.28693 1.7291402 0.0230222
 4972.25156 1.7283084 0.0232569
 4977.21619 1.7621609 0.0226915
 4982.19505 1.7653587 0.0219187
 4987.17392 1.7651527 0.0217867
 4992.16702 1.7698777 0.0223612
 4997.16013 1.7738919 0.0220561
 5002.15324 1.7783210 0.0221869
 5007.16023 1.7748613 0.0222650
 5012.16758 1.7647947 0.0230686
 5017.17492 1.7668937 0.0233017
 5022.19651 1.7417589 0.0230474
 5027.21809 1.7404652 0.0231018
 5032.25391 1.7344426 0.0232995
 5037.27550 1.7229391 0.0234026
 5042.31132 1.7224622 0.0241445
 5047.36103 1.7231171 0.0234929
 5052.41110 1.7205085 0.0233584
 5057.46116 1.6990047 0.0239339
 5062.51122 1.7052662 0.0239951
 5067.57552 1.7273853 0.0246911
 5072.63948 1.7263052 0.0240835
 5077.71802 1.7222351 0.0238459
 5082.79656 1.7384480 0.0238509
 5087.88899 1.7181371 0.0237730
 5092.96753 1.7287135 0.0235657
 5098.06031 1.7251108 0.0232927
 5103.16698 1.7214581 0.0231603
 5108.25976 1.7240454 0.0231923
 5113.36678 1.7286959 0.0221890
 5118.48769 1.7360635 0.0213891
 5123.60895 1.7330959 0.0210006
 5128.73021 1.7252249 0.0210572
 5133.86536 1.7225749 0.0211655
 5138.98662 1.7188247 0.0214966
 5144.13601 1.7070225 0.0212144
 5149.27151 1.7042191 0.0218997
 5154.42090 1.6862924 0.0227316
 5159.58487 1.6898018 0.0228693
 5164.73426 1.6825914 0.0232516
 5169.89824 1.6674269 0.0240971
 5175.07611 1.6745663 0.0249010
 5180.25432 1.6767678 0.0257156
 5185.43219 1.6537341 0.0270324
 5190.62464 1.6634541 0.0285047
 5195.80251 1.6706620 0.0281837
 5201.00886 1.6676936 0.0273927
 5206.20131 1.6815695 0.0275644
 5211.40766 1.6866227 0.0267958
 5216.62825 1.6961119 0.0268192
 5221.83494 1.6951883 0.0274101
 5227.06976 1.6962893 0.0269466
 5232.29035 1.7127326 0.0263209
 5237.52552 1.7247694 0.0264271
 5242.76035 1.7085693 0.0283603
 5248.00941 1.7154897 0.0323525
 5253.24424 1.7127235 0.0339192
 5258.50789 1.7124420 0.0289341
 5263.75695 1.7076569 0.0288766
 5269.03449 1.6958324 0.0291225
 5274.29780 1.7342885 0.0286740
 5279.57534 1.7567332 0.0280549
 5284.85323 1.7632684 0.0279512
 5290.13077 1.8009686 0.0305198
 5295.42255 1.8179191 0.0269240
 5300.72858 1.8299375 0.0259281
 5306.02036 1.8353132 0.0255003
 5311.32638 1.8356918 0.0242829
 5316.64664 1.8477442 0.0234470
 5321.95266 1.8541467 0.0223028
 5327.28716 1.8697512 0.0210541
 5332.60742 1.8798788 0.0204433
 5337.94192 1.8823649 0.0203699
 5343.27642 1.8809768 0.0210877
 5348.62516 1.8816297 0.0205388
 5353.97390 1.8830841 0.0204950
 5359.32263 1.8766161 0.0211996
 5364.68561 1.8648533 0.0213360
 5370.04859 1.8488575 0.0217431
 5375.42581 1.8629234 0.0221842
 5380.78879 1.8602636 0.0229053
 5386.18024 1.8422905 0.0235627
 5391.55746 1.8329688 0.0240167
 5396.94857 1.8043089 0.0243633
 5402.35426 1.7910105 0.0239127
 5407.75996 1.7646741 0.0229930
 5413.16566 1.7499317 0.0226564
 5418.57135 1.7411520 0.0220414
 5423.99094 1.7261425 0.0209349
 5429.42511 1.7210104 0.0203331
 5434.84505 1.7099425 0.0204655
 5440.27922 1.7049617 0.0207850
 5445.72729 1.7025186 0.0205540
 5451.17570 1.6878690 0.0200720
 5456.62411 1.6864994 0.0201962
 5462.07218 1.6729289 0.0208109
 5467.53483 1.6751496 0.0202371
 5473.01172 1.6647421 0.0199539
 5478.48827 1.6652806 0.0195385
 5483.96516 1.6565255 0.0194019
 5489.44171 1.6482590 0.0190840
 5494.93284 1.6327261 0.0186341
 5500.42362 1.6191889 0.0183759
 5505.92899 1.6135005 0.0182140
 5511.43401 1.6114694 0.0181598
 5516.95362 1.6063579 0.0184813
 5522.45865 1.5992517 0.0185585
 5527.99249 1.5891113 0.0182222
 5533.51176 1.5827497 0.0185194
 5539.04560 1.5809989 0.0186926
 5544.59334 1.5734000 0.0187318
 5550.14143 1.5571072 0.0190094
 5555.68917 1.5473891 0.0193101
 5561.23691 1.5507179 0.0197756
 5566.79924 1.5479354 0.0203960
 5572.37546 1.5412484 0.0206060
 5577.93744 1.5286309 0.0208586
 5583.52825 1.5232503 0.0210459
 5589.10446 1.5250330 0.0209480
 5594.69492 1.5260165 0.0207739
 5600.28573 1.5195504 0.0205816
 5605.89043 1.5246037 0.0201114
 5611.49512 1.5332241 0.0200878
 5617.11406 1.5464044 0.0200869
 5622.71910 1.5461417 0.0204952
 5628.35228 1.5381815 0.0204290
 5633.97122 1.5379788 0.0206823
 5639.60439 1.5428948 0.0214495
 5645.25181 1.5459014 0.0223239
 5650.89922 1.5363736 0.0217803
 5656.54664 1.5443377 0.0222501
 5662.20864 1.5458440 0.0222971
 5667.87029 1.5319808 0.0220299
 5673.53195 1.5328366 0.0228145
 5679.20784 1.5206140 0.0224327
 5684.88374 1.5253106 0.0224030
 5690.57387 1.5305800 0.0217496
 5696.26400 1.5492190 0.0219246
 5701.95413 1.5571507 0.0223601
 5707.65851 1.5558443 0.0231908
 5713.36288 1.5508388 0.0239598
 5719.08149 1.5341161 0.0219885
 5724.80010 1.5440531 0.0218222
 5730.53260 1.5416508 0.0223365
 5736.25122 1.5407766 0.0218514
 5741.99830 1.5420499 0.0219362
 5747.74539 1.5450989 0.0227592
 5753.49248 1.5476702 0.0240024
 5759.23957 1.5370631 0.0231496
 5765.00056 1.5348064 0.0232838
 5770.76188 1.5200822 0.0235338
 5776.53745 1.5061945 0.0233375
 5782.31302 1.4903034 0.0239546
 5788.08859 1.4704072 0.0236903
 5793.87805 1.4695748 0.0240450
 5799.68210 1.4506885 0.0231234
 5805.47190 1.4377322 0.0224418
 5811.28984 1.4214768 0.0227443
 5817.09389 1.3883564 0.0238744
 5822.91217 1.3904372 0.0229124
 5828.73046 1.3901314 0.0222194
 5834.56229 1.4043941 0.0218400
 5840.39482 1.3950959 0.0215216
 5846.24193 1.4026961 0.0210054
 5852.08834 1.4125332 0.0208662
 5857.93476 1.4304506 0.0219164
 5863.79576 1.4136159 0.0206689
 5869.65677 1.4058253 0.0200720
 5875.53166 1.4058880 0.0194091
 5881.40656 1.3933821 0.0191664
 5887.28145 1.3769180 0.0187906
 5893.17094 1.3553647 0.0187380
 5899.07431 1.3395905 0.0189305
 5904.96379 1.3165513 0.0197872
 5910.88175 1.2967257 0.0194625
 5916.78513 1.2808270 0.0196056
 5922.70309 1.2682461 0.0198993
 5928.62035 1.2507727 0.0203473
 5934.55220 1.2460792 0.0208923
 5940.48475 1.2397565 0.0208640
 5946.43050 1.2383118 0.0203226
 5952.37693 1.2216184 0.0200753
 5958.33727 1.2200561 0.0205884
 5964.28370 1.2086014 0.0202295
 5970.25793 1.2055465 0.0208704
 5976.21826 1.1979012 0.0217509
 5982.19317 1.2131735 0.0201483
 5988.18198 1.2120029 0.0208799
 5994.17079 1.2052673 0.0223934
 6000.15960 1.2070678 0.0221384
 6006.16300 1.2182453 0.0220569
 6012.16570 1.2219526 0.0228364
 6018.18299 1.2175956 0.0233665
 6024.20027 1.2117928 0.0245693
 6030.23215 1.2162044 0.0248380
 6036.26333 1.2181771 0.0254034
 6042.29520 1.2178380 0.0256661
 6048.34097 1.2293768 0.0251772
 6054.38673 1.2446198 0.0240602
 6060.44639 1.2619345 0.0230974
 6066.50675 1.2690994 0.0223986
 6072.56640 1.2717080 0.0225512
 6078.64065 1.2822464 0.0214762
 6084.71489 1.3052216 0.0215983
 6090.80372 1.3285086 0.0203581
 6096.89186 1.3433872 0.0191640
 6102.99458 1.3463064 0.0189325
 6109.09731 1.3609401 0.0188120
 6115.20003 1.3664273 0.0183378
 6121.31664 1.3728853 0.0179092
 6127.44785 1.3763031 0.0177484
 6133.56515 1.3838559 0.0176117
 6139.71025 1.3855157 0.0178633
 6145.84145 1.4081277 0.0179853
 6151.98654 1.4000233 0.0183632
 6158.14622 1.4091969 0.0185242
 6164.30590 1.4232820 0.0183962
 6170.46558 1.4462055 0.0183594
 6176.63915 1.4627438 0.0182662
 6182.81273 1.4813266 0.0182519
 6189.00088 1.4929425 0.0182446
 6195.18904 1.5170314 0.0186992
 6201.37720 1.5427405 0.0183542
 6207.57925 1.5791516 0.0182325
 6213.79589 1.6027530 0.0182098
 6219.99794 1.6168101 0.0185493
 6226.22847 1.6417056 0.0186555
 6232.44510 1.6627269 0.0188297
 6238.67563 1.6803178 0.0193069
 6244.92075 1.7026370 0.0203767
 6251.16586 1.7244450 0.0197204
 6257.42487 1.7367691 0.0198595
 6263.66999 1.7541825 0.0206379
 6269.94288 1.7319903 0.0209133
 6276.21648 1.7406822 0.0213339
 6282.49007 1.7512563 0.0216448
 6288.76297 1.7583011 0.0227529
 6295.06504 1.7531443 0.0226262
 6301.35253 1.7610654 0.0227879
 6307.65460 1.7636877 0.0231335
 6313.97057 1.7680742 0.0237304
 6320.27264 1.7620949 0.0228146
 6326.60249 1.7737405 0.0225652
 6332.91846 1.7627989 0.0226233
 6339.26290 1.7423573 0.0222761
 6345.59345 1.7351226 0.0222485
 6351.95248 1.7177204 0.0222489
 6358.29692 1.7062321 0.0240076
 6364.65526 1.6979108 0.0233932
 6371.02818 1.6939656 0.0228799
 6377.38721 1.6766604 0.0230193
 6383.77402 1.6491501 0.0237117
 6390.14694 1.6186764 0.0235408
 6396.54834 1.6032405 0.0233369
 6402.93585 1.5923946 0.0235208
 6409.33725 1.5703315 0.0242277
 6415.75254 1.5574346 0.0234466
 6422.16852 1.5539346 0.0234350
 6428.59840 1.5469639 0.0236582
 6435.01369 1.5310873 0.0240254
 6441.45816 1.5258116 0.0245249
 6447.90193 1.5160004 0.0256022
 6454.34639 1.4844968 0.0262941
 6460.80405 1.4714128 0.0259294
 6467.26241 1.4504663 0.0266268
 6473.73535 1.4326355 0.0275860
 6480.20760 1.4402007 0.0283827
 6486.68054 1.4327809 0.0292325
 6493.16668 1.4255602 0.0300474
 6499.66810 1.4009823 0.0303687
 6506.16883 1.3667949 0.0307094
 6512.67025 1.3437935 0.0308294
 6519.18487 1.3283004 0.0308718
 6525.70018 1.3428594 0.0303173
 6532.23008 1.3411466 0.0295428
 6538.75929 1.3372325 0.0287535
 6545.30308 1.3337998 0.0280683
 6551.84618 1.3329530 0.0276732
 6558.40456 1.3353508 0.0273763
 6564.96224 1.3354118 0.0273866
 6571.51992 1.3209484 0.0280080
 6578.09219 1.3128554 0.0273453
 6584.67836 1.3203685 0.0273971
 6591.26521 1.3091530 0.0276546
 6597.85137 1.2846144 0.0273737
 6604.45212 1.2531904 0.0275230
 6611.05218 1.2377928 0.0276522
 6617.66682 1.2151695 0.0277840
 6624.28215 1.2061938 0.0281257
 6630.91068 1.2112546 0.0284366
 6637.53991 1.2196800 0.0289871
 6644.18303 1.2246397 0.0293009
 6650.81226 1.2463642 0.0293180
 6657.46927 1.2506191 0.0292624
 6664.12697 1.2502183 0.0292240
 6670.79857 1.2574508 0.0290776
 6677.47017 1.2567033 0.0288913
 6684.14177 1.2460420 0.0288122
 6690.82795 1.2352084 0.0287406
 6697.51413 1.2304559 0.0286610
 6704.21421 1.2292633 0.0288878
 6710.91428 1.2273242 0.0291914
 6717.62825 1.1901883 0.0297001
 6724.35681 1.1697981 0.0295845
 6731.07147 1.1401528 0.0300820
 6737.80002 1.1322014 0.0301934
 6744.54316 1.1126451 0.0303204
 6751.28561 1.0943170 0.0305887
 6758.04264 1.0797731 0.0305848
 6764.79968 1.0600835 0.0307459
 6771.57129 1.0471435 0.0305951
 6778.32833 1.0477954 0.0303818
 6785.11384 1.0273151 0.0301603
 6791.89866 1.0156893 0.0301394
 6798.69875 1.0011839 0.0298904
 6805.49816 0.9952213 0.0294942
 6812.29825 0.9893835 0.0290221
 6819.11224 0.9862003 0.0286667
 6825.92623 0.9863016 0.0283419
 6832.75411 0.9892055 0.0283403
 6839.58200 0.9919116 0.0282752
 6846.42446 0.9971479 0.0282630
 6853.28152 0.9969324 0.0282266
 6860.13788 0.9897492 0.0282312
 6866.99424 0.9844791 0.0282645
 6873.85129 0.9750203 0.0283441
 6880.73613 0.9567931 0.0284130
 6887.60708 0.9531119 0.0284355
 6894.49192 0.9469159 0.0282265
 6901.39134 0.9510232 0.0281618
 6908.29077 0.9472884 0.0280581
 6915.20408 0.9336798 0.0281189
 6922.11740 0.9335337 0.0279780
 6929.04530 0.9358439 0.0277012
 6935.97321 0.9357829 0.0276111
 6942.90111 0.9298940 0.0275700
 6949.85680 0.9319707 0.0276144
 6956.79929 0.9384791 0.0278974
 6963.75497 0.9481313 0.0281964
 6970.72594 0.9600727 0.0277510
 6977.69622 0.9696355 0.0278370
 6984.66649 0.9758840 0.0281305
 6991.66524 0.9823319 0.0287018
 6998.65010 0.9912049 0.0293875
 7005.64886 0.9984056 0.0297780
 7012.66219 0.9979954 0.0303794
 7019.66095 1.0131446 0.0308083
 7026.68818 1.0226653 0.0310196
 7033.71541 1.0419248 0.0309490
 7040.74264 1.0391966 0.0306112
 7047.78446 1.0351390 0.0300863
 7054.84016 1.0406811 0.0292853
 7061.89587 1.0440654 0.0289103
 7068.95158 1.0532905 0.0282715
 7076.02188 1.0694162 0.0277702
 7083.10607 1.0850562 0.0275808
 7090.19025 1.1016482 0.0278519
 7097.27444 1.1179911 0.0278309
 7104.37252 1.1318789 0.0273662
 7111.47129 1.1500287 0.0270153
 7118.58396 1.1726655 0.0269169
 7125.71052 1.1881905 0.0268579
 7132.83777 1.2101059 0.0268079
 7139.96433 1.2188227 0.0267626
 7147.10547 1.2295183 0.0267124
 7154.24662 1.2363250 0.0266518
 7161.40165 1.2527190 0.0265921
 7168.57128 1.2638060 0.0265338
 7175.74090 1.2643795 0.0264694
 7182.92511 1.2717361 0.0264015
 7190.09473 1.2831455 0.0263328
 7197.29283 1.2871513 0.0260998
 7204.49024 1.2970855 0.0260249
 7211.68834 1.3036135 0.0259563
 7218.90103 1.3116959 0.0258979
 7226.12691 1.3256079 0.0258085
 7233.35349 1.3367263 0.0256911
 7240.58007 1.3502982 0.0256057
 7247.82055 1.3586909 0.0255686
 7255.07560 1.3691895 0.0255660
 7262.33066 1.3675984 0.0255794
 7269.58572 1.3685423 0.0256001
 7276.85467 1.3700577 0.0256173
 7284.13821 1.3704180 0.0254378
 7291.42174 1.3657562 0.0253944
 7298.71917 1.3734263 0.0253417
 7306.01660 1.3697344 0.0252786
 7313.31403 1.3749275 0.0252001
 7320.64063 1.3829290 0.0251068
 7327.95195 1.3807746 0.0250029
 7335.27855 1.3731641 0.0249058
 7342.61835 1.3759691 0.0248174
 7349.95885 1.3781959 0.0247571
 7357.31323 1.3846058 0.0247289
 7364.66762 1.3883002 0.0246968
 7372.03659 1.3892508 0.0244868
 7379.40487 1.3925014 0.0244297
 7386.78843 1.3890847 0.0244030
 7394.17129 1.3936169 0.0244056
 7401.56805 1.3830419 0.0244154
 7408.96550 1.3776424 0.0244360
 7416.37684 1.3778950 0.0244994
 7423.80277 1.3761816 0.0245132
 7431.21411 1.3734138 0.0243598
 7438.65393 1.3742808 0.0246143
 7446.09375 1.3691489 0.0246868
 7453.53357 1.3687513 0.0246107
 7460.98728 1.3587708 0.0246228
 7468.45558 1.3472810 0.0247347
 7475.92388 1.3382665 0.0251003
 7483.39218 1.3323450 0.0251995
 7490.87507 1.3199261 0.0251245
 7498.37185 1.3113846 0.0253012
 7505.86862 1.3102623 0.0255644
 7513.37929 1.3141369 0.0258413
 7520.89066 1.3097721 0.0262165
 7528.41522 1.3096431 0.0260537
 7535.94048 1.3076086 0.0259850
 7543.48032 1.3036382 0.0258288
 7551.01947 1.3031979 0.0255769
 7558.57320 1.3081053 0.0253326
 7566.12694 1.3136734 0.0248865
 7573.69456 1.3171712 0.0246071
 7581.27678 1.3213001 0.0244150
 7588.85899 1.3153841 0.0243487
 7596.44120 1.3091383 0.0238844
 7604.03731 1.3041487 0.0237017
 7611.64800 1.3006697 0.0236723
 7619.25869 1.2973037 0.0238963
 7626.88327 1.2948982 0.0238189
 7634.49396 1.2876095 0.0235418
 7642.13313 1.2846340 0.0235243
 7649.78620 1.2812103 0.0235144
 7657.42537 1.2699339 0.0233976
 7665.09232 1.2607433 0.0234219
 7672.74608 1.2533011 0.0233730
 7680.42762 1.2423629 0.0234875
 7688.10916 1.2348059 0.0233240
 7695.79070 1.2246071 0.0232893
 7703.48683 1.2196746 0.0232667
 7711.19684 1.2124540 0.0232523
 7718.90686 1.2069075 0.0232170
 7726.63147 1.1978198 0.0231668
 7734.35538 1.1905786 0.0231033
 7742.09457 1.1856316 0.0228865
 7749.83307 1.1864998 0.0229277
 7757.58546 1.1932231 0.0228279
 7765.33854 1.1920130 0.0225659
 7773.10552 1.1931508 0.0224541
 7780.87249 1.1954790 0.0223368
 7788.65405 1.1925191 0.0223414
 7796.44951 1.1876701 0.0220775
 7804.24496 1.1874243 0.0219578
 7812.05431 1.1878936 0.0217108
 7819.86435 1.1865598 0.0217291
 7827.68828 1.1851428 0.0216481
 7835.51221 1.1821018 0.0214435
 7843.35004 1.1713908 0.0214926
 7851.18856 1.1634372 0.0214461
 7859.04097 1.1504194 0.0213052
 7866.89338 1.1458035 0.0213058
 7874.75968 1.1338677 0.0214334
 7882.64057 1.1249272 0.0213393
 7890.52146 1.1175535 0.0213803
 7898.41624 1.1140412 0.0214428
 7906.31172 1.1107756 0.0215014
 7914.22109 1.0952857 0.0215489
 7922.14435 1.0965521 0.0214908
 7930.05372 1.0920933 0.0216879
 7937.99156 1.0848945 0.0217664
 7945.92871 1.0828381 0.0217095
 7953.88115 1.0855387 0.0218849
 7961.83289 1.0846353 0.0217918
 7969.78462 1.0807455 0.0218153
 7977.76553 1.0829796 0.0218417
 7985.74575 1.0835959 0.0218431
 7993.72597 1.0800128 0.0219589
 8001.72077 1.0817925 0.0218068
 8009.71557 1.0826806 0.0217765
 8017.72427 1.0834955 0.0217336
 8025.74755 1.0803488 0.0216811
 8033.77014 1.0744760 0.0214897
 8041.80801 1.0691592 0.0215320
 8049.85907 1.0681055 0.0213148
 8057.89694 1.0613989 0.0212222
 8065.96259 1.0499749 0.0210969
 8074.02825 1.0480418 0.0212060
 8082.09390 1.0365020 0.0211348
 8090.18803 1.0245078 0.0207804
 8098.26827 1.0195534 0.0205784
 8106.37629 1.0185040 0.0207593
 8114.48501 1.0067042 0.0209243
 8122.59372 0.9928052 0.0212465
 8130.71633 0.9918001 0.0212059
 8138.85283 0.9883381 0.0215689
 8146.99003 0.9773000 0.0216961
 8155.14112 0.9751348 0.0219360
 8163.29220 0.9697190 0.0222193
 8171.45718 0.9584798 0.0224207
 8179.62286 0.9591003 0.0226425
 8187.80242 0.9530945 0.0227520
 8195.99588 0.9473445 0.0228245
 8204.19003 0.9496801 0.0228261
 8212.39808 0.9478197 0.0228133
 8220.60612 0.9412577 0.0228075
 8228.82806 0.9307206 0.0229803
 8237.05069 0.9257069 0.0226399
 8245.30110 0.9259692 0.0223259
 8253.53763 0.9224351 0.0220603
 8261.80263 0.9224567 0.0219498
 8270.05304 0.9185308 0.0219890
 8278.33263 0.9116730 0.0219941
 8286.61152 0.9107594 0.0218277
 8294.89042 0.9191823 0.0217189
 8303.18390 0.9215935 0.0218683
 8311.49196 0.9214305 0.0217544
 8319.79933 0.9276648 0.0218588
 8328.12129 0.9329775 0.0218452
 8336.45714 0.9391375 0.0216918
 8344.79299 0.9396352 0.0217596
 8353.12884 0.9413549 0.0215697
 8361.49387 0.9390208 0.0214840
 8369.84361 0.9329779 0.0213962
 8378.22252 0.9225014 0.0212603
 8386.60144 0.9088204 0.0211463
 8394.98035 0.8973008 0.0210103
 8403.38705 0.8835181 0.0207721
 8411.78055 0.8654512 0.0207541
 8420.20184 0.8525468 0.0206308
 8428.62312 0.8347547 0.0204021
 8437.04441 0.8169332 0.0204002
 8445.48028 0.8036418 0.0201867
 8453.93004 0.7929850 0.0200737
 8462.37981 0.7817017 0.0200977
 8470.84346 0.7712457 0.0199608
 8479.32240 0.7660813 0.0199251
 8487.80064 0.7576860 0.0199146
 8496.27889 0.7548081 0.0199028
 8504.78561 0.7550819 0.0199237
 8513.29233 0.7501562 0.0198837
 8521.79905 0.7513483 0.0200633
 8530.31966 0.7530921 0.0201064
 8538.85486 0.7540485 0.0203216
 8547.39006 0.7530414 0.0205815
 8555.93985 0.7606849 0.0207900
 8564.50352 0.7662358 0.0209791
 8573.06720 0.7654912 0.0211467
 8581.64477 0.7659524 0.0212788
 8590.22303 0.7618755 0.0214470
 8598.81519 0.7639546 0.0216480
 8607.40665 0.7634252 0.0216176
 8616.01339 0.7610722 0.0217204
 8624.63403 0.7636249 0.0219374
 8633.25466 0.7599175 0.0219660
 8641.88919 0.7532142 0.0221431
 8650.53830 0.7544980 0.0222486
 8659.18742 0.7644744 0.0223131
 8667.85042 0.7671939 0.0223182
 8676.51343 0.7732837 0.0223056
 8685.19102 0.7797625 0.0221294
 8693.86861 0.7908893 0.0218883
 8702.57468 0.7937015 0.0218929
 8711.28005 0.8030857 0.0217953
 8719.98612 0.8195181 0.0215145
 8728.70609 0.8210893 0.0213021
 8737.44063 0.8233950 0.0210763
 8746.17518 0.8266503 0.0208663
 8754.92362 0.8325309 0.0206830
 8763.67206 0.8403464 0.0205070
 8772.43509 0.8407230 0.0202658
 8781.21201 0.8415325 0.0200888
 8789.98893 0.8459638 0.0198396
 8798.78043 0.8499414 0.0196977
 8807.58583 0.8519915 0.0195856
 8816.39123 0.8599681 0.0196081
 8825.21121 0.8634551 0.0195468
 8834.03050 0.8690264 0.0194310
 8842.86437 0.8720359 0.0194479
 8851.71284 0.8710134 0.0194233
 8860.56130 0.8739962 0.0194832
 8869.42365 0.8721257 0.0195808
 8878.29990 0.8727347 0.0196061
 8887.16225 0.8749107 0.0197271
 8896.05309 0.8752068 0.0199698
 8904.95850 0.8748735 0.0201346
 8913.86323 0.8715929 0.0203126
 8922.78254 0.8656346 0.0203601
 8931.70185 0.8636750 0.0205529
 8940.63505 0.8597532 0.0207566
 8949.56895 0.8594993 0.0209733
 8958.51674 0.8524976 0.0211548
 8967.47842 0.8501419 0.0213471
 8976.45469 0.8410910 0.0217791
 8985.43096 0.8359526 0.0221078
 8994.40723 0.8330392 0.0222947
 9003.41197 0.8257664 0.0222028
 9012.41672 0.8147600 0.0226171
 9021.42077 0.8129508 0.0232236
 9030.44010 0.8100280 0.0241366
 9039.47333 0.8117052 0.0253967
 9048.52044 0.8129954 0.0269911
 9057.56756 0.8241658 0.0288526
 9066.61468 0.8369091 0.0304124
 9075.69097 0.8380560 0.0320290
 9084.76656 0.8397266 0.0332605
 9093.85674 0.8506246 0.0337890
 9102.94623 0.8576652 0.0333749
 9112.05030 0.8639219 0.0323003
 9121.16896 0.8764681 0.0306402
 9130.27304 0.8666551 0.0286691
 9139.40628 0.8603359 0.0268449
 9148.55273 0.8454867 0.0253912
 9157.69987 0.8459803 0.0244145
 9166.86090 0.8392162 0.0234344
 9176.02193 0.8336908 0.0226257
 9185.21144 0.8314776 0.0223211
 9194.38705 0.8334232 0.0220439
 9203.57656 0.8336953 0.0217890
 9212.79455 0.8338519 0.0216172
 9221.99795 0.8371369 0.0213156
 9231.21594 0.8436942 0.0211974
 9240.44851 0.8515002 0.0211438
 9249.69498 0.8492280 0.0210860
 9258.94144 0.8525677 0.0210651
 9268.20180 0.8633753 0.0211175
 9277.47675 0.8722765 0.0212113
 9286.75169 0.8776459 0.0213185
 9296.04122 0.8846091 0.0213987
 9305.33006 0.8776443 0.0213507
 9314.63348 0.8719865 0.0214630
 9323.95149 0.8720155 0.0216408
 9333.28270 0.8664933 0.0218609
 9342.61460 0.8586689 0.0220345
 9351.96108 0.8601347 0.0222744
 9361.30688 0.8557302 0.0224667
 9370.66726 0.8510447 0.0225658
 9380.04153 0.8430688 0.0227621
 9389.43039 0.8400260 0.0230074
 9398.81924 0.8364999 0.0231483
 9408.20810 0.8293952 0.0234642
 9417.62474 0.8282218 0.0234560
 9427.04208 0.8214844 0.0234841
 9436.47331 0.8267543 0.0234768
 9445.90523 0.8330251 0.0235683
 9455.35035 0.8310999 0.0235494
 9464.81075 0.8266836 0.0234290
 9474.27046 0.8242971 0.0233921
 9483.74406 0.8192463 0.0234019
 9493.23294 0.8180951 0.0234346
 9502.72113 0.8180530 0.0232411
 9512.22320 0.8105467 0.0231698
 9521.73987 0.8100243 0.0231299
 9531.25722 0.8077970 0.0231082
 9540.78778 0.7967827 0.0228117
 9550.33292 0.7858484 0.0226390
 9559.87806 0.7738027 0.0225551
 9569.45169 0.7664118 0.0223821
 9579.01141 0.7521454 0.0220930
 9588.59893 0.7436195 0.0219311
 9598.18713 0.7400896 0.0217733
 9607.78923 0.7390105 0.0216881
 9617.39133 0.7314640 0.0214680
 9627.00732 0.7237028 0.0213913
 9636.63790 0.7181457 0.0212623
 9646.26848 0.7123517 0.0211160
 9655.92753 0.7164245 0.0211991
 9665.57270 0.7144296 0.0212759
 9675.24565 0.7159984 0.0212390
 9684.91929 0.7123207 0.0213451
 9694.60613 0.7101592 0.0214612
 9704.30825 0.7012379 0.0217111
 9714.00968 0.6940532 0.0219830
 9723.72569 0.6850829 0.0223143
 9733.44170 0.6702828 0.0224721
 9743.17161 0.6661209 0.0228371
 9752.91610 0.6640568 0.0229420
 9762.67448 0.6588921 0.0231065
 9772.43356 0.6591625 0.0233325
 9782.20583 0.6635803 0.0233310
 9791.99339 0.6715139 0.0233568
 9801.78025 0.6645022 0.0233190
 9811.59559 0.6667253 0.0232084
 9821.39704 0.6636693 0.0231224
 9831.22627 0.6582471 0.0230098
 9841.05620 0.6569651 0.0231328
 9850.88613 0.6527287 0.0231877
 9860.74384 0.6509873 0.0234389
 9870.60224 0.6429625 0.0235802
 9880.47454 0.6324735 0.0234123
 9890.36142 0.6256036 0.0234539
 9900.24761 0.6182262 0.0236009
 9910.14839 0.6122860 0.0237665
 9920.06375 0.6038820 0.0236634
 9929.97911 0.6063116 0.0237071
 9939.90836 0.6039780 0.0234481
 9949.85151 0.6035397 0.0233092
 9959.80924 0.6049011 0.0233268
 9969.76698 0.6065562 0.0231358
 9979.72471 0.6039361 0.0229806
 9989.71092 0.6009582 0.0228662
 9999.71102 0.6035772 0.0226878
 10009.69723 0.5929738 0.0226324
 10019.71192 0.5774609 0.0224005
 10029.74120 0.5754537 0.0224272
 10039.75589 0.5787702 0.0223365
 10049.79905 0.5790915 0.0224444
 10059.85611 0.5755026 0.0221717
 10069.91317 0.5727416 0.0219917
 10079.98482 0.5767131 0.0218161
 10090.07036 0.5792550 0.0216817
 10100.15659 0.5868183 0.0215353
 10110.25672 0.5867224 0.0213865
 10120.37073 0.5949793 0.0212449
 10130.48475 0.5995330 0.0209989
 10140.61335 0.5968052 0.0210489
 10150.75585 0.6028500 0.0209794
 10160.91293 0.6057047 0.0209028
 10171.07001 0.6069812 0.0208633
 10181.24098 0.6146036 0.0208204
 10191.42585 0.6201262 0.0209751
 10201.61141 0.6153038 0.0209539
 10211.82545 0.6106052 0.0210521
 10222.03879 0.6114604 0.0210527
 10232.25283 0.6082085 0.0212073
 10242.48076 0.5972856 0.0214370
 10252.73717 0.5889808 0.0214463
 10262.97969 0.5801051 0.0215984
 10273.24999 0.5764043 0.0217495
 10283.52098 0.5723725 0.0219624
 10293.80587 0.5642943 0.0220295
 10304.10534 0.5559281 0.0222669
 10314.40412 0.5508288 0.0222681
 10324.71749 0.5467731 0.0223523
 10335.04544 0.5419793 0.0224935
 10345.38659 0.5479867 0.0224188
 10355.72843 0.5541447 0.0224557
 10366.08486 0.5649269 0.0223959
 10376.45519 0.5705867 0.0223129
 10386.82551 0.5715841 0.0221497
 10397.20972 0.5645596 0.0222458
 10407.60852 0.5554632 0.0223002
 10418.02122 0.5475695 0.0223173
 10428.43461 0.5452786 0.0226141
 10438.86188 0.5415894 0.0227957
 10449.30306 0.5272547 0.0225580
 10459.75881 0.5090511 0.0225223
 10470.21388 0.5004442 0.0224305
 10480.68422 0.4884121 0.0225860
 10491.16846 0.4753780 0.0225542
 10501.66659 0.4714189 0.0224940
 10512.16471 0.4614893 0.0222920
 10522.67743 0.4540379 0.0221373
 10533.18945 0.4569483 0.0220952
 10543.73064 0.4614499 0.0219723
 10554.27184 0.4592866 0.0217873
 10564.82692 0.4615683 0.0216516
 10575.39659 0.4537380 0.0214321
 10585.96557 0.4560964 0.0214124
 10596.54913 0.4562141 0.0212463
 10607.14728 0.4574578 0.0210416
 10617.75933 0.4638675 0.0210981
 10628.38595 0.4737326 0.0212926
 10639.01189 0.4719217 0.0213347
 10649.65241 0.4668306 0.0211330
 10660.29293 0.4653435 0.0211040
 10670.96193 0.4761738 0.0210988
 10681.63093 0.4774747 0.0211806
 10692.31451 0.4818127 0.0211713
 10703.01199 0.4797842 0.0213354
 10713.70947 0.4759680 0.0213570
 10724.42084 0.4738808 0.0214782
 10735.14679 0.4808773 0.0215431
 10745.88664 0.4806907 0.0216370
 10756.62718 0.4755849 0.0215584
 10767.38162 0.4836173 0.0215886
 10778.14994 0.4888585 0.0217116
 10788.93286 0.4929383 0.0218480
 10799.71577 0.4922703 0.0220118
 10810.52716 0.4950856 0.0222278
 10821.33786 0.4947327 0.0226143
 10832.16384 0.4970539 0.0229799
 10842.98912 0.4986091 0.0233288
 10853.82899 0.4977022 0.0233886
 10864.68275 0.4976997 0.0236058
 10875.55110 0.5045600 0.0237297
 10886.43334 0.4992476 0.0238116
 10897.31558 0.4965205 0.0238569
 10908.21241 0.4838710 0.0238059
 10919.12312 0.4792557 0.0237281
 10930.03384 0.4725801 0.0235842
 10940.97304 0.4674487 0.0232830
 10951.91224 0.4623827 0.0230376
 10962.86602 0.4541345 0.0227691
 10973.83370 0.4477237 0.0224724
 10984.80137 0.4431962 0.0222302
 10995.79752 0.4453755 0.0221431
 11006.77979 0.4437887 0.0221069
 11017.78983 0.4360935 0.0220763
 11028.81446 0.4174317 0.0219243
 11039.83910 0.4029994 0.0219370
 11050.87832 0.3887818 0.0220672
 11061.93143 0.3734789 0.0223838
 11072.99843 0.3653942 0.0230065
 11084.06543 0.3578687 0.0238055
 11095.14702 0.3486624 0.0245904
 11106.24320 0.3383015 0.0255432
 11117.35326 0.3248863 0.0266350
 11128.46333 0.3201299 0.0277014
 11139.60118 0.3183058 0.0285659
 11150.73973 0.3218955 0.0290700
 11161.89286 0.3271913 0.0290766
 11173.05919 0.3215712 0.0285810
 11184.22622 0.3214943 0.0279675
 11195.40713 0.3317319 0.0272864
 11206.61722 0.3394699 0.0268523
 11217.81203 0.3323613 0.0268665
 11229.03601 0.3260138 0.0269620
 11240.25999 0.3137100 0.0268102
 11251.51245 0.3002394 0.0274152
 11262.76422 0.2857841 0.0276922
 11274.01668 0.2781717 0.0283987
 11285.29762 0.2846198 0.0292786
 11296.57786 0.2787901 0.0299407
 11307.87269 0.2684962 0.0297634
 11319.18211 0.2631370 0.0294828
 11330.50542 0.2700347 0.0296596
 11341.82873 0.2765921 0.0296296
 11353.18051 0.2842240 0.0296551
 11364.53230 0.2917866 0.0295186
 11375.89867 0.2950292 0.0295227
 11387.27894 0.2905156 0.0292751
 11398.65920 0.2974867 0.0292770
 11410.06795 0.3082052 0.0290444
 11421.47669 0.3123681 0.0292503
 11432.88544 0.3241947 0.0289448
 11444.32196 0.3323311 0.0287760
 11455.77377 0.3338753 0.0282819
 11467.22489 0.3259530 0.0280932
 11478.70518 0.3171721 0.0280326
 11490.17018 0.3113745 0.0276728
 11501.66436 0.3137132 0.0276345
 11513.17313 0.3100741 0.0275421
 11524.68120 0.3063096 0.0273705
 11536.20386 0.2973434 0.0273402
 11547.74041 0.3015847 0.0272875
 11559.29154 0.3088897 0.0273692
 11570.85657 0.3059356 0.0272936
 11582.42160 0.3060018 0.0270932
 11594.00121 0.3051301 0.0271280
 11605.60931 0.3054498 0.0271288
 11617.20281 0.3068025 0.0272010
 11628.82480 0.3041798 0.0271678
 11640.46137 0.3142961 0.0271951
 11652.09725 0.3116043 0.0271790
 11663.74841 0.3169505 0.0270622
 11675.41346 0.3172975 0.0269080
 11687.09240 0.3244158 0.0269076
 11698.78523 0.3187010 0.0267386
 11710.47807 0.3110647 0.0266875
 11722.18618 0.3121819 0.0266597
 11733.90680 0.3091175 0.0266739
 11745.64270 0.2987605 0.0265443
 11757.39388 0.2933047 0.0266239
 11769.14367 0.2821675 0.0266703
 11780.92263 0.2786834 0.0268108
 11792.70021 0.2736056 0.0270642
 11804.49306 0.2700254 0.0271814
 11816.29981 0.2657226 0.0274086
 11828.12184 0.2652625 0.0276377
 11839.94248 0.2683178 0.0280446
 11851.77840 0.2684742 0.0284631
 11863.64210 0.2655933 0.0288299
 11875.49192 0.2602621 0.0290082
 11887.37090 0.2600495 0.0293931
 11899.26239 0.2613133 0.0297088
 11911.16916 0.2634384 0.0302152
 11923.07593 0.2630200 0.0306174
 11934.99659 0.2663098 0.0312489
 11946.93114 0.2647868 0.0317298
 11958.88098 0.2733128 0.0324665
 11970.84471 0.2766562 0.0331408
 11982.80843 0.2622937 0.0338488
 11994.79994 0.2713844 0.0345754
 12006.79145 0.2735428 0.0355705
 12018.79824 0.2672083 0.0365242
 12030.81893 0.2673936 0.0378070
 12042.85350 0.2540424 0.0388140
 12054.90197 0.2502804 0.0402476
 12066.95044 0.2541287 0.0417260
 12079.01419 0.2532870 0.0433304
 12091.09183 0.2465294 0.0446194
 12103.18336 0.2249455 0.0462688
 12115.28878 0.2099960 0.0480080
 12127.40810 0.1977194 0.0503746
 12139.54270 0.1919309 0.0533015
 12151.67729 0.1913629 0.0567371
 12163.82578 0.1910200 0.0611390
 12175.98816 0.1784712 0.0657536
 12188.16444 0.1671691 0.0715672
 12200.35599 0.1544061 0.0790239
 12212.56144 0.1520563 0.0885622
 12224.76688 0.1450453 0.1005814
 12237.00011 0.1374340 0.1148885
 12249.23473 0.1303903 0.1342916
 12261.48185 0.1194633 0.1597174
 12273.74426 0.1058497 0.1908946
