# SOURCE  = 'Quimby et al. 2018' /                                                
# OBJECT  = 'PTF11rks'           /                                                
# Z       =             0.192400 / wavelengths in OBSERVER FRAME                 
# NORM    =          5.54793E-14 / fluxes divided by norm                         
# CLIPPED =                    1 / galaxy emission lines removed                  
# SMOOTHED=                    1 / spectrum has been smoothed                     
# COLUMN01= 'Wavelength (Angstrom)' /                                             
# COLUMN02= 'Flux Density (erg/s/cm2/A)' /                                        
# COLUMN03= 'Flux Density Uncertainty (erg/s/cm2/A)' /                            
# END                                                                             
# 
# 
# 
# 
# 
# 
# 
# 
# 
# 
# Converted to Observer Frame using z=0.193
 2271.01730 0.2298616 0.1862702
 2273.29349 0.1718295 0.1835387
 2275.55527 0.1137441 0.1808046
 2277.83129 0.0555966 0.1780677
 2280.10730 -0.0025775 0.1753294
 2282.39756 -0.0608404 0.1725870
 2284.67375 -0.1191609 0.1698419
 2286.96401 -0.1383427 0.1682046
 2289.25427 -0.1569007 0.1665833
 2291.54453 -0.1754770 0.1649603
 2293.83479 -0.1940716 0.1633358
 2296.12504 -0.2126732 0.1617106
 2298.41530 -0.2313059 0.1600828
 2300.71980 -0.2065703 0.1587701
 2303.02429 -0.1764391 0.1574952
 2305.31455 -0.1462943 0.1562197
 2307.63329 -0.1161041 0.1549423
 2309.93778 -0.0858820 0.1536636
 2312.24228 -0.0556326 0.1523837
 2314.56102 0.0404432 0.1517893
 2316.86551 0.1539519 0.1513742
 2319.18425 0.2675713 0.1509587
 2321.50299 0.3813014 0.1505429
 2323.83596 0.4950826 0.1501268
 2326.15470 0.6090425 0.1497100
 2328.48767 0.5775205 0.1475981
 2330.80641 0.4881722 0.1448123
 2333.13938 0.3986840 0.1420222
 2335.47236 0.3091024 0.1392291
 2337.80533 0.2194342 0.1364333
 2340.15255 0.1296794 0.1336349
 2342.48535 0.0953614 0.1310214
 2344.83257 0.0901452 0.1285020
 2347.17978 0.0849236 0.1259799
 2349.52699 0.0796996 0.1234568
 2351.87421 0.0744676 0.1209297
 2354.22125 0.0692305 0.1184002
 2356.58270 0.0887510 0.1166148
 2358.92992 0.1230046 0.1152725
 2361.29137 0.1573113 0.1139282
 2363.65265 0.1916533 0.1125825
 2366.01411 0.2260281 0.1112355
 2368.38980 0.2604206 0.1098878
 2370.75108 0.2641795 0.1091167
 2373.12677 0.2513707 0.1086571
 2375.50246 0.2385487 0.1081972
 2377.87798 0.2257211 0.1077370
 2380.25368 0.2128738 0.1072760
 2382.62937 0.2000134 0.1068147
 2385.01913 0.1894561 0.1049854
 2387.39482 0.1798741 0.1025773
 2389.78458 0.1702768 0.1001654
 2392.17451 0.1606698 0.0977511
 2394.56444 0.1510585 0.0953356
 2396.96844 0.1414319 0.0929164
 2399.35837 0.1314296 0.0910894
 2401.76237 0.1213051 0.0894424
 2404.16654 0.1111762 0.0877947
 2406.57054 0.1010320 0.0861445
 2408.97454 0.0908767 0.0844925
 2411.37871 0.0807119 0.0828390
 2413.79695 0.0720612 0.0822376
 2416.20112 0.0636667 0.0818220
 2418.61936 0.0552638 0.0814059
 2421.03777 0.0468524 0.0809895
 2423.47024 0.0384373 0.0805728
 2425.88848 0.0300096 0.0801556
 2428.30689 0.0730150 0.0787287
 2430.73937 0.1188856 0.0772449
 2433.17184 0.1647758 0.0757606
 2435.60449 0.2107382 0.0742739
 2438.03697 0.2567431 0.0727859
 2440.48368 0.2984593 0.0713349
 2442.91633 0.2794693 0.0704148
 2445.36305 0.2604605 0.0694937
 2447.80976 0.2414327 0.0685718
 2450.25648 0.2223968 0.0676494
 2452.70337 0.2033312 0.0667256
 2455.16432 0.1826784 0.0658607
 2457.61104 0.1555325 0.0652417
 2460.07199 0.1283770 0.0646224
 2462.53295 0.1011773 0.0640020
 2464.99390 0.0739507 0.0633811
 2467.45503 0.0466973 0.0627596
 2469.93023 0.0235984 0.0621383
 2472.40542 0.0084347 0.0615171
 2474.86637 -0.0067449 0.0608952
 2477.34157 -0.0219394 0.0602727
 2479.81676 -0.0371404 0.0596500
 2482.30619 -0.0523658 0.0590262
 2484.78139 -0.0585315 0.0584136
 2487.27082 -0.0560360 0.0578117
 2489.76025 -0.0535365 0.0572089
 2492.24969 -0.0510347 0.0566056
 2494.73912 -0.0485303 0.0560016
 2497.22855 -0.0460246 0.0553973
 2499.73223 -0.0403559 0.0549603
 2502.23590 -0.0332867 0.0545971
 2504.73957 -0.0262102 0.0542335
 2507.24324 -0.0191307 0.0538697
 2509.74692 -0.0120405 0.0535054
 2512.25059 -0.0049428 0.0531407
 2514.76850 0.0012235 0.0528999
 2517.28624 0.0072842 0.0526733
 2519.80415 0.0133541 0.0524464
 2522.32206 0.0194298 0.0522192
 2524.83997 0.0255123 0.0519918
 2527.37212 0.0325028 0.0518105
 2529.88986 0.0466571 0.0519930
 2532.42201 0.0608241 0.0521756
 2534.95416 0.0749989 0.0523584
 2537.50055 0.0891950 0.0525414
 2540.03253 0.1034047 0.0527246
 2542.57892 0.1127718 0.0528479
 2545.11107 0.1132449 0.0528610
 2547.65746 0.1137183 0.0528741
 2550.20368 0.1141924 0.0528872
 2552.76431 0.1146670 0.0529004
 2555.31070 0.1151418 0.0529136
 2557.87115 0.1225281 0.0527739
 2560.41754 0.1343880 0.0525353
 2562.97800 0.1462599 0.0522965
 2565.55287 0.1581366 0.0520576
 2568.11349 0.1700318 0.0518183
 2570.68819 0.1819392 0.0515788
 2573.24882 0.1820094 0.0513344
 2575.82351 0.1804146 0.0510892
 2578.39838 0.1788173 0.0508437
 2580.98732 0.1772183 0.0505978
 2583.56218 0.1756188 0.0503519
 2586.15112 0.1740166 0.0501056
 2588.72599 0.1724129 0.0498591
 2591.31492 0.1708075 0.0496123
 2593.91809 0.1692007 0.0493653
 2596.50720 0.1675929 0.0491181
 2599.09614 0.1659828 0.0488706
 2601.69948 0.1643711 0.0486228
 2604.30266 0.1627586 0.0483749
 2606.90583 0.1611436 0.0481267
 2609.50918 0.1595271 0.0478781
 2612.12659 0.1579088 0.0476294
 2614.72976 0.1562899 0.0473805
 2617.34735 0.1546685 0.0471312
 2619.96476 0.1530453 0.0468817
 2622.59641 0.1514207 0.0466320
 2625.21382 0.1497952 0.0463821
 2627.83141 0.1481672 0.0461318
 2630.46306 0.1465377 0.0458813
 2633.09471 0.1449074 0.0456307
 2635.72637 0.1432745 0.0453796
 2638.35802 0.1416401 0.0451284
 2641.00408 0.1400040 0.0448769
 2643.64997 0.1383663 0.0446251
 2646.28162 0.1367278 0.0443732
 2648.92752 0.1350868 0.0441209
 2651.58765 0.1334441 0.0438684
 2654.23354 0.1318007 0.0436157
 2656.89367 0.1301547 0.0433627
 2659.53956 0.1285072 0.0431094
 2662.19969 0.1248049 0.0431512
 2664.87406 0.1208220 0.0432331
 2667.53419 0.1168329 0.0433152
 2670.19432 0.1128395 0.0433974
 2672.86869 0.1088423 0.0434796
 2675.54306 0.1070072 0.0434864
 2678.21743 0.1107988 0.0432968
 2680.89179 0.1145943 0.0431070
 2683.58040 0.1183938 0.0429170
 2686.26901 0.1221948 0.0427270
 2688.94338 0.1260019 0.0425366
 2691.64623 0.1298127 0.0423460
 2694.33484 0.1336271 0.0421553
 2697.02345 0.1374436 0.0419645
 2699.72612 0.1412657 0.0417733
 2702.42897 0.1450918 0.0415820
 2705.11758 0.1489196 0.0413906
 2707.83466 0.1527532 0.0411989
 2710.53751 0.1565909 0.0410070
 2713.25443 0.1604322 0.0408149
 2715.95727 0.1642752 0.0406227
 2718.67436 0.1681244 0.0404303
 2721.39145 0.1719773 0.0402376
 2724.12260 0.1758341 0.0400447
 2726.83969 0.1796926 0.0398518
 2729.57101 0.1835570 0.0396586
 2732.30217 0.1874254 0.0394651
 2735.03349 0.1912975 0.0392715
 2737.76464 0.1951715 0.0390778
 2740.51021 0.1990515 0.0388838
 2743.24154 0.2029353 0.0386896
 2745.98693 0.2068229 0.0384952
 2748.73249 0.2107124 0.0383007
 2751.47789 0.2146081 0.0381059
 2754.23769 0.2185075 0.0379109
 2756.98308 0.2224086 0.0377158
 2759.74289 0.2263159 0.0375204
 2762.50252 0.2302268 0.0373248
 2765.27656 0.2339726 0.0371326
 2768.03619 0.2258132 0.0371893
 2770.79600 0.2176497 0.0372460
 2773.56987 0.2094734 0.0373028
 2776.34374 0.2012894 0.0373597
 2779.11778 0.1931017 0.0374166
 2781.90589 0.1854947 0.0375925
 2784.67994 0.1784077 0.0378740
 2787.46804 0.1713136 0.0381558
 2790.25615 0.1642160 0.0384378
 2793.04444 0.1571078 0.0387202
 2795.84679 0.1522040 0.0389578
 2798.63490 0.1777886 0.0385743
 2801.43724 0.2033858 0.0381906
 2804.23977 0.2290228 0.0378063
 2807.04212 0.2546852 0.0374217
 2809.84446 0.2803588 0.0370368
 2812.66105 0.2809652 0.0367569
 2815.47764 0.2662917 0.0365408
 2818.29440 0.2516028 0.0363245
 2821.11099 0.2368995 0.0361080
 2823.92758 0.2221898 0.0358914
 2826.74417 0.2117721 0.0357434
 2829.57499 0.2193641 0.0358832
 2832.40582 0.2269593 0.0360231
 2835.23665 0.2345662 0.0361632
 2838.08171 0.2421805 0.0363035
 2840.91254 0.2498028 0.0364439
 2843.75761 0.2572463 0.0363078
 2846.60267 0.2646509 0.0360960
 2849.44774 0.2720631 0.0358840
 2852.29281 0.2794826 0.0356717
 2855.15211 0.2869057 0.0354593
 2857.99718 0.2865309 0.0352611
 2860.85648 0.2743460 0.0350845
 2863.71579 0.2621559 0.0349078
 2866.58933 0.2499466 0.0347309
 2869.44864 0.2377254 0.0345538
 2872.32218 0.2258925 0.0343756
 2875.19573 0.2281112 0.0341656
 2878.06910 0.2303310 0.0339555
 2880.94265 0.2325542 0.0337452
 2883.83043 0.2347796 0.0335346
 2886.71821 0.2370060 0.0333239
 2889.60600 0.2321256 0.0336033
 2892.49361 0.2238463 0.0341171
 2895.38139 0.2155591 0.0346314
 2898.28342 0.2072679 0.0351460
 2901.17103 0.1989638 0.0356613
 2904.07305 0.1994061 0.0358522
 2906.98931 0.2166227 0.0354205
 2909.89116 0.2338464 0.0349886
 2912.79318 0.2510979 0.0345560
 2915.70927 0.2683659 0.0341230
 2918.62554 0.2852887 0.0336981
 2921.54180 0.2881797 0.0336041
 2924.47230 0.2910735 0.0335100
 2927.38856 0.2939701 0.0334158
 2930.31872 0.2968698 0.0333215
 2933.24922 0.2997704 0.0332271
 2936.17972 0.2968614 0.0333966
 2939.12446 0.2918050 0.0336636
 2942.05462 0.2867468 0.0339307
 2944.99936 0.2816802 0.0341982
 2947.94410 0.2766083 0.0344660
 2950.88849 0.2726765 0.0343716
 2953.84747 0.2701054 0.0338455
 2956.80645 0.2675303 0.0333187
 2959.75119 0.2649527 0.0327913
 2962.72407 0.2623725 0.0322634
 2965.68305 0.2604167 0.0318630
 2968.64203 0.2609404 0.0319691
 2971.61490 0.2614645 0.0320753
 2974.58812 0.2619892 0.0321816
 2977.56099 0.2625142 0.0322880
 2980.53421 0.2630400 0.0323945
 2983.52167 0.2681629 0.0323838
 2986.50878 0.2734710 0.0323684
 2989.48200 0.2787816 0.0323530
 2992.48335 0.2841009 0.0323376
 2995.47081 0.2894251 0.0323221
 2998.47251 0.2943600 0.0324100
 3001.45962 0.2991634 0.0325347
 3004.46131 0.3039718 0.0326594
 3007.47690 0.3087852 0.0327843
 3010.47860 0.3136003 0.0329093
 3013.49419 0.3065012 0.0329191
 3016.51013 0.2891246 0.0328297
 3019.52572 0.2717319 0.0327403
 3022.54166 0.2543313 0.0326507
 3025.55725 0.2369026 0.0325610
 3028.58742 0.2260124 0.0324936
 3031.61725 0.2271913 0.0324672
 3034.64743 0.2283708 0.0324407
 3037.67726 0.2295520 0.0324143
 3040.72167 0.2307344 0.0323878
 3043.76574 0.2310997 0.0323664
 3046.81016 0.2278676 0.0323675
 3049.85422 0.2246300 0.0323686
 3052.89864 0.2213894 0.0323697
 3055.95695 0.2181470 0.0323709
 3059.01525 0.2148374 0.0323758
 3062.07391 0.2096956 0.0324916
 3065.13222 0.2045479 0.0326075
 3068.20511 0.1993955 0.0327236
 3071.26342 0.1942409 0.0328397
 3074.33596 0.1890780 0.0329559
 3077.40886 0.1807183 0.0328634
 3080.49564 0.1720143 0.0327485
 3083.56819 0.1632965 0.0326335
 3086.65532 0.1545709 0.0325183
 3089.74211 0.1458365 0.0324030
 3092.82890 0.1486629 0.0324786
 3095.93027 0.1545930 0.0326055
 3099.01705 0.1605291 0.0327326
 3102.11808 0.1664712 0.0328597
 3105.21910 0.1724160 0.0329869
 3108.33472 0.1715718 0.0333312
 3111.43574 0.1677007 0.0337722
 3114.55101 0.1638275 0.0342135
 3117.66627 0.1599481 0.0346554
 3120.78188 0.1560654 0.0350978
 3123.89715 0.1610913 0.0350513
 3127.02665 0.1717321 0.0346968
 3130.15615 0.1823765 0.0343422
 3133.28600 0.1930386 0.0339869
 3136.41551 0.2037102 0.0336314
 3139.55925 0.2118393 0.0334573
 3142.68875 0.2179229 0.0334296
 3145.83250 0.2240117 0.0334019
 3148.97624 0.2301074 0.0333742
 3152.13457 0.2362057 0.0333465
 3155.27831 0.2357269 0.0334085
 3158.43629 0.2288433 0.0335579
 3161.59428 0.2219529 0.0337074
 3164.75226 0.2150595 0.0338570
 3167.92448 0.2081555 0.0340068
 3171.09670 0.2046309 0.0341201
 3174.26892 0.2047352 0.0341940
 3177.44114 0.2048397 0.0342681
 3180.61336 0.2049442 0.0343422
 3183.80017 0.2050489 0.0344164
 3186.98663 0.2090204 0.0344814
 3190.17309 0.2172554 0.0345363
 3193.35955 0.2255020 0.0345913
 3196.54601 0.2337576 0.0346463
 3199.74671 0.2420160 0.0347013
 3202.94741 0.2486195 0.0347522
 3206.14811 0.2534632 0.0347986
 3209.36305 0.2583112 0.0348450
 3212.56375 0.2631617 0.0348915
 3215.77869 0.2680196 0.0349380
 3218.99363 0.2698697 0.0350375
 3222.20857 0.2688268 0.0351879
 3225.43740 0.2677834 0.0353384
 3228.66658 0.2667384 0.0354891
 3231.89576 0.2656924 0.0356400
 3235.12493 0.2623561 0.0357691
 3238.35411 0.2571773 0.0358809
 3241.59753 0.2519935 0.0359928
 3244.84095 0.2468047 0.0361048
 3248.08436 0.2416103 0.0362170
 3251.32778 0.2477618 0.0361950
 3254.58509 0.2609683 0.0360896
 3257.84275 0.2741876 0.0359841
 3261.10040 0.2874124 0.0358786
 3264.35806 0.3006585 0.0357729
 3267.61572 0.3013696 0.0357246
 3270.88761 0.2966018 0.0357014
 3274.15916 0.2918316 0.0356783
 3277.43106 0.2870542 0.0356551
 3280.71719 0.2822718 0.0356318
 3283.98909 0.2823300 0.0357084
 3287.27522 0.2836598 0.0358112
 3290.56101 0.2849916 0.0359142
 3293.86139 0.2863247 0.0360173
 3297.14752 0.2876592 0.0361205
 3300.44789 0.3012833 0.0363011
 3303.74792 0.3162235 0.0364900
 3307.04830 0.3311778 0.0366791
 3310.36291 0.3461478 0.0368684
 3313.66294 0.3605112 0.0370463
 3316.97755 0.3589437 0.0369246
 3320.30640 0.3573747 0.0368028
 3323.62067 0.3558049 0.0366810
 3326.94952 0.3542327 0.0365589
 3330.26413 0.3523052 0.0364671
 3333.60688 0.3487918 0.0365107
 3336.93573 0.3452770 0.0365544
 3340.27882 0.3417563 0.0365981
 3343.60733 0.3382326 0.0366419
 3346.95042 0.3372949 0.0366660
 3350.30741 0.3412037 0.0366531
 3353.65050 0.3451190 0.0366401
 3357.00748 0.3490379 0.0366272
 3360.36481 0.3529609 0.0366142
 3363.72214 0.3493559 0.0365311
 3367.09337 0.3391443 0.0363864
 3370.45070 0.3289231 0.0362415
 3373.82192 0.3186925 0.0360965
 3377.20773 0.3084566 0.0359514
 3380.57895 0.2941228 0.0362950
 3383.96476 0.2782674 0.0368194
 3387.33599 0.2624056 0.0373441
 3390.73604 0.2465176 0.0378695
 3394.12150 0.2306151 0.0383955
 3397.52155 0.2503955 0.0379598
 3400.92125 0.2721711 0.0374704
 3404.32095 0.2939556 0.0369809
 3407.72100 0.3157734 0.0364905
 3411.13494 0.3356170 0.0361146
 3414.53499 0.3464023 0.0362602
 3417.94893 0.3572052 0.0364060
 3421.37711 0.3680180 0.0365520
 3424.79140 0.3788429 0.0366981
 3428.21958 0.4005343 0.0368851
 3431.64810 0.4367572 0.0371267
 3435.07628 0.4730167 0.0373686
 3438.51870 0.5093130 0.0376107
 3441.94723 0.5456239 0.0378529
 3445.38965 0.5489150 0.0377529
 3448.84631 0.5377493 0.0375029
 3452.28907 0.5265779 0.0372528
 3455.74573 0.5153897 0.0370024
 3459.20239 0.5041891 0.0367516
 3462.65905 0.4979949 0.0368483
 3466.11606 0.4919033 0.0369527
 3469.58695 0.4858086 0.0370571
 3473.05785 0.4797048 0.0371617
 3476.52875 0.4788676 0.0372460
 3479.99999 0.4918005 0.0372775
 3483.48513 0.5047529 0.0373091
 3486.97027 0.5177182 0.0373406
 3490.45540 0.5306964 0.0373722
 3493.94054 0.5322313 0.0373275
 3497.44026 0.5259148 0.0372304
 3500.93964 0.5195921 0.0371332
 3504.43902 0.5132625 0.0370359
 3507.93839 0.5069303 0.0369386
 3511.45201 0.5028756 0.0368602
 3514.96562 0.4989935 0.0367832
 3518.47924 0.4951099 0.0367062
 3521.99320 0.4912202 0.0366290
 3525.52106 0.4899786 0.0366236
 3529.04891 0.4957400 0.0368077
 3532.57676 0.5015066 0.0369919
 3536.10462 0.5072759 0.0371763
 3539.64671 0.5130543 0.0373609
 3543.18881 0.5078123 0.0373039
 3546.73090 0.4964467 0.0371124
 3550.27299 0.4850633 0.0369207
 3553.82933 0.4736677 0.0367288
 3557.38566 0.4626010 0.0365382
 3560.94199 0.4643829 0.0364060
 3564.49833 0.4661676 0.0362736
 3568.06890 0.4679542 0.0361411
 3571.62523 0.4697423 0.0360085
 3575.19580 0.4735855 0.0359309
 3578.78062 0.4802420 0.0359288
 3582.35119 0.4869049 0.0359266
 3585.93600 0.4935716 0.0359244
 3589.52081 0.5002481 0.0359223
 3593.11986 0.5082400 0.0360379
 3596.70433 0.5164945 0.0361764
 3600.30338 0.5247576 0.0363152
 3603.90243 0.5330232 0.0364539
 3607.51572 0.5379804 0.0365642
 3611.11477 0.5339651 0.0365969
 3614.72806 0.5299483 0.0366297
 3618.34135 0.5259253 0.0366625
 3621.95429 0.5218984 0.0366953
 3625.58182 0.5204227 0.0369664
 3629.20935 0.5199546 0.0373317
 3632.83688 0.5194859 0.0376976
 3636.47865 0.5190167 0.0380637
 3640.10583 0.5207290 0.0384113
 3643.74760 0.5325174 0.0386713
 3647.38936 0.5443251 0.0389317
 3651.04537 0.5561439 0.0391923
 3654.68679 0.5679751 0.0394533
 3658.34280 0.5752149 0.0398098
 3661.99881 0.5800876 0.0402164
 3665.66905 0.5849649 0.0406233
 3669.33895 0.5898474 0.0410307
 3672.99496 0.5942170 0.0413950
 3676.67945 0.5957646 0.0415222
 3680.34935 0.5973136 0.0416495
 3684.03383 0.5988636 0.0417768
 3687.71832 0.6004158 0.0419044
 3691.40246 0.6044471 0.0419139
 3695.10118 0.6097419 0.0418632
 3698.78532 0.6150386 0.0418126
 3702.48405 0.6203444 0.0417618
 3706.19701 0.6204929 0.0416143
 3709.89539 0.5989074 0.0410595
 3713.60835 0.5773137 0.0405044
 3717.32097 0.5556857 0.0399485
 3721.04817 0.5340354 0.0393920
 3724.76079 0.5470582 0.0392397
 3728.48800 0.5726246 0.0392337
 3732.21485 0.5982315 0.0392276
 3735.94206 0.6238623 0.0392215
 3739.68315 0.6429234 0.0392303
 3743.42459 0.6461186 0.0392750
 3747.16569 0.6493185 0.0393197
 3750.92137 0.6525220 0.0393644
 3754.66247 0.6557267 0.0394092
 3758.41815 0.6540683 0.0395663
 3762.17348 0.6516507 0.0397411
 3765.94341 0.6492309 0.0399161
 3769.71298 0.6468084 0.0400912
 3773.48255 0.6689433 0.0405462
 3777.25248 0.7202728 0.0413342
 3781.03629 0.7716495 0.0421229
 3784.80621 0.8230500 0.0429120
 3788.59002 0.8720607 0.0436740
 3792.38808 0.8838227 0.0440103
 3796.17224 0.8955965 0.0443469
 3799.97029 0.9073747 0.0446836
 3803.76834 0.9191723 0.0450208
 3807.58098 0.9406365 0.0453529
 3811.37903 0.9666715 0.0456828
 3815.19132 0.9927160 0.0460128
 3819.01786 1.0188032 0.0463433
 3822.83049 1.0438068 0.0465794
 3826.65703 1.0664368 0.0466113
 3830.48356 1.0890996 0.0466432
 3834.31009 1.1117872 0.0466752
 3838.15121 1.1344953 0.0467071
 3841.99198 1.1450661 0.0469623
 3845.83275 1.1552607 0.0472246
 3849.67352 1.1654717 0.0474873
 3853.52853 1.1756929 0.0477503
 3857.36964 1.2058064 0.0484964
 3861.23889 1.2474204 0.0495218
 3865.09390 1.2890755 0.0505482
 3868.96315 1.3307719 0.0515756
 3872.83240 1.3619096 0.0523849
 3876.70165 1.3701361 0.0527207
 3880.58513 1.3783716 0.0530570
 3884.45438 1.3866144 0.0533935
 3888.33787 1.3946683 0.0537223
 3892.23560 1.3900776 0.0535361
 3896.11943 1.3854821 0.0533498
 3900.01716 1.3808849 0.0531633
 3903.91489 1.3762803 0.0529766
 3907.82685 1.3874913 0.0530710
 3911.73882 1.4046578 0.0532711
 3915.65079 1.4218411 0.0534715
 3919.56275 1.4390335 0.0536720
 3923.47472 1.4618149 0.0539678
 3927.40092 1.4913104 0.0543781
 3931.32713 1.5208215 0.0547887
 3935.26723 1.5503769 0.0551999
 3939.19343 1.5725304 0.0556692
 3943.13388 1.5642737 0.0563749
 3947.08856 1.5560127 0.0570809
 3951.02901 1.5477393 0.0577880
 3954.98369 1.5394571 0.0584959
 3958.93837 1.5343426 0.0577854
 3962.89306 1.5293911 0.0570008
 3966.86198 1.5244317 0.0562149
 3970.83056 1.5194676 0.0554283
 3974.79948 1.5391504 0.0552205
 3978.76840 1.5683349 0.0552350
 3982.75157 1.5975475 0.0552496
 3986.73473 1.6267906 0.0552641
 3990.71789 1.6461139 0.0553802
 3994.71495 1.6558762 0.0555940
 3998.71235 1.6656547 0.0558081
 4002.70975 1.6754425 0.0560224
 4006.70715 1.6942338 0.0563764
 4010.71844 1.7330067 0.0570401
 4014.73008 1.7718166 0.0577046
 4018.74173 1.8106703 0.0583697
 4022.75302 1.8454686 0.0590240
 4026.77890 1.8523849 0.0596029
 4030.80478 1.8593085 0.0601824
 4034.84455 1.8662386 0.0607625
 4038.87043 1.8731723 0.0613428
 4042.91055 1.8576845 0.0609399
 4046.96456 1.8411958 0.0604933
 4051.00468 1.8246900 0.0600462
 4055.05904 1.8081771 0.0595989
 4059.11305 1.8082902 0.0596713
 4063.16741 1.8125678 0.0598738
 4067.23566 1.8168497 0.0600765
 4071.30426 1.8211335 0.0602794
 4075.37286 1.8241928 0.0603179
 4079.45535 1.8266189 0.0602714
 4083.52394 1.8290462 0.0602249
 4087.60643 1.8314775 0.0601783
 4091.70351 1.8326650 0.0600287
 4095.78600 1.8327610 0.0597886
 4099.88307 1.8328570 0.0595484
 4103.99404 1.8329531 0.0593078
 4108.09112 1.8194635 0.0589653
 4112.20209 1.7874421 0.0584838
 4116.31306 1.7554071 0.0580021
 4120.42437 1.7233207 0.0575196
 4124.54958 1.6993840 0.0572345
 4128.67513 1.6924376 0.0573607
 4132.80034 1.6854889 0.0574869
 4136.93979 1.6785285 0.0576133
 4141.07958 1.6682575 0.0575882
 4145.21903 1.6475127 0.0570830
 4149.35847 1.6267592 0.0565776
 4153.51251 1.6059726 0.0560714
 4157.66619 1.5885893 0.0556432
 4161.81988 1.5876791 0.0555930
 4165.98815 1.5867678 0.0555427
 4170.15608 1.5858554 0.0554924
 4174.32400 1.5819436 0.0554141
 4178.49227 1.5548666 0.0551196
 4182.67444 1.5277739 0.0548250
 4186.85660 1.5006428 0.0545299
 4191.03877 1.4758477 0.0542730
 4195.23517 1.4807765 0.0545005
 4199.43192 1.4857132 0.0547283
 4203.62832 1.4906547 0.0549563
 4207.83897 1.4964176 0.0551984
 4212.03537 1.5190698 0.0557266
 4216.24601 1.5417556 0.0562556
 4220.47124 1.5644656 0.0567852
 4224.69612 1.5857182 0.0573015
 4228.92101 1.5621307 0.0573992
 4233.14589 1.5385065 0.0574971
 4237.38501 1.5148571 0.0575951
 4241.60989 1.4914500 0.0576796
 4245.86325 1.4752918 0.0573690
 4250.10237 1.4591193 0.0570582
 4254.35573 1.4429295 0.0567470
 4258.60909 1.4284030 0.0564719
 4262.86245 1.4487547 0.0569531
 4267.13005 1.4691396 0.0574351
 4271.39765 1.4895444 0.0579176
 4275.66525 1.5068259 0.0583726
 4279.94709 1.4845130 0.0584791
 4284.22893 1.4621787 0.0585856
 4288.51077 1.4398226 0.0586922
 4292.79261 1.4228060 0.0587861
 4297.08869 1.4472716 0.0587802
 4301.38476 1.4717607 0.0587742
 4305.69508 1.4962758 0.0587683
 4309.99116 1.5115942 0.0586495
 4314.30148 1.4813021 0.0579707
 4318.62603 1.4509783 0.0572912
 4322.93600 1.4206399 0.0566114
 4327.26056 1.3896441 0.0559673
 4331.58512 1.3566387 0.0554407
 4335.92391 1.3236043 0.0549136
 4340.26271 1.2905354 0.0543860
 4344.60116 1.2690399 0.0540267
 4348.93995 1.2722554 0.0540268
 4353.29299 1.2754742 0.0540268
 4357.64602 1.2786943 0.0540269
 4361.99906 1.2704244 0.0539473
 4366.36598 1.2458321 0.0537546
 4370.73326 1.2212143 0.0535617
 4375.10053 1.1965867 0.0533688
 4379.48170 1.1626325 0.0529229
 4383.86321 1.1201693 0.0522461
 4388.24472 1.0776657 0.0515687
 4392.62589 1.0351419 0.0508909
 4397.02164 1.0163589 0.0512293
 4401.41740 1.0108215 0.0521349
 4405.82704 1.0052816 0.0530409
 4410.22279 0.9997334 0.0539482
 4414.63278 1.0070956 0.0541135
 4419.05667 1.0181282 0.0540682
 4423.48090 1.0291718 0.0540229
 4427.89054 1.0402199 0.0539776
 4432.32901 1.0495406 0.0532522
 4436.75290 1.0587305 0.0524714
 4441.19137 1.0679239 0.0516903
 4445.62949 1.0762800 0.0509711
 4450.08220 1.0756714 0.0509164
 4454.53456 1.0750623 0.0508616
 4458.98727 1.0744528 0.0508068
 4463.43963 1.0603032 0.0506212
 4467.90658 1.0075866 0.0500629
 4472.37318 0.9548166 0.0495041
 4476.85437 0.9020221 0.0489450
 4481.32097 0.8711895 0.0492252
 4485.80181 0.8675346 0.0505425
 4490.29724 0.8638760 0.0518612
 4494.77808 0.8602161 0.0531804
 4499.27351 0.8657557 0.0536359
 4503.78283 0.8763787 0.0536144
 4508.27791 0.8870114 0.0535929
 4512.78758 0.8976490 0.0535713
 4517.31113 0.9009053 0.0533990
 4521.82045 0.9029454 0.0532016
 4526.34401 0.9049866 0.0530041
 4530.86792 0.9071206 0.0527245
 4535.40571 0.9102350 0.0515535
 4539.94351 0.9133522 0.0503815
 4544.48131 0.9164727 0.0492082
 4549.01945 0.9069067 0.0481345
 4553.57149 0.8705295 0.0472706
 4558.12353 0.8341135 0.0464058
 4562.68980 0.7976807 0.0455406
 4567.24184 0.7876208 0.0453825
 4571.80846 0.7975010 0.0457589
 4576.38898 0.8073849 0.0461355
 4580.95525 0.8172838 0.0465127
 4585.55001 0.8311828 0.0464370
 4590.13052 0.8458977 0.0462701
 4594.72528 0.8606272 0.0461031
 4599.32003 0.8726394 0.0459305
 4603.91479 0.8624445 0.0457127
 4608.52378 0.8522388 0.0454948
 4613.13278 0.8420284 0.0452768
 4617.74177 0.8435146 0.0452194
 4622.36500 0.8628023 0.0454066
 4626.98823 0.8821088 0.0455940
 4631.61147 0.9014357 0.0457816
 4636.23470 0.8944046 0.0458297
 4640.87217 0.8758525 0.0458168
 4645.52388 0.8572824 0.0458040
 4650.16136 0.8387848 0.0457905
 4654.81307 0.8298562 0.0457037
 4659.46478 0.8209188 0.0456168
 4664.13073 0.8119768 0.0455299
 4668.79668 0.8093348 0.0454058
 4673.46263 0.8192511 0.0452078
 4678.14282 0.8291770 0.0450096
 4682.80842 0.8391132 0.0448113
 4687.50285 0.8386176 0.0445836
 4692.18304 0.8330210 0.0443411
 4696.87747 0.8274190 0.0440985
 4701.57190 0.8221590 0.0438689
 4706.28022 0.8343070 0.0443062
 4710.98889 0.8464674 0.0447440
 4715.69756 0.8586395 0.0451822
 4720.40623 0.8701578 0.0455199
 4725.12879 0.8805985 0.0456939
 4729.85169 0.8910555 0.0458682
 4734.58884 0.9015232 0.0460427
 4739.32599 0.9093508 0.0458999
 4744.06279 0.9163212 0.0456524
 4748.79993 0.9232988 0.0454048
 4753.55132 0.9344328 0.0452568
 4758.30236 0.9710340 0.0457219
 4763.06798 1.0076512 0.0461872
 4767.83326 1.0443246 0.0466532
 4772.59889 1.0645070 0.0469636
 4777.36451 1.0703681 0.0471389
 4782.14403 1.0762385 0.0473145
 4786.92389 1.0821145 0.0474902
 4791.71765 1.0774593 0.0473811
 4796.51175 1.0721701 0.0472548
 4801.30551 1.0668755 0.0471285
 4806.11385 1.0663459 0.0470722
 4810.92185 1.0741144 0.0471381
 4815.73019 1.0818870 0.0472041
 4820.53819 1.0896708 0.0472701
 4825.36077 1.0871859 0.0472857
 4830.18300 1.0820745 0.0472883
 4835.01948 1.0769550 0.0472910
 4839.85630 1.0792313 0.0474039
 4844.69277 1.1048750 0.0478653
 4849.54383 1.1305425 0.0483271
 4854.38031 1.1562231 0.0487891
 4859.24526 1.1697633 0.0489576
 4864.09632 1.1780303 0.0489987
 4868.96127 1.1863014 0.0490397
 4873.84046 1.1939677 0.0491161
 4878.70576 1.1984980 0.0493728
 4883.58495 1.2030305 0.0496295
 4888.46415 1.2075697 0.0498867
 4893.35758 1.2057408 0.0498074
 4898.25135 1.2003371 0.0495393
 4903.15902 1.1949282 0.0492709
 4908.05246 1.1898901 0.0490192
 4912.96013 1.1872919 0.0488768
 4917.88204 1.1846910 0.0487343
 4922.79005 1.1820891 0.0485917
 4927.71196 1.1947883 0.0487138
 4932.64811 1.2164369 0.0489907
 4937.58426 1.2381083 0.0492680
 4942.52041 1.2617118 0.0496312
 4947.45656 1.2965366 0.0504979
 4952.40694 1.3314153 0.0513659
 4957.35733 1.3663307 0.0522348
 4962.32231 1.3619648 0.0522813
 4967.28693 1.3381021 0.0519196
 4972.25156 1.3142161 0.0515576
 4977.21619 1.2958025 0.0512953
 4982.19505 1.2988142 0.0514234
 4987.17392 1.3018287 0.0515516
 4992.16702 1.3048465 0.0516800
 4997.16013 1.3147700 0.0516256
 5002.15324 1.3269804 0.0515107
 5007.16023 1.3392103 0.0513956
 5012.16758 1.3514506 0.0513397
 5017.17492 1.3636932 0.0514169
 5022.19651 1.3759545 0.0514942
 5027.21809 1.3882287 0.0515716
 5032.25391 1.3689519 0.0517849
 5037.27550 1.3452208 0.0520175
 5042.31132 1.3214782 0.0522502
 5047.36103 1.3048335 0.0525220
 5052.41110 1.2967316 0.0528404
 5057.46116 1.2886266 0.0531590
 5062.51122 1.2818267 0.0534670
 5067.57552 1.3034354 0.0535359
 5072.63948 1.3250531 0.0536047
 5077.71802 1.3467048 0.0536737
 5082.79656 1.3415353 0.0536653
 5087.88899 1.3216140 0.0536143
 5092.96753 1.3016723 0.0535633
 5098.06031 1.2850189 0.0534426
 5103.16698 1.2778116 0.0531220
 5108.25976 1.2705971 0.0528010
 5113.36678 1.2633796 0.0524798
 5118.48769 1.2593330 0.0526769
 5123.60895 1.2557164 0.0529449
 5128.73021 1.2520962 0.0532132
 5133.86536 1.2636794 0.0536647
 5138.98662 1.2896609 0.0542898
 5144.13601 1.3156829 0.0549158
 5149.27151 1.3425879 0.0553940
 5154.42090 1.3740613 0.0550831
 5159.58487 1.4055836 0.0547717
 5164.73426 1.4371397 0.0544600
 5169.89824 1.4340692 0.0540246
 5175.07611 1.4229383 0.0535598
 5180.25432 1.4117957 0.0530946
 5185.43219 1.3920075 0.0526059
 5190.62464 1.3627783 0.0520919
 5195.80251 1.3335373 0.0515777
 5201.00886 1.3070202 0.0511033
 5206.20131 1.2959756 0.0508565
 5211.40766 1.2849267 0.0506095
 5216.62825 1.2738600 0.0503621
 5221.83494 1.2838407 0.0505966
 5227.06976 1.2978969 0.0509244
 5232.29035 1.3119678 0.0512525
 5237.52552 1.3237206 0.0516733
 5242.76035 1.3334783 0.0521748
 5248.00941 1.3432456 0.0526769
 5253.24424 1.3505081 0.0530373
 5258.50789 1.3499171 0.0529538
 5263.75695 1.3493252 0.0528703
 5269.03449 1.3487329 0.0527866
 5274.29780 1.3530104 0.0525858
 5279.57534 1.3574958 0.0523799
 5284.85323 1.3619884 0.0521737
 5290.13077 1.3671463 0.0520581
 5295.42255 1.3726072 0.0519837
 5300.72858 1.3780771 0.0519093
 5306.02036 1.3924786 0.0524264
 5311.32638 1.4190536 0.0537503
 5316.64664 1.4456701 0.0550762
 5321.95266 1.4712536 0.0561797
 5327.28716 1.4916728 0.0561895
 5332.60742 1.5121119 0.0561993
 5337.94192 1.5325603 0.0562091
 5343.27642 1.5148492 0.0553954
 5348.62516 1.4941154 0.0545161
 5353.97390 1.4733721 0.0536364
 5359.32263 1.4474642 0.0530986
 5364.68561 1.4192755 0.0527112
 5370.04859 1.3910575 0.0523234
 5375.42581 1.3732901 0.0520845
 5380.78879 1.3671699 0.0520114
 5386.18024 1.3610401 0.0519382
 5391.55746 1.3582138 0.0519497
 5396.94857 1.3648216 0.0522025
 5402.35426 1.3714391 0.0524558
 5407.75996 1.3755029 0.0526773
 5413.16566 1.3383166 0.0523837
 5418.57135 1.3010707 0.0520896
 5423.99094 1.2637889 0.0517952
 5429.42511 1.2453604 0.0515690
 5434.84505 1.2298567 0.0513533
 5440.27922 1.2143471 0.0511374
 5445.72729 1.2093974 0.0508247
 5451.17570 1.2093784 0.0504665
 5456.62411 1.2093595 0.0501083
 5462.07218 1.2061244 0.0498950
 5467.53483 1.1997563 0.0498231
 5473.01172 1.1933817 0.0497512
 5478.48827 1.1944965 0.0497583
 5483.96516 1.2098753 0.0499159
 5489.44171 1.2252777 0.0500737
 5494.93284 1.2366248 0.0501716
 5500.42362 1.2305442 0.0500122
 5505.92899 1.2244546 0.0498525
 5511.43401 1.2186007 0.0497065
 5516.95362 1.2177368 0.0498455
 5522.45865 1.2168715 0.0499848
 5527.99249 1.2160054 0.0501241
 5533.51176 1.2444074 0.0503790
 5539.04560 1.2757034 0.0506453
 5544.59334 1.3070132 0.0509118
 5550.14143 1.3068779 0.0509915
 5555.68917 1.2980130 0.0510194
 5561.23691 1.2891442 0.0510472
 5566.79924 1.2914734 0.0511137
 5572.37546 1.2994000 0.0511994
 5577.93744 1.3073345 0.0512852
 5583.52825 1.3016878 0.0511414
 5589.10446 1.2854289 0.0508184
 5594.69492 1.2691447 0.0504948
 5600.28573 1.2492683 0.0501312
 5605.89043 1.2252359 0.0497214
 5611.49512 1.2011648 0.0493109
 5617.11406 1.1825148 0.0490031
 5622.71910 1.1728975 0.0488664
 5628.35228 1.1632651 0.0487296
 5633.97122 1.1563842 0.0486461
 5639.60439 1.1560619 0.0486899
 5645.25181 1.1557393 0.0487337
 5650.89922 1.1602268 0.0489295
 5656.54664 1.1812059 0.0496464
 5662.20864 1.2022070 0.0503641
 5667.87029 1.2144977 0.0510145
 5673.53195 1.1827151 0.0513244
 5679.20784 1.1509013 0.0516346
 5684.88374 1.1245700 0.0518838
 5690.57387 1.1409986 0.0516581
 5696.26400 1.1574343 0.0514323
 5701.95413 1.1720712 0.0512325
 5707.65851 1.1624435 0.0513836
 5713.36288 1.1528112 0.0515347
 5719.08149 1.1437464 0.0516715
 5724.80010 1.1498508 0.0514285
 5730.53260 1.1559583 0.0511853
 5736.25122 1.1621395 0.0509441
 5741.99830 1.1741261 0.0509131
 5747.74539 1.1861250 0.0508820
 5753.49248 1.1981356 0.0508509
 5759.23957 1.1939707 0.0505902
 5765.00056 1.1897491 0.0503283
 5770.76188 1.1855237 0.0500661
 5776.53745 1.1599042 0.0496165
 5782.31302 1.1340108 0.0491642
 5788.08859 1.1080909 0.0487114
 5793.87805 1.1140735 0.0488084
 5799.68210 1.1203682 0.0489108
 5805.47190 1.1266664 0.0490134
 5811.28984 1.1335319 0.0492807
 5817.09389 1.1404045 0.0495482
 5822.91217 1.1467113 0.0498158
 5828.73046 1.1251249 0.0500754
 5834.56229 1.1035166 0.0503353
 5840.39482 1.0834479 0.0505973
 5846.24193 1.0939806 0.0508949
 5852.08834 1.1045170 0.0511926
 5857.93476 1.1131580 0.0514255
 5863.79576 1.1007512 0.0509409
 5869.65677 1.0883386 0.0504560
 5875.53166 1.0793225 0.0500143
 5881.40656 1.0933971 0.0498693
 5887.28145 1.1074769 0.0497242
 5893.17094 1.1105020 0.0494821
 5899.07431 1.0641186 0.0488077
 5904.96379 1.0176914 0.0481327
 5910.88175 0.9802092 0.0476043
 5916.78513 0.9704794 0.0475303
 5922.70309 0.9607347 0.0474561
 5928.62035 0.9536631 0.0474980
 5934.55220 0.9523891 0.0477908
 5940.48475 0.9511130 0.0480842
 5946.43050 0.9505439 0.0483170
 5952.37693 0.9510632 0.0484567
 5958.33727 0.9515829 0.0485966
 5964.28370 0.9591533 0.0486488
 5970.25793 0.9743477 0.0486065
 5976.21826 0.9895579 0.0485641
 5982.19317 0.9971462 0.0486983
 5988.18198 0.9991279 0.0489627
 5994.17079 1.0011116 0.0492274
 6000.15960 1.0013324 0.0491801
 6006.16300 1.0007288 0.0489868
 6012.16570 1.0001248 0.0487933
 6018.18299 0.9836424 0.0487572
 6024.20027 0.9630107 0.0487620
 6030.23215 0.9423693 0.0487669
 6036.26333 0.9634953 0.0491778
 6042.29520 0.9885942 0.0496276
 6048.34097 1.0144867 0.0500840
 6054.38673 1.0591712 0.0506941
 6060.44639 1.1038967 0.0513048
 6066.50675 1.1433415 0.0519059
 6072.56640 1.1581033 0.0524606
 6078.64065 1.1728704 0.0530156
 6084.71489 1.1717533 0.0533515
 6090.80372 1.1371130 0.0532244
 6096.89186 1.1024568 0.0530973
 6102.99458 1.1003844 0.0531011
 6109.09731 1.1344177 0.0532501
 6115.20003 1.1684663 0.0533992
 6121.31664 1.1616924 0.0532364
 6127.44785 1.1314901 0.0528946
 6133.56515 1.1012536 0.0525525
 6139.71025 1.0861346 0.0520565
 6145.84145 1.0747131 0.0515227
 6151.98654 1.0632734 0.0509880
 6158.14622 1.0716790 0.0510998
 6164.30590 1.0804850 0.0512245
 6170.46558 1.0926464 0.0514146
 6176.63915 1.1219426 0.0519390
 6182.81273 1.1512685 0.0524639
