3.652035853117370152e+03 1.725827877800011674e-18
3.655324861100530143e+03 4.932348096855442152e-18
3.658613869083690133e+03 3.975657012470301402e-18
3.661902877066850124e+03 -1.098954369898645699e-18
3.665191885050010114e+03 -6.989698282241438100e-19
3.668480893033180109e+03 2.452639705495917260e-18
3.671769901016340100e+03 4.248689011007763865e-18
3.675058908999500090e+03 5.484608899192634650e-18
3.678347916982660081e+03 6.155092661215308809e-18
3.681636924965820072e+03 4.558740621218051236e-18
3.684925932948980062e+03 1.138684372609445501e-18
3.688214940932140053e+03 3.012930342723681692e-18
3.691503948915310048e+03 7.202962405625804205e-18
3.694792956898470038e+03 7.562801159820158532e-18
3.698081964881630029e+03 3.391707693498985804e-18
3.701370972864790019e+03 1.482658140213781371e-18
3.704659980847950010e+03 1.528122152236349475e-18
3.707948988831110000e+03 2.005941358870460627e-18
3.711237996814269991e+03 4.203724916156550245e-19
3.714527004797439986e+03 2.398357371336902520e-18
3.717816012780599976e+03 3.858530077152371381e-18
3.721105020763759967e+03 4.759248050603832145e-18
3.724394028746919957e+03 5.060692685774505409e-18
3.727683036730079948e+03 6.140455519970544553e-18
3.730972044713239939e+03 4.709099177934800517e-18
3.734261052696399929e+03 2.851034402182384240e-18
3.737550060679569924e+03 4.096287432354962688e-18
3.740839068662729915e+03 5.480310153434616800e-18
3.744128076645889905e+03 3.987121237684406950e-18
3.747417084629049896e+03 2.708696196832629641e-18
3.750706092612209886e+03 2.193135275944847116e-18
3.753995100595369877e+03 2.418830943948054671e-18
3.757284108578529867e+03 3.058170814547676187e-18
3.760573116561689858e+03 2.262920461572193416e-18
3.763862124544859853e+03 3.400928387992864936e-18
3.767151132528019843e+03 4.491181354052862616e-18
3.770440140511179834e+03 3.658687849205980945e-18
3.773729148494339825e+03 3.780950789934768991e-18
3.777018156477499815e+03 4.039016433480476170e-18
3.780307164460659806e+03 4.104067986054396555e-18
3.783596172443829801e+03 3.646996019426054505e-18
3.786885180426989791e+03 4.140094537329923800e-18
3.790174188410149782e+03 3.705304786737554563e-18
3.793463196393310227e+03 3.706776087680891557e-18
3.796752204376470218e+03 5.049091626863091482e-18
3.800041212359630208e+03 5.024686456335212654e-18
3.803330220342790199e+03 4.803002318804585895e-18
3.806619228325950189e+03 4.996655870223200245e-18
3.809908236309120184e+03 4.693107247607773157e-18
3.813197244292280175e+03 3.427116460953000740e-18
3.816486252275440165e+03 4.054183297256405589e-18
3.819775260258600156e+03 4.809316990717010425e-18
3.823064268241760146e+03 4.351059583641689603e-18
3.826353276224920137e+03 4.680052500011090587e-18
3.829642284208080127e+03 4.736478110498245446e-18
3.832931292191250122e+03 5.106915379683140713e-18
3.836220300174410113e+03 5.550073662436646311e-18
3.839509308157570104e+03 5.545701758068185068e-18
3.842798316140730094e+03 5.326227281530726858e-18
3.846087324123890085e+03 5.144415941480169550e-18
3.849376332107050075e+03 4.513181773959724876e-18
3.852665340090210066e+03 3.781981784426370263e-18
3.855954348073380061e+03 4.090155656968642402e-18
3.859243356056540051e+03 4.377375006775558075e-18
3.862532364039700042e+03 4.473910502832179372e-18
3.865821372022860032e+03 4.565456310698826347e-18
3.869110380006020023e+03 4.683520760061682070e-18
3.872399387989180013e+03 5.007561922335413884e-18
3.875688395972340004e+03 5.265333576650270586e-18
3.878977403955509999e+03 5.470768373928240049e-18
3.882266411938669989e+03 5.346474604365141571e-18
3.885555419921829980e+03 4.853599626659846270e-18
3.888844427904989971e+03 4.897723752280056947e-18
3.892133435888149961e+03 5.312717324802404045e-18
3.895422443871309952e+03 5.713312198958465403e-18
3.898711451854469942e+03 5.798579914217908389e-18
3.902000459837639937e+03 5.446485134417765848e-18
3.905289467820799928e+03 5.237240670240473179e-18
3.908578475803959918e+03 5.238077929893311813e-18
3.911867483787119909e+03 5.440566060917360391e-18
3.915156491770279899e+03 5.220316645024849315e-18
3.918445499753439890e+03 4.440073290713588497e-18
3.921734507736599880e+03 4.583260948817921654e-18
3.925023515719769875e+03 5.000774429033277679e-18
3.928312523702929866e+03 4.876781422646441175e-18
3.931601531686089857e+03 4.528084453864613634e-18
3.934890539669249847e+03 4.478843289880697123e-18
3.938179547652409838e+03 4.669212832563907303e-18
3.941468555635569828e+03 4.379945041664609766e-18
3.944757563618729819e+03 4.104692543821319590e-18
3.948046571601899814e+03 4.278583786896970054e-18
3.951335579585059804e+03 4.826415783724247049e-18
3.954624587568219795e+03 5.041903115992605466e-18
3.957913595551379785e+03 4.826132632806054197e-18
3.961202603534539776e+03 4.737900639034620435e-18
3.964491611517700221e+03 4.321247449886501361e-18
3.967780619500860212e+03 4.234341794626603189e-18
3.971069627484020202e+03 4.458987501091056895e-18
3.974358635467190197e+03 4.571100362015532748e-18
3.977647643450350188e+03 4.958457592048805751e-18
3.980936651433510178e+03 4.926961455464365687e-18
3.984225659416670169e+03 4.580006745442326528e-18
3.987514667399830159e+03 4.662001290279023739e-18
3.990803675382990150e+03 4.996329366054374585e-18
3.994092683366150141e+03 5.092490940324291286e-18
3.997381691349320135e+03 4.933534892091503993e-18
4.000670699332480126e+03 4.943629425543441915e-18
4.003959707315640117e+03 4.970295739049616665e-18
4.007248715298800107e+03 5.511833385800702079e-18
4.010537723281960098e+03 6.191124631647164480e-18
4.013826731265120088e+03 6.007569678047735721e-18
4.017115739248280079e+03 5.426543993915942305e-18
4.020404747231450074e+03 4.843450901644617146e-18
4.023693755214610064e+03 4.524310011481430210e-18
4.026982763197770055e+03 4.584470775468382584e-18
4.030271771180930045e+03 4.567762161716838147e-18
4.033560779164090036e+03 4.182061838731171750e-18
4.036849787147250026e+03 3.978179629741474158e-18
4.040138795130410017e+03 3.912365330914240059e-18
4.043427803113580012e+03 4.098280327094970280e-18
4.046716811096740003e+03 4.697419541256614771e-18
4.050005819079899993e+03 5.222825714405199077e-18
4.053294827063059984e+03 5.534718482978281139e-18
4.056583835046219974e+03 5.124094105246229914e-18
4.059872843029379965e+03 4.433251927684396350e-18
4.063161851012539955e+03 4.475154199209696244e-18
4.066450858995709950e+03 4.882781783491782279e-18
4.069739866978869941e+03 4.738051020622751807e-18
4.073028874962029931e+03 4.702811601804019662e-18
4.076317882945189922e+03 5.288024938989087007e-18
4.079606890928349912e+03 5.380338912265377662e-18
4.082895898911509903e+03 5.101882338242535895e-18
4.086184906894669894e+03 5.115484420628451979e-18
4.089473914877839889e+03 5.211689348149000718e-18
4.092762922860999879e+03 5.153067624559498763e-18
4.096051930844159870e+03 5.171983189726048690e-18
4.099340938827320315e+03 5.257324063595933528e-18
4.102629946810479851e+03 5.425969563345063574e-18
4.105918954793640296e+03 4.922047635462998586e-18
4.109207962776799832e+03 4.497158683483805403e-18
4.112496970759970282e+03 4.685464882394729198e-18
4.115785978743129817e+03 4.666159137972487854e-18
4.119074986726290263e+03 4.688869467358454924e-18
4.122363994709449798e+03 5.016296247548761045e-18
4.125653002692610244e+03 5.330206297065332085e-18
4.128942010675769779e+03 5.396905273163284523e-18
4.132231018658930225e+03 4.683946163833513269e-18
4.135520026642099765e+03 4.256330021431724755e-18
4.138809034625260210e+03 4.818128538908047106e-18
4.142098042608419746e+03 5.614172798285735703e-18
4.145387050591580191e+03 5.357881928437792089e-18
4.148676058574739727e+03 4.985522213545165714e-18
4.151965066557900172e+03 5.254492554414005003e-18
4.155254074541059708e+03 5.090606428710863788e-18
4.158543082524220154e+03 5.134745457010979757e-18
4.161832090507389694e+03 5.250460702105191643e-18
4.165121098490550139e+03 4.771350381475683722e-18
4.168410106473709675e+03 4.631353251660079163e-18
4.171699114456870120e+03 4.895022302850024533e-18
4.174988122440029656e+03 5.069903896744809602e-18
4.178277130423190101e+03 5.636227409755888395e-18
4.181566138406359642e+03 5.695739229772437117e-18
4.184855146389520087e+03 5.383473894201732759e-18
4.188144154372679623e+03 5.459790517994666087e-18
4.191433162355840068e+03 5.498013182372541198e-18
4.194722170338999604e+03 5.646702638939942409e-18
4.198011178322160049e+03 7.303447111857220145e-18
4.201300186305319585e+03 9.633500082033689068e-18
4.204589194288480030e+03 9.951122253635660845e-18
4.207878202271649570e+03 7.976755609116412873e-18
4.211167210254810016e+03 6.279253661448346576e-18
4.214456218237969551e+03 5.280138711741236105e-18
4.217745226221129997e+03 5.090148510001058946e-18
4.221034234204290442e+03 4.913108737098230393e-18
4.224323242187449978e+03 5.139289419592887620e-18
4.227612250170610423e+03 5.766269549395028009e-18
4.230901258153779963e+03 5.968983930195814409e-18
4.234190266136940409e+03 5.569357730233571636e-18
4.237479274120099944e+03 5.217346947356529341e-18
4.240768282103260390e+03 4.622148814635187238e-18
4.244057290086419926e+03 4.764119872143648738e-18
4.247346298069580371e+03 5.125687337206971535e-18
4.250635306052739907e+03 5.136008120435647279e-18
4.253924314035910356e+03 5.057676925277388800e-18
4.257213322019069892e+03 4.823198159653873235e-18
4.260502330002230337e+03 5.164533204562686611e-18
4.263791337985389873e+03 5.473034936062865939e-18
4.267080345968550319e+03 5.116161815169583147e-18
4.270369353951709854e+03 4.832154670276712090e-18
4.273658361934870300e+03 5.004165466106181183e-18
4.276947369918039840e+03 5.086351036203477204e-18
4.280236377901200285e+03 4.777059462668338948e-18
4.283525385884359821e+03 4.461833912952890713e-18
4.286814393867520266e+03 4.574701391396186482e-18
4.290103401850679802e+03 4.716490907167625267e-18
4.293392409833840247e+03 4.390623489211004055e-18
4.296681417816999783e+03 4.719090747416487543e-18
4.299970425800170233e+03 5.337276941285660372e-18
4.303259433783329769e+03 5.317700239046966099e-18
4.306548441766490214e+03 5.027700862043246964e-18
4.309837449749649750e+03 4.694799379171518776e-18
4.313126457732810195e+03 4.282576350322397504e-18
4.316415465715969731e+03 4.255200127337117944e-18
4.319704473699130176e+03 4.642191564318180148e-18
4.322993481682289712e+03 4.847669714846783189e-18
4.326282489665460162e+03 4.827750250970276434e-18
4.329571497648619697e+03 4.807161521287131539e-18
4.332860505631780143e+03 4.750744039534470475e-18
4.336149513614939679e+03 5.258146420568867640e-18
4.339438521598100124e+03 5.519634261336370436e-18
4.342727529581259660e+03 5.417305687163994437e-18
4.346016537564430109e+03 5.195071505265967254e-18
4.349305545547589645e+03 5.176136973052265907e-18
4.352594553530750090e+03 5.203498293357640945e-18
4.355883561513909626e+03 5.702992770518871188e-18
4.359172569497070072e+03 6.152647266921824802e-18
4.362461577480229607e+03 6.183700387476366858e-18
4.365750585463390053e+03 5.938264087755510280e-18
4.369039593446559593e+03 5.627085293028780697e-18
4.372328601429720038e+03 5.305382496711035096e-18
4.375617609412879574e+03 5.379809189734212498e-18
4.378906617396040019e+03 5.509329735576680744e-18
4.382195625379199555e+03 5.545541892956477601e-18
4.385484633362360000e+03 5.560650500801869691e-18
4.388773641345520446e+03 5.222902937382887827e-18
4.392062649328679981e+03 5.152716734187192486e-18
4.395351657311850431e+03 5.623538455211417395e-18
4.398640665295009967e+03 5.801933017196508282e-18
4.401929673278170412e+03 6.052107014338036132e-18
4.405218681261329948e+03 6.281256039711931033e-18
4.408507689244490393e+03 6.357672917896952199e-18
4.411796697227649929e+03 6.383362428474815338e-18
4.415085705210820379e+03 6.314128642003950220e-18
4.418374713193979915e+03 6.414036208086322830e-18
4.421663721177140360e+03 6.757091835129609340e-18
4.424952729160299896e+03 6.691646038932750639e-18
4.428241737143460341e+03 6.397337077858354489e-18
4.431530745126619877e+03 6.350790589359058894e-18
4.434819753109780322e+03 6.311897304385464113e-18
4.438108761092939858e+03 6.255290152161285768e-18
4.441397769076110308e+03 6.753429840240252907e-18
4.444686777059269843e+03 7.386156985329351363e-18
4.447975785042430289e+03 7.528264876535121242e-18
4.451264793025589825e+03 7.738316795005442730e-18
4.454553801008750270e+03 7.950567536156275913e-18
4.457842808991909806e+03 7.889901435841640533e-18
4.461131816975070251e+03 8.216527535684327020e-18
4.464420824958229787e+03 8.222235262087899947e-18
4.467709832941400236e+03 7.734171140413719309e-18
4.470998840924559772e+03 7.693099354595847323e-18
4.474287848907720218e+03 7.420586240276891630e-18
4.477576856890879753e+03 7.263570250009903796e-18
4.480865864874040199e+03 7.536961267654164792e-18
4.484154872857199734e+03 7.742901401259820342e-18
4.487443880840370184e+03 7.987921780732420276e-18
4.490732888823529720e+03 8.229060689484338992e-18
4.494021896806690165e+03 8.113036552479370566e-18
4.497310904789849701e+03 7.780225840476152580e-18
4.500599912773010146e+03 7.750967815455611661e-18
4.503888920756169682e+03 8.029068079949817183e-18
4.507177928739330127e+03 8.183027666047220969e-18
4.510466936722499668e+03 8.070956803584294084e-18
4.513755944705660113e+03 7.798552072391920795e-18
4.517044952688819649e+03 7.826727620935735379e-18
4.520333960671980094e+03 7.664929225208360396e-18
4.523622968655139630e+03 7.318700682134415180e-18
4.526911976638300075e+03 7.256842367427387220e-18
4.530200984621459611e+03 7.382660274708032364e-18
4.533489992604630061e+03 7.516220801593806995e-18
4.536779000587789596e+03 7.502960126056620322e-18
4.540068008570950042e+03 7.548296787905456528e-18
4.543357016554109578e+03 7.434321091992869195e-18
4.546646024537270023e+03 7.445942472740516841e-18
4.549935032520429559e+03 7.624621540432883651e-18
4.553224040503590004e+03 7.448723854726401833e-18
4.556513048486760454e+03 7.302466244561663176e-18
4.559802056469919989e+03 7.286227742621662734e-18
4.563091064453080435e+03 6.888655402908129481e-18
4.566380072436239971e+03 6.659174454209080493e-18
4.569669080419400416e+03 6.735138832840626785e-18
4.572958088402559952e+03 6.719764686335110193e-18
4.576247096385720397e+03 6.797606802634671716e-18
4.579536104368879933e+03 6.927406435028085916e-18
4.582825112352050382e+03 6.646331053709231993e-18
4.586114120335209918e+03 6.284809651474705832e-18
4.589403128318370364e+03 6.166394311739544602e-18
4.592692136301529899e+03 6.399019725898524783e-18
4.595981144284690345e+03 6.428896889529661080e-18
4.599270152267849880e+03 6.163534351986887792e-18
4.602559160251010326e+03 6.082932530326756525e-18
4.605848168234179866e+03 6.242355980792924755e-18
4.609137176217340311e+03 6.179167263207115079e-18
4.612426184200499847e+03 6.357382993033347850e-18
4.615715192183660292e+03 6.043123407933552831e-18
4.619004200166819828e+03 5.914094650527946140e-18
4.622293208149980273e+03 6.027067802519658944e-18
4.625582216133149814e+03 5.795633247963987504e-18
4.628871224116310259e+03 5.691865887786248154e-18
4.632160232099469795e+03 5.665672395669783538e-18
4.635449240082630240e+03 5.660505230110033399e-18
4.638738248065789776e+03 5.714626344368260299e-18
4.642027256048950221e+03 5.586993019717384151e-18
4.645316264032109757e+03 5.586578454258211346e-18
4.648605272015270202e+03 5.574320322641899201e-18
4.651894279998429738e+03 5.536391647494876108e-18
4.655183287981600188e+03 5.430662552726021280e-18
4.658472295964759724e+03 5.227463157433784822e-18
4.661761303947920169e+03 5.385098286311365723e-18
4.665050311931079705e+03 5.586850766863745804e-18
4.668339319914240150e+03 5.530858688882915940e-18
4.671628327897399686e+03 5.195751609385263020e-18
4.674917335880570135e+03 5.165221437416476172e-18
4.678206343863729671e+03 5.347907971214174955e-18
4.681495351846890117e+03 5.230736327856530597e-18
4.684784359830049652e+03 5.322324134184728081e-18
4.688073367813210098e+03 5.676990303663005383e-18
4.691362375796369633e+03 5.479151808769281703e-18
4.694651383779530079e+03 5.012752119309562341e-18
4.697940391762689615e+03 5.293694731298355553e-18
4.701229399745860064e+03 5.607993605281536482e-18
4.704518407729019600e+03 5.558458452066769494e-18
4.707807415712180045e+03 5.346771303174156647e-18
4.711096423695339581e+03 5.434489831883412836e-18
4.714385431678500026e+03 5.793294882008002062e-18
4.717674439661659562e+03 5.750236975395532440e-18
4.720963447644820008e+03 5.501199646294022898e-18
4.724252455627989548e+03 5.686774590415106006e-18
4.727541463611149993e+03 5.641601858045224166e-18
4.730830471594310438e+03 5.622758096700033791e-18
4.734119479577469974e+03 5.709123191116109945e-18
4.737408487560630419e+03 5.857330342770225697e-18
4.740697495543789955e+03 5.970960567466835949e-18
4.743986503526950401e+03 6.014802896957935303e-18
4.747275511510119941e+03 6.012830324054162201e-18
4.750564519493280386e+03 6.054647243867278779e-18
4.753853527476439922e+03 5.877771400443403050e-18
4.757142535459600367e+03 5.931188024378852796e-18
4.760431543442759903e+03 6.223061074683341806e-18
4.763720551425920348e+03 6.332403391934590291e-18
4.767009559409079884e+03 6.203523661328032672e-18
4.770298567392250334e+03 6.048529016371780716e-18
4.773587575375409870e+03 5.883591574340803738e-18
4.776876583358570315e+03 5.810237874270777346e-18
4.780165591341729851e+03 5.891288131117137359e-18
4.783454599324890296e+03 6.154863701860406388e-18
4.786743607308049832e+03 6.050120893543438496e-18
4.790032615291210277e+03 5.921135489388464612e-18
4.793321623274379817e+03 6.096884148295897359e-18
4.796610631257540263e+03 6.179339321420563239e-18
4.799899639240699798e+03 6.446582306209516358e-18
4.803188647223860244e+03 6.704387830251430543e-18
4.806477655207019779e+03 6.647913447357314449e-18
4.809766663190180225e+03 6.589171147539490166e-18
4.813055671173339761e+03 6.600604212604704371e-18
4.816344679156510210e+03 6.601371023225264211e-18
4.819633687139669746e+03 6.746891628129254383e-18
4.822922695122830191e+03 6.547497835369092693e-18
4.826211703105989727e+03 6.317179627017205841e-18
4.829500711089150172e+03 6.296356518822830098e-18
4.832789719072309708e+03 6.375637421127754202e-18
4.836078727055470154e+03 6.525974301219186694e-18
4.839367735038629689e+03 6.598661445060739543e-18
4.842656743021800139e+03 6.423643017468646096e-18
4.845945751004959675e+03 6.196505853881911747e-18
4.849234758988120120e+03 6.131730678280773488e-18
4.852523766971279656e+03 6.357263771594108592e-18
4.855812774954440101e+03 6.683697491387116280e-18
4.859101782937599637e+03 6.871341198436814200e-18
4.862390790920770087e+03 6.862887314563494523e-18
4.865679798903929623e+03 6.674577051285324600e-18
4.868968806887090068e+03 6.662270147262050450e-18
4.872257814870249604e+03 6.809030384176310596e-18
4.875546822853410049e+03 6.953748953943600375e-18
4.878835830836569585e+03 6.956313569676323639e-18
4.882124838819730030e+03 7.014542404431970350e-18
4.885413846802899570e+03 7.204589507313600997e-18
4.888702854786060016e+03 7.256188004300653601e-18
4.891991862769219551e+03 7.044135062355831495e-18
4.895280870752379997e+03 7.165056761893179430e-18
4.898569878735540442e+03 7.432129043257767457e-18
4.901858886718699978e+03 6.972225567447497651e-18
4.905147894701860423e+03 6.599470254142849891e-18
4.908436902685029963e+03 6.707484878093482029e-18
4.911725910668190409e+03 6.786405406502525301e-18
4.915014918651349944e+03 6.984998518915068898e-18
4.918303926634510390e+03 7.227489507171085349e-18
4.921592934617669926e+03 7.139640918709933048e-18
4.924881942600830371e+03 6.894978203555049348e-18
4.928170950583989907e+03 6.704184611889091038e-18
4.931459958567160356e+03 6.597891924862014334e-18
4.934748966550319892e+03 6.435991919953470754e-18
4.938037974533480337e+03 6.342161937694127228e-18
4.941326982516639873e+03 6.465752571723532392e-18
4.944615990499800319e+03 6.549145258893124745e-18
4.947904998482959854e+03 6.667689303591101328e-18
4.951194006466120300e+03 6.674880524039751172e-18
4.954483014449289840e+03 6.672242749696586056e-18
4.957772022432450285e+03 6.805228846011481186e-18
4.961061030415609821e+03 6.817469365369724211e-18
4.964350038398770266e+03 6.619832734049257736e-18
4.967639046381929802e+03 6.372502439191398334e-18
4.970928054365090247e+03 6.555294646537514152e-18
4.974217062348249783e+03 6.893756183802847724e-18
4.977506070331410228e+03 6.811049019908881875e-18
4.980795078314579769e+03 6.623291510576273894e-18
4.984084086297740214e+03 6.686187593720314623e-18
4.987373094280899750e+03 6.656422877583005316e-18
4.990662102264060195e+03 6.610353274840665983e-18
4.993951110247219731e+03 6.864968270593850799e-18
4.997240118230380176e+03 6.970889745412387507e-18
5.000529126213549716e+03 7.025670641953674913e-18
5.003818134196710162e+03 7.311116572851908550e-18
5.007107142179869697e+03 7.428607946432967071e-18
5.010396150163030143e+03 7.410411774269099589e-18
5.013685158146189679e+03 7.359558411277290037e-18
5.016974166129350124e+03 7.314732504912466806e-18
5.020263174112509660e+03 7.510400627696407847e-18
5.023552182095680109e+03 7.600418233478262799e-18
5.026841190078839645e+03 7.534496906313530136e-18
5.030130198062000090e+03 7.673547038560632127e-18
5.033419206045159626e+03 7.896378682443936358e-18
5.036708214028320072e+03 7.910696093465287221e-18
5.039997222011479607e+03 7.997467624606042384e-18
5.043286229994640053e+03 7.929695655554938164e-18
5.046575237977799588e+03 7.849809162530241675e-18
5.049864245960970038e+03 8.277658328654180278e-18
5.053153253944129574e+03 8.710816913191505055e-18
5.056442261927290019e+03 8.792154385323304048e-18
5.059731269910449555e+03 8.794475139021219599e-18
5.063020277893610000e+03 8.932568790176246009e-18
5.066309285876770446e+03 9.087904841981227377e-18
5.069598293859929981e+03 8.981849243043547659e-18
5.072887301843090427e+03 8.993350047562875289e-18
5.076176309826259967e+03 9.332930640610158049e-18
5.079465317809420412e+03 9.471139448837176819e-18
5.082754325792579948e+03 9.487428077973219254e-18
5.086043333775740393e+03 9.247425837261318846e-18
5.089332341758899929e+03 9.390315441767553858e-18
5.092621349742060374e+03 9.733608156900236584e-18
5.095910357725229915e+03 9.704920498083326727e-18
5.099199365708390360e+03 9.545870969403863092e-18
5.102488373691549896e+03 9.756573186633669762e-18
5.105777381674710341e+03 1.003531155678562131e-17
5.109066389657869877e+03 9.874275907311562353e-18
5.112355397641030322e+03 1.002106730437471307e-17
5.115644405624189858e+03 1.030149645130132948e-17
5.118933413607360308e+03 1.054330869022713247e-17
5.122222421590519843e+03 1.082092935938621790e-17
5.125511429573680289e+03 1.054063298178966374e-17
5.128800437556839825e+03 1.018486401399842407e-17
5.132089445540000270e+03 1.038742530363291758e-17
5.135378453523159806e+03 1.061832607129017773e-17
5.138667461506320251e+03 1.056149944323467075e-17
5.141956469489479787e+03 1.051067588560267333e-17
5.145245477472650236e+03 1.081962876186724600e-17
5.148534485455809772e+03 1.086316897339300108e-17
5.151823493438970218e+03 1.100670887665872435e-17
5.155112501422129753e+03 1.137403419532166130e-17
5.158401509405290199e+03 1.103345918708799858e-17
5.161690517388449734e+03 1.074833434120226063e-17
5.164979525371620184e+03 1.062670815134213555e-17
5.168268533354779720e+03 1.047957128306300621e-17
5.171557541337940165e+03 1.060210653639732948e-17
5.174846549321099701e+03 1.067912629572395766e-17
5.178135557304260146e+03 1.053891646402243828e-17
5.181424565287419682e+03 1.046771416901504464e-17
5.184713573270580127e+03 1.037987370928838460e-17
5.188002581253739663e+03 1.021134065703308462e-17
5.191291589236910113e+03 1.027916681764747927e-17
5.194580597220069649e+03 1.027001657218587470e-17
5.197869605203230094e+03 1.032473243885121482e-17
5.201158613186389630e+03 1.039412202606654128e-17
5.204447621169550075e+03 1.010522002821945300e-17
5.207736629152709611e+03 9.867328548897719452e-18
5.211025637135870056e+03 9.937241084698798036e-18
5.214314645119039596e+03 9.982940830021679671e-18
5.217603653102200042e+03 9.990275658113049391e-18
5.220892661085359578e+03 9.725917019280231390e-18
5.224181669068520023e+03 9.520705762200834380e-18
5.227470677051679559e+03 9.576807578097328177e-18
5.230759685034840004e+03 9.517841738080930671e-18
5.234048693018000449e+03 9.342381649248022286e-18
5.237337701001169989e+03 9.288937929530927323e-18
5.240626708984330435e+03 9.360050808458890742e-18
5.243915716967489971e+03 9.318492653360485629e-18
5.247204724950650416e+03 9.158687152373119008e-18
5.250493732933809952e+03 8.938960685066360059e-18
5.253782740916970397e+03 8.570017748239200874e-18
5.257071748900139937e+03 8.444739047013296989e-18
5.260360756883300382e+03 8.417713714400322166e-18
5.263649764866459918e+03 8.057059377178445224e-18
5.266938772849620364e+03 7.868044623577497378e-18
5.270227780832779899e+03 7.979975942764950515e-18
5.273516788815940345e+03 7.762459136451361655e-18
5.276805796799099880e+03 7.199788134806063199e-18
5.280094804782260326e+03 7.027032204981348744e-18
5.283383812765429866e+03 7.189354904083558153e-18
5.286672820748590311e+03 7.084939954724498220e-18
5.289961828731749847e+03 6.715854765043699919e-18
5.293250836714910292e+03 6.577746211208769757e-18
5.296539844698069828e+03 6.529464237895095736e-18
5.299828852681230273e+03 6.507817417938703582e-18
5.303117860664389809e+03 6.331392719279222738e-18
5.306406868647560259e+03 6.376704994924576785e-18
5.309695876630719795e+03 6.244798665508244163e-18
5.312984884613880240e+03 6.019247959936839168e-18
5.316273892597039776e+03 5.883928916822286252e-18
5.319562900580200221e+03 5.963003891186707794e-18
5.322851908563359757e+03 5.930743653559870948e-18
5.326140916546520202e+03 5.782869780019991582e-18
5.329429924529689742e+03 5.698959563420974759e-18
5.332718932512850188e+03 5.500805402671083813e-18
5.336007940496009724e+03 5.435011425680084204e-18
5.339296948479170169e+03 5.563331628395667615e-18
5.342585956462329705e+03 5.530853269726585972e-18
5.345874964445490150e+03 5.589431640065455890e-18
5.349163972428649686e+03 5.365451135040393427e-18
5.352452980411820135e+03 4.907593390744339346e-18
5.355741988394979671e+03 5.211094595741887498e-18
5.359030996378140117e+03 5.498143242124438080e-18
5.362320004361299652e+03 5.292525548320362832e-18
5.365609012344460098e+03 5.166480036473897567e-18
5.368898020327619633e+03 5.090124123797578329e-18
5.372187028310780079e+03 5.188596968241835257e-18
5.375476036293939615e+03 5.337561446992935524e-18
5.378765044277110064e+03 5.337537060789454907e-18
5.382054052260269600e+03 5.295149774772704955e-18
5.385343060243430045e+03 5.358830280795376186e-18
5.388632068226589581e+03 5.136932086589750758e-18
5.391921076209750026e+03 5.159841569970811205e-18
5.395210084192909562e+03 4.932673246235184742e-18
5.398499092176080012e+03 4.974366880241815935e-18
5.401788100159239548e+03 5.171811131512601300e-18
5.405077108142399993e+03 5.324835913143243213e-18
5.408366116125560438e+03 5.323223714135350942e-18
5.411655124108719974e+03 5.310533404801796872e-18
5.414944132091880419e+03 5.114281367923402546e-18
5.418233140075039955e+03 5.033632128645392344e-18
5.421522148058200401e+03 5.040935796587870720e-18
5.424811156041369941e+03 5.170797749279068378e-18
5.428100164024530386e+03 5.336217496223331584e-18
5.431389172007689922e+03 5.407632493116638505e-18
5.434678179990850367e+03 5.349983508088201264e-18
5.437967187974009903e+03 5.404008432321586453e-18
5.441256195957170348e+03 5.282193926779027924e-18
5.444545203940329884e+03 5.403126464629034253e-18
5.447834211923500334e+03 5.438043443646187635e-18
5.451123219906659870e+03 5.422127381507765955e-18
5.454412227889820315e+03 5.262554904242550194e-18
5.457701235872979851e+03 5.461645224248284542e-18
5.460990243856140296e+03 5.639799988565814614e-18
5.464279251839299832e+03 5.638367976505863530e-18
5.467568259822460277e+03 5.729002011320148491e-18
5.470857267805629817e+03 5.681914961977030108e-18
5.474146275788790263e+03 5.919485356286268732e-18
5.477435283771949798e+03 6.684854481263368307e-18
5.480724291755110244e+03 7.142010444814809834e-18
5.484013299738269779e+03 7.117047101185039096e-18
5.487302307721430225e+03 6.539901532984846910e-18
5.490591315704589761e+03 5.835997833880919279e-18
5.493880323687760210e+03 5.656087262912776291e-18
5.497169331670919746e+03 5.752517085420979782e-18
5.500458339654080191e+03 5.990493916454898185e-18
5.503747347637239727e+03 5.944330833265882510e-18
5.507036355620400172e+03 5.634013684395471408e-18
5.510325363603559708e+03 5.471539248916048328e-18
5.513614371586720154e+03 5.508859623765135979e-18
5.516903379569889694e+03 5.767976583638678149e-18
5.520192387553050139e+03 5.965778499227181289e-18
5.523481395536209675e+03 5.933748575744329933e-18
5.526770403519370120e+03 5.840976683758233665e-18
5.530059411502529656e+03 5.867143080093053836e-18
5.533348419485690101e+03 6.146447752081391862e-18
5.536637427468849637e+03 6.344081673823693738e-18
5.539926435452010082e+03 6.642024179216718806e-18
5.543215443435179623e+03 6.815483244575127345e-18
5.546504451418340068e+03 6.892359396259035652e-18
5.549793459401499604e+03 6.986616137079291136e-18
5.553082467384660049e+03 7.074757359982212384e-18
5.556371475367819585e+03 7.177110320358069771e-18
5.559660483350980030e+03 7.084538937156148409e-18
5.562949491334139566e+03 6.991448669735721818e-18
5.566238499317310016e+03 7.053702582854770392e-18
5.569527507300469551e+03 6.702679441218697332e-18
5.572816515283629997e+03 6.825516812518363338e-18
5.576105523266790442e+03 7.337816756085139242e-18
5.579394531249949978e+03 7.485404769128661927e-18
5.582683539233110423e+03 8.776284386013679774e-18
5.585972547216269959e+03 8.510683405592428740e-18
5.589261555199440409e+03 8.381114087342998490e-18
5.592550563182599944e+03 8.569492090075282608e-18
5.595839571165760390e+03 7.550305940114452481e-18
5.599128579148919926e+03 6.673800757141187895e-18
5.602417587132080371e+03 6.749598496715614453e-18
5.605706595115239907e+03 6.828372707903773251e-18
5.608995603098410356e+03 6.621106235786584422e-18
5.612284611081569892e+03 6.463079572864228265e-18
5.615573619064730337e+03 6.442634450823804014e-18
5.618862627047889873e+03 6.518609667768007160e-18
5.622151635031050319e+03 6.647202183089125799e-18
5.625440643014209854e+03 6.898877286533801227e-18
5.628729650997370300e+03 6.982375647251808304e-18
5.632018658980529835e+03 6.426451495236177074e-18
5.635307666963700285e+03 6.269190288145300768e-18
5.638596674946859821e+03 7.454462741278867644e-18
5.641885682930020266e+03 9.828771251616527196e-18
5.645174690913179802e+03 1.162744749315887898e-17
5.648463698896340247e+03 1.080695471000267952e-17
5.651752706879499783e+03 8.087791412720489276e-18
5.655041714862660228e+03 6.658246423687730886e-18
5.658330722845829769e+03 6.637365059562817813e-18
5.661619730828990214e+03 6.527235609854773457e-18
5.664908738812149750e+03 6.278710391026359959e-18
5.668197746795310195e+03 6.276027908643479736e-18
5.671486754778469731e+03 6.499092576248932516e-18
5.674775762761630176e+03 6.394745366343986009e-18
5.678064770744789712e+03 6.338260145137211521e-18
5.681353778727950157e+03 6.161095731638814512e-18
5.684642786711119697e+03 5.949217557485602855e-18
5.687931794694280143e+03 6.188476018991341740e-18
5.691220802677439679e+03 6.357723045092995733e-18
5.694509810660600124e+03 6.148913468211109587e-18
5.697798818643759660e+03 6.093115125069042362e-18
5.701087826626930109e+03 6.318512739474151386e-18
5.704376834610089645e+03 6.612348879158838173e-18
5.707665842593250090e+03 6.676778583544000123e-18
5.710954850576409626e+03 6.513342247816171494e-18
5.714243858559570072e+03 6.453521535888865463e-18
5.717532866542729607e+03 6.694484322060089891e-18
5.720821874525890053e+03 6.807580759858289621e-18
5.724110882509049588e+03 6.537578069708765990e-18
5.727399890492220038e+03 6.428596126353398336e-18
5.730688898475379574e+03 6.702404419034997505e-18
5.733977906458540019e+03 6.844917392176364093e-18
5.737266914441699555e+03 6.770971649277389850e-18
5.740555922424860000e+03 6.855243594561369805e-18
5.743844930408020446e+03 7.028265063046207221e-18
5.747133938391179981e+03 6.698176122309256138e-18
5.750422946374350431e+03 6.388199025498492148e-18
5.753711954357509967e+03 6.560589162270995804e-18
5.757000962340670412e+03 6.680440578433355786e-18
5.760289970323829948e+03 6.787813032358995768e-18
5.763578978306990393e+03 6.898338080479060738e-18
5.766867986290149929e+03 7.220607178633191274e-18
5.770156994273310374e+03 7.459615004158711720e-18
5.773446002256479915e+03 7.155482467448829036e-18
5.776735010239640360e+03 6.929568678403377840e-18
5.780024018222799896e+03 7.067685360972801028e-18
5.783313026205960341e+03 7.098566423313894923e-18
5.786602034189119877e+03 7.173035114798622833e-18
5.789891042172280322e+03 7.442882004203685896e-18
5.793180050155439858e+03 7.617530574376321645e-18
5.796469058138600303e+03 7.738582333665567232e-18
5.799758066121769843e+03 7.691143039161059502e-18
5.803047074104930289e+03 7.825612629521032319e-18
5.806336082088089825e+03 8.225143994247517992e-18
5.809625090071250270e+03 8.328350471745199293e-18
5.812914098054409806e+03 8.278361464187875132e-18
5.816203106037570251e+03 8.560904082082819921e-18
5.819492114020729787e+03 8.912443398359235152e-18
5.822781122003900236e+03 8.834341162555879093e-18
5.826070129987059772e+03 8.714688900388611718e-18
5.829359137970220218e+03 8.705823160634285376e-18
5.832648145953379753e+03 8.823979735654734370e-18
5.835937153936540199e+03 9.098553484167811851e-18
5.839226161919699734e+03 8.993065541855600137e-18
5.842515169902870184e+03 9.025164559581647217e-18
5.845804177886029720e+03 9.253315105401915259e-18
5.849093185869190165e+03 9.288276792458782207e-18
5.852382193852349701e+03 9.299130007796789255e-18
5.855671201835510146e+03 9.380275099878906368e-18
5.858960209818669682e+03 9.223985276560010936e-18
5.862249217801830127e+03 9.277606473646882486e-18
5.865538225784989663e+03 9.899630784986106806e-18
5.868827233768160113e+03 9.640805104765249743e-18
5.872116241751319649e+03 9.226976650853647698e-18
5.875405249734480094e+03 9.625769655530298734e-18
5.878694257717639630e+03 9.692623077583630213e-18
5.881983265700800075e+03 9.608161461828132206e-18
5.885272273683959611e+03 9.611889841382518224e-18
5.888561281667120056e+03 9.621049570367695813e-18
5.891850289650289596e+03 9.758777428470512194e-18
5.895139297633450042e+03 9.637210849330006735e-18
5.898428305616609578e+03 9.516813453167494768e-18
5.901717313599770023e+03 9.457762261438915486e-18
5.905006321582929559e+03 9.437678868083454367e-18
5.908295329566090004e+03 9.583948671349935258e-18
5.911584337549250449e+03 9.949240451600396405e-18
5.914873345532419989e+03 1.001647050501859631e-17
5.918162353515580435e+03 9.824192064518478781e-18
5.921451361498739971e+03 9.981339469326446566e-18
5.924740369481900416e+03 1.018961119494267452e-17
5.928029377465059952e+03 1.029929762862081779e-17
5.931318385448220397e+03 1.031141215259441006e-17
5.934607393431379933e+03 1.006510607828274197e-17
5.937896401414540378e+03 9.649135702832081724e-18
5.941185409397709918e+03 9.517474590239639884e-18
5.944474417380870364e+03 9.700354858876101305e-18
5.947763425364029899e+03 9.616397224659206316e-18
5.951052433347190345e+03 9.469160101987989909e-18
5.954341441330349880e+03 9.533577613271413476e-18
5.957630449313510326e+03 9.722966288659063607e-18
5.960919457296679866e+03 9.875396317882593069e-18
5.964208465279840311e+03 1.004469618075845442e-17
5.967497473262999847e+03 1.010960819005690337e-17
5.970786481246160292e+03 9.930328950801093376e-18
5.974075489229319828e+03 1.003511511236869562e-17
5.977364497212480273e+03 1.013676087284360971e-17
5.980653505195639809e+03 9.941094104848752508e-18
5.983942513178810259e+03 9.931439877848549537e-18
5.987231521161969795e+03 9.841514397724287858e-18
5.990520529145130240e+03 9.868997649047067523e-18
5.993809537128289776e+03 1.004706299728516815e-17
5.997098545111450221e+03 9.954777474579604241e-18
6.000387553094609757e+03 9.594133975670384152e-18
6.003676561077770202e+03 9.394412323952316044e-18
6.006965569060929738e+03 9.328215974603884324e-18
6.010254577044100188e+03 9.377817512483681668e-18
6.013543585027259724e+03 9.524813482698254960e-18
6.016832593010420169e+03 9.655595337176310739e-18
6.020121600993579705e+03 9.405654363756930668e-18
6.023410608976740150e+03 9.129826080553679462e-18
6.026699616959899686e+03 9.252793511605243890e-18
6.029988624943060131e+03 9.259105473939505363e-18
6.033277632926229671e+03 8.942655194893690134e-18
6.036566640909390117e+03 8.803107855053398163e-18
6.039855648892549652e+03 8.817724674461927928e-18
6.043144656875710098e+03 8.656090208213508081e-18
6.046433664858869633e+03 8.420607543880034919e-18
6.049722672842030079e+03 8.293812833671079704e-18
6.053011680825189615e+03 8.075422188399430898e-18
6.056300688808360064e+03 7.905501832123893407e-18
6.059589696791519600e+03 8.016560667142368898e-18
6.062878704774680045e+03 8.077577657829312096e-18
6.066167712757839581e+03 7.843270950419243922e-18
6.069456720741000026e+03 7.468964403615405050e-18
6.072745728724159562e+03 7.327822477025288388e-18
6.076034736707320008e+03 7.372351684581095774e-18
6.079323744690489548e+03 7.391799681856975464e-18
6.082612752673649993e+03 7.174411580506201957e-18
6.085901760656810438e+03 7.103706493091999845e-18
6.089190768639969974e+03 7.359692535396434588e-18
6.092479776623130419e+03 7.332176769135681280e-18
6.095768784606289955e+03 7.198345284433452950e-18
6.099057792589450401e+03 7.185198411179176338e-18
6.102346800572619941e+03 7.001297986363769728e-18
6.105635808555780386e+03 6.662898769396220383e-18
6.108924816538939922e+03 6.733737980929566274e-18
6.112213824522100367e+03 6.868540849403777018e-18
6.115502832505259903e+03 6.689501407815529377e-18
6.118791840488420348e+03 6.619408685066508836e-18
6.122080848471579884e+03 6.530996504347133888e-18
6.125369856454740329e+03 6.222338972102495532e-18
6.128658864437909870e+03 6.176712385390055748e-18
6.131947872421070315e+03 6.195847426387932000e-18
6.135236880404229851e+03 6.329421501164530395e-18
6.138525888387390296e+03 6.687248393571726480e-18
6.141814896370549832e+03 6.759247304559488997e-18
6.145103904353710277e+03 6.391453228874088044e-18
6.148392912336869813e+03 6.033425827682717053e-18
6.151681920320040263e+03 5.848171968574130407e-18
6.154970928303199798e+03 6.003862975118664951e-18
6.158259936286360244e+03 6.151425247169624719e-18
6.161548944269519779e+03 6.123708972124695736e-18
6.164837952252680225e+03 5.920352421298917180e-18
6.168126960235839761e+03 5.780020658579993166e-18
6.171415968219000206e+03 5.663634792890060839e-18
6.174704976202169746e+03 5.487978259640222135e-18
6.177993984185330191e+03 5.087535121861374448e-18
6.181282992168489727e+03 5.059561436890816298e-18
6.184572000151650172e+03 5.528921340495280309e-18
6.187861008134809708e+03 5.565896244128390879e-18
6.191150016117970154e+03 5.359667540448214820e-18
6.194439024101139694e+03 5.512718063071418878e-18
6.197728032084300139e+03 5.330442030365645232e-18
6.201017040067459675e+03 5.005818308786541662e-18
6.204306048050620120e+03 5.165504588334669025e-18
6.207595056033779656e+03 5.423476751433700633e-18
6.210884064016940101e+03 5.323967493341513235e-18
6.214173072000099637e+03 5.348138285358160445e-18
6.217462079983270087e+03 5.731950032363151675e-18
6.220751087966429623e+03 5.573438354949347001e-18
6.224040095949590068e+03 5.149585816618083517e-18
6.227329103932749604e+03 5.329817472598722968e-18
6.230618111915910049e+03 5.508580537214189254e-18
6.233907119899069585e+03 5.372622033652809552e-18
6.237196127882230030e+03 5.436794328112341566e-18
6.240485135865399570e+03 5.609114015852567198e-18
6.243774143848560016e+03 5.649009844747035737e-18
6.247063151831719551e+03 5.677135266094807557e-18
6.250352159814879997e+03 5.470780567029980743e-18
6.253641167798040442e+03 5.588185234109774419e-18
6.256930175781199978e+03 5.811923231889113009e-18
6.260219183764360423e+03 6.240735653050538689e-18
6.263508191747519959e+03 6.581677809125496050e-18
6.266797199730690409e+03 6.512807106128677133e-18
6.270086207713849944e+03 6.203856939442269059e-18
6.273375215697010390e+03 5.877477411212552573e-18
6.276664223680169926e+03 5.673471916416369595e-18
6.279953231663330371e+03 5.579385879020479973e-18
6.283242239646489907e+03 5.524449181734731228e-18
6.286531247629650352e+03 5.721847370176719187e-18
6.289820255612819892e+03 5.644820836904680279e-18
6.293109263595980337e+03 5.319022513191254791e-18
6.296398271579139873e+03 5.590235029991237811e-18
6.299687279562300319e+03 6.248253377668013423e-18
6.302976287545459854e+03 6.172248355364000463e-18
6.306265295528620300e+03 5.624393327122325149e-18
6.309554303511779835e+03 5.277689253080505200e-18
6.312843311494950285e+03 5.124936784055397746e-18
6.316132319478109821e+03 5.085883633970096268e-18
6.319421327461270266e+03 4.824326698959397747e-18
6.322710335444429802e+03 4.382650555461889078e-18
6.325999343427590247e+03 4.107244966452302160e-18
6.329288351410749783e+03 4.101961289031478133e-18
6.332577359393910228e+03 3.928709506402655996e-18
6.335866367377079769e+03 3.487106521515588408e-18
6.339155375360240214e+03 3.254754774751224985e-18
6.342444383343399750e+03 3.253021999515011158e-18
6.345733391326560195e+03 3.249923596883876602e-18
6.349022399309719731e+03 3.068231478272558166e-18
6.352311407292880176e+03 3.270647805475247577e-18
6.355600415276039712e+03 3.338759826585999294e-18
6.358889423259200157e+03 3.288468701063329319e-18
6.362178431242369697e+03 3.630596297585266607e-18
6.365467439225530143e+03 3.491242692583736504e-18
6.368756447208689679e+03 3.565136953497584143e-18
6.372045455191850124e+03 3.599575691968699735e-18
6.375334463175009660e+03 3.510521341224332632e-18
6.378623471158170105e+03 3.282611947860708090e-18
6.381912479141329641e+03 3.426166753806334730e-18
6.385201487124500090e+03 3.303872652928655341e-18
6.388490495107659626e+03 3.192335577364140518e-18
6.391779503090820072e+03 3.089904039221512853e-18
6.395068511073979607e+03 3.298209634564797520e-18
6.398357519057140053e+03 3.638191245180430091e-18
6.401646527040299588e+03 3.692008886684229649e-18
6.404935535023460034e+03 3.650303059575857762e-18
6.408224543006629574e+03 3.470576739922902858e-18
6.411513550989790019e+03 3.147559798195361976e-18
6.414802558972949555e+03 3.127538725137685084e-18
6.418091566956110000e+03 3.222983615983085094e-18
6.421380574939270446e+03 3.331183846037986845e-18
6.424669582922429981e+03 3.227239008490472063e-18
6.427958590905590427e+03 3.131242718488591640e-18
6.431247598888759967e+03 3.522283620036536325e-18
6.434536606871920412e+03 3.617621482544437385e-18
6.437825614855079948e+03 3.047967897969156246e-18
6.441114622838240393e+03 2.817644270460940197e-18
6.444403630821399929e+03 2.990049309913348375e-18
6.447692638804560374e+03 3.098771133764921494e-18
6.450981646787719910e+03 3.148509505342028371e-18
6.454270654770890360e+03 3.075606950036395710e-18
6.457559662754049896e+03 2.896232875544828612e-18
6.460848670737210341e+03 2.948511476651177366e-18
6.464137678720369877e+03 3.171526017060587382e-18
6.467426686703530322e+03 2.898056421649553797e-18
6.470715694686689858e+03 2.736587239669169458e-18
6.474004702669850303e+03 2.910523190784534643e-18
6.477293710653019843e+03 3.000779239444868111e-18
6.480582718636180289e+03 2.963682404794354069e-18
6.483871726619339825e+03 2.818504561528177149e-18
6.487160734602500270e+03 2.736965225823120566e-18
6.490449742585659806e+03 2.833487173988918870e-18
6.493738750568820251e+03 2.915271726517864695e-18
6.497027758551979787e+03 3.150104092091850750e-18
6.500316766535150236e+03 3.220232039357009918e-18
6.503605774518309772e+03 3.099218214162067941e-18
6.506894782501470218e+03 3.175956177359585570e-18
6.510183790484629753e+03 3.024689911957720786e-18
6.513472798467790199e+03 2.766301828610434845e-18
6.516761806450949734e+03 2.644580803514552272e-18
6.520050814434110180e+03 2.604053642907749202e-18
6.523339822417279720e+03 2.687592647298224873e-18
6.526628830400440165e+03 2.863461882433978792e-18
6.529917838383599701e+03 2.876974548740465818e-18
6.533206846366760146e+03 2.720237645024424709e-18
6.536495854349919682e+03 2.731295433513851634e-18
6.539784862333080127e+03 2.761065568807489753e-18
6.543073870316239663e+03 2.642181472049865672e-18
6.546362878299410113e+03 2.600330682509691611e-18
6.549651886282569649e+03 2.620908573880178113e-18
6.552940894265730094e+03 2.719258132517948499e-18
6.556229902248889630e+03 2.889950718570376954e-18
6.559518910232050075e+03 2.901660160608372900e-18
6.562807918215209611e+03 3.054854290874297604e-18
6.566096926198370056e+03 3.311666754518911816e-18
6.569385934181529592e+03 3.192037523766042758e-18
6.572674942164700042e+03 3.162910913286479095e-18
6.575963950147859578e+03 2.970380482017060445e-18
6.579252958131020023e+03 2.929216570541593646e-18
6.582541966114179559e+03 3.149199092984899847e-18
6.585830974097340004e+03 3.207461797467602499e-18
6.589119982080510454e+03 3.135813776852145489e-18
6.592408990063669989e+03 3.142678493131970059e-18
6.595697998046830435e+03 3.170291804206645835e-18
6.598987006029989971e+03 3.115719545184026361e-18
6.602276014013150416e+03 3.380611970915255269e-18
6.605565021996309952e+03 3.436883135447031858e-18
6.608854029979470397e+03 3.578543946255655290e-18
6.612143037962629933e+03 3.802991853514098690e-18
6.615432045945790378e+03 3.633547028206433620e-18
6.618721053928959918e+03 3.633792245030323632e-18
6.622010061912120364e+03 3.755708359754052299e-18
6.625299069895279899e+03 3.755774744419082654e-18
6.628588077878440345e+03 3.874612778347910484e-18
6.631877085861599880e+03 3.813239478132333352e-18
6.635166093844760326e+03 3.584053873453217140e-18
6.638455101827929866e+03 3.621985258178404832e-18
6.641744109811090311e+03 3.700935591947257919e-18
6.645033117794249847e+03 3.661108857295984334e-18
6.648322125777410292e+03 3.770410530874765381e-18
6.651611133760569828e+03 3.779533680554721659e-18
6.654900141743730273e+03 3.813015937933760129e-18
6.658189149726889809e+03 4.224018301819762076e-18
6.661478157710050255e+03 4.370714863647155695e-18
6.664767165693219795e+03 4.127878404175162163e-18
6.668056173676380240e+03 4.073983539693673856e-18
6.671345181659539776e+03 4.118721384768148403e-18
6.674634189642700221e+03 4.111210434096085165e-18
6.677923197625859757e+03 4.034422343702524003e-18
6.681212205609020202e+03 3.699901887877491277e-18
6.684501213592179738e+03 3.375956915628600788e-18
6.687790221575350188e+03 3.262252177532466385e-18
6.691079229558509724e+03 3.187867482970838335e-18
6.694368237541670169e+03 3.308524998637144837e-18
6.697657245524829705e+03 3.601105248842574058e-18
6.700946253507990150e+03 3.604788920357245739e-18
6.704235261491149686e+03 3.453816644186231818e-18
6.707524269474310131e+03 3.427785726759638497e-18
6.710813277457479671e+03 3.463056305727262755e-18
6.714102285440640117e+03 3.351952762669072157e-18
6.717391293423799652e+03 3.337096145592980805e-18
6.720680301406960098e+03 3.446071315002936962e-18
6.723969309390119633e+03 3.284356916198662611e-18
6.727258317373280079e+03 3.285727962749912152e-18
6.730547325356439615e+03 3.258418124429662947e-18
6.733836333339610064e+03 3.073783403931670139e-18
6.737125341322769600e+03 3.029461479105449926e-18
6.740414349305930045e+03 3.139925561716812197e-18
6.743703357289089581e+03 3.568128327791220135e-18
6.746992365272250026e+03 3.684460001917862801e-18
6.750281373255409562e+03 3.392959518610996087e-18
6.753570381238570008e+03 3.388545615780984721e-18
6.756859389221730453e+03 3.427980816387484590e-18
6.760148397204899993e+03 3.287332033023311011e-18
6.763437405188060438e+03 3.196500199003015744e-18
6.766726413171219974e+03 3.233862572313653518e-18
6.770015421154380419e+03 3.280690856942060051e-18
6.773304429137539955e+03 3.263713994952227283e-18
6.776593437120700401e+03 3.346139362717083735e-18
6.779882445103869941e+03 3.257958850930775806e-18
6.783171453087030386e+03 2.955468318588595592e-18
6.786460461070189922e+03 2.873175720153801392e-18
6.789749469053350367e+03 2.882659243729639657e-18
6.793038477036509903e+03 2.979674335121381429e-18
6.796327485019670348e+03 3.333569629611851222e-18
6.799616493002829884e+03 3.373306948183695364e-18
6.802905500986000334e+03 2.970259905788738888e-18
6.806194508969149865e+03 2.898506211624865228e-18
6.809483516952320315e+03 3.198659732800142684e-18
6.812772524935479851e+03 3.245910711622214662e-18
6.816061532918640296e+03 2.920349475998185390e-18
6.819350540901799832e+03 2.907099638773656727e-18
6.822639548884960277e+03 3.280529637041270670e-18
6.825928556868119813e+03 3.013034661483015657e-18
6.829217564851290263e+03 2.648016548627170113e-18
6.832506572834449798e+03 2.929839773519434767e-18
6.835795580817610244e+03 2.932581866621933848e-18
6.839084588800769779e+03 2.864410234791562503e-18
6.842373596783930225e+03 3.076314149937336691e-18
6.845662604767089761e+03 3.110162200368585576e-18
6.848951612750250206e+03 3.159449427181298338e-18
6.852240620733419746e+03 3.272990235798479147e-18
6.855529628716580191e+03 3.375328293494430856e-18
6.858818636699739727e+03 3.591705722189836424e-18
6.862107644682900172e+03 3.511326085939196853e-18
6.865396652666059708e+03 3.327324051942620875e-18
6.868685660649220154e+03 3.569392346004971497e-18
6.871974668632379689e+03 3.456570930390471593e-18
6.875263676615540135e+03 3.122425751141226148e-18
6.878552684598709675e+03 3.037559053450133358e-18
6.881841692581870120e+03 3.277438008355547610e-18
6.885130700565029656e+03 3.562986903224033683e-18
6.888419708548190101e+03 3.775789043531348049e-18
6.891708716531349637e+03 3.665469923351787182e-18
6.894997724514510082e+03 3.515356583458927913e-18
6.898286732497679623e+03 3.665593209158273338e-18
6.901575740480840068e+03 3.600552494897011346e-18
6.904864748463999604e+03 3.511324731150114553e-18
6.908153756447160049e+03 3.726228149324018144e-18
6.911442764430319585e+03 3.884238554777385940e-18
6.914731772413480030e+03 3.827296769649889680e-18
6.918020780396639566e+03 3.811291291432039327e-18
6.921309788379800011e+03 4.114564891863767358e-18
6.924598796362969551e+03 4.679923795048276004e-18
6.927887804346129997e+03 4.639170384664734342e-18
6.931176812329290442e+03 4.142730956884006617e-18
6.934465820312449978e+03 3.951590539212988928e-18
6.937754828295610423e+03 3.897262142225177167e-18
6.941043836278779963e+03 3.940413529284322360e-18
6.944332844261930404e+03 4.415749407530646087e-18
6.947621852245099944e+03 4.513081519567637809e-18
6.950910860228260390e+03 3.959287095989322549e-18
6.954199868211419926e+03 3.862034916508184175e-18
6.957488876194580371e+03 4.170932246420384887e-18
6.960777884177739907e+03 4.310946988494058566e-18
6.964066892160900352e+03 4.292681722086994590e-18
6.967355900144059888e+03 4.233412409316170512e-18
6.970644908127230337e+03 3.881121185099099964e-18
6.973933916110389873e+03 3.862536188468621824e-18
6.977222924093550319e+03 4.353273309002106589e-18
6.980511932076709854e+03 4.199943699827955806e-18
6.983800940059870300e+03 3.971263431476523370e-18
6.987089948043029835e+03 4.126333944621382548e-18
6.990378956026200285e+03 4.414328233783352627e-18
6.993667964009359821e+03 4.556067622358747108e-18
6.996956971992520266e+03 4.526968107660829045e-18
7.000245979975679802e+03 4.418658139690264132e-18
7.003534987958840247e+03 4.462658979503988653e-18
7.006823995941999783e+03 4.678346820556521975e-18
7.010113003925160228e+03 4.948280416462849883e-18
7.013402011908319764e+03 5.163164867589601284e-18
7.016691019891490214e+03 5.219559317927863259e-18
7.019980027874649750e+03 5.260902061562189715e-18
7.023269035857810195e+03 5.274342924047316803e-18
7.026558043840969731e+03 5.455609638886804425e-18
7.029847051824130176e+03 5.832524154673997828e-18
7.033136059807289712e+03 6.087128312114524250e-18
7.036425067790450157e+03 6.302167209196653921e-18
7.039714075773619697e+03 6.576043241332365744e-18
7.043003083756780143e+03 6.570946524804893629e-18
7.046292091739939679e+03 6.731860243261551043e-18
7.049581099723100124e+03 7.529615601250138219e-18
7.052870107706259660e+03 7.956722342956995287e-18
7.056159115689420105e+03 7.851143629776271061e-18
7.059448123672579641e+03 8.201530020543680392e-18
7.062737131655750090e+03 8.731532993048381464e-18
7.066026139638909626e+03 9.020831944096571114e-18
7.069315147622070072e+03 9.451476040097216160e-18
7.072604155605229607e+03 9.949867718945485579e-18
7.075893163588390053e+03 1.005937803004293456e-17
7.079182171571549588e+03 9.832125709384207848e-18
7.082471179554710034e+03 9.687393591726096617e-18
7.085760187537879574e+03 9.590789001426279596e-18
7.089049195521040019e+03 9.583608619290287375e-18
7.092338203504199555e+03 9.632368833150001498e-18
7.095627211487360000e+03 9.398215216906226983e-18
7.098916219470520446e+03 9.530527983047237843e-18
7.102205227453679981e+03 1.010860971050327497e-17
7.105494235436840427e+03 1.035068342372195556e-17
7.108783243420009967e+03 1.028725490846858430e-17
7.112072251403170412e+03 1.033082357056506767e-17
7.115361259386329948e+03 1.040402959862512651e-17
7.118650267369490393e+03 1.032147010674112590e-17
7.121939275352649929e+03 1.050049329086038903e-17
7.125228283335810374e+03 1.085402685666589338e-17
7.128517291318969910e+03 1.095392493922469067e-17
7.131806299302140360e+03 1.083754720226925136e-17
7.135095307285299896e+03 1.031469209696256733e-17
7.138384315268460341e+03 9.725911600123903733e-18
7.141673323251619877e+03 9.513869496491736940e-18
7.144962331234780322e+03 9.395485316905467825e-18
7.148251339217939858e+03 9.337927102745542326e-18
7.151540347201100303e+03 9.003378196349782085e-18
7.154829355184259839e+03 8.535062835127743881e-18
7.158118363167430289e+03 8.121592045533859610e-18
7.161407371150589825e+03 8.195245153991064906e-18
7.164696379133750270e+03 8.482320896155261474e-18
7.167985387116909806e+03 8.239847520157313373e-18
7.171274395100070251e+03 8.128111290597706714e-18
7.174563403083229787e+03 8.111799630047265191e-18
7.177852411066400236e+03 8.074996784627601240e-18
7.181141419049559772e+03 8.003934032895682896e-18
7.184430427032720218e+03 7.660955628830084366e-18
7.187719435015879753e+03 7.606335952189585956e-18
7.191008442999040199e+03 7.479709235826831234e-18
7.194297450982199734e+03 7.146608598960008898e-18
7.197586458965360180e+03 7.242270256058570250e-18
7.200875466948519716e+03 7.359790080210357057e-18
7.204164474931690165e+03 7.170734682936941772e-18
7.207453482914849701e+03 6.827458225273245867e-18
7.210742490898010146e+03 6.552124440085019273e-18
7.214031498881169682e+03 6.392016821132308380e-18
7.217320506864330127e+03 6.401973166097856394e-18
7.220609514847489663e+03 6.362621962414457541e-18
7.223898522830650109e+03 6.252208006999138033e-18
7.227187530813819649e+03 6.197092477554531942e-18
7.230476538796980094e+03 6.057539718557908462e-18
7.233765546780139630e+03 5.894845807247159056e-18
7.237054554763300075e+03 5.644837094373667871e-18
7.240343562746459611e+03 5.566446288495788993e-18
7.243632570729620056e+03 5.548755452659604518e-18
7.246921578712779592e+03 5.790924001114042207e-18
7.250210586695950042e+03 6.001139849063317290e-18
7.253499594679109578e+03 5.855546085548885266e-18
7.256788602662270023e+03 5.526740130072836965e-18
7.260077610645429559e+03 5.567290322094039123e-18
7.263366618628590004e+03 5.518425789474991035e-18
7.266655626611750449e+03 5.377045420006396628e-18
7.269944634594909985e+03 5.078474292479203168e-18
7.273233642578070430e+03 5.439495777542372438e-18
7.276522650561239971e+03 5.929716723435515803e-18
7.279811658544400416e+03 5.649190031694977693e-18
7.283100666527559952e+03 5.361965262731731282e-18
7.286389674510720397e+03 5.193317053404438178e-18
7.289678682493879933e+03 4.956476890410538083e-18
7.292967690477050382e+03 4.833853575785868435e-18
7.296256698460209918e+03 4.925044428912963776e-18
7.299545706443370364e+03 5.136597453686432072e-18
7.302834714426529899e+03 5.241185816048021694e-18
7.306123722409690345e+03 5.234728891281958047e-18
7.309412730392849880e+03 5.012833406654497988e-18
7.312701738376010326e+03 4.852731206858115522e-18
7.315990746359169862e+03 4.883304732077535177e-18
7.319279754342340311e+03 4.825585298016820682e-18
7.322568762325499847e+03 4.640668781389716551e-18
7.325857770308660292e+03 4.704025492821726720e-18
7.329146778291819828e+03 4.742187191690899132e-18
7.332435786274980273e+03 4.720796426871056155e-18
7.335724794258139809e+03 4.608083394383137114e-18
7.339013802241300255e+03 4.855912251623268025e-18
7.342302810224469795e+03 4.925887107722130837e-18
7.345591818207630240e+03 4.837026491816528683e-18
7.348880826190789776e+03 4.686726191030315961e-18
7.352169834173950221e+03 4.454687400543955205e-18
7.355458842157109757e+03 4.161863288303719041e-18
7.358747850140270202e+03 4.168270085873738384e-18
7.362036858123429738e+03 4.386834144147915338e-18
7.365325866106590183e+03 4.392781668219048310e-18
7.368614874089759724e+03 4.262455022872634315e-18
7.371903882072920169e+03 4.353410142699414968e-18
7.375192890056079705e+03 4.277197837665815606e-18
7.378481898039240150e+03 4.064781812246945759e-18
7.381770906022399686e+03 3.998742618432056137e-18
7.385059914005560131e+03 3.701866332046772124e-18
7.388348921988729671e+03 3.806475016244596236e-18
7.391637929971890117e+03 5.112257313034502841e-18
7.394926937955049652e+03 7.218195654066764750e-18
7.398215945938210098e+03 8.856693827624129931e-18
7.401504953921369633e+03 8.364093872102534456e-18
7.404793961904530079e+03 6.036690869370969802e-18
7.408082969887689615e+03 4.111990792607468769e-18
7.411371977870850060e+03 3.435014881302591566e-18
7.414660985854019600e+03 3.692210750257486854e-18
7.417949993837180045e+03 4.220418627228190641e-18
7.421239001820339581e+03 4.117556266157402579e-18
7.424528009803500026e+03 3.907962266396886703e-18
7.427817017786659562e+03 3.801405395498769336e-18
7.431106025769820008e+03 3.647154529748679672e-18
7.434395033752980453e+03 3.548294215626895926e-18
7.437684041736149993e+03 3.636482856147696881e-18
7.440973049719310438e+03 3.639642224287533365e-18
7.444262057702469974e+03 3.582269616231877480e-18
7.447551065685630419e+03 3.609847702790415015e-18
7.450840073668789955e+03 3.679221032536753110e-18
7.454129081651950401e+03 3.591606822586830886e-18
7.457418089635109936e+03 3.603813472218016427e-18
7.460707097618280386e+03 3.459940290838058693e-18
7.463996105601439922e+03 3.213990526055026084e-18
7.467285113584600367e+03 3.010545913938899229e-18
7.470574121567759903e+03 2.815906076068397172e-18
7.473863129550920348e+03 2.926849754014881074e-18
7.477152137534079884e+03 3.313514686827118003e-18
7.480441145517240329e+03 3.390898884416875071e-18
7.483730153500409870e+03 3.161512770953584338e-18
7.487019161483560310e+03 3.188202115874157406e-18
7.490308169466729851e+03 3.204910729625701843e-18
7.493597177449890296e+03 3.184342321778791437e-18
7.496886185433049832e+03 3.201456017465932197e-18
7.500175193416210277e+03 3.185038683367074409e-18
7.503464201399369813e+03 3.173380723314204681e-18
7.506753209382540263e+03 3.015386575329823322e-18
7.510042217365699798e+03 2.882271774052112839e-18
7.513331225348860244e+03 2.765711140570568138e-18
7.516620233332019779e+03 2.545812615050362569e-18
7.519909241315180225e+03 2.496822087046665267e-18
7.523198249298339761e+03 2.444390394774020542e-18
7.526487257281510210e+03 2.392344817389821107e-18
7.529776265264669746e+03 2.733255813315885583e-18
7.533065273247830191e+03 3.052528118020052086e-18
7.536354281230989727e+03 3.080095366265931612e-18
7.539643289214150172e+03 2.989022379788993230e-18
7.542932297197309708e+03 2.962557929856076070e-18
7.546221305180470154e+03 2.981638779290662276e-18
7.549510313163629689e+03 3.089443410933543412e-18
7.552799321146800139e+03 3.193946421582950874e-18
7.556088329129959675e+03 3.173658455076068722e-18
7.559377337113120120e+03 2.970415706533199072e-18
7.562666345096279656e+03 2.864421073104220512e-18
7.565955353079440101e+03 3.323216331445200295e-18
7.569244361062599637e+03 3.562942195184319347e-18
7.572533369045760082e+03 3.472342030097090328e-18
7.575822377028919618e+03 3.471143041759287793e-18
7.579111385012090068e+03 3.183098625401274179e-18
7.582400392995249604e+03 2.968356427128159969e-18
7.585689400978410049e+03 3.434505480607661277e-18
7.588978408961569585e+03 3.803387451926119304e-18
7.592267416944730030e+03 3.830767739278646532e-18
7.595556424927889566e+03 3.167387136414275073e-18
7.598845432911050011e+03 2.358370771573921853e-18
7.602134440894219551e+03 2.351763465219727220e-18
7.605423448877379997e+03 2.450921832939608340e-18
7.608712456860540442e+03 2.247559862957499817e-18
7.612001464843699978e+03 1.976778169085675652e-18
7.615290472826860423e+03 2.047461579874562129e-18
7.618579480810019959e+03 2.555499356988540338e-18
7.621868488793190409e+03 2.882947813804161707e-18
7.625157496776349944e+03 2.613581874523301804e-18
7.628446504759510390e+03 2.166574635987089016e-18
7.631735512742669926e+03 2.093009588820230479e-18
7.635024520725830371e+03 2.367770298226659487e-18
7.638313528708989907e+03 2.359281189837202339e-18
7.641602536692150352e+03 2.238771346180862610e-18
7.644891544675309888e+03 2.346510947947795306e-18
7.648180552658480337e+03 2.383922093665394314e-18
7.651469560641639873e+03 2.409417869404494044e-18
7.654758568624800319e+03 2.498703889081927782e-18
7.658047576607959854e+03 2.366063263983008576e-18
7.661336584591120300e+03 2.185341174354590256e-18
7.664625592574279835e+03 2.238742895610135095e-18
7.667914600557440281e+03 2.376954413415317693e-18
7.671203608540609821e+03 2.257903677600575035e-18
7.674492616523770266e+03 2.215207499673069314e-18
7.677781624506929802e+03 2.477016425453068573e-18
7.681070632490090247e+03 2.504352004765880309e-18
7.684359640473249783e+03 2.453224974379455156e-18
7.687648648456410228e+03 2.467492258204762484e-18
7.690937656439569764e+03 2.374009101950479108e-18
7.694226664422730209e+03 2.498816336575755928e-18
7.697515672405899750e+03 2.680069503524420942e-18
7.700804680389060195e+03 2.628796155917110929e-18
7.704093688372219731e+03 2.261338067924110576e-18
7.707382696355380176e+03 1.856027172972693194e-18
7.710671704338539712e+03 1.960415026550108295e-18
7.713960712321700157e+03 2.137744724316541198e-18
7.717249720304869697e+03 2.479812710118858472e-18
7.720538728288030143e+03 2.942100614713911125e-18
7.723827736271189679e+03 2.892956995543917853e-18
7.727116744254350124e+03 2.706234545070158428e-18
7.730405752237509660e+03 2.470512083069125606e-18
7.733694760220670105e+03 2.451307947828053244e-18
7.736983768203829641e+03 2.603487341071363497e-18
7.740272776187000090e+03 2.368478852916683153e-18
7.743561784170159626e+03 2.249858940030099735e-18
7.746850792153320072e+03 2.579136362106775486e-18
7.750139800136479607e+03 2.366517118325566905e-18
7.753428808119640053e+03 2.057989645832824661e-18
7.756717816102799588e+03 2.734401964879479601e-18
7.760006824085960034e+03 2.950447470249730698e-18
7.763295832069119569e+03 2.491133327690244530e-18
7.766584840052280015e+03 2.207173600415252024e-18
7.769873848035449555e+03 2.458557424207240418e-18
7.773162856018610000e+03 2.511616383824972391e-18
7.776451864001770446e+03 2.336489573106298851e-18
7.779740871984929981e+03 2.314575859700701435e-18
7.783029879968090427e+03 2.330428246752255818e-18
7.786318887951249962e+03 2.424796080277256764e-18
7.789607895934420412e+03 2.758095871139170165e-18
7.792896903917579948e+03 2.636406006192180090e-18
7.796185911900740393e+03 1.974246068290927186e-18
7.799474919883899929e+03 2.134944375283504401e-18
7.802763927867060374e+03 2.563288039422467616e-18
7.806052935850219910e+03 2.455270705893671265e-18
7.809341943833380355e+03 2.363556904180823412e-18
7.812630951816549896e+03 2.383575267660335320e-18
7.815919959799710341e+03 2.266510652640189141e-18
7.819208967782869877e+03 2.527638119511810335e-18
7.822497975766030322e+03 2.970177263654720941e-18
7.825786983749189858e+03 3.066517670083496144e-18
7.829075991732350303e+03 2.941079103745884792e-18
7.832364999715509839e+03 2.551360476342228029e-18
7.835654007698680289e+03 2.288549006641354627e-18
7.838943015681839825e+03 2.451929796016812065e-18
7.842232023665000270e+03 2.569377816347238164e-18
7.845521031648159806e+03 2.165443387103399905e-18
7.848810039631320251e+03 1.961814523672085736e-18
7.852099047614479787e+03 2.521876201544946976e-18
7.855388055597640232e+03 3.217607812904667024e-18
7.858677063580809772e+03 3.382733570618078599e-18
7.861966071563970218e+03 3.221551603923133240e-18
7.865255079547129753e+03 3.319577367970243336e-18
7.868544087530290199e+03 3.123149208511154721e-18
7.871833095513449734e+03 2.996725710510738732e-18
7.875122103496610180e+03 3.208801683869959926e-18
7.878411111479769716e+03 3.099921349695762410e-18
7.881700119462930161e+03 2.912795172075488575e-18
7.884989127446099701e+03 2.520698889832461230e-18
7.888278135429260146e+03 2.391966831235869614e-18
7.891567143412419682e+03 2.624332125891055259e-18
7.894856151395580127e+03 2.815797692941816694e-18
7.898145159378739663e+03 2.879914441048975592e-18
7.901434167361900109e+03 2.662492469971146142e-18
7.904723175345059644e+03 2.532611550232795910e-18
7.908012183328230094e+03 2.846162580642567647e-18
7.911301191311389630e+03 3.367463742871896742e-18
7.914590199294550075e+03 3.601056476435612824e-18
7.917879207277709611e+03 3.598258836980740241e-18
7.921168215260870056e+03 3.518326281127247886e-18
7.924457223244029592e+03 3.245727815096109262e-18
7.927746231227200042e+03 3.003911511803059379e-18
7.931035239210359578e+03 2.811158895124149035e-18
7.934324247193520023e+03 2.706379507501960217e-18
7.937613255176679559e+03 2.896837111475517927e-18
7.940902263159840004e+03 2.917908146071947897e-18
7.944191271143000449e+03 2.549680537880222334e-18
7.947480279126159985e+03 2.610639272636627817e-18
7.950769287109320430e+03 2.780222286430683180e-18
7.954058295092489971e+03 2.561174568454138082e-18
7.957347303075650416e+03 2.753317530046030299e-18
7.960636311058809952e+03 3.089257804829273414e-18
7.963925319041970397e+03 3.272575670339306727e-18
7.967214327025129933e+03 3.350686034877156581e-18
7.970503335008290378e+03 3.137354172038677822e-18
7.973792342991459918e+03 2.932790504140602165e-18
7.977081350974620364e+03 2.918072075550901491e-18
7.980370358957779899e+03 2.940579186574530213e-18
7.983659366940940345e+03 3.096190260563211408e-18
7.986948374924099880e+03 3.365413946990433350e-18
7.990237382907260326e+03 3.730124522724605425e-18
7.993526390890419862e+03 3.677363616704970827e-18
7.996815398873580307e+03 3.479147135657295654e-18
8.000104406856749847e+03 3.379095961932203554e-18
8.003393414839910292e+03 3.115528519923427550e-18
8.006682422823069828e+03 2.937544459030262184e-18
8.009971430806230273e+03 3.094503548155794602e-18
8.013260438789389809e+03 3.314183952633755760e-18
8.016549446772550255e+03 3.270638321951671482e-18
8.019838454755709790e+03 3.052522698863723274e-18
8.023127462738870236e+03 2.984154622616424305e-18
8.026416470722039776e+03 3.169022366836566047e-18
8.029705478705200221e+03 3.399818815734491844e-18
8.032994486688359757e+03 3.534669101826580753e-18
8.036283494671520202e+03 3.463094239821566366e-18
8.039572502654679738e+03 3.282414148654697783e-18
8.042861510637840183e+03 3.580070793551365015e-18
8.046150518621009724e+03 3.710606076416448482e-18
8.049439526604170169e+03 3.172943126440633944e-18
8.052728534587329705e+03 3.242086142042987319e-18
8.056017542570490150e+03 3.713107017062304449e-18
8.059306550553649686e+03 3.456416484435094094e-18
8.062595558536810131e+03 3.486981880920020723e-18
8.065884566519969667e+03 3.722338549868841590e-18
8.069173574503140117e+03 4.020404341068352814e-18
8.072462582486299652e+03 4.119677865860226295e-18
8.075751590469460098e+03 4.025305967967978451e-18
8.079040598452619633e+03 3.831084759923895327e-18
8.082329606435780079e+03 3.901377991457090002e-18
8.085618614418939615e+03 4.009318102008197989e-18
8.088907622402100060e+03 3.925827870024683167e-18
8.092196630385269600e+03 4.138798004178198025e-18
8.095485638368430045e+03 4.329175675595902001e-18
8.098774646351589581e+03 4.020607559430691548e-18
8.102063654334750026e+03 3.955167182390162045e-18
8.105352662317909562e+03 4.019229738934030896e-18
8.108641670301070008e+03 3.938522243725484135e-18
8.111930678284230453e+03 4.138537884674404261e-18
8.115219686267389989e+03 4.445148330615744594e-18
8.118508694250560438e+03 4.595821198399578071e-18
8.121797702233719974e+03 4.502680803783107946e-18
8.125086710216880419e+03 4.592575123758476742e-18
8.128375718200039955e+03 4.907013541017130647e-18
8.131664726183200401e+03 4.812663319750200363e-18
8.134953734166359936e+03 4.501533297430431244e-18
8.138242742149520382e+03 4.098138074241332704e-18
8.141531750132689922e+03 4.083724473195141672e-18
8.144820758115850367e+03 4.528755074460333305e-18
8.148109766099009903e+03 4.732936691837210571e-18
8.151398774082170348e+03 4.604742484506277915e-18
8.154687782065329884e+03 4.780377341130799830e-18
8.157976790048490329e+03 4.853390989141177568e-18
8.161265798031649865e+03 5.052443375052608306e-18
8.164554806014820315e+03 5.408238083836410890e-18
8.167843813997979851e+03 5.452215892235736323e-18
8.171132821981140296e+03 5.432182626076320278e-18
8.174421829964299832e+03 5.341291181336404611e-18
8.177710837947460277e+03 5.279610343999154010e-18
8.180999845930619813e+03 5.156206670863100758e-18
8.184288853913780258e+03 5.263794536252820168e-18
8.187577861896949798e+03 5.278190525040942079e-18
8.190866869880110244e+03 5.307103078845507459e-18
8.194155877863269779e+03 5.487002811500992823e-18
8.197444885846429315e+03 5.667682902667861791e-18
8.200733893829590670e+03 6.019933483212464131e-18
8.204022901812750206e+03 6.317530517389511348e-18
8.207311909795909742e+03 6.527334509457778996e-18
8.210600917779080191e+03 6.499508496497187620e-18
8.213889925762239727e+03 6.103415586461485156e-18
8.217178933745399263e+03 6.018754816710896085e-18
8.220467941728560618e+03 6.267716277623798406e-18
8.223756949711720154e+03 6.398029375079390948e-18
8.227045957694879689e+03 6.447758263132920575e-18
8.230334965678050139e+03 6.602672975533319183e-18
8.233623973661209675e+03 6.812848179810126057e-18
8.236912981644369211e+03 7.125799038656455378e-18
8.240201989627530565e+03 7.140807392109760400e-18
8.243490997610690101e+03 7.497928439405097803e-18
8.246780005593849637e+03 8.050519810278363630e-18
8.250069013577009173e+03 7.993782598302288403e-18
8.253358021560170528e+03 7.609565769361699694e-18
8.256647029543330063e+03 7.469529350662708455e-18
8.259936037526500513e+03 7.579278104638635949e-18
8.263225045509660049e+03 7.739914091333430478e-18
8.266514053492819585e+03 7.633904555224547396e-18
8.269803061475979121e+03 7.259257956361062182e-18
8.273092069459140475e+03 6.736974572047091508e-18
8.276381077442300011e+03 6.253324353202922622e-18
8.279670085425470461e+03 6.154397654416108521e-18
8.282959093408629997e+03 7.458115252644646441e-18
8.286248101391789532e+03 7.882986592365771274e-18
8.289537109374950887e+03 6.869559650793637597e-18
8.292826117358110423e+03 6.666310128305357606e-18
8.296115125341269959e+03 6.789529550126222774e-18
8.299404133324429495e+03 6.198826607579828069e-18
8.302693141307590849e+03 5.902591136430454682e-18
8.305982149290759480e+03 6.089790472661169983e-18
8.309271157273920835e+03 5.669995527631282776e-18
8.312560165257080371e+03 5.355658719553799007e-18
8.315849173240239907e+03 5.141910936467065914e-18
8.319138181223399442e+03 4.776357681923727164e-18
8.322427189206560797e+03 4.845804170280507110e-18
8.325716197189729428e+03 4.938119498345880065e-18
8.329005205172890783e+03 4.806619605654226451e-18
8.332294213156050319e+03 4.773484174280247360e-18
8.335583221139209854e+03 4.414286235321802889e-18
8.338872229122369390e+03 4.135798501150069008e-18
8.342161237105530745e+03 4.304565931916602140e-18
8.345450245088690281e+03 5.205464092316003320e-18
8.348739253071849816e+03 5.879662686002242045e-18
8.352028261055020266e+03 5.369687560500627820e-18
8.355317269038179802e+03 4.677529882739917831e-18
8.358606277021339338e+03 4.386107977199822937e-18
8.361895285004500693e+03 4.212352213032398552e-18
8.365184292987660228e+03 4.293147769531292457e-18
8.368473300970819764e+03 4.548009336897449586e-18
8.371762308953979300e+03 4.541598474960182575e-18
8.375051316937140655e+03 4.059105245992265716e-18
8.378340324920309286e+03 3.870740791150804591e-18
8.381629332903470640e+03 4.196617692631001128e-18
8.384918340886630176e+03 4.249243119742408877e-18
8.388207348869789712e+03 4.105256136079540696e-18
8.391496356852949248e+03 4.043382918692608215e-18
8.394785364836110602e+03 3.781788049587606854e-18
8.398074372819279233e+03 3.673612205736185721e-18
8.401363380802440588e+03 4.180721952328813938e-18
8.404652388785600124e+03 4.508920962296009096e-18
8.407941396768759660e+03 4.056592112244669055e-18
8.411230404751919195e+03 3.625658091380418889e-18
8.414519412735080550e+03 3.594626647451194393e-18
8.417808420718240086e+03 3.685910981024965305e-18
8.421097428701399622e+03 3.661596581365598990e-18
8.424386436684570072e+03 3.338654153037582644e-18
8.427675444667729607e+03 3.628570887907283832e-18
8.430964452650889143e+03 4.183907061461213339e-18
8.434253460634050498e+03 4.731416618486911572e-18
8.437542468617210034e+03 4.027378795263840932e-18
8.440831476600369569e+03 3.291324596448738847e-18
8.444120484583529105e+03 3.542933315228383149e-18
8.447409492566699555e+03 3.566789796177945393e-18
8.450698500549859091e+03 3.520698516810289271e-18
8.453987508533020446e+03 3.347166292841438495e-18
8.457276516516179981e+03 3.207094649626309015e-18
8.460565524499339517e+03 3.040322823177948458e-18
8.463854532482500872e+03 2.498819046153920142e-18
8.467143540465669503e+03 2.685571301987489381e-18
8.470432548448830858e+03 3.428146100655520484e-18
8.473721556431990393e+03 3.485444195311651834e-18
8.477010564415149929e+03 3.126192064789916546e-18
8.480299572398309465e+03 2.960497295661954668e-18
8.483588580381470820e+03 3.026238435878746915e-18
8.486877588364639450e+03 3.085296401552737693e-18
8.490166596347789891e+03 2.864509134394568041e-18
8.493455604330960341e+03 2.759487239526654195e-18
8.496744612314119877e+03 2.891854197230955873e-18
8.500033620297279413e+03 2.871329142634677889e-18
8.503322628280440767e+03 3.078832702841263320e-18
8.506611636263600303e+03 3.153603512291335118e-18
8.509900644246759839e+03 3.170252515323260311e-18
8.513189652229919375e+03 3.282662075056752009e-18
8.516478660213089825e+03 3.288540504884689642e-18
8.519767668196249360e+03 3.042191077322388750e-18
8.523056676179410715e+03 2.619502302812789560e-18
8.526345684162570251e+03 2.280105961080694115e-18
8.529634692145729787e+03 2.174577375096014192e-18
8.532923700128889323e+03 2.279526111353485802e-18
8.536212708112059772e+03 2.357361453707636214e-18
8.539501716095219308e+03 2.418532890349956911e-18
8.542790724078380663e+03 2.416802824691907297e-18
8.546079732061540199e+03 2.559867196989754683e-18
8.549368740044699734e+03 2.860821398512649077e-18
8.552657748027859270e+03 2.824418215872253024e-18
8.555946756011020625e+03 2.498749951910724417e-18
8.559235763994180161e+03 2.358674244328348810e-18
8.562524771977350611e+03 2.473324625203902711e-18
8.565813779960510146e+03 2.606966439434613760e-18
8.569102787943669682e+03 2.546342337581526962e-18
8.572391795926829218e+03 2.410631760422201101e-18
8.575680803909990573e+03 2.437831860826787143e-18
8.578969811893150109e+03 2.406805836053891459e-18
8.582258819876320558e+03 2.250948190452238722e-18
8.585547827859480094e+03 2.171713350976110869e-18
8.588836835842639630e+03 2.239302423501109303e-18
8.592125843825799166e+03 2.334197269979110430e-18
8.595414851808960520e+03 2.298811533939493811e-18
8.598703859792120056e+03 2.467616898800330169e-18
8.601992867775279592e+03 2.528986134648661558e-18
8.605281875758439128e+03 2.273475623312101163e-18
8.608570883741609578e+03 2.281185727979257777e-18
8.611859891724769113e+03 2.095208411500742559e-18
8.615148899707930468e+03 1.989102685367018537e-18
8.618437907691090004e+03 2.280702068276890019e-18
8.621726915674249540e+03 2.197791686020583510e-18
8.625015923657410895e+03 2.424598281071246457e-18
8.628304931640570430e+03 3.209441144316788253e-18
8.631593939623740880e+03 2.907755356689472260e-18
8.634882947606900416e+03 1.645273473757760306e-18
8.638171955590059952e+03 1.265113018808373881e-18
8.641460963573219487e+03 1.879849784195198725e-18
8.644749971556380842e+03 2.615521932489101648e-18
8.648038979539540378e+03 2.667875046994975324e-18
8.651327987522699914e+03 2.403962133770222626e-18
8.654616995505870364e+03 2.250427951444649653e-18
8.657906003489029899e+03 2.080060514771964559e-18
8.661195011472189435e+03 2.360713201897153808e-18
8.664484019455350790e+03 2.495761287195253794e-18
8.667773027438510326e+03 2.586057979528055471e-18
8.671062035421669862e+03 2.798212530654048099e-18
8.674351043404829397e+03 2.819643939146360056e-18
8.677640051387990752e+03 2.881126977277601120e-18
8.680929059371159383e+03 2.814228847184556076e-18
8.684218067354320738e+03 2.728717269890305762e-18
8.687507075337480273e+03 2.809966680731758381e-18
8.690796083320639809e+03 2.913013293117732986e-18
8.694085091303799345e+03 3.028052498459896390e-18
8.697374099286960700e+03 3.136934187423176591e-18
8.700663107270120236e+03 3.144279853827204319e-18
8.703952115253290685e+03 3.168340907928187596e-18
8.707241123236450221e+03 3.285156241757197635e-18
8.710530131219609757e+03 3.486924979778565693e-18
8.713819139202769293e+03 3.750179465509338259e-18
8.717108147185930648e+03 3.819978199027506782e-18
8.720397155169090183e+03 4.008698963397603381e-18
8.723686163152260633e+03 4.428640225648374292e-18
8.726975171135409255e+03 4.904500407269533987e-18
8.730264179118579705e+03 5.113136571148890442e-18
8.733553187101739240e+03 5.040820639515878360e-18
8.736842195084900595e+03 5.247673900962977455e-18
8.740131203068060131e+03 5.626943040175143121e-18
8.743420211051219667e+03 5.730313447151778017e-18
8.746709219034379203e+03 5.641275353876399276e-18
8.749998227017549652e+03 5.611215293719156423e-18
8.753287235000709188e+03 5.772565254260302660e-18
8.756576242983870543e+03 5.923085030877840937e-18
8.759865250967030079e+03 6.423766303275132252e-18
8.763154258950189615e+03 7.165927891273074776e-18
8.766443266933349150e+03 6.597771348633693547e-18
8.769732274916510505e+03 6.092130193406236954e-18
8.773021282899679136e+03 7.136061565954595333e-18
8.776310290882840491e+03 7.777443103701186830e-18
8.779599298866000026e+03 7.542491516687961131e-18
8.782888306849159562e+03 6.981458455043116322e-18
8.786177314832319098e+03 6.401473248926501044e-18
8.789466322815480453e+03 6.111440002195726737e-18
8.792755330798639989e+03 5.921121941497642390e-18
8.796044338781810438e+03 5.771041116542756763e-18
8.799333346764969974e+03 5.680375921579579689e-18
8.802622354748129510e+03 5.493584376862624925e-18
8.805911362731290865e+03 4.767888895370502965e-18
8.809200370714450401e+03 4.042796295019988791e-18
8.812489378697609936e+03 4.018248871638472387e-18
8.815778386680769472e+03 3.804127166765034698e-18
8.819067394663939922e+03 3.983990320115298751e-18
8.822356402647099458e+03 4.554897084591672088e-18
8.825645410630260812e+03 3.903901963517345828e-18
8.828934418613420348e+03 4.830656273551729111e-18
8.832223426596579884e+03 5.289225282115971071e-18
8.835512434579739420e+03 3.742912376872081964e-18
8.838801442562909870e+03 2.940851499180064671e-18
8.842090450546060310e+03 3.189466134087908383e-18
8.845379458529230760e+03 3.478536125781195612e-18
8.848668466512390296e+03 3.484699061316408012e-18
8.851957474495549832e+03 3.575793724418662413e-18
8.855246482478709368e+03 3.617105307904095214e-18
8.858535490461870722e+03 3.331045657551595782e-18
8.861824498445030258e+03 3.124895531638191156e-18
8.865113506428189794e+03 3.610155239912088485e-18
8.868402514411360244e+03 4.276032719055069783e-18
8.871691522394519779e+03 3.826570602701796508e-18
8.874980530377679315e+03 3.163343091003721405e-18
8.878269538360840670e+03 3.251566956040661371e-18
8.881558546344000206e+03 2.820241401131637874e-18
8.884847554327159742e+03 1.715641218690479325e-18
8.888136562310330191e+03 2.504617543426004041e-18
8.891425570293489727e+03 3.409662713206211712e-18
8.894714578276649263e+03 3.320422756357575380e-18
8.898003586259810618e+03 3.369464766346398515e-18
8.901292594242970154e+03 3.428075651623242846e-18
8.904581602226129689e+03 3.908711464759377422e-18
8.907870610209289225e+03 4.040999844696908436e-18
8.911159618192450580e+03 3.205674830668097855e-18
8.914448626175619211e+03 3.075867069540189859e-18
8.917737634158780565e+03 4.362311106969880322e-18
8.921026642141940101e+03 4.809399632851029143e-18
8.924315650125099637e+03 4.196291188462175468e-18
8.927604658108259173e+03 3.283968091732053109e-18
8.930893666091420528e+03 2.560364404582945049e-18
8.934182674074589158e+03 2.520889915093060425e-18
8.937471682057739599e+03 2.622714507726834177e-18
8.940760690040910049e+03 2.802129225890869099e-18
8.944049698024069585e+03 2.977984913135800409e-18
8.947338706007229121e+03 2.964019747275837353e-18
8.950627713990390475e+03 2.689099172757700878e-18
8.953916721973550011e+03 2.657573230813450615e-18
8.957205729956709547e+03 3.227877114148217705e-18
8.960494737939879997e+03 2.912010749196858844e-18
8.963783745923039532e+03 2.151606926206251817e-18
8.967072753906200887e+03 2.399949248508560686e-18
8.970361761889360423e+03 2.721601917630262753e-18
8.973650769872519959e+03 2.778196876752700404e-18
8.976939777855679495e+03 2.954156882756966066e-18
8.980228785838840849e+03 3.111774399376477846e-18
8.983517793822000385e+03 3.382427388285486658e-18
8.986806801805170835e+03 3.329535067724872879e-18
8.990095809788330371e+03 2.863154345312305322e-18
8.993384817771489907e+03 2.415487324493030487e-18
8.996673825754649442e+03 2.645996558105516920e-18
8.999962833737810797e+03 2.231578770943130467e-18
9.003251841720970333e+03 2.011871270683523708e-18
9.006540849704140783e+03 2.804313145891476271e-18
9.009829857687300319e+03 3.017569140541348580e-18
9.013118865670459854e+03 2.488486069823503704e-18
9.016407873653619390e+03 2.411760299727725999e-18
9.019696881636780745e+03 2.316782811115706925e-18
9.022985889619940281e+03 2.194907340064446853e-18
9.026274897603099816e+03 2.266776191300312488e-18
9.029563905586270266e+03 2.263963649165535383e-18
9.032852913569420707e+03 2.239222490945255955e-18
9.036141921552589338e+03 2.167570405962552047e-18
9.039430929535750693e+03 2.135333199750113904e-18
9.042719937518910228e+03 2.273237180433623033e-18
9.046008945502069764e+03 2.342815083331382931e-18
9.049297953485240214e+03 2.309697264215473731e-18
9.052586961468390655e+03 2.310823093942833645e-18
9.055875969451559286e+03 2.299996974386473739e-18
9.059164977434720640e+03 2.350216296087783006e-18
9.062453985417880176e+03 2.191486497631733535e-18
9.065742993401039712e+03 1.957236691363120391e-18
9.069032001384199248e+03 1.762904390614292190e-18
9.072321009367360602e+03 1.821717139464393340e-18
9.075610017350520138e+03 2.089846156313147097e-18
9.078899025333690588e+03 2.027173613367679977e-18
9.082188033316850124e+03 2.029879127164958133e-18
9.085477041300009660e+03 1.890927894520860140e-18
9.088766049283169195e+03 1.752534834978654056e-18
9.092055057266330550e+03 1.667126221654655601e-18
9.095344065249499181e+03 1.571200380685053009e-18
9.098633073232649622e+03 1.543979958444233055e-18
9.101922081215820072e+03 1.726051417998584898e-18
9.105211089198979607e+03 2.046705607566659528e-18
9.108500097182139143e+03 2.119253208132739015e-18
9.111789105165300498e+03 2.155090088936748978e-18
9.115078113148460034e+03 2.019983747708112047e-18
9.118367121131619569e+03 1.890232887721659467e-18
9.121656129114779105e+03 1.815995865169998190e-18
9.124945137097949555e+03 1.575287779346239100e-18
9.128234145081109091e+03 1.413114107043077800e-18
9.131523153064270446e+03 1.458099878519607151e-18
9.134812161047429981e+03 1.600751040147364802e-18
9.138101169030589517e+03 1.681316282502274179e-18
9.141390177013750872e+03 1.675825322351863942e-18
9.144679184996910408e+03 1.517828464789318177e-18
9.147968192980080858e+03 1.287428562655770371e-18
9.151257200963240393e+03 1.406468866594579942e-18
9.154546208946399929e+03 1.668402432970147078e-18
9.157835216929559465e+03 1.615707911615543606e-18
9.161124224912720820e+03 1.722233622364768859e-18
9.164413232895880355e+03 1.761000911953712886e-18
9.167702240879039891e+03 1.522789702408563828e-18
9.170991248862210341e+03 1.353040455994115000e-18
9.174280256845369877e+03 1.339274037692520015e-18
9.177569264828529413e+03 1.635819755541731855e-18
9.180858272811690767e+03 1.775537798806390459e-18
9.184147280794850303e+03 1.518799848561300591e-18
9.187436288778009839e+03 1.305695183851917224e-18
9.190725296761180289e+03 1.332278042350624186e-18
9.194014304744330730e+03 1.429657436526586536e-18
9.197303312727499360e+03 1.509331227665367233e-18
9.200592320710660715e+03 1.613678437570314318e-18
9.203881328693820251e+03 1.734399628323486962e-18
9.207170336676979787e+03 1.802624096928066825e-18
9.210459344660139323e+03 1.654683838723156334e-18
9.213748352643300677e+03 1.410577941881082436e-18
9.217037360626469308e+03 1.471067919615024876e-18
9.220326368609619749e+03 1.491601102945796848e-18
9.223615376592790199e+03 1.358541848020458518e-18
9.226904384575949734e+03 1.458792175740643610e-18
9.230193392559109270e+03 1.385193258846728169e-18
9.233482400542270625e+03 1.279330717353270518e-18
9.236771408525430161e+03 1.450930334696273710e-18
9.240060416508589697e+03 1.335445403746045774e-18
9.243349424491760146e+03 1.221215549401626139e-18
9.246638432474919682e+03 1.369424868718273840e-18
9.249927440458079218e+03 1.610547520001205541e-18
9.253216448441240573e+03 1.760007851556414453e-18
9.256505456424400109e+03 1.545241267079819433e-18
9.259794464407559644e+03 1.222066763382011917e-18
9.263083472390719180e+03 1.328612118572929740e-18
9.266372480373889630e+03 1.615520950722191308e-18
9.269661488357049166e+03 1.583339290862125896e-18
9.272950496340210520e+03 1.501530352129699069e-18
9.276239504323370056e+03 1.526724009903454333e-18
9.279528512306529592e+03 1.496188418778337904e-18
9.282817520289689128e+03 1.295467881069916666e-18
9.286106528272859578e+03 9.798551326347576491e-19
9.289395536256010018e+03 8.275432410192022405e-19
9.292684544239180468e+03 9.752132188022014335e-19
9.295973552222340004e+03 1.436774143575712036e-18
9.299262560205499540e+03 1.770737781087934189e-18
9.302551568188660895e+03 1.619979561591917396e-18
9.305840576171829525e+03 2.660618796670377038e-18
9.309129584154979966e+03 3.616132569343030501e-18
9.312418592138150416e+03 2.163560230279054706e-18
9.315707600121309952e+03 4.853766265716964270e-19
9.318996608104469487e+03 -3.139137074470935472e-19
9.322285616087630842e+03 -2.149669577818616668e-19
9.325574624070790378e+03 2.962047174372062903e-19
9.328863632053949914e+03 1.285990589523857055e-18
9.332152640037109450e+03 1.793704165610449666e-18
9.335441648020279899e+03 1.007511390523341505e-18
9.338730656003439435e+03 1.037369858065143189e-18
9.342019663986600790e+03 1.052307627007262266e-18
9.345308671969760326e+03 6.807000910131081116e-19
9.348597679952919862e+03 6.718548085739238922e-19
9.351886687936079397e+03 7.718928408449182091e-19
9.355175695919249847e+03 8.985375759024678398e-19
9.358464703902409383e+03 6.695784919579062563e-19
9.361753711885570738e+03 7.518201503232075626e-19
9.365042719868730273e+03 1.077802996309637268e-18
9.368331727851889809e+03 6.268897653703531820e-19
9.371620735835049345e+03 1.432312823127821350e-18
9.374909743818210700e+03 3.123928212233455640e-18
9.378198751801370236e+03 1.720048347575079195e-18
9.381487759784540685e+03 1.329735780637758475e-19
9.384776767767700221e+03 7.919831436246984578e-19
9.388065775750859757e+03 1.426983082878200301e-18
9.391354783734019293e+03 1.804417837672982196e-18
9.394643791717180648e+03 1.791529729133418204e-18
9.397932799700340183e+03 1.776869556474254860e-18
9.401221807683499719e+03 1.901476282315356390e-18
9.404510815666670169e+03 1.683126280716177142e-18
9.407799823649829705e+03 1.540643112934620368e-18
9.411088831632989240e+03 1.458086330628784735e-18
9.414377839616150595e+03 1.327370454379036124e-18
9.417666847599310131e+03 1.763267474088338390e-18
9.420955855582469667e+03 1.779573715482450717e-18
9.424244863565629203e+03 9.920823750599941018e-19
9.427533871548799652e+03 6.531291848367067049e-19
9.430822879531959188e+03 9.012276451042082455e-19
9.434111887515120543e+03 1.576983975277232001e-18
9.437400895498280079e+03 2.500806521737599306e-18
9.440689903481439615e+03 2.580562955010398143e-18
9.443978911464599150e+03 1.193412296897616853e-18
9.447267919447760505e+03 6.683994190196131933e-19
9.450556927430920041e+03 9.711909854958718981e-19
9.453845935414090491e+03 1.370837913731073889e-18
9.457134943397250026e+03 1.334790634182588196e-18
9.460423951380409562e+03 1.611375296130467888e-18
9.463712959363569098e+03 1.909029231448970521e-18
9.467001967346730453e+03 1.728587583160580454e-18
9.470290975329889989e+03 1.426420845409061302e-18
9.473579983313060438e+03 8.316185820575563297e-19
9.476868991296219974e+03 -3.629374277833065441e-20
9.480157999279379510e+03 1.007469663019607803e-18
9.483447007262540865e+03 1.093922683247122410e-18
9.486736015245700401e+03 8.971483751775155653e-19
9.490025023228859936e+03 1.369481769859729063e-18
9.493314031212019472e+03 1.333059620172181589e-18
9.496603039195180827e+03 6.486971278329929905e-19
9.499892047178349458e+03 8.880558437308185585e-19
9.503181055161510812e+03 2.140084445061608554e-18
9.506470063144670348e+03 2.191097673165124417e-18
9.509759071127829884e+03 1.648473485570064422e-18
9.513048079110989420e+03 1.909657853583140454e-18
9.516337087094150775e+03 2.215871346323378258e-18
9.519626095077310310e+03 2.414418395907125219e-18
9.522915103060480760e+03 2.589726748362822245e-18
9.526204111043640296e+03 2.606676514571009411e-18
9.529493119026799832e+03 2.315627176028537197e-18
9.532782127009959368e+03 1.814085612564008160e-18
9.536071134993120722e+03 1.540198742115637942e-18
9.539360142976280258e+03 1.894451700923824739e-18
9.542649150959450708e+03 2.444111308223074588e-18
9.545938158942599330e+03 2.267188047181320308e-18
9.549227166925769779e+03 2.341108049087732020e-18
9.552516174908929315e+03 2.432279935167675170e-18
9.555805182892090670e+03 2.360033097777858042e-18
9.559094190875250206e+03 2.983250978298554546e-18
9.562383198858409742e+03 3.914835111411204683e-18
9.565672206841569277e+03 3.624155630288189782e-18
9.568961214824739727e+03 3.404059305561973906e-18
9.572250222807899263e+03 3.699973691698851600e-18
9.575539230791060618e+03 3.548211573492877980e-18
9.578828238774220154e+03 3.492350910053027296e-18
9.582117246757379689e+03 3.633743472623362398e-18
9.585406254740539225e+03 3.659292085136670260e-18
9.588695262723700580e+03 3.429002327355510538e-18
9.591984270706869211e+03 3.316936884048913621e-18
9.595273278690030565e+03 3.418020407054690064e-18
9.598562286673190101e+03 3.627220163192268396e-18
9.601851294656349637e+03 3.864111808171292783e-18
9.605140302639509173e+03 3.958860337428409821e-18
9.608429310622670528e+03 4.107030909777305032e-18
9.611718318605830063e+03 4.292512373451711799e-18
9.615007326589000513e+03 4.197675782904247617e-18
9.618296334572160049e+03 3.948028798715720333e-18
9.621585342555319585e+03 3.970772997828744886e-18
9.624874350538479121e+03 4.130666560106457881e-18
9.628163358521640475e+03 3.861692154870372464e-18
9.631452366504800011e+03 3.752192682085580340e-18
9.634741374487959547e+03 3.756414204865910211e-18
9.638030382471129997e+03 3.568526635781405348e-18
9.641319390454289532e+03 3.771418493951969106e-18
9.644608398437450887e+03 3.586829836282772934e-18
