# SOURCE  = 'Quimby et al. 2018' /                                                
# OBJECT  = 'PTF09cnd'           /                                                
# Z       =             0.258500 / wavelengths in OBSERVER FRAME                 
# NORM    =          9.75840E-18 / fluxes divided by norm                         
# CLIPPED =                    1 / galaxy emission lines removed                  
# SMOOTHED=                    1 / spectrum has been smoothed                     
# COLUMN01= 'Wavelength (Angstrom)' /                                             
# COLUMN02= 'Flux Density (erg/s/cm2/A)' /                                        
# COLUMN03= 'Flux Density Uncertainty (erg/s/cm2/A)' /                            
# END                                                                             
# 
# 
# 
# 
# 
# 
# 
# 
# 
# 
# Converted to Observer Frame using z=0.258
 4241.83323 0.6092562 0.1030883
 4246.07608 0.6148479 0.1012552
 4250.33478 0.6267337 0.1000076
 4254.57802 0.6153299 0.0984755
 4258.83671 0.6144840 0.0973094
 4263.09541 0.6222933 0.0962250
 4267.35410 0.6428781 0.0948327
 4271.62904 0.6402672 0.0938355
 4275.90358 0.6226804 0.0925609
 4280.17812 0.6226048 0.0917224
 4284.45267 0.6431998 0.0908008
 4288.74306 0.6332269 0.0902545
 4293.01799 0.6369132 0.0897621
 4297.32423 0.6028487 0.0889709
 4301.61462 0.5824055 0.0883766
 4305.92086 0.5812697 0.0874727
 4310.22710 0.5929103 0.0867903
 4314.53333 0.5929622 0.0856371
 4318.85542 0.6225826 0.0847553
 4323.16166 0.6208326 0.0838621
 4327.48374 0.6457796 0.0826690
 4331.82168 0.6651539 0.0818190
 4336.14415 0.6613958 0.0806935
 4340.48208 0.6775336 0.0799627
 4344.82002 0.6974121 0.0789752
 4349.17380 0.7010697 0.0783123
 4353.52758 0.7020980 0.0774355
 4357.88136 0.6796893 0.0768730
 4362.23514 0.6518704 0.0760282
 4366.58892 0.6365955 0.0754672
 4370.95855 0.6091887 0.0747700
 4375.32818 0.5939607 0.0743345
 4379.71327 0.5749871 0.0737558
 4384.08289 0.5611963 0.0734004
 4388.46837 0.5556019 0.0729727
 4392.86969 0.5509015 0.0723607
 4397.25517 0.5572202 0.0719695
 4401.65649 0.5392573 0.0714440
 4406.05781 0.5292858 0.0710106
 4410.45914 0.5183336 0.0703008
 4414.87631 0.5062307 0.0698097
 4419.29309 0.5086144 0.0689847
 4423.71026 0.5029936 0.0684002
 4428.12743 0.4998519 0.0676503
 4432.56045 0.4844588 0.0671182
 4436.99347 0.4739359 0.0663456
 4441.42648 0.4608856 0.0658560
 4445.87496 0.4607881 0.0650838
 4450.32383 0.4660186 0.0645526
 4454.77269 0.4631673 0.0638607
 4459.22156 0.4584034 0.0631761
 4463.68588 0.4421439 0.0627350
 4468.15060 0.4492804 0.0621986
 4472.61531 0.4403246 0.0618431
 4477.07964 0.4301035 0.0613870
 4481.56020 0.4416156 0.0611634
 4486.04076 0.4582928 0.0607156
 4490.53678 0.4602396 0.0603896
 4495.01734 0.4638020 0.0599259
 4499.51374 0.4541152 0.0595608
 4504.02561 0.4672796 0.0589953
 4508.52202 0.4795960 0.0586888
 4513.03427 0.4872515 0.0582172
 4517.54614 0.4841245 0.0580137
 4522.05840 0.4953083 0.0576352
 4526.58611 0.4961434 0.0572317
 4531.11421 0.5125094 0.0569680
 4535.64232 0.5277875 0.0564414
 4540.18588 0.5389693 0.0560658
 4544.71398 0.5617409 0.0555660
 4549.25754 0.5700913 0.0551812
 4553.81734 0.5746480 0.0546718
 4558.36090 0.5827177 0.0541100
 4562.92070 0.5756401 0.0537486
 4567.49596 0.5809834 0.0532785
 4572.05575 0.6032698 0.0529450
 4576.63101 0.5980423 0.0524988
 4581.20627 0.6014264 0.0520289
 4585.78191 0.6094777 0.0517345
 4590.37302 0.6071383 0.0513623
 4594.96451 0.6118155 0.0510931
 4599.55562 0.6128006 0.0507245
 4604.16257 0.6284275 0.0504485
 4608.76991 0.6190694 0.0500417
 4613.37686 0.6206166 0.0497284
 4617.98381 0.6193770 0.0495245
 4622.60700 0.6248941 0.0492571
 4627.22980 0.6187046 0.0489396
 4631.85260 0.6265686 0.0487937
 4636.49163 0.6373549 0.0486311
 4641.13028 0.6335894 0.0484731
 4645.76893 0.6387424 0.0481639
 4650.40796 0.6337790 0.0477509
 4655.06246 0.6590837 0.0474951
 4659.71695 0.6568267 0.0470295
 4664.37144 0.6500818 0.0465368
 4669.04179 0.6396623 0.0462275
 4673.71252 0.6491237 0.0457501
 4678.38286 0.6447428 0.0454738
 4683.06905 0.6486958 0.0450241
 4687.73939 0.6513892 0.0446346
 4692.42558 0.6459838 0.0443590
 4697.12800 0.6421592 0.0440041
 4701.83004 0.6253628 0.0436318
 4706.53208 0.6189441 0.0433991
 4711.23411 0.6144407 0.0431104
 4715.95200 0.6100981 0.0427971
 4720.65403 0.6088428 0.0426598
 4725.38776 0.6054125 0.0424184
 4730.10565 0.6054781 0.0422452
 4734.83938 0.6118909 0.0421096
 4739.57311 0.6075071 0.0418734
 4744.30684 0.6120945 0.0415259
 4749.05642 0.6226536 0.0413158
 4753.80600 0.6366599 0.0409334
 4758.55558 0.6363334 0.0405851
 4763.32101 0.6373110 0.0402268
 4768.08643 0.6395651 0.0400384
 4772.85186 0.6369073 0.0397271
 4777.61729 0.6497269 0.0394322
 4782.39856 0.6512186 0.0391918
 4787.17983 0.6386263 0.0388494
 4791.97695 0.6390696 0.0384642
 4796.75823 0.6305206 0.0382074
 4801.55535 0.6228765 0.0378060
 4806.36832 0.6210372 0.0374691
 4811.16505 0.6131393 0.0371524
 4815.97802 0.6115943 0.0369834
 4820.79099 0.6055055 0.0366859
 4825.61981 0.6036248 0.0364248
 4830.44862 0.5982707 0.0362285
 4835.27705 0.5956372 0.0359735
 4840.10587 0.5908597 0.0356988
 4844.95053 0.5896569 0.0354768
 4849.79519 0.5865432 0.0353192
 4854.63986 0.5869903 0.0351048
 4859.49998 0.5777863 0.0348446
 4864.36049 0.5743447 0.0346045
 4869.22100 0.5829825 0.0344225
 4874.09697 0.5800809 0.0341849
 4878.97333 0.5880191 0.0339661
 4883.84969 0.5895901 0.0337308
 4888.72566 0.5961642 0.0336296
 4893.61787 0.6000637 0.0334206
 4898.51007 0.5991651 0.0332303
 4903.41774 0.6003014 0.0329902
 4908.30995 0.5854100 0.0327670
 4913.21800 0.5886137 0.0326188
 4918.14151 0.5951455 0.0324453
 4923.06541 0.5949793 0.0323376
 4927.97308 0.5914953 0.0321204
 4932.91283 0.5920349 0.0319384
 4937.83634 0.5926641 0.0318109
 4942.77609 0.5940561 0.0316351
 4947.71545 0.5979260 0.0314304
 4952.67104 0.5969893 0.0312570
 4957.62625 0.5990763 0.0310950
 4962.58185 0.5990751 0.0309859
 4967.53706 0.5953447 0.0308460
 4972.50850 0.6031898 0.0306894
 4977.47956 0.6084338 0.0305851
 4982.46685 0.6116715 0.0305024
 4987.43790 0.5991375 0.0304597
 4992.42480 0.6056138 0.0304207
 4997.42794 0.6090516 0.0303356
 5002.41484 0.6090962 0.0302927
 5007.41798 0.6019815 0.0302461
 5012.43658 0.6006606 0.0301570
 5017.43933 0.6049584 0.0301406
 5022.45832 0.6089721 0.0300242
 5027.49276 0.5994950 0.0299469
 5032.51136 0.5998667 0.0298844
 5037.54580 0.6035785 0.0297883
 5042.58064 0.5988596 0.0297288
 5047.63093 0.6042311 0.0296577
 5052.68122 0.6048498 0.0295977
 5057.73152 0.6097624 0.0295043
 5062.78219 0.6107142 0.0293987
 5067.84834 0.6780424 0.0417394
 5072.91448 0.6763818 0.0417459
 5077.99646 0.6811393 0.0416265
 5083.06260 0.6715018 0.0416286
 5088.14498 0.6635087 0.0416376
 5093.24281 0.6643279 0.0416550
 5098.32480 0.6560245 0.0416652
 5103.43848 0.6625522 0.0416089
 5108.53632 0.6422747 0.0414484
 5113.65000 0.6375906 0.0411092
 5118.76368 0.6357518 0.0408681
 5123.87737 0.6258057 0.0406644
 5129.00690 0.6197673 0.0406347
 5134.13642 0.6233298 0.0403494
 5139.26595 0.6249168 0.0401618
 5144.41133 0.6297730 0.0399148
 5149.55671 0.6241587 0.0395906
 5154.70209 0.6189772 0.0391217
 5159.84746 0.6209563 0.0387628
 5165.00869 0.6309062 0.0386059
 5170.18576 0.6348614 0.0383175
 5175.34699 0.6292488 0.0379985
 5180.52406 0.6335494 0.0378360
 5185.70113 0.6397241 0.0377216
 5190.89405 0.6364170 0.0376330
 5196.08697 0.6266744 0.0374413
 5201.27989 0.6330813 0.0373826
 5206.48865 0.6503011 0.0373765
 5211.68119 0.6610632 0.0375362
 5216.90580 0.6601045 0.0373827
 5222.11457 0.6578069 0.0372157
 5227.33918 0.6474332 0.0371067
 5232.56380 0.6710921 0.0369753
 5237.80387 0.6748384 0.0368259
 5243.04433 0.6711833 0.0365513
 5248.28479 0.6769739 0.0363433
 5253.52526 0.6810424 0.0360890
 5258.78118 0.6820592 0.0359319
 5264.03749 0.6876055 0.0355779
 5269.30964 0.6944748 0.0351698
 5274.58180 0.7040746 0.0350013
 5279.85357 0.6978386 0.0346999
 5285.12573 0.6970770 0.0344229
 5290.41373 0.6997662 0.0341640
 5295.70135 0.6974882 0.0339230
 5301.00520 0.6951378 0.0336393
 5306.30866 0.7005706 0.0334288
 5311.61251 0.6957232 0.0332383
 5316.91637 0.6928815 0.0330923
 5322.23568 0.6887059 0.0330181
 5327.55538 0.6783966 0.0330039
 5332.89054 0.6767175 0.0328875
 5338.22608 0.6806651 0.0328584
 5343.56124 0.6693375 0.0328310
 5348.91263 0.6674553 0.0327926
 5354.26364 0.6681436 0.0327479
 5359.61504 0.6705576 0.0327025
 5364.96604 0.6761404 0.0326791
 5370.33328 0.6707706 0.0325433
 5375.70014 0.6657667 0.0325220
 5381.08284 0.6711206 0.0324981
 5386.46593 0.6801426 0.0324567
 5391.84863 0.6778953 0.0324159
 5397.24756 0.6755763 0.0323929
 5402.63027 0.6835315 0.0323561
 5408.04466 0.6955769 0.0323028
 5413.44360 0.7049386 0.0322450
 5418.85799 0.7093586 0.0320882
 5424.28824 0.7108181 0.0320413
 5429.70302 0.7161503 0.0320228
 5435.13326 0.7176011 0.0320277
 5440.56351 0.7286315 0.0320403
 5446.00960 0.7331877 0.0320460
 5451.45608 0.7322435 0.0320338
 5456.91801 0.7352848 0.0320104
 5462.36411 0.7411341 0.0319786
 5467.82604 0.7517218 0.0318583
 5473.30383 0.7619419 0.0317551
 5478.76616 0.7737922 0.0317342
 5484.24394 0.7724643 0.0316282
 5489.73757 0.7794958 0.0316304
 5495.23121 0.7974968 0.0316373
 5500.72484 0.8049930 0.0316578
 5506.21847 0.8122614 0.0316990
 5511.72796 0.8232947 0.0317559
 5517.23744 0.8354970 0.0318085
 5522.76315 0.8273041 0.0318719
 5528.28848 0.8277755 0.0319470
 5533.81381 0.8242097 0.0319332
 5539.33914 0.8306705 0.0319729
 5544.88031 0.8349730 0.0319628
 5550.42149 0.8206636 0.0319389
 5555.97851 0.8321071 0.0319101
 5561.53553 0.8306019 0.0318599
 5567.09255 0.8282373 0.0317967
 5572.66504 0.8262669 0.0317160
 5578.23791 0.8246143 0.0315215
 5583.81078 0.8171499 0.0315074
 5589.39950 0.8135510 0.0313623
 5594.98821 0.8149849 0.0312077
 5600.59278 0.8180835 0.0310441
 5606.18150 0.8163913 0.0308919
 5611.78606 0.8198456 0.0307533
 5617.40609 0.8253435 0.0305092
 5623.02650 0.8233658 0.0303832
 5628.64691 0.8311809 0.0302847
 5634.26733 0.8303371 0.0302223
 5639.90359 0.8309280 0.0302063
 5645.53946 0.8314666 0.0302412
 5651.19157 0.8334639 0.0302255
 5656.84367 0.8339327 0.0302814
 5662.51124 0.8272573 0.0303165
 5668.16335 0.8158809 0.0303460
 5673.83130 0.8139355 0.0303787
 5679.51472 0.8185013 0.0303080
 5685.18267 0.8126317 0.0303416
 5690.86648 0.8188071 0.0303732
 5696.56574 0.8162476 0.0304988
 5702.26539 0.8210601 0.0304982
 5707.96504 0.8341645 0.0303831
 5713.68015 0.8377450 0.0303480
 5719.37980 0.8416874 0.0303065
 5725.11075 0.8403162 0.0302585
 5730.82625 0.8367949 0.0300878
 5736.55721 0.8320227 0.0300109
 5742.30440 0.8214569 0.0299333
 5748.03536 0.8258219 0.0298589
 5753.78255 0.8258119 0.0297661
 5759.54520 0.8184147 0.0295583
 5765.30824 0.8143021 0.0295057
 5771.07089 0.8130718 0.0293808
 5776.84978 0.8191763 0.0291612
 5782.61243 0.8042649 0.0292489
 5788.40678 0.8098962 0.0295760
 5794.18567 0.8111840 0.0293001
 5799.98001 0.8327692 0.0288515
 5805.79021 0.8507918 0.0287029
 5811.58494 0.8705359 0.0286274
 5817.41098 0.8838922 0.0285965
 5823.22118 0.9017671 0.0285257
 5829.04761 0.9125667 0.0285679
 5834.87365 0.9237801 0.0286298
 5840.71554 0.9246053 0.0286178
 5846.54158 0.9344806 0.0287082
 5852.39970 0.9595358 0.0289000
 5858.24159 0.9572514 0.0289131
 5864.11518 0.9662442 0.0290179
 5869.97291 0.9706205 0.0291158
 5875.84650 0.9758873 0.0291169
 5881.72047 0.9848230 0.0291660
 5887.59405 0.9853343 0.0292686
 5893.48348 0.9880822 0.0291724
 5899.38876 0.9941146 0.0291526
 5905.27820 0.9845864 0.0290659
 5911.18347 0.9877751 0.0288917
 5917.10460 0.9826164 0.0288483
 5923.00988 0.9713393 0.0287025
 5928.94685 0.9634684 0.0284575
 5934.86798 0.9516481 0.0282857
 5940.80495 0.9358282 0.0280935
 5946.74193 0.9373308 0.0279297
 5952.69475 0.9169168 0.0277631
 5958.64757 0.8931094 0.0275059
 5964.60039 0.8798329 0.0273645
 5970.56906 0.8580311 0.0272415
 5976.53773 0.8466958 0.0271450
 5982.52224 0.8231251 0.0270638
 5988.49091 0.8003579 0.0269526
 5994.49128 0.7906331 0.0270622
 6000.47579 0.7741565 0.0270873
 6006.47577 0.7507032 0.0272380
 6012.49198 0.7522811 0.0274850
 6018.50819 0.7433197 0.0330424
 6024.52440 0.7277174 0.0331348
 6030.54061 0.7284815 0.0331466
 6036.57228 0.7254971 0.0334921
 6042.62019 0.7247356 0.0335641
 6048.65225 0.7279947 0.0337485
 6054.70015 0.7395220 0.0341234
 6060.76352 0.7693459 0.0341810
 6066.82727 0.7863019 0.0343500
 6072.89102 0.8129736 0.0345073
 6078.95439 0.8376645 0.0345976
 6085.03399 0.8786801 0.0346222
 6091.12944 0.8915936 0.0347132
 6097.22450 0.9228457 0.0344798
 6103.31995 0.9652907 0.0344184
 6109.41501 0.9882641 0.0344762
 6115.52630 1.0046178 0.0342444
 6121.63721 1.0423290 0.0341736
 6127.76435 1.0786361 0.0340721
 6133.89111 1.1041299 0.0340194
 6140.03410 1.1464465 0.0339562
 6146.16086 1.1455058 0.0338966
 6152.31969 1.1687453 0.0336754
 6158.46230 1.1935122 0.0337449
 6164.62113 1.2127919 0.0335151
 6170.79543 1.2180333 0.0334235
 6176.97012 1.2179880 0.0333039
 6183.14441 1.2239368 0.0331887
 6189.31871 1.2161291 0.0330766
 6195.50924 1.2067918 0.0328550
 6201.71524 1.2242489 0.0329069
 6207.90538 1.2369382 0.0327104
 6214.12761 1.2317591 0.0326804
 6220.33360 1.2370745 0.0326723
 6226.55544 1.2185270 0.0326642
 6232.77767 1.2197111 0.0326857
 6239.01536 1.2328773 0.0327309
 6245.25304 1.2391346 0.0328364
 6251.50658 1.2503749 0.0326008
 6257.74465 1.2538691 0.0326116
 6264.01404 1.2679093 0.0326155
 6270.26757 1.2736166 0.0326052
 6276.53695 1.2727097 0.0325792
 6282.82218 1.2860848 0.0325919
 6289.10741 1.2927634 0.0325709
 6295.39264 1.2976925 0.0323962
 6301.69411 1.3168186 0.0324730
 6307.99518 1.3330202 0.0322617
 6314.29626 1.3564059 0.0321837
 6320.61319 1.3678960 0.0321170
 6326.93011 1.3600858 0.0320396
 6333.26288 1.3578433 0.0319723
 6339.59565 1.3560028 0.0318886
 6345.92843 1.3638551 0.0316964
 6352.27705 1.3507955 0.0317750
 6358.62567 1.3473654 0.0316218
 6364.99013 1.3221598 0.0316001
 6371.35460 1.3127971 0.0317270
 6377.73453 1.3012646 0.0316248
 6384.09899 1.2850453 0.0316347
 6390.49515 1.2764841 0.0316381
 6396.89132 1.2630368 0.0316513
 6403.28748 1.2531152 0.0315442
 6409.68364 1.2377928 0.0317079
 6416.09526 1.2173558 0.0316147
 6422.50727 1.2228117 0.0316510
 6428.93513 1.2080737 0.0318379
 6435.36298 1.1869636 0.0318068
 6441.79084 1.1722571 0.0319279
 6448.23416 1.1732553 0.0319023
 6454.69371 1.1616009 0.0321171
 6461.13741 1.1766970 0.0322168
 6467.61242 1.1840020 0.0321139
 6474.07198 1.1762280 0.0321320
 6480.54737 1.1716965 0.0321471
 6487.02277 1.1658036 0.0321491
 6493.51325 1.1675537 0.0321178
 6500.00449 1.1626744 0.0319594
 6506.51197 1.1655133 0.0320613
 6513.01868 1.1561491 0.0320325
 6519.52538 1.1439881 0.0318987
 6526.04833 1.1277363 0.0319113
 6532.57127 1.1224166 0.0320684
 6539.10967 1.1316868 0.0325458
 6545.64807 1.1098864 0.0322098
 6552.18647 1.0929148 0.0320349
 6558.74111 1.0754331 0.0321308
 6565.31120 1.0485615 0.0323251
 6571.86584 1.0435779 0.0326565
 6578.45217 1.0209883 0.0327897
 6585.02226 1.0191361 0.0330317
 6591.60859 1.0184180 0.0332671
 6598.19415 0.9888834 0.0333644
 6604.79594 1.0056082 0.0335755
 6611.39851 0.9934583 0.0338889
 6618.01576 0.9828570 0.0338638
 6624.63378 0.9713914 0.0339340
 6631.26727 0.9647329 0.0339651
 6637.88529 0.9605673 0.0339308
 6644.53424 0.9526707 0.0337439
 6651.16773 0.9463005 0.0337092
 6657.81745 0.9487895 0.0337813
 6664.48263 0.9726856 0.0337310
 6671.14781 0.9708098 0.0335736
 6677.81299 0.9829336 0.0335936
 6684.49440 0.9967303 0.0336713
 6691.17505 1.0044835 0.0338513
 6697.87192 1.0019085 0.0339625
 6704.56880 1.0111393 0.0345019
 6711.28191 1.0003030 0.0343989
 6717.99424 1.0104518 0.0341953
 6724.70735 1.0126024 0.0342655
 6731.43592 1.0297098 0.0341625
 6738.16449 1.0381422 0.0341713
 6744.90852 1.0424035 0.0341622
 6751.65333 1.0529751 0.0341432
 6758.39736 1.0646427 0.0342424
 6765.15762 1.0734003 0.0342127
 6771.91789 1.0613048 0.0340661
 6778.69439 1.0597006 0.0340609
 6785.47011 1.0387138 0.0340706
 6792.26207 1.0265452 0.0340885
 6799.05403 1.0342163 0.0341250
 6805.84599 1.0381806 0.0341853
 6812.65341 1.0402941 0.0342755
 6819.47707 1.0301692 0.0342507
 6826.28526 1.0454469 0.0342688
 6833.12438 1.0659349 0.0344150
 6839.94803 1.0722852 0.0345784
 6846.78715 1.0691885 0.0347525
 6853.64250 1.0706559 0.0349215
 6860.49785 1.0659462 0.0350915
 6867.35320 1.0535916 0.0352682
 6874.22401 1.0601814 0.0355044
 6881.09482 1.0500786 0.0357796
 6887.98186 1.0514998 0.0358940
 6894.86890 1.0665643 0.0361954
 6901.75595 1.0690072 0.0365303
 6908.65845 1.0878042 0.0369100
 6915.57719 1.0881993 0.0374669
 6922.47970 1.0878850 0.0382679
 6929.41390 1.0933865 0.0390760
 6936.33264 1.0724223 0.0392604
 6943.26684 1.0689064 0.0394262
 6950.21727 1.0510372 0.0401089
 6957.16770 1.0478933 0.0411657
 6964.13360 1.0536939 0.0424648
 6971.08403 1.0619016 0.0439251
 6978.06539 1.0695581 0.0455273
 6985.04752 1.0755804 0.0471896
 6992.02964 1.0994171 0.0488368
 6999.01100 1.1123650 0.0504065
 7006.02482 1.1173451 0.0517735
 7013.02241 1.1287938 0.0529770
 7020.03624 1.1337482 0.0535513
 7027.06552 1.1223707 0.0539535
 7034.07934 1.1270308 0.0536973
 7041.12409 1.1502624 0.0531224
 7048.15337 1.1571358 0.0522762
 7055.21435 1.1647465 0.0512608
 7062.25987 1.1688316 0.0501735
 7069.33708 1.2067968 0.0490906
 7076.39806 1.2406985 0.0481136
 7083.47450 1.2695531 0.0473626
 7090.56717 1.3084205 0.0470506
 7097.64439 1.3428253 0.0474913
 7104.75252 1.3809483 0.0475992
 7111.84520 1.3892637 0.0466325
 7118.96956 1.4203784 0.0456973
 7126.07847 1.4489149 0.0450299
 7133.20284 1.4606836 0.0445002
 7140.34267 1.4898832 0.0440073
 7147.48327 1.5089086 0.0435079
 7154.63934 1.5342354 0.0427693
 7161.77917 1.5675550 0.0422676
 7168.95146 1.5895452 0.0417685
 7176.12299 1.6046075 0.0412811
 7183.29528 1.6344697 0.0408311
 7190.48227 1.6618288 0.0404326
 7197.67003 1.6628306 0.0400851
 7204.87402 1.6944011 0.0396624
 7212.07724 1.7114353 0.0393020
 7219.28123 1.7275397 0.0389816
 7226.49991 1.7404417 0.0386769
 7233.73560 1.7417717 0.0383835
 7240.97051 1.7671406 0.0380968
 7248.20620 1.7737190 0.0378224
 7255.45657 1.7688590 0.0375537
 7262.70772 1.7878727 0.0371198
 7269.97510 1.7965119 0.0368398
 7277.24171 1.8085002 0.0365789
 7284.52455 1.8188583 0.0363573
 7291.80662 1.8109009 0.0361335
 7299.10570 1.7891974 0.0358822
 7306.40400 1.8135054 0.0356990
 7313.70230 1.8148280 0.0357721
 7321.01684 1.8107461 0.0358111
 7328.34684 1.7867647 0.0354834
 7335.67761 1.7746919 0.0349812
 7343.00761 1.7514398 0.0348070
 7350.35384 1.7340603 0.0348780
 7357.69930 1.6945333 0.0350888
 7365.06099 1.6904950 0.0353811
 7372.42346 1.6829252 0.0357014
 7379.80061 1.6573641 0.0360739
 7387.17854 1.6393945 0.0365150
 7394.57193 1.6306664 0.0370041
 7401.94985 1.6052725 0.0371152
 7409.35870 1.5830241 0.0373205
 7416.76832 1.5498655 0.0373495
 7424.19340 1.5295271 0.0370336
 7431.61849 1.5142840 0.0369527
 7439.04357 1.4886394 0.0370546
 7446.48489 1.4838113 0.0372232
 7453.92620 1.4505461 0.0373923
 7461.38298 1.4425932 0.0373979
 7468.83976 1.4262524 0.0374749
 7476.31199 1.4101942 0.0375180
 7483.80047 1.3922859 0.0375100
 7491.27348 1.3826844 0.0375137
 7498.76195 1.3674763 0.0376638
 7506.26666 1.3425292 0.0376800
 7513.77059 1.3159041 0.0371245
 7521.29076 1.3018595 0.0363866
 7528.81092 1.2982750 0.0354378
 7536.34732 1.3029050 0.0348131
 7543.86749 1.2994410 0.0343083
 7551.41935 1.2956322 0.0336749
 7558.97044 1.3188167 0.0329903
 7566.53853 1.3289168 0.0326232
 7574.10586 1.3428129 0.0325531
 7581.67395 1.3528912 0.0324512
 7589.25751 1.3502685 0.0323339
 7596.84107 1.3462570 0.0322748
 7604.44008 1.3508397 0.0321956
 7612.03910 1.3540431 0.0319435
 7619.65435 1.3744884 0.0317119
 7627.28584 1.3858552 0.0315501
 7634.91655 1.3870517 0.0314262
 7642.54726 1.3813864 0.0313003
 7650.17874 1.3828293 0.0311685
 7657.84115 1.4048362 0.0309107
 7665.48810 1.3975043 0.0307817
 7673.15050 1.4035451 0.0307408
 7680.82914 1.3876431 0.0304770
 7688.50779 1.3950419 0.0303310
 7696.20189 1.4137235 0.0301970
 7703.89599 1.4104700 0.0299564
 7711.60632 1.4251703 0.0299239
 7719.31666 1.4232528 0.0298154
 7727.02699 1.4355611 0.0296187
 7734.76825 1.4396245 0.0295458
 7742.49482 1.4373146 0.0296498
 7750.23608 1.4351304 0.0293618
 7757.99434 1.4458826 0.0292294
 7765.75183 1.4332992 0.0291112
 7773.50932 1.4309096 0.0290404
 7781.29851 1.4194024 0.0289582
 7789.07224 1.4218736 0.0287636
 7796.86142 1.4317987 0.0288106
 7804.66684 1.4417536 0.0287772
 7812.45603 1.4445684 0.0286593
 7820.27691 1.4435564 0.0287952
 7828.09779 1.4360521 0.0289315
 7835.91867 1.4317058 0.0287319
 7843.75578 1.4259259 0.0284178
 7851.60836 1.4223601 0.0284967
 7859.46093 1.4190353 0.0285935
 7867.31351 1.4179147 0.0286156
 7875.18232 1.4153359 0.0287960
 7883.06659 1.4069673 0.0288136
 7890.95086 1.4078929 0.0288979
 7898.83513 1.3981695 0.0290251
 7906.73486 1.3706616 0.0290505
 7914.63537 1.3720306 0.0287137
 7922.55133 1.3449670 0.0286159
 7930.48276 1.3227183 0.0284512
 7938.41496 1.2945133 0.0281485
 7946.34638 1.2951169 0.0280331
 7954.29404 1.2756726 0.0276500
 7962.24170 1.2685587 0.0273765
 7970.20482 1.2711563 0.0270764
 7978.18418 1.2771879 0.0268153
 7986.16353 1.2831963 0.0264547
 7994.15912 1.2960725 0.0261869
 8002.13847 1.2974837 0.0258547
 8010.14952 1.3020443 0.0257678
 8018.15980 1.3102257 0.0255670
 8026.17085 1.3181891 0.0255509
 8034.19813 1.3452051 0.0253079
 8042.24010 1.3474629 0.0248584
 8050.28285 1.3740150 0.0246639
 8058.32559 1.3960501 0.0244040
 8066.38380 1.4134105 0.0244372
 8074.45823 1.4286484 0.0242061
 8082.53267 1.4360875 0.0241608
 8090.60711 1.4468879 0.0240286
 8098.69701 1.4552828 0.0239636
 8106.80315 1.4566576 0.0241384
 8114.90928 1.4729680 0.0240729
 8123.03087 1.4784615 0.0241149
 8131.15247 1.4717841 0.0240764
 8139.27406 1.4784124 0.0242190
 8147.42813 1.4950340 0.0242101
 8155.56518 1.4923258 0.0242382
 8163.71924 1.5013859 0.0242056
 8171.88799 1.5075482 0.0241970
 8180.05752 1.4959929 0.0241793
 8188.24250 1.4991418 0.0241756
 8196.42749 1.5113167 0.0241175
 8204.62870 1.5149431 0.0242198
 8212.82915 1.5127256 0.0241367
 8221.04660 1.5147607 0.0241448
 8229.26328 1.5155491 0.0241413
 8237.49542 1.5292184 0.0241246
 8245.72833 1.5417802 0.0240035
 8253.97671 1.5594323 0.0239317
 8262.24131 1.5614129 0.0237141
 8270.48969 1.5776846 0.0236065
 8278.76976 1.5768929 0.0235373
 8287.04982 1.5783013 0.0233172
 8295.32989 1.5931737 0.0231060
 8303.62542 1.5985080 0.0229729
 8311.93718 1.6074592 0.0228464
 8320.24895 1.6182241 0.0225704
 8328.56071 1.6250265 0.0225001
 8336.88871 1.6249282 0.0222858
 8345.23217 1.6257665 0.0221500
 8353.57562 1.6286706 0.0221025
 8361.93454 1.6376415 0.0220927
 8370.29424 1.6471224 0.0220289
 8378.66862 1.6548377 0.0219018
 8387.04377 1.6491879 0.0219402
 8395.43515 1.6599561 0.0218840
 8403.82577 1.6749775 0.0217676
 8412.23262 1.6737093 0.0217148
 8420.63946 1.6667488 0.0217062
 8429.06177 1.6667362 0.0215328
 8437.50031 1.6666790 0.0214231
 8445.93886 1.6648266 0.0212307
 8454.37740 1.6695645 0.0210942
 8462.83140 1.6594397 0.0210893
 8471.30164 1.6537001 0.0209661
 8479.77188 1.6427310 0.0207591
 8488.25757 1.6289341 0.0205596
 8496.72781 1.6178946 0.0202739
 8505.22974 1.6092581 0.0202118
 8513.74714 1.6037111 0.0201886
 8522.24907 1.5989628 0.0202954
 8530.78192 1.5927151 0.0205225
 8539.30009 1.5838484 0.0205772
 8547.84918 1.5790519 0.0207180
 8556.39826 1.5687701 0.0207647
 8564.94735 1.5715866 0.0208964
 8573.51267 1.5725019 0.0210816
 8582.09345 1.5719206 0.0211996
 8590.67424 1.5736226 0.0214331
 8599.27125 1.5724603 0.0216749
 8607.86750 1.5792944 0.0219053
 8616.48075 1.5848686 0.0219757
 8625.09322 1.5879019 0.0221275
 8633.72116 1.5744942 0.0222226
 8642.34987 1.5783830 0.0221681
 8650.99404 1.5728313 0.0220098
 8659.63822 1.5693644 0.0219146
 8668.29862 1.5572318 0.0218042
 8676.97449 1.5437052 0.0216456
 8685.65036 1.5354608 0.0215915
 8694.34168 1.5233978 0.0213372
 8703.03378 1.5108569 0.0210487
 8711.74135 1.5030131 0.0207308
 8720.44891 1.4966006 0.0203725
 8729.17193 1.4936740 0.0200602
 8737.89573 1.4720623 0.0198635
 8746.63498 1.4594573 0.0198089
 8755.37424 1.4388133 0.0196941
 8764.12896 1.4238495 0.0194161
 8772.89991 1.4071755 0.0191676
 8781.67086 1.3844095 0.0190186
 8790.45727 1.3616205 0.0188486
 8799.24445 1.3445498 0.0187038
 8808.04710 1.3359092 0.0185738
 8816.86521 1.3317032 0.0184452
 8825.66785 1.3237032 0.0183356
 8834.50219 1.3089479 0.0181774
 8843.33576 1.2856950 0.0181365
 8852.18634 1.2705553 0.0181110
 8861.03614 1.2490298 0.0180506
 8869.88594 1.2294703 0.0179896
 8878.76821 1.2217238 0.0179782
 8887.64970 1.2069020 0.0178954
 8896.53120 1.1760848 0.0178206
 8905.42893 1.1675948 0.0176897
 8914.32666 1.1597528 0.0178260
 8923.23985 1.1312191 0.0177625
 8932.16928 1.1205972 0.0175805
 8941.09793 1.1037413 0.0174836
 8950.04359 1.0915400 0.0174586
 8959.00393 1.0739768 0.0174915
 8967.94959 1.0492413 0.0175759
 8976.92617 1.0353836 0.0176891
 8985.90275 1.0240645 0.0178147
 8994.87933 1.0033312 0.0180519
 9003.88761 0.9880882 0.0180939
 9012.88042 0.9649692 0.0180038
 9021.90416 0.9465630 0.0179452
 9030.92867 0.9359949 0.0180377
 9039.95318 0.9291607 0.0181340
 9048.99315 0.9013583 0.0181446
 9058.04858 0.8800461 0.0181543
 9067.10479 0.8638735 0.0182036
 9076.17645 0.8544237 0.0183368
 9085.24811 0.8561801 0.0185534
 9094.33524 0.8470314 0.0187161
 9103.42314 0.8464898 0.0189300
 9112.52650 0.8519520 0.0190597
 9121.64532 0.8382108 0.0192088
 9130.76491 0.8446996 0.0193559
 9139.89997 0.8552849 0.0196129
 9149.03502 0.8594896 0.0199708
 9158.18554 0.8479080 0.0196830
 9167.33683 0.8480061 0.0195026
 9176.51904 0.8495129 0.0194920
 9185.68579 0.8588772 0.0194819
 9194.88423 0.8641419 0.0194661
 9204.06644 0.8649675 0.0193425
 9213.28112 0.8730934 0.0192215
 9222.49502 0.8814634 0.0193307
 9231.70893 0.8745884 0.0194202
 9240.93907 0.8709018 0.0192045
 9250.18544 0.8680407 0.0188796
 9259.43104 0.8774197 0.0187248
 9268.69287 0.8868436 0.0186824
 9277.97017 0.8909443 0.0185448
 9287.24746 0.9000695 0.0182343
 9296.52476 0.9152333 0.0179652
 9305.83452 0.9333326 0.0177082
 9315.12727 0.9523801 0.0174666
 9324.45250 0.9623582 0.0173311
 9333.77772 0.9719166 0.0172863
 9343.10294 0.9784292 0.0173751
 9352.45909 0.9858538 0.0171295
 9361.80055 0.9948830 0.0169164
 9371.17293 1.0106221 0.0168380
 9380.54530 1.0142771 0.0168239
 9389.91768 1.0075577 0.0168822
 9399.30630 1.0009419 0.0168996
 9408.71037 0.9947059 0.0168812
 9418.11444 0.9871545 0.0170077
 9427.53398 0.9801456 0.0171163
 9436.97052 0.9767073 0.0173565
 9446.40629 0.9733853 0.0175682
 9455.84206 0.9588160 0.0174697
 9465.30952 0.9377816 0.0172592
 9474.77698 0.9279630 0.0173030
 9484.24445 0.9321474 0.0172485
 9493.72737 0.9449130 0.0172990
 9503.22653 0.9513966 0.0176276
 9512.72569 0.9521946 0.0181019
 9522.24108 0.9534398 0.0186821
 9531.77193 0.9628503 0.0193034
 9541.30278 0.9744549 0.0199515
 9550.84910 0.9681267 0.0205797
 9560.39618 0.9696776 0.0212826
 9569.95873 0.9823685 0.0221852
 9579.52051 0.9929500 0.0236308
 9589.09929 0.9939440 0.0237826
 9598.69353 0.9951714 0.0227964
 9608.28777 1.0001247 0.0222389
 9617.89747 1.0061377 0.0218501
 9627.52341 1.0046026 0.0220528
 9637.14935 1.0220972 0.0211604
 9646.79075 1.0269071 0.0204059
 9656.43215 1.0235783 0.0198756
 9666.08978 1.0379308 0.0195451
 9675.74741 1.0364710 0.0197166
 9685.43674 1.0417604 0.0197933
 9695.12529 1.0449626 0.0195953
 9704.81462 1.0527765 0.0195658
 9714.51940 1.0736338 0.0201339
 9724.24043 1.0875961 0.0201338
 9733.96145 1.1036729 0.0201280
 9743.69793 1.1230780 0.0201688
 9753.43441 1.1334583 0.0202535
 9763.18713 1.1391475 0.0200851
 9772.95530 1.1430227 0.0198699
 9782.72348 1.1534222 0.0196381
 9792.50789 1.1578918 0.0194937
 9802.30776 1.1530347 0.0194000
 9812.10764 1.1518687 0.0193550
 9821.92374 1.1551191 0.0196543
 9831.73908 1.1435816 0.0200446
 9841.57064 1.1449267 0.0198106
 9851.41844 1.1520615 0.0194954
 9861.26624 1.1511884 0.0192734
 9871.12950 1.1415904 0.0195621
 9881.00823 1.1304743 0.0196976
 9890.87149 1.1334867 0.0196184
 9900.76644 1.1216398 0.0197161
 9910.67763 1.1156368 0.0198436
 9920.58805 1.1102285 0.0200198
 9930.51470 1.1068817 0.0202956
 9940.44135 1.1013689 0.0197327
 9950.38347 1.1041075 0.0195626
 9960.32635 1.1082861 0.0195399
 9970.28470 1.0991638 0.0193288
 9980.25850 1.0924642 0.0187867
 9990.24854 1.0996090 0.0186016
 10000.23858 1.1099426 0.0185424
 10010.22863 1.1013483 0.0184606
 10020.25036 1.0979387 0.0180027
 10030.27210 1.1062237 0.0177999
 10040.29306 1.1207303 0.0175860
 10050.33103 1.1419069 0.0174791
 10060.38446 1.1414078 0.0173724
 10070.45335 1.1452605 0.0172902
 10080.52224 1.1546086 0.0176578
 10090.59113 1.1559272 0.0172152
 10100.69249 1.1643608 0.0170648
 10110.79308 1.1750375 0.0167165
 10120.90989 1.1707011 0.0165055
 10131.02594 1.1659120 0.0162914
 10141.15822 1.1648296 0.0160657
 10151.30674 1.1742126 0.0158891
 10161.43902 1.1628340 0.0156641
 10171.60377 1.1577002 0.0155424
 10181.78320 1.1606361 0.0153700
 10191.96341 1.1618870 0.0151538
 10202.15908 1.1631742 0.0150168
 10212.35475 1.1665198 0.0149846
 10222.58212 1.1662616 0.0148035
 10232.79402 1.1632121 0.0146611
 10243.02139 1.1776034 0.0145764
 10253.28045 1.1808888 0.0146121
 10263.52327 1.1809386 0.0146881
 10273.78233 1.1865600 0.0146783
 10284.05762 1.1851286 0.0147528
 10294.34838 1.1901698 0.0149911
 10304.63913 1.1932511 0.0150051
 10314.94535 1.1861356 0.0148213
 10325.26780 1.1701531 0.0146908
 10335.59025 1.1520206 0.0145917
 10345.92893 1.1478996 0.0147308
 10356.26684 1.1413356 0.0148975
 10366.62098 1.1352029 0.0152165
 10376.99136 1.1214342 0.0153957
 10387.37643 1.1016434 0.0154851
 10397.76227 1.0772105 0.0155635
 10408.16434 1.0653859 0.0158372
 10418.56564 1.0439444 0.0159238
 10428.98317 1.0226693 0.0162485
 10439.41617 1.0154401 0.0164065
 10449.86540 1.0180696 0.0165645
 10460.31463 1.0025311 0.0167265
 10470.76385 0.9913428 0.0171655
 10481.24400 0.9729880 0.0170198
 10491.72493 0.9557347 0.0169733
 10502.22131 0.9459915 0.0169111
 10512.71847 0.9408488 0.0170068
 10523.23031 0.9173645 0.0169533
 10533.75916 0.9175583 0.0170072
 10544.28724 0.9259723 0.0175130
 10554.83078 0.9063190 0.0182077
 10565.39133 0.8990258 0.0183304
 10575.95110 0.8864791 0.0179456
 10586.52634 0.8778836 0.0176755
 10597.11781 0.8772590 0.0174846
 10607.71005 0.8638797 0.0172904
 10618.31698 0.8765145 0.0171676
 10628.94014 0.8646986 0.0169657
 10639.56330 0.8653973 0.0164433
 10650.21816 0.8548203 0.0159656
 10660.85756 0.8459833 0.0155588
 10671.52788 0.8471763 0.0152168
 10682.19897 0.8405478 0.0150588
 10692.88552 0.8325401 0.0147709
 10703.57207 0.8210357 0.0145992
 10714.27409 0.8119085 0.0143755
 10724.99234 0.8003030 0.0142933
 10735.71058 0.7666728 0.0141598
 10746.46053 0.7543974 0.0142847
 10757.19501 0.7446972 0.0140926
 10767.96041 0.7473106 0.0143909
 10778.72659 0.7396086 0.0143932
 10789.50745 0.7313831 0.0148171
 10800.30532 0.7265082 0.0150747
 10811.10242 0.7348238 0.0157731
 10821.91575 0.7281722 0.0168121
 10832.72908 0.7137507 0.0178022
 10843.55788 0.7178702 0.0186642
 10854.40290 0.7196186 0.0193283
 10865.26339 0.7303821 0.0200535
 10876.12465 0.7454532 0.0210756
 10887.00060 0.7515672 0.0222061
 10897.89355 0.7575305 0.0222762
 10908.78574 0.7510283 0.0207960
 10919.70961 0.7424057 0.0190175
 10930.61803 0.7395453 0.0173672
 10941.55737 0.7598307 0.0166058
 10952.49748 0.7561113 0.0159864
 10963.43759 0.7533422 0.0157703
 10974.40862 0.7498991 0.0155925
 10985.38043 0.7484497 0.0154596
 10996.36770 0.7472358 0.0150671
 11007.37120 0.7461252 0.0150091
 11018.37392 0.7362334 0.0152505
 11029.39288 0.7401251 0.0162179
 11040.42808 0.7381179 0.0163884
 11051.46328 0.7335479 0.0164710
 11062.51393 0.7359461 0.0165820
 11073.58005 0.7304793 0.0168904
 11084.66240 0.7283188 0.0167374
 11095.74475 0.7254680 0.0161244
 11106.82710 0.7341980 0.0162850
 11117.94115 0.7452495 0.0163688
 11129.07065 0.7500089 0.0166405
 11140.18470 0.7464805 0.0167006
 11151.33044 0.7469121 0.0170712
 11162.49242 0.7483758 0.0181259
 11173.63816 0.7361920 0.0182113
 11184.81559 0.7414212 0.0182726
 11196.00849 0.7550098 0.0177770
 11207.20138 0.7744374 0.0173377
 11218.41051 0.8002971 0.0170484
 11229.63510 0.8099437 0.0170440
 11240.86047 0.8047965 0.0173588
 11252.10129 0.7961812 0.0174177
 11263.35758 0.7981776 0.0169801
 11274.61387 0.8024942 0.0164853
 11285.88638 0.8066200 0.0160751
 11297.17437 0.8198520 0.0157615
 11308.47858 0.8120737 0.0154055
 11319.78279 0.8151169 0.0151119
 11331.10247 0.8354239 0.0147848
 11342.43761 0.8513256 0.0145688
 11353.77352 0.8559290 0.0145517
 11365.14112 0.8697566 0.0140471
 11376.50795 0.8763259 0.0136304
 11387.87555 0.8728310 0.0132236
 11399.25862 0.8801203 0.0129395
 11410.67338 0.8859453 0.0126926
 11422.07268 0.8907833 0.0124338
 11433.50290 0.8968124 0.0122160
 11444.93389 0.9099184 0.0122641
 11456.38035 0.9219468 0.0122720
 11467.84303 0.9233714 0.0122227
 11479.30495 0.9377946 0.0120413
 11490.78310 0.9439827 0.0117435
 11502.27748 0.9475062 0.0116125
 11513.78655 0.9522999 0.0115749
 11525.29640 0.9467688 0.0116270
 11536.82248 0.9490311 0.0116875
 11548.36401 0.9484625 0.0117524
 11559.90555 0.9547198 0.0119822
 11571.46255 0.9543826 0.0121922
 11583.03579 0.9483610 0.0123589
 11594.62448 0.9403725 0.0123396
 11606.21395 0.9296792 0.0124642
 11617.81888 0.9255298 0.0122542
 11629.43927 0.9279439 0.0124030
 11641.07589 0.9176242 0.0128007
 11652.71174 0.9118581 0.0132729
 11664.36460 0.9029186 0.0135604
 11676.03291 0.8936271 0.0139929
 11687.71669 0.8754946 0.0145051
 11699.40047 0.8740394 0.0152427
 11711.10048 0.8635963 0.0159304
 11722.79972 0.8481217 0.0170215
 11734.53143 0.8481932 0.0180776
 11746.26314 0.8402274 0.0193723
 11758.01031 0.8244107 0.0202737
 11769.77371 0.8011312 0.0212555
 11781.53634 0.7912926 0.0217325
 11793.31520 0.7773021 0.0211953
 11805.11030 0.7718312 0.0218648
 11816.92086 0.7664279 0.0219357
 11828.74765 0.7721644 0.0221974
 11840.57367 0.7688488 0.0217784
 11852.41592 0.7377640 0.0223352
 11864.25817 0.7413790 0.0230663
 11876.13212 0.7115003 0.0233820
 11888.00607 0.7007891 0.0236340
 11899.89625 0.6718694 0.0244592
 11911.80189 0.6559542 0.0248114
 11923.70753 0.6590495 0.0250849
 11935.62864 0.6907130 0.0259790
 11947.56597 0.7013636 0.0263079
 11959.51877 0.6965801 0.0242204
 11971.47234 0.6784565 0.0226685
 11983.44138 0.6937051 0.0217906
 11995.42587 0.6900035 0.0209691
 12007.42659 0.6893958 0.0205442
 12019.42732 0.6794158 0.0200421
 12031.45974 0.6806348 0.0196238
 12043.49139 0.6837952 0.0187662
 12055.54005 0.6823179 0.0182698
 12067.58793 0.6685349 0.0179781
 12079.65204 0.6662549 0.0176806
 12091.73162 0.6692359 0.0171438
 12103.82743 0.6753603 0.0171003
 12115.93870 0.6689240 0.0173462
 12128.04998 0.6932948 0.0173486
 12140.17748 0.7045033 0.0171659
 12152.32045 0.7181789 0.0170681
 12164.46342 0.7293032 0.0178159
 12176.63808 0.7302089 0.0176412
 12188.81274 0.7357602 0.0176414
 12201.00363 0.7488981 0.0175376
 12213.20999 0.7672886 0.0174858
 12225.41635 0.7928677 0.0179717
 12237.65440 0.8131425 0.0183823
 12249.87699 0.8246443 0.0185366
 12262.13050 0.8419942 0.0188783
 12274.40024 0.8467863 0.0185836
 12286.66999 0.8637561 0.0186493
 12298.95597 0.8786255 0.0186105
 12311.25741 0.8807179 0.0189308
 12323.57431 0.8682236 0.0191352
 12335.89121 0.8854620 0.0192917
 12348.22435 0.8931896 0.0195790
 12360.57372 0.9001685 0.0199620
 12372.93855 0.9011896 0.0202100
 12385.30338 0.9055747 0.0206632
 12397.69913 0.8980200 0.0208332
 12410.09565 0.9094377 0.0216370
 12422.50841 0.9124863 0.0216245
 12434.93586 0.9195521 0.0218962
 12447.36408 0.9246734 0.0223420
 12459.80776 0.9276772 0.0233855
 12472.28391 0.9438283 0.0255196
 12484.74305 0.9440693 0.0255103
 12497.23466 0.9366597 0.0255564
 12509.72627 0.9134940 0.0261604
 12522.24957 0.9110188 0.0267216
 12534.77210 0.8882974 0.0273948
 12547.29541 0.8521004 0.0287178
 12559.85041 0.8140630 0.0289600
 12572.40463 0.8033425 0.0303612
 12584.97509 0.7712662 0.0306282
 12597.56179 0.7411982 0.0307946
 12610.16394 0.7048407 0.0316580
 12622.76609 0.6692141 0.0319612
 12635.39994 0.6518185 0.0329777
 12648.03379 0.6260406 0.0331657
 12660.68388 0.6469491 0.0346360
 12673.34942 0.6507241 0.0368584
 12686.01496 0.6382040 0.0371799
 12698.71220 0.6439990 0.0376265
 12711.40944 0.6084026 0.0382103
 12724.10668 0.6138884 0.0388863
 12736.83484 0.6365542 0.0402940
 12749.58001 0.6434236 0.0426444
 12762.32440 0.5970425 0.0448994
 12775.10126 0.5966268 0.0456757
