# SOURCE  = 'Quimby et al. 2018' /                                                
# OBJECT  = 'PTF09cnd'           /                                                
# Z       =             0.258500 / wavelengths in OBSERVER FRAME                 
# NORM    =          1.61400E-18 / fluxes divided by norm                         
# CLIPPED =                    1 / galaxy emission lines removed                  
# SMOOTHED=                    1 / spectrum has been smoothed                     
# COLUMN01= 'Wavelength (Angstrom)' /                                             
# COLUMN02= 'Flux Density (erg/s/cm2/A)' /                                        
# COLUMN03= 'Flux Density Uncertainty (erg/s/cm2/A)' /                            
# END                                                                             
# 
# 
# 
# 
# 
# 
# 
# 
# 
# 
# Converted to Observer Frame using z=0.258
 4864.36049 1.0118729 0.1435952
 4869.22100 1.0172414 0.1419784
 4874.09697 1.0018137 0.1407595
 4878.97333 1.0071764 0.1392480
 4883.84969 0.9988484 0.1383698
 4888.72566 1.0158331 0.1373649
 4893.61787 0.9584058 0.1360552
 4898.51007 0.9703628 0.1351457
 4903.41774 0.9403332 0.1342860
 4908.30995 0.9350401 0.1335408
 4913.21800 0.9523610 0.1324717
 4918.14151 0.9661356 0.1317250
 4923.06541 0.9619635 0.1304755
 4927.97308 0.9655370 0.1295755
 4932.91283 0.9877591 0.1284169
 4937.83634 0.9727509 0.1277499
 4942.77609 0.9503480 0.1269871
 4947.71545 0.9265825 0.1259955
 4952.67104 0.9308147 0.1252607
 4957.62625 0.9648131 0.1243998
 4962.58185 0.9649698 0.1236692
 4967.53706 0.9313592 0.1226954
 4972.50850 0.9411795 0.1222411
 4977.47956 0.9596871 0.1213532
 4982.46685 0.9781647 0.1208349
 4987.43790 1.0074035 0.1203436
 4992.42480 1.0081619 0.1196815
 4997.42794 1.0085704 0.1192683
 5002.41484 1.0292798 0.1187864
 5007.41798 1.0620565 0.1184589
 5012.43658 1.0918703 0.1179227
 5017.43933 1.0696054 0.1177222
 5022.45832 1.1202875 0.1169773
 5027.49276 1.1294771 0.1167121
 5032.51136 1.0978228 0.1159972
 5037.54580 1.1219989 0.1152658
 5042.58064 1.1133440 0.1150138
 5047.63093 1.1630718 0.1143622
 5052.68122 1.1804501 0.1140029
 5057.73152 1.1806498 0.1135340
 5062.78219 1.1532830 0.1128142
 5067.84834 1.1565090 0.1125829
 5072.91448 1.1479853 0.1118988
 5077.99646 1.1270705 0.1114577
 5083.06260 1.1387570 0.1109377
 5088.14498 1.1228944 0.1102720
 5093.24281 1.1775584 0.1100545
 5098.32480 1.1826744 0.1094038
 5103.43848 1.1985685 0.1088760
 5108.53632 1.2150021 0.1083436
 5113.65000 1.1776210 0.1077376
 5118.76368 1.1648163 0.1069724
 5123.87737 1.1487674 0.1065065
 5129.00690 1.1206691 0.1060073
 5134.13642 1.0984421 0.1053349
 5139.26595 1.0818481 0.1051066
 5144.41133 1.0612489 0.1044130
 5149.55671 1.0773028 0.1037592
 5154.70209 1.0838937 0.1032209
 5159.84746 1.0076962 0.1026058
 5165.00869 0.9836192 0.1018765
 5170.18576 0.9630944 0.1013603
 5175.34699 0.9891661 0.1009442
 5180.52406 0.9919252 0.1005018
 5185.70113 1.0093136 0.0999311
 5190.89405 0.9932937 0.0997549
 5196.08697 1.0175947 0.0991765
 5201.27989 1.0033708 0.0987951
 5206.48865 1.0090687 0.0982692
 5211.68119 1.0172569 0.0981417
 5216.90580 1.0180705 0.0977160
 5222.11457 1.0196596 0.0971123
 5227.33918 1.0177760 0.0966472
 5232.56380 1.0435042 0.0959979
 5237.80387 1.0923380 0.0957282
 5243.04433 1.0635035 0.0950712
 5248.28479 1.0946600 0.0945028
 5253.52526 1.0898559 0.0939059
 5258.78118 1.0842727 0.0931675
 5264.03749 1.1112958 0.0925803
 5269.30964 1.1155058 0.0920618
 5274.58180 1.1193073 0.0914729
 5279.85357 1.1114668 0.0909004
 5285.12573 1.1144021 0.0902224
 5290.41373 1.1338226 0.0896826
 5295.70135 1.1588339 0.0890621
 5301.00520 1.1287998 0.0887531
 5306.30866 1.1009578 0.0882522
 5311.61251 1.0862818 0.0876561
 5316.91637 1.0796610 0.0872613
 5322.23568 1.0921568 0.0869927
 5327.55538 1.0948493 0.0865831
 5332.89054 1.0686100 0.0861782
 5338.22608 1.0687044 0.0858484
 5343.56124 1.0387260 0.0854266
 5348.91263 1.0217364 0.0851233
 5354.26364 1.0089495 0.0850016
 5359.61504 0.9730830 0.0847567
 5364.96604 0.9684448 0.0843839
 5370.33328 0.9578415 0.0841509
 5375.70014 0.9894943 0.0839865
 5381.08284 0.9957090 0.0836264
 5386.46593 0.9712465 0.0833932
 5391.84863 0.9651861 0.0831820
 5397.24756 0.9520626 0.0830080
 5402.63027 0.9573039 0.0826517
 5408.04466 0.9638822 0.0824354
 5413.44360 0.9973487 0.0822131
 5418.85799 1.0001869 0.0820243
 5424.28824 0.9981952 0.0817001
 5429.70302 0.9988996 0.0815541
 5435.13326 1.0234406 0.0814336
 5440.56351 1.0538464 0.0813075
 5446.00960 1.0404245 0.0810401
 5451.45608 1.0515150 0.0808795
 5456.91801 1.0692770 0.0806943
 5462.36411 1.0696661 0.0805120
 5467.82604 1.0654958 0.0801820
 5473.30383 1.0639070 0.0800545
 5478.76616 1.0459971 0.0797819
 5484.24394 1.0360181 0.0797007
 5489.73757 0.9954159 0.0796218
 5495.23121 1.0207928 0.0795428
 5500.72484 1.0406013 0.0794884
 5506.21847 1.0312173 0.0794754
 5511.72796 1.0312419 0.0793212
 5517.23744 1.0241945 0.0793094
 5522.76315 1.0668145 0.0791913
 5528.28848 1.0909170 0.0792176
 5533.81381 1.0870390 0.0792489
 5539.33914 1.1059235 0.0791714
 5544.88031 1.1015109 0.0790175
 5550.42149 1.1259208 0.0789518
 5555.97851 1.1214184 0.0786972
 5561.53553 1.1188388 0.0784329
 5567.09255 1.1233300 0.0782765
 5572.66504 1.1272489 0.0781184
 5578.23791 1.1479017 0.0779596
 5583.81078 1.1358037 0.0776245
 5589.39950 1.1616095 0.0774639
 5594.98821 1.1177468 0.0772494
 5600.59278 1.1022955 0.0770261
 5606.18150 1.0982116 0.0768223
 5611.78606 1.0956695 0.0764667
 5617.40609 1.1104842 0.0762497
 5623.02650 1.1228743 0.0760431
 5628.64691 1.1117052 0.0758757
 5634.26733 1.1192579 0.0756128
 5639.90359 1.1176829 0.0755228
 5645.53946 1.1373278 0.0754869
 5651.19157 1.1501193 0.0753531
 5656.84367 1.1667300 0.0753122
 5662.51124 1.1379842 0.0752620
 5668.16335 1.1350400 0.0750817
 5673.83130 1.1054436 0.0750337
 5679.51472 1.0750930 0.0749901
 5685.18267 1.0658050 0.0748165
 5690.86648 1.0466515 0.0747656
 5696.56574 1.0298388 0.0747242
 5702.26539 1.0254019 0.0746492
 5707.96504 1.0317924 0.0745615
 5713.68015 1.0524828 0.0744536
 5719.37980 1.0500571 0.0742145
 5725.11075 1.0549349 0.0741087
 5730.82625 1.0688056 0.0738417
 5736.55721 1.0610934 0.0737093
 5742.30440 1.0664195 0.0735888
 5748.03536 1.0483720 0.0733430
 5753.78255 1.0404345 0.0733303
 5759.54520 1.0388041 0.0730228
 5765.30824 1.0343875 0.0728770
 5771.07089 1.0282692 0.0725928
 5776.84978 1.0065517 0.0724650
 5782.61243 0.9935126 0.0722926
 5788.40678 0.9774235 0.0721116
 5794.18567 0.9607440 0.0719533
 5799.98001 0.9432914 0.0717013
 5805.79021 0.9326222 0.0716035
 5811.58494 0.9128173 0.0714089
 5817.41098 0.9002319 0.0714573
 5823.22118 0.9039196 0.0712587
 5829.04761 0.9156875 0.0711991
 5834.87365 0.9280054 0.0709960
 5840.71554 0.9473799 0.0709170
 5846.54158 0.9469600 0.0708655
 5852.39970 0.9622824 0.0706877
 5858.24159 0.9883318 0.0706369
 5864.11518 0.9978595 0.0705841
 5869.97291 1.0040206 0.0705425
 5875.84650 0.9996954 0.0703667
 5881.72047 0.9906327 0.0701533
 5887.59405 0.9961029 0.0701767
 5893.48348 1.0199100 0.0699595
 5899.38876 1.0300689 0.0698661
 5905.27820 1.0396143 0.0697430
 5911.18347 1.0586506 0.0695052
 5917.10460 1.0528928 0.0693779
 5923.00988 1.0651519 0.0692230
 5928.94685 1.0671901 0.0689615
 5934.86798 1.0855675 0.0688179
 5940.80495 1.1061664 0.0686683
 5946.74193 1.1388917 0.0684300
 5952.69475 1.1524972 0.0684065
 5958.64757 1.1645815 0.0681564
 5964.60039 1.1485292 0.0679318
 5970.56906 1.1387391 0.0678278
 5976.53773 1.1497066 0.0677515
 5982.52224 1.1417094 0.0676378
 5988.49091 1.1499501 0.0674535
 5994.49128 1.1643999 0.0673256
 6000.47579 1.1712666 0.0673933
 6006.47577 1.1543535 0.0672654
 6012.49198 1.1636869 0.0671963
 6018.50819 1.1664741 0.0670934
 6024.52440 1.1876278 0.0671975
 6030.54061 1.2219200 0.0671123
 6036.57228 1.2354800 0.0671449
 6042.62019 1.2643118 0.0670512
 6048.65225 1.2920094 0.0670685
 6054.70015 1.3236134 0.0669697
 6060.76352 1.3291328 0.0670797
 6066.82727 1.3466924 0.0669542
 6072.89102 1.3712573 0.0669501
 6078.95439 1.3837790 0.0668240
 6085.03399 1.4154437 0.0667819
 6091.12944 1.4323378 0.0666337
 6097.22450 1.4424819 0.0665702
 6103.31995 1.4707566 0.0664968
 6109.41501 1.4962571 0.0663254
 6115.52630 1.4960210 0.0662313
 6121.63721 1.5120541 0.0661676
 6127.76435 1.4974569 0.0661051
 6133.89111 1.4896635 0.0660352
 6140.03410 1.4797852 0.0658467
 6146.16086 1.4946262 0.0657656
 6152.31969 1.5061378 0.0657038
 6158.46230 1.5290369 0.0655554
 6164.62113 1.5254554 0.0655170
 6170.79543 1.5580481 0.0654835
 6176.97012 1.5513299 0.0653708
 6183.14441 1.5504906 0.0653743
 6189.31871 1.5207222 0.0653816
 6195.50924 1.4987919 0.0652286
 6201.71524 1.4837037 0.0650841
 6207.90538 1.4718212 0.0650623
 6214.12761 1.4743778 0.0649413
 6220.33360 1.4691352 0.0649425
 6226.55544 1.4710193 0.0649549
 6232.77767 1.4526466 0.0649774
 6239.01536 1.4482783 0.0648830
 6245.25304 1.4397573 0.0648999
 6251.50658 1.4567384 0.0649228
 6257.74465 1.4623954 0.0649632
 6264.01404 1.4734766 0.0648915
 6270.26757 1.4715492 0.0648070
 6276.53695 1.4538103 0.0648304
 6282.82218 1.4840326 0.0648445
 6289.10741 1.4754047 0.0648542
 6295.39264 1.4782581 0.0647651
 6301.69411 1.4775321 0.0646598
 6307.99518 1.5030186 0.0646632
 6314.29626 1.5209049 0.0646658
 6320.61319 1.5248256 0.0646514
 6326.93011 1.5373740 0.0645480
 6333.26288 1.5372802 0.0645550
 6339.59565 1.5443858 0.0645369
 6345.92843 1.5754038 0.0644204
 6352.27705 1.5642685 0.0644008
 6358.62567 1.5806891 0.0642706
 6364.99013 1.5691735 0.0642662
 6371.35460 1.5736073 0.0641510
 6377.73453 1.5928162 0.0641275
 6384.09899 1.6023847 0.0641205
 6390.49515 1.6174234 0.0640397
 6396.89132 1.6132656 0.0640911
 6403.28748 1.5939448 0.0641534
 6409.68364 1.5596842 0.0641154
 6416.09526 1.5679688 0.0641977
 6422.50727 1.5417649 0.0641559
 6428.93513 1.5252069 0.0642085
 6435.36298 1.5095319 0.0642631
 6441.79084 1.4986241 0.0641702
 6448.23416 1.4910243 0.0642045
 6454.69371 1.4441913 0.0641532
 6461.13741 1.4389974 0.0642224
 6467.61242 1.4187692 0.0642661
 6474.07198 1.4007869 0.0643164
 6480.54737 1.3771501 0.0642882
 6487.02277 1.3894325 0.0643441
 6493.51325 1.3939298 0.0642781
 6500.00449 1.3899657 0.0643288
 6506.51197 1.3857468 0.0643124
 6513.01868 1.3722718 0.0643650
 6519.52538 1.3646169 0.0643240
 6526.04833 1.3684682 0.0644862
 6532.57127 1.3878136 0.0644508
 6539.10967 1.3861073 0.0644163
 6545.64807 1.4093941 0.0644745
 6552.18647 1.4283957 0.0644483
 6558.74111 1.4520277 0.0646110
 6565.31120 1.4628714 0.0645980
 6571.86584 1.4856874 0.0645699
 6578.45217 1.4999998 0.0646754
 6585.02226 1.5205637 0.0648002
 6591.60859 1.5384223 0.0648052
 6598.19415 1.5786222 0.0649061
 6604.79594 1.5868442 0.0649106
 6611.39851 1.6067029 0.0650270
 6618.01576 1.6035303 0.0651322
 6624.63378 1.6145942 0.0651569
 6631.26727 1.6285613 0.0653012
 6637.88529 1.6197768 0.0653626
 6644.53424 1.6086929 0.0655174
 6651.16773 1.6011646 0.0657058
 6657.81745 1.5941756 0.0657960
 6664.48263 1.5968099 0.0658696
 6671.14781 1.5913860 0.0660688
 6677.81299 1.5670339 0.0661989
 6684.49440 1.5436373 0.0662711
 6691.17505 1.5141658 0.0664538
 6697.87192 1.4693019 0.0665217
 6704.56880 1.4571055 0.0666488
 6711.28191 1.4341389 0.0667056
 6717.99424 1.4302919 0.0669526
 6724.70735 1.4168285 0.0669510
 6731.43592 1.4052587 0.0669576
 6738.16449 1.3912410 0.0670877
 6744.90852 1.3815759 0.0670825
 6751.65333 1.3584834 0.0671472
 6758.39736 1.3286521 0.0671514
 6765.15762 1.2890384 0.0672726
 6771.91789 1.2783242 0.0673559
 6778.69439 1.2551630 0.0673505
 6785.47011 1.2638247 0.0674637
 6792.26207 1.2501540 0.0674438
 6799.05403 1.2304100 0.0676011
 6805.84599 1.2449301 0.0676281
 6812.65341 1.2586668 0.0677475
 6819.47707 1.2608471 0.0678355
 6826.28526 1.2689763 0.0678136
 6833.12438 1.2850233 0.0679850
 6839.94803 1.2786083 0.0679982
 6846.78715 1.2818079 0.0681815
 6853.64250 1.2995811 0.0683203
 6860.49785 1.3203473 0.0683492
 6867.35320 1.3343322 0.0686041
 6874.22401 1.3510897 0.0690278
 6881.09482 1.3626916 0.0699906
 6887.98186 1.3871706 0.0699444
 6894.86890 1.4040023 0.0696640
 6901.75595 1.4008874 0.0694451
 6908.65845 1.4090767 0.0696316
 6915.57719 1.4092003 0.0699894
 6922.47970 1.3937464 0.0702959
 6929.41390 1.3743684 0.0705629
 6936.33264 1.3453450 0.0708354
 6943.26684 1.3234773 0.0711626
 6950.21727 1.3137949 0.0718473
 6957.16770 1.3043756 0.0722714
 6964.13360 1.3133535 0.0728525
 6971.08403 1.2932029 0.0726973
 6978.06539 1.2828528 0.0730416
 6985.04752 1.2873317 0.0733456
 6992.02964 1.2765248 0.0731702
 6999.01100 1.2549042 0.0733231
 7006.02482 1.2416569 0.0733494
 7013.02241 1.2152268 0.0731729
 7020.03624 1.1889100 0.0727986
 7027.06552 1.1851119 0.0722009
 7034.07934 1.1699697 0.0713247
 7041.12409 1.1825223 0.0695443
 7048.15337 1.1756048 0.0681770
 7055.21435 1.1925119 0.0666348
 7062.25987 1.1679744 0.0649320
 7069.33708 1.1757418 0.0631792
 7076.39806 1.1960367 0.0612751
 7083.47450 1.1833776 0.0592835
 7090.56717 1.1372939 0.0574035
 7097.64439 1.1427132 0.0554697
 7104.75252 1.1348623 0.0535854
 7111.84520 1.1641865 0.0517196
 7118.96956 1.1663284 0.0499119
 7126.07847 1.2019717 0.0590667
 7133.20284 1.1741393 0.0566873
 7140.34267 1.1543583 0.0547186
 7147.48327 1.1301152 0.0527664
 7154.63934 1.1533819 0.0510575
 7161.77917 1.1654693 0.0494789
 7168.95146 1.1662961 0.0481856
 7176.12299 1.1727800 0.0470285
 7183.29528 1.1621445 0.0457104
 7190.48227 1.1634018 0.0447696
 7197.67003 1.1580083 0.0439112
 7204.87402 1.1790887 0.0430825
 7212.07724 1.1861796 0.0424105
 7219.28123 1.1831354 0.0417302
 7226.49991 1.1807193 0.0411244
 7233.73560 1.1737193 0.0406631
 7240.97051 1.1575640 0.0401635
 7248.20620 1.1398779 0.0397252
 7255.45657 1.1401685 0.0392692
 7262.70772 1.1415257 0.0388390
 7269.97510 1.1413357 0.0384545
 7277.24171 1.1201828 0.0380935
 7284.52455 1.1182356 0.0376602
 7291.80662 1.1118399 0.0373518
 7299.10570 1.1103296 0.0370043
 7306.40400 1.1041069 0.0366934
 7313.70230 1.0608431 0.0367759
 7321.01684 1.0550488 0.0368435
 7328.34684 1.1063614 0.0365301
 7335.67761 1.1301779 0.0360565
 7343.00761 1.1650608 0.0358925
 7350.35384 1.1715508 0.0358756
 7357.69930 1.1973475 0.0360713
 7365.06099 1.1954888 0.0363713
 7372.42346 1.1971154 0.0367103
 7379.80061 1.2154104 0.0370260
 7387.17854 1.2528687 0.0373501
 7394.57193 1.2685001 0.0376626
 7401.94985 1.2432383 0.0376863
 7409.35870 1.2261410 0.0377675
 7416.76832 1.2353565 0.0378285
 7424.19340 1.2150599 0.0377846
 7431.61849 1.2147015 0.0376778
 7439.04357 1.2022732 0.0371514
 7446.48489 1.2268609 0.0367641
 7453.92620 1.2242773 0.0363584
 7461.38298 1.2147316 0.0359290
 7468.83976 1.2015094 0.0355045
 7476.31199 1.2034819 0.0351368
 7483.80047 1.1985308 0.0346202
 7491.27348 1.1788201 0.0343632
 7498.76195 1.1657940 0.0343385
 7506.26666 1.1620804 0.0346305
 7513.77059 1.1872325 0.0343542
 7521.29076 1.1871557 0.0338065
 7528.81092 1.1838708 0.0335295
 7536.34732 1.1556673 0.0334439
 7543.86749 1.1547496 0.0332722
 7551.41935 1.1354235 0.0332525
 7558.97044 1.1287909 0.0333365
 7566.53853 1.1151062 0.0334151
 7574.10586 1.1105047 0.0334527
 7581.67395 1.1109148 0.0334414
 7589.25751 1.0854294 0.0333906
 7596.84107 1.0592265 0.0333718
 7604.44008 1.0653077 0.0333102
 7612.03910 1.0693157 0.0334112
 7619.65435 1.0637515 0.0335743
 7627.28584 1.0566528 0.0334781
 7634.91655 1.0691283 0.0334684
 7642.54726 1.0744340 0.0334255
 7650.17874 1.0661685 0.0333443
 7657.84115 1.0551912 0.0332485
 7665.48810 1.0456260 0.0332343
 7673.15050 1.0640930 0.0330105
 7680.82914 1.0780370 0.0326913
 7688.50779 1.0911269 0.0326057
 7696.20189 1.0974737 0.0327726
 7703.89599 1.1068151 0.0324948
 7711.60632 1.1239731 0.0322273
 7719.31666 1.1271088 0.0319760
 7727.02699 1.1333433 0.0317374
 7734.76825 1.1288744 0.0317112
 7742.49482 1.1464292 0.0317392
 7750.23608 1.1469333 0.0316405
 7757.99434 1.1443719 0.0316072
 7765.75183 1.1458379 0.0315540
 7773.50932 1.1487532 0.0315598
 7781.29851 1.1564003 0.0313961
 7789.07224 1.1604919 0.0312126
 7796.86142 1.1520854 0.0311719
 7804.66684 1.1492360 0.0311426
 7812.45603 1.1343151 0.0310045
 7820.27691 1.1357815 0.0312146
 7828.09779 1.1290081 0.0312997
 7835.91867 1.1240673 0.0311593
 7843.75578 1.1202469 0.0308851
 7851.60836 1.1078765 0.0308693
 7859.46093 1.0960789 0.0310642
 7867.31351 1.1103880 0.0311603
 7875.18232 1.1294935 0.0313988
 7883.06659 1.1195236 0.0316604
 7890.95086 1.1180747 0.0320887
 7898.83513 1.1113412 0.0325738
 7906.73486 1.1214157 0.0327410
 7914.63537 1.1110779 0.0328395
 7922.55133 1.0991739 0.0330728
 7930.48276 1.1014501 0.0333057
 7938.41496 1.1024047 0.0332727
 7946.34638 1.1076037 0.0333543
 7954.29404 1.1063432 0.0330392
 7962.24170 1.0806806 0.0327151
 7970.20482 1.0982285 0.0320946
 7978.18418 1.0716535 0.0316190
 7986.16353 1.0679265 0.0309484
 7994.15912 1.0735143 0.0303279
 8002.13847 1.0536262 0.0295153
 8010.14952 1.0443046 0.0291516
 8018.15980 1.0459366 0.0287048
 8026.17085 1.0528315 0.0287434
 8034.19813 1.0392170 0.0284195
 8042.24010 1.0369002 0.0280108
 8050.28285 1.0383250 0.0276207
 8058.32559 1.0405009 0.0274344
 8066.38380 1.0585732 0.0273278
 8074.45823 1.0593812 0.0271307
 8082.53267 1.0564744 0.0269743
 8090.60711 1.0514784 0.0267869
 8098.69701 1.0563419 0.0267002
 8106.80315 1.0585119 0.0266543
 8114.90928 1.0608672 0.0265880
 8123.03087 1.0481422 0.0262811
 8131.15247 1.0579236 0.0261579
 8139.27406 1.0615608 0.0261777
 8147.42813 1.0587239 0.0260342
 8155.56518 1.0594805 0.0262842
 8163.71924 1.0501190 0.0263696
 8171.88799 1.0541331 0.0263693
 8180.05752 1.0518171 0.0262307
 8188.24250 1.0473642 0.0263447
 8196.42749 1.0554596 0.0266409
 8204.62870 1.0560213 0.0266863
 8212.82915 1.0605475 0.0267794
 8221.04660 1.0637842 0.0269223
 8229.26328 1.0771503 0.0270555
 8237.49542 1.0637729 0.0272594
 8245.72833 1.0782915 0.0270503
 8253.97671 1.0737866 0.0267625
 8262.24131 1.0665964 0.0265072
 8270.48969 1.0640974 0.0262979
 8278.76976 1.0613292 0.0259566
 8287.04982 1.0477622 0.0255526
 8295.32989 1.0613437 0.0249381
 8303.62542 1.0595582 0.0245209
 8311.93718 1.0658973 0.0242658
 8320.24895 1.0517676 0.0241263
 8328.56071 1.0411693 0.0238875
 8336.88871 1.0419840 0.0234845
 8345.23217 1.0366321 0.0234536
 8353.57562 1.0294940 0.0233982
 8361.93454 1.0456426 0.0233796
 8370.29424 1.0439900 0.0234391
 8378.66862 1.0351934 0.0234087
 8387.04377 1.0304211 0.0233765
 8395.43515 1.0346664 0.0232711
 8403.82577 1.0281849 0.0233029
 8412.23262 1.0285656 0.0230756
 8420.63946 1.0331056 0.0230295
 8429.06177 1.0332897 0.0230278
 8437.50031 1.0301522 0.0230603
 8445.93886 1.0164853 0.0231153
 8454.37740 0.9942740 0.0231453
 8462.83140 0.9899086 0.0230463
 8471.30164 0.9717296 0.0230976
 8479.77188 0.9622232 0.0232303
 8488.25757 0.9442653 0.0232307
 8496.72781 0.9435335 0.0228875
 8505.22974 0.9350736 0.0224647
 8513.74714 0.9365124 0.0222428
 8522.24907 0.9204519 0.0222144
 8530.78192 0.9089047 0.0223115
 8539.30009 0.8941295 0.0221893
 8547.84918 0.8964727 0.0218969
 8556.39826 0.8925678 0.0218400
 8564.94735 0.8970447 0.0218643
 8573.51267 0.9114385 0.0219660
 8582.09345 0.9178239 0.0222063
 8590.67424 0.9314728 0.0226721
 8599.27125 0.9478773 0.0231405
 8607.86750 0.9646951 0.0235598
 8616.48075 0.9751048 0.0239455
 8625.09322 0.9910486 0.0241935
 8633.72116 1.0065969 0.0245453
 8642.34987 1.0167689 0.0248322
 8650.99404 1.0315214 0.0250803
 8659.63822 1.0408516 0.0251003
 8668.29862 1.0350732 0.0251202
 8676.97449 1.0364853 0.0249209
 8685.65036 1.0319524 0.0247486
 8694.34168 1.0279280 0.0246336
 8703.03378 1.0201447 0.0245669
 8711.74135 1.0093703 0.0242542
 8720.44891 0.9964703 0.0238165
 8729.17193 0.9781585 0.0233935
 8737.89573 0.9565185 0.0228847
 8746.63498 0.9391977 0.0227312
 8755.37424 0.9290966 0.0225223
 8764.12896 0.9250643 0.0220825
 8772.89991 0.9254443 0.0217676
 8781.67086 0.9349623 0.0215624
 8790.45727 0.9291995 0.0212676
 8799.24445 0.9312059 0.0210733
 8808.04710 0.9345742 0.0209158
 8816.86521 0.9355370 0.0207078
 8825.66785 0.9247292 0.0205705
 8834.50219 0.9123722 0.0203556
 8843.33576 0.9060190 0.0202047
 8852.18634 0.9042122 0.0200121
 8861.03614 0.8977278 0.0198964
 8869.88594 0.8948440 0.0198378
 8878.76821 0.8904657 0.0197916
 8887.64970 0.8902707 0.0196737
 8896.53120 0.8871116 0.0159721
 8905.42893 0.8915808 0.0159335
 8914.32666 0.8927865 0.0158997
 8923.23985 0.8930295 0.0158542
 8932.16928 0.8854873 0.0159467
 8941.09793 0.8844411 0.0160057
 8950.04359 0.8834624 0.0159303
 8959.00393 0.8837854 0.0157791
 8967.94959 0.8828235 0.0157134
 8976.92617 0.8826416 0.0158183
 8985.90275 0.8827966 0.0159341
 8994.87933 0.8805781 0.0159867
 9003.88761 0.8869362 0.0159844
 9012.88042 0.8908253 0.0159773
 9021.90416 0.9013074 0.0159691
 9030.92867 0.9020777 0.0160857
 9039.95318 0.9154153 0.0162342
 9048.99315 0.9204469 0.0164677
 9058.04858 0.9284979 0.0166972
 9067.10479 0.9415353 0.0167781
 9076.17645 0.9495563 0.0169748
 9085.24811 0.9565814 0.0172392
 9094.33524 0.9629120 0.0175535
 9103.42314 0.9714174 0.0177659
 9112.52650 0.9789400 0.0180857
 9121.64532 0.9768059 0.0184050
 9130.76491 0.9924662 0.0186733
 9139.89997 1.0058562 0.0188450
 9149.03502 1.0102930 0.0190763
 9158.18554 1.0193186 0.0192822
 9167.33683 1.0234665 0.0195535
 9176.51904 1.0254740 0.0197530
 9185.68579 1.0248389 0.0197838
 9194.88423 1.0135003 0.0197872
 9204.06644 1.0130905 0.0197673
 9213.28112 1.0044692 0.0197335
 9222.49502 0.9971069 0.0196218
 9231.70893 0.9896892 0.0194192
 9240.93907 0.9855310 0.0191180
 9250.18544 0.9783036 0.0185753
 9259.43104 0.9651043 0.0182087
 9268.69287 0.9446719 0.0178962
 9277.97017 0.9252545 0.0177107
 9287.24746 0.9115801 0.0175796
 9296.52476 0.9088542 0.0172267
 9305.83452 0.9039518 0.0168742
 9315.12727 0.8885154 0.0165558
 9324.45250 0.8720363 0.0164479
 9333.77772 0.8568771 0.0163863
 9343.10294 0.8429239 0.0162783
 9352.45909 0.8346691 0.0160434
 9361.80055 0.8203900 0.0159212
 9371.17293 0.8121890 0.0158962
 9380.54530 0.8056493 0.0159940
 9389.91768 0.7908051 0.0161515
 9399.30630 0.7929920 0.0160716
 9408.71037 0.7818909 0.0163317
 9418.11444 0.7897791 0.0162243
 9427.53398 0.7926251 0.0160179
 9436.97052 0.8007751 0.0159518
 9446.40629 0.8056152 0.0158817
 9455.84206 0.8137352 0.0159035
 9465.30952 0.8270452 0.0158516
 9474.77698 0.8355112 0.0161302
 9484.24445 0.8379856 0.0163860
 9493.72737 0.8518257 0.0166268
 9503.22653 0.8536680 0.0168637
 9512.72569 0.8565301 0.0171674
 9522.24108 0.8567606 0.0176060
 9531.77193 0.8543365 0.0179806
 9541.30278 0.8636464 0.0182083
 9550.84910 0.8656266 0.0183467
 9560.39618 0.8783803 0.0187757
 9569.95873 0.8986814 0.0192333
 9579.52051 0.8976316 0.0194555
 9589.09929 0.9078037 0.0195592
 9598.69353 0.9109105 0.0197193
 9608.28777 0.9147601 0.0194760
 9617.89747 0.9092853 0.0195410
 9627.52341 0.9137511 0.0192526
 9637.14935 0.9097076 0.0192867
 9646.79075 0.9109598 0.0192352
 9656.43215 0.9163127 0.0190563
 9666.08978 0.9081020 0.0186010
 9675.74741 0.9050374 0.0184641
 9685.43674 0.9036108 0.0182609
 9695.12529 0.8917558 0.0181568
 9704.81462 0.8881724 0.0179396
 9714.51940 0.8866127 0.0177638
 9724.24043 0.8859228 0.0176417
 9733.96145 0.8701414 0.0177120
 9743.69793 0.8713257 0.0177842
 9753.43441 0.8687689 0.0182172
 9763.18713 0.8654023 0.0183123
 9772.95530 0.8670074 0.0183199
 9782.72348 0.8571398 0.0184498
 9792.50789 0.8669405 0.0183817
 9802.30776 0.8652238 0.0182000
 9812.10764 0.8744278 0.0180683
 9821.92374 0.8800211 0.0180296
 9831.73908 0.8881901 0.0180649
 9841.57064 0.8840826 0.0180077
 9851.41844 0.8841344 0.0180453
 9861.26624 0.8759565 0.0181443
 9871.12950 0.8867272 0.0180941
 9881.00823 0.8914586 0.0181463
 9890.87149 0.8885877 0.0182723
 9900.76644 0.8860853 0.0184682
 9910.67763 0.9001811 0.0182476
 9920.58805 0.9198925 0.0180641
 9930.51470 0.9253686 0.0180495
 9940.44135 0.9430091 0.0181877
 9950.38347 0.9457773 0.0181669
 9960.32635 0.9471601 0.0178413
 9970.28470 0.9589502 0.0176893
 9980.25850 0.9597174 0.0176059
 9990.24854 0.9615501 0.0174994
 10000.23858 0.9622250 0.0174463
 10010.22863 0.9725319 0.0171323
 10020.25036 0.9724738 0.0170029
 10030.27210 0.9777505 0.0168255
 10040.29306 0.9723094 0.0166935
 10050.33103 0.9693580 0.0164985
 10060.38446 0.9618578 0.0163844
 10070.45335 0.9562966 0.0161986
 10080.52224 0.9470723 0.0160893
 10090.59113 0.9478697 0.0158487
 10100.69249 0.9392076 0.0156923
 10110.79308 0.9313732 0.0155484
 10120.90989 0.9182725 0.0153592
 10131.02594 0.9124157 0.0151446
 10141.15822 0.9052971 0.0149839
 10151.30674 0.8909211 0.0149975
 10161.43902 0.8795099 0.0148130
 10171.60377 0.8640869 0.0146487
 10181.78320 0.8612157 0.0145792
 10191.96341 0.8457090 0.0144337
 10202.15908 0.8416358 0.0143613
 10212.35475 0.8265874 0.0144051
 10222.58212 0.8012306 0.0145371
 10232.79402 0.7837790 0.0145277
 10243.02139 0.7775987 0.0145168
 10253.28045 0.7738325 0.0144225
 10263.52327 0.7777621 0.0142318
 10273.78233 0.7750372 0.0141370
 10284.05762 0.7743383 0.0141723
 10294.34838 0.7775560 0.0143179
 10304.63913 0.7714798 0.0143796
 10314.94535 0.7821242 0.0143292
 10325.26780 0.7796594 0.0143830
 10335.59025 0.7813831 0.0145282
 10345.92893 0.7778480 0.0145833
 10356.26684 0.7812565 0.0145779
 10366.62098 0.7847843 0.0148036
 10376.99136 0.7878607 0.0148509
 10387.37643 0.7920710 0.0149679
 10397.76227 0.7961403 0.0152293
 10408.16434 0.8051378 0.0153037
 10418.56564 0.8063452 0.0152897
 10428.98317 0.8066804 0.0155006
 10439.41617 0.8040327 0.0156937
 10449.86540 0.8085185 0.0158668
 10460.31463 0.8132714 0.0159138
 10470.76385 0.8252596 0.0160142
 10481.24400 0.8232938 0.0162151
 10491.72493 0.8232377 0.0164498
 10502.22131 0.8182876 0.0164744
 10512.71847 0.8173234 0.0165409
 10523.23031 0.8100764 0.0164607
 10533.75916 0.7986616 0.0164661
 10544.28724 0.7936884 0.0165050
 10554.83078 0.7914344 0.0164230
 10565.39133 0.7760661 0.0162200
 10575.95110 0.7618718 0.0160992
 10586.52634 0.7609287 0.0159865
 10597.11781 0.7496887 0.0156859
 10607.71005 0.7365445 0.0155366
 10618.31698 0.7189206 0.0154203
 10628.94014 0.7111204 0.0153932
 10639.56330 0.7119997 0.0152063
 10650.21816 0.7055607 0.0149921
 10660.85756 0.7079707 0.0146281
 10671.52788 0.7014515 0.0143856
 10682.19897 0.6922919 0.0142381
 10692.88552 0.6818791 0.0141895
 10703.57207 0.6786607 0.0142335
 10714.27409 0.6874004 0.0139834
 10724.99234 0.7059096 0.0138265
 10735.71058 0.7053450 0.0138520
 10746.46053 0.7156597 0.0139752
 10757.19501 0.7262627 0.0140412
 10767.96041 0.7366117 0.0142010
 10778.72659 0.7418426 0.0145523
 10789.50745 0.7459096 0.0145734
 10800.30532 0.7570665 0.0149872
 10811.10242 0.7604380 0.0153772
 10821.91575 0.7606637 0.0154145
 10832.72908 0.7637395 0.0154976
 10843.55788 0.7754361 0.0158245
 10854.40290 0.7765886 0.0158257
 10865.26339 0.7918878 0.0158475
 10876.12465 0.7929784 0.0157380
 10887.00060 0.7911397 0.0159861
 10897.89355 0.7821981 0.0163831
 10908.78574 0.7840329 0.0162835
 10919.70961 0.7701719 0.0161037
 10930.61803 0.7628065 0.0157588
 10941.55737 0.7470472 0.0158099
 10952.49748 0.7393278 0.0155426
 10963.43759 0.7306222 0.0157021
 10974.40862 0.7265648 0.0156006
 10985.38043 0.7129812 0.0156309
 10996.36770 0.7074794 0.0154350
 11007.37120 0.7043823 0.0156130
 11018.37392 0.6936239 0.0153377
 11029.39288 0.6835745 0.0152152
 11040.42808 0.6825411 0.0151984
 11051.46328 0.6622734 0.0154531
 11062.51393 0.6443083 0.0156457
 11073.58005 0.6479012 0.0157119
 11084.66240 0.6568097 0.0158338
 11095.74475 0.6536967 0.0159647
 11106.82710 0.6557717 0.0163598
 11117.94115 0.6745207 0.0162361
 11129.07065 0.6889966 0.0164842
 11140.18470 0.7053566 0.0164896
 11151.33044 0.7085979 0.0166115
 11162.49242 0.7222750 0.0165137
 11173.63816 0.7382450 0.0163685
 11184.81559 0.7441703 0.0162096
 11196.00849 0.7430143 0.0161241
 11207.20138 0.7551195 0.0160582
 11218.41051 0.7602467 0.0161090
 11229.63510 0.7673559 0.0162068
 11240.86047 0.7662950 0.0163887
 11252.10129 0.7704825 0.0161364
 11263.35758 0.7727343 0.0158814
 11274.61387 0.7730619 0.0156271
 11285.88638 0.7730740 0.0155090
 11297.17437 0.7710867 0.0153897
 11308.47858 0.7677150 0.0152518
 11319.78279 0.7612979 0.0152433
 11331.10247 0.7624792 0.0149504
 11342.43761 0.7596394 0.0145593
 11353.77352 0.7480989 0.0142648
 11365.14112 0.7379195 0.0140126
 11376.50795 0.7215627 0.0139511
 11387.87555 0.7137414 0.0137593
 11399.25862 0.7068298 0.0136933
 11410.67338 0.7100896 0.0134397
 11422.07268 0.7040649 0.0133448
 11433.50290 0.7030708 0.0133256
 11444.93389 0.6963431 0.0134759
 11456.38035 0.6939424 0.0135170
 11467.84303 0.6896818 0.0136850
 11479.30495 0.6877507 0.0139062
 11490.78310 0.6821967 0.0141429
 11502.27748 0.6846099 0.0144371
 11513.78655 0.6867958 0.0147859
 11525.29640 0.6806424 0.0152595
 11536.82248 0.6827545 0.0159268
 11548.36401 0.6890618 0.0167444
 11559.90555 0.6902549 0.0175891
 11571.46255 0.6930801 0.0190392
 11583.03579 0.7002269 0.0209947
 11594.62448 0.7017736 0.0237255
 11606.21395 0.7055852 0.0264288
 11617.81888 0.7097987 0.0299258
 11629.43927 0.7199657 0.0349732
 11641.07589 0.6829851 0.0138959
 11652.71174 0.6853676 0.0141273
 11664.36460 0.6816517 0.0143218
 11676.03291 0.6815045 0.0145069
 11687.71669 0.6787227 0.0149203
 11699.40047 0.6781532 0.0153705
 11711.10048 0.6749737 0.0159282
 11722.79972 0.6799191 0.0162546
 11734.53143 0.6732147 0.0169088
 11746.26314 0.6816348 0.0168857
 11758.01031 0.6801798 0.0175864
 11769.77371 0.6813595 0.0180824
 11781.53634 0.6813381 0.0183643
 11793.31520 0.6807556 0.0187947
 11805.11030 0.6872681 0.0189058
 11816.92086 0.6953923 0.0191835
 11828.74765 0.7023521 0.0202174
 11840.57367 0.7045803 0.0201231
 11852.41592 0.7045625 0.0202127
 11864.25817 0.6984604 0.0202279
 11876.13212 0.6884662 0.0208071
 11888.00607 0.7056656 0.0212672
 11899.89625 0.7203751 0.0212775
 11911.80189 0.7223783 0.0213053
 11923.70753 0.7271615 0.0212448
 11935.62864 0.7362385 0.0210056
 11947.56597 0.7253960 0.0210397
 11959.51877 0.7364690 0.0208757
 11971.47234 0.7327502 0.0208779
 11983.44138 0.7276911 0.0205020
 11995.42587 0.7299916 0.0202499
 12007.42659 0.7252265 0.0199089
 12019.42732 0.7203768 0.0199656
 12031.45974 0.7194955 0.0197426
 12043.49139 0.7155927 0.0355961
 12055.54005 0.7108264 0.0319996
 12067.58793 0.7128467 0.0295581
 12079.65204 0.7096127 0.0274767
 12091.73162 0.7020743 0.0263029
 12103.82743 0.6918992 0.0259312
 12115.93870 0.7154589 0.0244921
 12128.04998 0.7310022 0.0234959
 12140.17748 0.7369777 0.0227575
 12152.32045 0.7283673 0.0223060
 12164.46342 0.7418911 0.0217597
 12176.63808 0.7372039 0.0215180
 12188.81274 0.7336573 0.0211369
 12201.00363 0.7306820 0.0209013
 12213.20999 0.7192499 0.0207944
 12225.41635 0.7244418 0.0206052
 12237.65440 0.7356035 0.0209356
 12249.87699 0.7361329 0.0211482
 12262.13050 0.7416022 0.0213602
 12274.40024 0.7523066 0.0216184
 12286.66999 0.7508754 0.0217678
 12298.95597 0.7393134 0.0219520
 12311.25741 0.7483225 0.0219535
 12323.57431 0.7553958 0.0218762
 12335.89121 0.7546363 0.0220818
 12348.22435 0.7509832 0.0225467
 12360.57372 0.7522307 0.0228958
 12372.93855 0.7461098 0.0233389
 12385.30338 0.7345363 0.0237772
 12397.69913 0.7200950 0.0247356
 12410.09565 0.7184429 0.0253855
 12422.50841 0.7145765 0.0260971
 12434.93586 0.7240392 0.0268136
 12447.36408 0.7101916 0.0277501
 12459.80776 0.7210326 0.0287043
 12472.28391 0.7186449 0.0294997
 12484.74305 0.7316144 0.0301658
 12497.23466 0.7335905 0.0310513
 12509.72627 0.7560332 0.0317125
 12522.24957 0.7630218 0.0327998
 12534.77210 0.7848908 0.0340342
 12547.29541 0.8055490 0.0357150
 12559.85041 0.8057213 0.0384137
 12572.40463 0.8112846 0.0383854
 12584.97509 0.8505068 0.0388555
 12597.56179 0.8885264 0.0397000
