# SOURCE  = 'Quimby et al. 2018' /                                                
# OBJECT  = 'PTF09cnd'           /                                                
# Z       =             0.258500 / wavelengths in OBSERVER FRAME                 
# NORM    =          9.46720E-19 / fluxes divided by norm                         
# CLIPPED =                    1 / galaxy emission lines removed                  
# SMOOTHED=                    1 / spectrum has been smoothed                     
# COLUMN01= 'Wavelength (Angstrom)' /                                             
# COLUMN02= 'Flux Density (erg/s/cm2/A)' /                                        
# COLUMN03= 'Flux Density Uncertainty (erg/s/cm2/A)' /                            
# END                                                                             
# 
# 
# 
# 
# 
# 
# 
# 
# 
# 
# Converted to Observer Frame using z=0.258
 4059.32270 1.4630818 0.2828376
 4063.39161 1.4821109 0.2748900
 4067.44429 1.5248191 0.2692192
 4071.51321 1.5007688 0.2638609
 4075.58212 1.5097793 0.2573274
 4079.66688 1.4886513 0.2528052
 4083.75126 1.5045140 0.2481576
 4087.82017 1.5321813 0.2423356
 4091.92078 1.5113140 0.2370292
 4096.00516 1.5149570 0.2323094
 4100.10577 1.4646271 0.2265352
 4104.20638 1.5061601 0.2220213
 4108.30660 1.5322459 0.2176833
 4112.42305 1.5287105 0.2120726
 4116.52328 1.5315219 0.2080625
 4120.63973 1.5244236 0.2041860
 4124.77204 1.5355425 0.1991667
 4128.88811 1.5044206 0.1955937
 4133.02041 1.4630355 0.1921977
 4137.15233 1.4563679 0.1878896
 4141.30048 1.4480956 0.1847357
 4145.43240 1.4368855 0.1816731
 4149.58055 1.4249789 0.1778809
 4153.72831 1.4265814 0.1749286
 4157.87646 1.4184393 0.1718741
 4162.04008 1.4490926 0.1683884
 4166.20407 1.4705240 0.1656363
 4170.36769 1.4288878 0.1629403
 4174.54753 1.4433122 0.1594979
 4178.71114 1.4631217 0.1571630
 4182.89099 1.4228380 0.1540131
 4187.07045 1.4049555 0.1516724
 4191.26614 1.3872468 0.1493232
 4195.46145 1.3847253 0.1462489
 4199.65676 1.3737316 0.1440173
 4203.85245 1.3733149 0.1418525
 4208.06360 1.4049919 0.1392153
 4212.25930 1.4349909 0.1374259
 4216.47045 1.4303277 0.1351477
 4220.69745 1.4351270 0.1334373
 4224.90899 1.4685532 0.1315279
 4229.13600 1.4605440 0.1289484
 4233.36300 1.4658053 0.1270980
 4237.60623 1.4717561 0.1246475
 4241.83323 1.4806470 0.1228893
 4246.07608 1.4843338 0.1212165
 4250.33478 1.4826076 0.1191412
 4254.57802 1.4772227 0.1177490
 4258.83671 1.4620903 0.1159656
 4263.09541 1.4486696 0.1144884
 4267.35410 1.3984854 0.1125951
 4271.62904 1.3978331 0.1112597
 4275.90358 1.3954153 0.1099805
 4280.17812 1.3679227 0.1083101
 4284.45267 1.3583462 0.1072474
 4288.74306 1.3629221 0.1059648
 4293.01799 1.3792611 0.1050172
 4297.32423 1.3826078 0.1036953
 4301.61462 1.3992883 0.1027611
 4305.92086 1.3885165 0.1018036
 4310.22710 1.3801376 0.1004610
 4314.53333 1.3974768 0.0994641
 4318.85542 1.4054360 0.0981152
 4323.16166 1.4108214 0.0971313
 4327.48374 1.4080313 0.0958129
 4331.82168 1.4120673 0.0949374
 4336.14415 1.4081243 0.0937015
 4340.48208 1.4065692 0.0928335
 4344.82002 1.4137256 0.0920029
 4349.17380 1.4112482 0.0909395
 4353.52758 1.4302129 0.0901679
 4357.88136 1.4307539 0.0891261
 4362.23514 1.4396777 0.0884285
 4366.58892 1.4511545 0.0874278
 4370.95855 1.4465042 0.0867365
 4375.32818 1.4550927 0.0858506
 4379.71327 1.4530498 0.0853433
 4384.08289 1.4701039 0.0845288
 4388.46837 1.4691232 0.0839629
 4392.86969 1.4788374 0.0834602
 4397.25517 1.4746693 0.0829119
 4401.65649 1.4691824 0.0821233
 4406.05781 1.4676371 0.0816468
 4410.45914 1.4747083 0.0808357
 4414.87631 1.4745440 0.0802599
 4419.29309 1.4648579 0.0794694
 4423.71026 1.4536183 0.0788914
 4428.12743 1.4501554 0.0780994
 4432.56045 1.4469599 0.0776282
 4436.99347 1.4459293 0.0768661
 4441.42648 1.4494576 0.0763397
 4445.87496 1.4540834 0.0756605
 4450.32383 1.4370286 0.0751665
 4454.77269 1.4314451 0.0744583
 4459.22156 1.4256012 0.0740592
 4463.68588 1.4172018 0.0734093
 4468.15060 1.4073859 0.0729961
 4472.61531 1.4274529 0.0724632
 4477.07964 1.4377593 0.0721178
 4481.56020 1.4356655 0.0717394
 4486.04076 1.4329075 0.0713922
 4490.53678 1.4302678 0.0707670
 4495.01734 1.4342161 0.0703513
 4499.51374 1.4356920 0.0697860
 4504.02561 1.4317495 0.0691515
 4508.52202 1.4252921 0.0687600
 4513.03427 1.4172450 0.0682730
 4517.54614 1.4277933 0.0679562
 4522.05840 1.4389549 0.0675274
 4526.58611 1.4334096 0.0672177
 4531.11421 1.4415998 0.0666892
 4535.64232 1.4392413 0.0663784
 4540.18588 1.4461617 0.0658191
 4544.71398 1.4525785 0.0652688
 4549.25754 1.4624611 0.0649676
 4553.81734 1.4557885 0.0644054
 4558.36090 1.4401712 0.0641177
 4562.92070 1.4290897 0.0635583
 4567.49596 1.4220480 0.0632092
 4572.05575 1.4221560 0.0627191
 4576.63101 1.3982613 0.0621877
 4581.20627 1.3876965 0.0618947
 4585.78191 1.3755633 0.0613735
 4590.37302 1.3682435 0.0610490
 4594.96451 1.3568604 0.0606021
 4599.55562 1.3512918 0.0600986
 4604.16257 1.3455008 0.0598204
 4608.76991 1.3361326 0.0593047
 4613.37686 1.3269777 0.0589678
 4617.98381 1.3252093 0.0585685
 4622.60700 1.3305042 0.0581020
 4627.22980 1.3303480 0.0578524
 4631.85260 1.3264636 0.0574016
 4636.49163 1.3323936 0.0570776
 4641.13028 1.3245711 0.0567939
 4645.76893 1.3185693 0.0562966
 4650.40796 1.3228102 0.0559975
 4655.06246 1.3237776 0.0554907
 4659.71695 1.3283272 0.0550077
 4664.37144 1.3212627 0.0546408
 4669.04179 1.3180839 0.0541507
 4673.71252 1.3032830 0.0536387
 4678.38286 1.2986641 0.0532934
 4683.06905 1.2839977 0.0528338
 4687.73939 1.2733523 0.0523505
 4692.42558 1.2647885 0.0520667
 4697.12800 1.2590595 0.0515961
 4701.83004 1.2534297 0.0511796
 4706.53208 1.2529511 0.0508755
 4711.23411 1.2560410 0.0504838
 4715.95200 1.2457511 0.0500656
 4720.65403 1.2411629 0.0498410
 4725.38776 1.2344171 0.0494671
 4730.10565 1.2380714 0.0491159
 4734.83938 1.2324154 0.0489256
 4739.57311 1.2318374 0.0485374
 4744.30684 1.2307253 0.0481611
 4749.05642 1.2427408 0.0478748
 4753.80600 1.2347314 0.0669037
 4758.55558 1.2219069 0.0666084
 4763.32101 1.2153035 0.0658958
 4768.08643 1.2118990 0.0654157
 4772.85186 1.2016819 0.0650760
 4777.61729 1.2062509 0.0646649
 4782.39856 1.2045786 0.0643521
 4787.17983 1.1995237 0.0641042
 4791.97695 1.2073793 0.0637743
 4796.75823 1.2053508 0.0632192
 4801.55535 1.2040612 0.0631128
 4806.36832 1.1978613 0.0625206
 4811.16505 1.1916200 0.0621183
 4815.97802 1.1928060 0.0618166
 4820.79099 1.1983683 0.0614168
 4825.61981 1.1849663 0.0609578
 4830.44862 1.1822797 0.0605670
 4835.27705 1.1837224 0.0600036
 4840.10587 1.2033553 0.0592744
 4844.95053 1.2043229 0.0589927
 4849.79519 1.1910619 0.0582727
 4854.63986 1.1935440 0.0577352
 4859.49998 1.2066457 0.0575229
 4864.36049 1.2078488 0.0569832
 4869.22100 1.2100424 0.0565535
 4874.09697 1.1991314 0.0559749
 4878.97333 1.1962001 0.0557822
 4883.84969 1.1897298 0.0553752
 4888.72566 1.1855515 0.0548544
 4893.61787 1.1936034 0.0547309
 4898.51007 1.2089299 0.0542499
 4903.41774 1.2070165 0.0540066
 4908.30995 1.2174309 0.0538214
 4913.21800 1.2331492 0.0536935
 4918.14151 1.2275624 0.0534496
 4923.06541 1.2500318 0.0531640
 4927.97308 1.2666095 0.0531426
 4932.91283 1.2460152 0.0527787
 4937.83634 1.2251641 0.0523161
 4942.77609 1.2249804 0.0520260
 4947.71545 1.2049339 0.0519861
 4952.67104 1.2003074 0.0515966
 4957.62625 1.2033572 0.0513339
 4962.58185 1.2032495 0.0510693
 4967.53706 1.1965694 0.0508853
 4972.50850 1.1894839 0.0506711
 4977.47956 1.1912326 0.0504596
 4982.46685 1.1833118 0.0501684
 4987.43790 1.1979976 0.0500863
 4992.42480 1.2059712 0.0501654
 4997.42794 1.1912620 0.0499021
 5002.41484 1.1847110 0.0497845
 5007.41798 1.1782784 0.0496990
 5012.43658 1.1724190 0.0496630
 5017.43933 1.1726390 0.0495789
 5022.45832 1.1652504 0.0494343
 5027.49276 1.1633583 0.0491419
 5032.51136 1.1588537 0.0489982
 5037.54580 1.1370836 0.0490386
 5042.58064 1.1190865 0.0487699
 5047.63093 1.1278998 0.0486381
 5052.68122 1.1297700 0.0485237
 5057.73152 1.1235703 0.0482516
 5062.78219 1.1262907 0.0482550
 5067.84834 1.1109390 0.0480829
 5072.91448 1.1129086 0.0477695
 5077.99646 1.1335186 0.0475948
 5083.06260 1.1343390 0.0474086
 5088.14498 1.1359603 0.0472488
 5093.24281 1.1376575 0.0471361
 5098.32480 1.1420659 0.0470080
 5103.43848 1.1520979 0.0468592
 5108.53632 1.1480011 0.0465316
 5113.65000 1.1393586 0.0463366
 5118.76368 1.1399987 0.0461541
 5123.87737 1.1212190 0.0461865
 5129.00690 1.1165394 0.0457775
 5134.13642 1.1273347 0.0456078
 5139.26595 1.1366740 0.0454435
 5144.41133 1.1422709 0.0452670
 5149.55671 1.1460952 0.0449141
 5154.70209 1.1493880 0.0446712
 5159.84746 1.1492809 0.0444361
 5165.00869 1.1532496 0.0443810
 5170.18576 1.1470134 0.0440760
 5175.34699 1.1494555 0.0439146
 5180.52406 1.1548293 0.0437814
 5185.70113 1.1664966 0.0436654
 5190.89405 1.1604475 0.0434295
 5196.08697 1.1512169 0.0432879
 5201.27989 1.1568571 0.0431673
 5206.48865 1.1612056 0.0430684
 5211.68119 1.1427267 0.0431314
 5216.90580 1.1559935 0.0428858
 5222.11457 1.1476916 0.0427548
 5227.33918 1.1484087 0.0426205
 5232.56380 1.1360260 0.0424771
 5237.80387 1.1356486 0.0423285
 5243.04433 1.1397468 0.0420672
 5248.28479 1.1431350 0.0419064
 5253.52526 1.1386280 0.0416588
 5258.78118 1.1323702 0.0414155
 5264.03749 1.1435102 0.0411819
 5269.30964 1.1498290 0.0408553
 5274.58180 1.1656471 0.0406521
 5279.85357 1.1661825 0.0406187
 5285.12573 1.1610894 0.0404266
 5290.41373 1.1738790 0.0402413
 5295.70135 1.1828986 0.0399594
 5301.00520 1.1951345 0.0397904
 5306.30866 1.1947699 0.0396244
 5311.61251 1.1946497 0.0394666
 5316.91637 1.2033788 0.0393426
 5322.23568 1.2018687 0.0392448
 5327.55538 1.2109631 0.0391685
 5332.89054 1.2296355 0.0389676
 5338.22608 1.2310497 0.0388740
 5343.56124 1.2238275 0.0388029
 5348.91263 1.2227983 0.0387108
 5354.26364 1.2179132 0.0386033
 5359.61504 1.2175889 0.0385100
 5364.96604 1.2165729 0.0384222
 5370.33328 1.2154369 0.0382230
 5375.70014 1.2077903 0.0381598
 5381.08284 1.2123231 0.0380905
 5386.46593 1.2118554 0.0380019
 5391.84863 1.2134409 0.0379268
 5397.24756 1.2067738 0.0378632
 5402.63027 1.2125988 0.0377954
 5408.04466 1.2019824 0.0377166
 5413.44360 1.1937034 0.0376413
 5418.85799 1.1802661 0.0374687
 5424.28824 1.1809866 0.0374109
 5429.70302 1.1692493 0.0373778
 5435.13326 1.1567852 0.0373584
 5440.56351 1.1471632 0.0373457
 5446.00960 1.1484971 0.0372122
 5451.45608 1.1373482 0.0371954
 5456.91801 1.1315491 0.0371408
 5462.36411 1.1289521 0.0370412
 5467.82604 1.1267700 0.0369871
 5473.30383 1.1324440 0.0369530
 5478.76616 1.1276531 0.0369320
 5484.24394 1.1219428 0.0369258
 5489.73757 1.1157422 0.0368132
 5495.23121 1.1093136 0.0368101
 5500.72484 1.1073035 0.0368214
 5506.21847 1.1010144 0.0368553
 5511.72796 1.0939498 0.0369001
 5517.23744 1.0868762 0.0368371
 5522.76315 1.0778513 0.0368968
 5528.28848 1.0764635 0.0369526
 5533.81381 1.0727082 0.0370035
 5539.33914 1.0829343 0.0370268
 5544.88031 1.0751137 0.0370330
 5550.42149 1.0643322 0.0370349
 5555.97851 1.0634935 0.0370318
 5561.53553 1.0668947 0.0370091
 5567.09255 1.0657901 0.0368530
 5572.66504 1.0618356 0.0368131
 5578.23791 1.0553929 0.0367679
 5583.81078 1.0594106 0.0367059
 5589.39950 1.0603808 0.0366492
 5594.98821 1.0646354 0.0365686
 5600.59278 1.0712957 0.0364668
 5606.18150 1.0850482 0.0362435
 5611.78606 1.0821264 0.0361440
 5617.40609 1.0900186 0.0360470
 5623.02650 1.0848770 0.0359481
 5628.64691 1.0917099 0.0358739
 5634.26733 1.0860019 0.0358202
 5639.90359 1.0983317 0.0356791
 5645.53946 1.1009574 0.0356718
 5651.19157 1.1046669 0.0356855
 5656.84367 1.1096177 0.0356869
 5662.51124 1.1105524 0.0356808
 5668.16335 1.1123157 0.0355642
 5673.83130 1.1077411 0.0355451
 5679.51472 1.1046906 0.0356333
 5685.18267 1.1002556 0.0356248
 5690.86648 1.1052630 0.0356171
 5696.56574 1.0910794 0.0355015
 5702.26539 1.0942054 0.0354799
 5707.96504 1.0841997 0.0354554
 5713.68015 1.0725430 0.0354215
 5719.37980 1.0810653 0.0353859
 5725.11075 1.0857365 0.0352389
 5730.82625 1.0781887 0.0351995
 5736.55721 1.0814272 0.0351501
 5742.30440 1.0684798 0.0351128
 5748.03536 1.0777082 0.0350656
 5753.78255 1.0795434 0.0350213
 5759.54520 1.0736322 0.0349559
 5765.30824 1.0709429 0.0349031
 5771.07089 1.0725954 0.0347302
 5776.84978 1.0716075 0.0346710
 5782.61243 1.0672739 0.0346251
 5788.40678 1.0652601 0.0344864
 5794.18567 1.0628091 0.0344293
 5799.98001 1.0678941 0.0344772
 5805.79021 1.0803092 0.0344394
 5811.58494 1.0766330 0.0343142
 5817.41098 1.0965908 0.0342924
 5823.22118 1.0928160 0.0342737
 5829.04761 1.0968239 0.0341526
 5834.87365 1.0895865 0.0341295
 5840.71554 1.0882457 0.0342113
 5846.54158 1.0902851 0.0341092
 5852.39970 1.1046547 0.0341063
 5858.24159 1.1138985 0.0341043
 5864.11518 1.1196229 0.0340026
 5869.97291 1.1153957 0.0341074
 5875.84650 1.1162157 0.0341027
 5881.72047 1.1167850 0.0339820
 5887.59405 1.1331758 0.0339615
 5893.48348 1.1587008 0.0339353
 5899.38876 1.1680820 0.0338050
 5905.27820 1.1782117 0.0338714
 5911.18347 1.1801037 0.0338356
 5917.10460 1.1826352 0.0336944
 5923.00988 1.1756287 0.0336507
 5928.94685 1.1835600 0.0336035
 5934.86798 1.1984379 0.0335433
 5940.80495 1.2164501 0.0334957
 5946.74193 1.2357993 0.0333586
 5952.69475 1.2551547 0.0333111
 5958.64757 1.2634381 0.0333529
 5964.60039 1.2654966 0.0332174
 5970.56906 1.2609611 0.0331866
 5976.53773 1.2670803 0.0330540
 5982.52224 1.2589175 0.0331024
 5988.49091 1.2562242 0.0330720
 5994.49128 1.2609864 0.0329687
 6000.47579 1.2637159 0.0329716
 6006.47577 1.2691540 0.0329817
 6012.49198 1.2755471 0.0329990
 6018.50819 1.2843947 0.0329351
 6024.52440 1.2922966 0.0329556
 6030.54061 1.3015414 0.0330818
 6036.57228 1.3048989 0.0330342
 6042.62019 1.3034357 0.0330660
 6048.65225 1.3137997 0.0330973
 6054.70015 1.3046254 0.0331203
 6060.76352 1.3023406 0.0330356
 6066.82727 1.2970390 0.0331376
 6072.89102 1.3008602 0.0330485
 6078.95439 1.3009614 0.0330540
 6085.03399 1.3034543 0.0329556
 6091.12944 1.2968390 0.0330452
 6097.22450 1.2915955 0.0329326
 6103.31995 1.3000804 0.0329113
 6109.41501 1.3298109 0.0328873
 6115.52630 1.3526016 0.0328565
 6121.63721 1.3610350 0.0327304
 6127.76435 1.3633668 0.0327960
 6133.89111 1.3529491 0.0326740
 6140.03410 1.3520821 0.0327338
 6146.16086 1.3596894 0.0326058
 6152.31969 1.3726426 0.0325852
 6158.46230 1.3892974 0.0325820
 6164.62113 1.4010593 0.0326086
 6170.79543 1.4149946 0.0325194
 6176.97012 1.4150302 0.0325357
 6183.14441 1.4068456 0.0325533
 6189.31871 1.3966272 0.0325692
 6195.50924 1.3775167 0.0325879
 6201.71524 1.3667541 0.0325190
 6207.90538 1.3597517 0.0326250
 6214.12761 1.3570337 0.0325549
 6220.33360 1.3543220 0.0325687
 6226.55544 1.3668312 0.0325849
 6232.77767 1.3788817 0.0325163
 6239.01536 1.3870052 0.0326288
 6245.25304 1.3892077 0.0325516
 6251.50658 1.3929375 0.0325886
 6257.74465 1.3987372 0.0326041
 6264.01404 1.4001939 0.0325306
 6270.26757 1.3968401 0.0326338
 6276.53695 1.3996214 0.0325567
 6282.82218 1.4006431 0.0325619
 6289.10741 1.4131333 0.0325604
 6295.39264 1.4095763 0.0325600
 6301.69411 1.4117001 0.0324587
 6307.99518 1.4262176 0.0325405
 6314.29626 1.4298801 0.0324481
 6320.61319 1.4540683 0.0324442
 6326.93011 1.4657412 0.0324370
 6333.26288 1.4912921 0.0324417
 6339.59565 1.5014915 0.0324271
 6345.92843 1.5224632 0.0324776
 6352.27705 1.5351506 0.0323905
 6358.62567 1.5490947 0.0323508
 6364.99013 1.5458131 0.0323372
 6371.35460 1.5455703 0.0323307
 6377.73453 1.5710039 0.0322392
 6384.09899 1.5768971 0.0323379
 6390.49515 1.5734358 0.0322864
 6396.89132 1.5611596 0.0323489
 6403.28748 1.5546230 0.0323885
 6409.68364 1.5417602 0.0325793
 6416.09526 1.5327493 0.0326088
 6422.50727 1.5190228 0.0326016
 6428.93513 1.5074793 0.0326078
 6435.36298 1.5038604 0.0326387
 6441.79084 1.4943070 0.0327122
 6448.23416 1.4944855 0.0327131
 6454.69371 1.4911573 0.0328221
 6461.13741 1.4874170 0.0329291
 6467.61242 1.4813834 0.0330577
 6474.07198 1.4777484 0.0330846
 6480.54737 1.4738227 0.0332237
 6487.02277 1.4581591 0.0334424
 6493.51325 1.4016346 0.0410229
 6500.00449 1.4089988 0.0410208
 6506.51197 1.4076675 0.0413609
 6513.01868 1.4137980 0.0413093
 6519.52538 1.4199991 0.0414467
 6526.04833 1.4511535 0.0415946
 6532.57127 1.4458447 0.0414925
 6539.10967 1.4394614 0.0417632
 6545.64807 1.4434415 0.0419048
 6552.18647 1.4376627 0.0418938
 6558.74111 1.4472551 0.0417113
 6565.31120 1.4590982 0.0416052
 6571.86584 1.4562657 0.0415104
 6578.45217 1.4536906 0.0413965
 6585.02226 1.4733169 0.0412577
 6591.60859 1.4664187 0.0411526
 6598.19415 1.4530739 0.0409517
 6604.79594 1.4480608 0.0409659
 6611.39851 1.4528610 0.0414336
 6618.01576 1.4566902 0.0412796
 6624.63378 1.4572327 0.0414045
 6631.26727 1.4652976 0.0412867
 6637.88529 1.4609904 0.0414262
 6644.53424 1.4652385 0.0413598
 6651.16773 1.4650851 0.0414860
 6657.81745 1.4781407 0.0418140
 6664.48263 1.4767460 0.0420079
 6671.14781 1.4790663 0.0420875
 6677.81299 1.4579678 0.0423514
 6684.49440 1.4550114 0.0425544
 6691.17505 1.4519501 0.0427951
 6697.87192 1.4458895 0.0428002
 6704.56880 1.4175726 0.0428999
 6711.28191 1.4118930 0.0430025
 6717.99424 1.4077140 0.0430909
 6724.70735 1.3928891 0.0431186
 6731.43592 1.3874708 0.0429043
 6738.16449 1.3972034 0.0428675
 6744.90852 1.3995166 0.0428153
 6751.65333 1.3953329 0.0429282
 6758.39736 1.3849759 0.0428431
 6765.15762 1.3777900 0.0427811
 6771.91789 1.3664565 0.0425780
 6778.69439 1.3529865 0.0425956
 6785.47011 1.3500999 0.0426922
 6792.26207 1.3633362 0.0426060
 6799.05403 1.3679475 0.0426765
 6805.84599 1.3433708 0.0428263
 6812.65341 1.3265028 0.0429973
 6819.47707 1.3218637 0.0428758
 6826.28526 1.3045715 0.0429891
 6833.12438 1.3094556 0.0431528
 6839.94803 1.3114080 0.0431988
 6846.78715 1.3126394 0.0433995
 6853.64250 1.3022286 0.0436125
 6860.49785 1.2954433 0.0438340
 6867.35320 1.2969326 0.0440651
 6874.22401 1.3091332 0.0443111
 6881.09482 1.3186175 0.0445940
 6887.98186 1.3316145 0.0446553
 6894.86890 1.3300488 0.0449022
 6901.75595 1.3507749 0.0451954
 6908.65845 1.3651568 0.0455653
 6915.57719 1.3846420 0.0459328
 6922.47970 1.3998034 0.0468446
 6929.41390 1.4143783 0.0474280
 6936.33264 1.4395787 0.0474567
 6943.26684 1.4546629 0.0477655
 6950.21727 1.4571759 0.0483891
 6957.16770 1.4726915 0.0492874
 6964.13360 1.4796896 0.0503150
 6971.08403 1.4772264 0.0514727
 6978.06539 1.4681677 0.0527289
 6985.04752 1.4345763 0.0540180
 6992.02964 1.4523582 0.0552566
 6999.01100 1.4724278 0.0564075
 7006.02482 1.4734594 0.0574135
 7013.02241 1.4550219 0.0582456
 7020.03624 1.4316370 0.0587821
 7027.06552 1.3888158 0.0589994
 7034.07934 1.3847075 0.0589633
 7041.12409 1.3708689 0.0587015
 7048.15337 1.3564357 0.0583010
 7055.21435 1.3403176 0.0577617
 7062.25987 1.3311539 0.0570862
 7069.33708 1.3188367 0.0562749
 7076.39806 1.3034943 0.0554732
 7083.47450 1.2751204 0.0548397
 7090.56717 1.2630382 0.0543147
 7097.64439 1.2562020 0.0540255
 7104.75252 1.2601616 0.0542007
 7111.84520 1.2594403 0.0528812
 7118.96956 1.2579854 0.0518566
 7126.07847 1.2217956 0.0510516
 7133.20284 1.2009263 0.0502736
 7140.34267 1.2034214 0.0495266
 7147.48327 1.2000557 0.0486937
 7154.63934 1.2164420 0.0479755
 7161.77917 1.2053676 0.0471458
 7168.95146 1.2026550 0.0463171
 7176.12299 1.2065377 0.0454976
 7183.29528 1.1913033 0.0447108
 7190.48227 1.2016478 0.0439668
 7197.67003 1.1837676 0.0432240
 7204.87402 1.2005602 0.0425177
 7212.07724 1.1977732 0.0418471
 7219.28123 1.2102691 0.0411439
 7226.49991 1.2096688 0.0406371
 7233.73560 1.1792496 0.0402155
 7240.97051 1.2007722 0.0397860
 7248.20620 1.2070780 0.0392950
 7255.45657 1.2134943 0.0386714
 7262.70772 1.2095256 0.0383088
 7269.97510 1.2092466 0.0379834
 7277.24171 1.2120054 0.0376540
 7284.52455 1.2058557 0.0374407
 7291.80662 1.2112750 0.0372202
 7299.10570 1.2058448 0.0369130
 7306.40400 1.2019584 0.0366126
 7313.70230 1.1837274 0.0368350
 7321.01684 1.2087774 0.0367618
 7328.34684 1.2369765 0.0361135
 7335.67761 1.2446953 0.0357148
 7343.00761 1.2219580 0.0355848
 7350.35384 1.2185907 0.0356220
 7357.69930 1.2263513 0.0357820
 7365.06099 1.2202775 0.0359637
 7372.42346 1.2371275 0.0363206
 7379.80061 1.2348162 0.0364248
 7387.17854 1.2446243 0.0366503
 7394.57193 1.2281926 0.0368939
 7401.94985 1.2036518 0.0370539
 7409.35870 1.1950847 0.0372113
 7416.76832 1.1996671 0.0373232
 7424.19340 1.1935189 0.0372237
 7431.61849 1.2100160 0.0367518
 7439.04357 1.2039665 0.0364891
 7446.48489 1.2202187 0.0362100
 7453.92620 1.2136143 0.0358470
 7461.38298 1.2281206 0.0354365
 7468.83976 1.2270466 0.0349172
 7476.31199 1.2319061 0.0346569
 7483.80047 1.2290854 0.0345222
 7491.27348 1.2335060 0.0343848
 7498.76195 1.2312183 0.0344442
 7506.26666 1.2423751 0.0344005
 7513.77059 1.2547296 0.0340655
 7521.29076 1.2488899 0.0337112
 7528.81092 1.2362374 0.0334835
 7536.34732 1.2280381 0.0331866
 7543.86749 1.2351485 0.0330298
 7551.41935 1.2389740 0.0329442
 7558.97044 1.2366736 0.0327192
 7566.53853 1.2394098 0.0323513
 7574.10586 1.2186911 0.0321575
 7581.67395 1.2013996 0.0320217
 7589.25751 1.1686977 0.0318933
 7596.84107 1.1599004 0.0316394
 7604.44008 1.1706078 0.0316776
 7612.03910 1.1651629 0.0315996
 7619.65435 1.1645588 0.0313941
 7627.28584 1.1578116 0.0313538
 7634.91655 1.1446984 0.0313728
 7642.54726 1.1431378 0.0314110
 7650.17874 1.1235465 0.0311887
 7657.84115 1.1214472 0.0311596
 7665.48810 1.0997576 0.0311521
 7673.15050 1.0830444 0.0309321
 7680.82914 1.0873859 0.0308362
 7688.50779 1.0876985 0.0308851
 7696.20189 1.0953074 0.0307244
 7703.89599 1.0961851 0.0307085
 7711.60632 1.1026920 0.0306582
 7719.31666 1.1013643 0.0305890
 7727.02699 1.1105690 0.0305537
 7734.76825 1.1109527 0.0304685
 7742.49482 1.1099910 0.0303598
 7750.23608 1.1177483 0.0303976
 7757.99434 1.1135763 0.0303018
 7765.75183 1.1189001 0.0299316
 7773.50932 1.1222031 0.0298689
 7781.29851 1.1355140 0.0296899
 7789.07224 1.1398779 0.0295275
 7796.86142 1.1627530 0.0294372
 7804.66684 1.1779356 0.0293066
 7812.45603 1.1746972 0.0294101
 7820.27691 1.1819115 0.0298471
 7828.09779 1.1810709 0.0301416
 7835.91867 1.1676672 0.0298018
 7843.75578 1.1847281 0.0292064
 7851.60836 1.1721951 0.0292515
 7859.46093 1.1692876 0.0294513
 7867.31351 1.1692914 0.0297794
 7875.18232 1.1828426 0.0299401
 7883.06659 1.1931944 0.0301006
 7890.95086 1.1935166 0.0304175
 7898.83513 1.1913661 0.0306300
 7906.73486 1.1991308 0.0310481
 7914.63537 1.1854990 0.0305098
 7922.55133 1.1786140 0.0301692
 7930.48276 1.1749244 0.0297186
 7938.41496 1.1674267 0.0295655
 7946.34638 1.1854388 0.0292481
 7954.29404 1.1835514 0.0289144
 7962.24170 1.1794523 0.0286837
 7970.20482 1.1891745 0.0281882
 7978.18418 1.1958307 0.0278470
 7986.16353 1.1869694 0.0273527
 7994.15912 1.1946888 0.0269781
 8002.13847 1.1940750 0.0266733
 8010.14952 1.1727234 0.0265472
 8018.15980 1.1665452 0.0264888
 8026.17085 1.1718189 0.0267620
 8034.19813 1.1699576 0.0261708
 8042.24010 1.1509290 0.0255049
 8050.28285 1.1514635 0.0251556
 8058.32559 1.1412425 0.0247974
 8066.38380 1.1429864 0.0248624
 8074.45823 1.1418949 0.0245456
 8082.53267 1.1277308 0.0244072
 8090.60711 1.1041173 0.0242371
 8098.69701 1.0946794 0.0244079
 8106.80315 1.0895226 0.0245483
 8114.90928 1.1003304 0.0246038
 8123.03087 1.0935409 0.0245016
 8131.15247 1.0950663 0.0245137
 8139.27406 1.1052403 0.0247558
 8147.42813 1.1031613 0.0247106
 8155.56518 1.0976126 0.0248360
 8163.71924 1.0910600 0.0247614
 8171.88799 1.1097195 0.0248132
 8180.05752 1.1027101 0.0247516
 8188.24250 1.1034248 0.0247194
 8196.42749 1.0945880 0.0246232
 8204.62870 1.0838420 0.0246361
 8212.82915 1.0756768 0.0244306
 8221.04660 1.0813071 0.0244255
 8229.26328 1.0817389 0.0242969
 8237.49542 1.0916921 0.0242965
 8245.72833 1.0836740 0.0241848
 8253.97671 1.0804510 0.0239672
 8262.24131 1.0847539 0.0237265
 8270.48969 1.0793210 0.0237203
 8278.76976 1.0724589 0.0235762
 8287.04982 1.0648812 0.0233331
 8295.32989 1.0597862 0.0231608
 8303.62542 1.0516779 0.0229682
 8311.93718 1.0566689 0.0228398
 8320.24895 1.0566730 0.0227661
 8328.56071 1.0625602 0.0227035
 8336.88871 1.0593336 0.0224780
 8345.23217 1.0612204 0.0224579
 8353.57562 1.0591457 0.0223270
 8361.93454 1.0547243 0.0221411
 8370.29424 1.0467186 0.0220117
 8378.66862 1.0427279 0.0219241
 8387.04377 1.0279330 0.0218082
 8395.43515 1.0177637 0.0216182
 8403.82577 1.0056272 0.0215458
 8412.23262 0.9955693 0.0215000
 8420.63946 0.9903473 0.0212810
 8429.06177 0.9940024 0.0211229
 8437.50031 0.9917228 0.0209947
 8445.93886 0.9945180 0.0209088
 8454.37740 0.9956841 0.0207855
 8462.83140 0.9871864 0.0205613
 8471.30164 0.9817676 0.0204017
 8479.77188 0.9705578 0.0204353
 8488.25757 0.9794766 0.0203336
 8496.72781 0.9733468 0.0200612
 8505.22974 0.9753378 0.0198281
 8513.74714 0.9780561 0.0196384
 8522.24907 0.9790636 0.0197283
 8530.78192 0.9750977 0.0198773
 8539.30009 0.9681054 0.0198633
 8547.84918 0.9655556 0.0197546
 8556.39826 0.9698899 0.0198992
 8564.94735 0.9660856 0.0200508
 8573.51267 0.9526383 0.0202500
 8582.09345 0.9518519 0.0204690
 8590.67424 0.9444585 0.0207510
 8599.27125 0.9335269 0.0210282
 8607.86750 0.9296858 0.0212294
 8616.48075 0.9412201 0.0215127
 8625.09322 0.9380532 0.0217576
 8633.72116 0.9284580 0.0219583
 8642.34987 0.9276803 0.0219624
 8650.99404 0.9288058 0.0219675
 8659.63822 0.9217482 0.0219537
 8668.29862 0.9182228 0.0218591
 8676.97449 0.9131541 0.0215926
 8685.65036 0.9114377 0.0213066
 8694.34168 0.9115806 0.0211450
 8703.03378 0.9235674 0.0210769
 8711.74135 0.9334335 0.0207706
 8720.44891 0.9296414 0.0204466
 8729.17193 0.9326561 0.0203169
 8737.89573 0.9320356 0.0202109
 8746.63498 0.9332898 0.0201701
 8755.37424 0.9230981 0.0200268
 8764.12896 0.9245070 0.0196686
 8772.89991 0.9399751 0.0194250
 8781.67086 0.9394239 0.0192432
 8790.45727 0.9432216 0.0190425
 8799.24445 0.9332747 0.0187967
 8808.04710 0.9449939 0.0185458
 8816.86521 0.9362605 0.0183115
 8825.66785 0.9363563 0.0181430
 8834.50219 0.9319995 0.0179943
 8843.33576 0.9316548 0.0178896
 8852.18634 0.9204494 0.0177886
 8861.03614 0.9112504 0.0176574
 8869.88594 0.9152641 0.0175584
 8878.76821 0.9090509 0.0175788
 8887.64970 0.9052316 0.0175521
 8896.53120 0.9013761 0.0174911
 8905.42893 0.9046184 0.0173551
 8914.32666 0.9051388 0.0172776
 8923.23985 0.8997316 0.0172186
 8932.16928 0.8906281 0.0171371
 8941.09793 0.8862727 0.0170384
 8950.04359 0.8775815 0.0169064
 8959.00393 0.8737826 0.0167816
 8967.94959 0.8689653 0.0167489
 8976.92617 0.8644195 0.0167412
 8985.90275 0.8567074 0.0167420
 8994.87933 0.8565299 0.0168515
 9003.88761 0.8648985 0.0168173
 9012.88042 0.8620862 0.0166104
 9021.90416 0.8633001 0.0164894
 9030.92867 0.8597581 0.0166270
 9039.95318 0.8615717 0.0167873
 9048.99315 0.8670487 0.0168234
 9058.04858 0.8752824 0.0169304
 9067.10479 0.8779744 0.0171690
 9076.17645 0.8801017 0.0174099
 9085.24811 0.8848247 0.0178562
 9094.33524 0.8907888 0.0181810
 9103.42314 0.8886106 0.0186972
 9112.52650 0.8908033 0.0191555
 9121.64532 0.8792315 0.0196568
 9130.76491 0.8881645 0.0199972
 9139.89997 0.8943210 0.0204268
 9149.03502 0.8923090 0.0207426
 9158.18554 0.8832619 0.0207679
 9167.33683 0.8747338 0.0206848
 9176.51904 0.8671874 0.0206491
 9185.68579 0.8751348 0.0205435
 9194.88423 0.8739847 0.0204797
 9204.06644 0.8731734 0.0200995
 9213.28112 0.8792382 0.0198698
 9222.49502 0.8739311 0.0198009
 9231.70893 0.8762406 0.0196520
 9240.93907 0.8818644 0.0192499
 9250.18544 0.8856356 0.0187556
 9259.43104 0.8794549 0.0185472
 9268.69287 0.8733841 0.0186696
 9277.97017 0.8724583 0.0183804
 9287.24746 0.8714088 0.0181708
 9296.52476 0.8660316 0.0179528
 9305.83452 0.8651295 0.0176284
 9315.12727 0.8562297 0.0172554
 9324.45250 0.8529205 0.0171353
 9333.77772 0.8543546 0.0169456
 9343.10294 0.8407395 0.0170940
 9352.45909 0.8413558 0.0170877
 9361.80055 0.8423557 0.0170112
 9371.17293 0.8504275 0.0169905
 9380.54530 0.8444895 0.0170676
 9389.91768 0.8508150 0.0171377
 9399.30630 0.8462332 0.0171136
 9408.71037 0.8521227 0.0170958
 9418.11444 0.8562581 0.0172241
 9427.53398 0.8630682 0.0171887
 9436.97052 0.8586484 0.0173896
 9446.40629 0.8588919 0.0174176
 9455.84206 0.8489421 0.0172454
 9465.30952 0.8382095 0.0170880
 9474.77698 0.8320183 0.0170725
 9484.24445 0.8344216 0.0169099
 9493.72737 0.8240623 0.0168861
 9503.22653 0.8002898 0.0171728
 9512.72569 0.7938447 0.0176334
 9522.24108 0.7982167 0.0182045
 9531.77193 0.7939745 0.0188408
 9541.30278 0.7967965 0.0192881
 9550.84910 0.7904114 0.0196614
 9560.39618 0.7873384 0.0200447
 9569.95873 0.7916008 0.0205408
 9579.52051 0.7905796 0.0212814
 9589.09929 0.7964450 0.0216389
 9598.69353 0.7879874 0.0211799
 9608.28777 0.7927025 0.0207312
 9617.89747 0.7927422 0.0204365
 9627.52341 0.7924991 0.0205857
 9637.14935 0.7965693 0.0199114
 9646.79075 0.7961254 0.0192544
 9656.43215 0.8013532 0.0188456
 9666.08978 0.7971115 0.0186087
 9675.74741 0.7972727 0.0186830
 9685.43674 0.7869922 0.0189311
 9695.12529 0.7908015 0.0188258
 9704.81462 0.7937397 0.0187069
 9714.51940 0.7953895 0.0192207
 9724.24043 0.8111134 0.0191355
 9733.96145 0.8155095 0.0191959
 9743.69793 0.8151882 0.0193355
 9753.43441 0.8137288 0.0197528
 9763.18713 0.8174081 0.0197370
 9772.95530 0.8407035 0.0196349
 9782.72348 0.8360974 0.0194476
 9792.50789 0.8324604 0.0192756
 9802.30776 0.8368365 0.0190971
 9812.10764 0.8282647 0.0189652
 9821.92374 0.8347099 0.0190582
 9831.73908 0.8280164 0.0194927
 9841.57064 0.8266039 0.0191367
 9851.41844 0.8157016 0.0190872
 9861.26624 0.8251712 0.0190183
 9871.12950 0.8179200 0.0194770
 9881.00823 0.8254125 0.0192533
 9890.87149 0.8241460 0.0192664
 9900.76644 0.8264614 0.0190572
 9910.67763 0.8254099 0.0191522
 9920.58805 0.8084692 0.0190308
 9930.51470 0.8052458 0.0193428
 9940.44135 0.8021710 0.0186069
 9950.38347 0.7976859 0.0185215
 9960.32635 0.7928456 0.0182871
 9970.28470 0.7845213 0.0182851
 9980.25850 0.7880402 0.0177910
 9990.24854 0.7768697 0.0176459
 10000.23858 0.7734738 0.0176660
 10010.22863 0.7644613 0.0178515
 10020.25036 0.7668439 0.0175652
 10030.27210 0.7613696 0.0174866
 10040.29306 0.7521118 0.0174389
 10050.33103 0.7511720 0.0173635
 10060.38446 0.7449897 0.0172886
 10070.45335 0.7384150 0.0170583
 10080.52224 0.7472186 0.0171206
 10090.59113 0.7358746 0.0169707
 10100.69249 0.7390014 0.0166458
 10110.79308 0.7440061 0.0164100
 10120.90989 0.7437323 0.0161669
 10131.02594 0.7546992 0.0159400
 10141.15822 0.7543600 0.0156353
 10151.30674 0.7579333 0.0154939
 10161.43902 0.7573860 0.0151969
 10171.60377 0.7517744 0.0150889
 10181.78320 0.7500842 0.0149263
 10191.96341 0.7454267 0.0147366
 10202.15908 0.7391230 0.0145238
 10212.35475 0.7320553 0.0144261
 10222.58212 0.7299896 0.0142900
 10232.79402 0.7205392 0.0141642
 10243.02139 0.7168196 0.0139370
 10253.28045 0.7175191 0.0138474
 10263.52327 0.7153997 0.0137463
 10273.78233 0.7176344 0.0136011
 10284.05762 0.7049028 0.0136174
 10294.34838 0.7012742 0.0136674
 10304.63913 0.6965475 0.0136814
 10314.94535 0.6931046 0.0134998
 10325.26780 0.6876724 0.0134200
 10335.59025 0.6916305 0.0133439
 10345.92893 0.6935560 0.0134549
 10356.26684 0.6902452 0.0136981
 10366.62098 0.6884959 0.0140785
 10376.99136 0.6872568 0.0142605
 10387.37643 0.6946208 0.0144776
 10397.76227 0.6975830 0.0145677
 10408.16434 0.6929240 0.0148508
 10418.56564 0.6972627 0.0151073
 10428.98317 0.6926990 0.0156134
 10439.41617 0.6921108 0.0157891
 10449.86540 0.6873671 0.0160505
 10460.31463 0.6730142 0.0161675
 10470.76385 0.6697796 0.0165925
 10481.24400 0.6709445 0.0162433
 10491.72493 0.6769629 0.0163534
 10502.22131 0.6714987 0.0164210
 10512.71847 0.6754501 0.0166861
 10523.23031 0.6755422 0.0165242
 10533.75916 0.6723607 0.0164316
 10544.28724 0.6662061 0.0165636
 10554.83078 0.6572258 0.0168925
 10565.39133 0.6525287 0.0169099
 10575.95110 0.6517051 0.0164888
 10586.52634 0.6531957 0.0160777
 10597.11781 0.6582725 0.0157033
 10607.71005 0.6622952 0.0154890
 10618.31698 0.6653830 0.0153349
 10628.94014 0.6587050 0.0153323
 10639.56330 0.6633675 0.0149916
 10650.21816 0.6621086 0.0145310
 10660.85756 0.6649826 0.0142413
 10671.52788 0.6650280 0.0139812
 10682.19897 0.6631122 0.0139136
 10692.88552 0.6594555 0.0136374
 10703.57207 0.6661884 0.0137112
 10714.27409 0.6636268 0.0135067
 10724.99234 0.6516514 0.0136006
 10735.71058 0.6572618 0.0132878
 10746.46053 0.6593738 0.0131833
 10757.19501 0.6604660 0.0130239
 10767.96041 0.6577533 0.0130600
 10778.72659 0.6555212 0.0130673
 10789.50745 0.6465623 0.0132524
 10800.30532 0.6489227 0.0133360
 10811.10242 0.6363739 0.0136657
 10821.91575 0.6351213 0.0141437
 10832.72908 0.6307438 0.0144559
 10843.55788 0.6244791 0.0147496
 10854.40290 0.6223142 0.0149358
 10865.26339 0.6253703 0.0152212
 10876.12465 0.6273984 0.0155286
 10887.00060 0.6244553 0.0159485
 10897.89355 0.6093360 0.0157746
 10908.78574 0.6130985 0.0149390
 10919.70961 0.6084893 0.0145602
 10930.61803 0.6227949 0.0140127
 10941.55737 0.6173050 0.0137250
 10952.49748 0.6200335 0.0137160
 10963.43759 0.6238581 0.0138016
 10974.40862 0.6281480 0.0138776
 10985.38043 0.6302666 0.0135926
 10996.36770 0.6230825 0.0139836
 11007.37120 0.6322209 0.0137898
 11018.37392 0.6432368 0.0144095
 11029.39288 0.6292458 0.0151126
 11040.42808 0.6340583 0.0154024
 11051.46328 0.6348968 0.0153339
 11062.51393 0.6332827 0.0156357
 11073.58005 0.6394256 0.0161851
 11084.66240 0.6361642 0.0167125
 11095.74475 0.6421939 0.0170664
 11106.82710 0.6438316 0.0176013
 11117.94115 0.6592055 0.0178882
 11129.07065 0.6606919 0.0184233
 11140.18470 0.6655360 0.0182742
 11151.33044 0.6622949 0.0178904
 11162.49242 0.6576186 0.0184201
 11173.63816 0.6580597 0.0177654
 11184.81559 0.6553630 0.0170176
 11196.00849 0.6582382 0.0160918
 11207.20138 0.6447498 0.0155734
 11218.41051 0.6384302 0.0149999
 11229.63510 0.6262434 0.0150089
 11240.86047 0.6334144 0.0149658
 11252.10129 0.6253383 0.0145417
 11263.35758 0.6063367 0.0140786
 11274.61387 0.5980981 0.0136909
 11285.88638 0.5904031 0.0137897
 11297.17437 0.5823625 0.0137590
 11308.47858 0.5655396 0.0139429
 11319.78279 0.5664291 0.0135098
 11331.10247 0.5720234 0.0132069
 11342.43761 0.5706244 0.0130671
 11353.77352 0.5773900 0.0129470
 11365.14112 0.5720567 0.0129581
 11376.50795 0.5734234 0.0127383
 11387.87555 0.5916668 0.0124765
 11399.25862 0.6053340 0.0124087
 11410.67338 0.6101416 0.0121312
 11422.07268 0.6094640 0.0119530
 11433.50290 0.6104770 0.0117734
 11444.93389 0.6108800 0.0117035
 11456.38035 0.6131292 0.0116392
 11467.84303 0.6166338 0.0114179
 11479.30495 0.6183361 0.0112303
 11490.78310 0.6121407 0.0111320
 11502.27748 0.6139255 0.0110491
 11513.78655 0.6202449 0.0110708
 11525.29640 0.6158459 0.0110356
 11536.82248 0.6108156 0.0109649
 11548.36401 0.6047376 0.0108631
 11559.90555 0.6051089 0.0073577
 11571.46255 0.6068848 0.0074153
 11583.03579 0.6084491 0.0074526
 11594.62448 0.6102686 0.0074700
 11606.21395 0.6123501 0.0075042
 11617.81888 0.6113982 0.0075959
 11629.43927 0.6109973 0.0076613
 11641.07589 0.6127052 0.0077398
 11652.71174 0.6131849 0.0078143
 11664.36460 0.6157312 0.0079330
 11676.03291 0.6183674 0.0080191
 11687.71669 0.6187580 0.0081495
 11699.40047 0.6225219 0.0082640
 11711.10048 0.6263818 0.0084557
 11722.79972 0.6276445 0.0086086
 11734.53143 0.6271023 0.0088136
 11746.26314 0.6267124 0.0089227
 11758.01031 0.6251929 0.0091715
 11769.77371 0.6265374 0.0094030
 11781.53634 0.6238685 0.0095473
 11793.31520 0.6220393 0.0097402
 11805.11030 0.6215580 0.0098088
 11816.92086 0.6163610 0.0100225
 11828.74765 0.6169106 0.0102934
 11840.57367 0.6180272 0.0106002
 11852.41592 0.6167598 0.0107323
 11864.25817 0.6142024 0.0109599
 11876.13212 0.6061738 0.0111788
 11888.00607 0.6098350 0.0113574
 11899.89625 0.6064227 0.0114630
 11911.80189 0.6078829 0.0115872
 11923.70753 0.6069962 0.0115514
 11935.62864 0.6090127 0.0115127
 11947.56597 0.6083386 0.0115919
 11959.51877 0.6103796 0.0115902
 11971.47234 0.6093697 0.0116443
 11983.44138 0.6067420 0.0116544
 11995.42587 0.6090797 0.0116681
 12007.42659 0.6135991 0.0115735
 12019.42732 0.6138810 0.0114999
 12031.45974 0.6021798 0.0114843
 12043.49139 0.5974287 0.0114517
 12055.54005 0.5976923 0.0114286
 12067.58793 0.5966927 0.0113704
 12079.65204 0.5962754 0.0112813
 12091.73162 0.5999677 0.0112248
 12103.82743 0.5961800 0.0111692
 12115.93870 0.5947915 0.0111452
 12128.04998 0.5954188 0.0111114
 12140.17748 0.5915437 0.0111468
 12152.32045 0.5852481 0.0111970
 12164.46342 0.5826772 0.0113928
 12176.63808 0.5766866 0.0115476
 12188.81274 0.5690593 0.0119278
 12201.00363 0.5963560 0.0185363
 12213.20999 0.5979889 0.0185594
 12225.41635 0.5988839 0.0191126
 12237.65440 0.5973793 0.0192711
 12249.87699 0.6031348 0.0194522
 12262.13050 0.6186178 0.0199944
 12274.40024 0.6239958 0.0197298
 12286.66999 0.6175393 0.0201496
 12298.95597 0.6031944 0.0200996
 12311.25741 0.6020044 0.0207887
 12323.57431 0.5838816 0.0210215
 12335.89121 0.5799558 0.0213008
 12348.22435 0.5495306 0.0221224
 12360.57372 0.5446006 0.0228829
 12372.93855 0.5395710 0.0238588
 12385.30338 0.5442736 0.0247901
 12397.69913 0.5508085 0.0247847
 12410.09565 0.5619544 0.0258821
 12422.50841 0.5535930 0.0262428
 12434.93586 0.5575662 0.0268343
 12447.36408 0.5596643 0.0275465
 12459.80776 0.5475925 0.0290897
 12472.28391 0.5306942 0.0315486
 12484.74305 0.5237024 0.0321598
 12497.23466 0.4973478 0.0318227
 12509.72627 0.5021175 0.0318198
 12522.24957 0.4900298 0.0321802
 12534.77210 0.4824366 0.0324367
 12547.29541 0.4602360 0.0337141
 12559.85041 0.4810231 0.0331132
 12572.40463 0.4758633 0.0341633
 12584.97509 0.4740630 0.0353490
 12597.56179 0.4886889 0.0352129
 12610.16394 0.4731562 0.0368708
 12622.76609 0.4722623 0.0364246
 12635.39994 0.4685397 0.0378370
 12648.03379 0.4873467 0.0375191
 12660.68388 0.4705288 0.0385751
 12673.34942 0.4602618 0.0415588
 12686.01496 0.5049240 0.0420101
