# SOURCE  = 'Quimby et al. 2018' /                                                
# OBJECT  = 'PTF09cnd'           /                                                
# Z       =             0.258500 / wavelengths divided by (1 + z)                 
# NORM    =          5.81690E-17 / fluxes divided by norm                         
# CLIPPED =                    1 / galaxy emission lines removed                  
# SMOOTHED=                    1 / spectrum has been smoothed                     
# COLUMN01= 'Wavelength (Angstrom)' /                                             
# COLUMN02= 'Flux Density (erg/s/cm2/A)' /                                        
# COLUMN03= 'Flux Density Uncertainty (erg/s/cm2/A)' /                            
# END                                                                             
# 
# 
# 
# 
# 
# 
# 
# 
# 
# 
   3210.7229305      0.6396337      0.0894652
   3213.9321669      0.6468444      0.0861560
   3217.1540006      0.6944245      0.0835728
   3220.3629298      0.7180914      0.0810576
   3223.5847636      0.7444614      0.0782306
   3226.8065973      0.7519839      0.0760515
   3230.0410283      0.7510085      0.0735421
   3233.2625548      0.7734931      0.0715133
   3236.4969858      0.7752301      0.0692442
   3239.7314169      0.7745787      0.0674626
   3242.9784452      0.7761381      0.0656729
   3246.2251663      0.7743950      0.0635705
   3249.4595973      0.7627964      0.0618972
   3252.7192230      0.7466953      0.0599302
   3255.9659439      0.7372027      0.0583484
   3259.2255695      0.7181448      0.0565485
   3262.4851952      0.6952644      0.0551283
   3265.7445136      0.6648567      0.0537093
   3269.0167364      0.6360729      0.0520207
   3272.2760548      0.6015186      0.0506715
   3275.5482777      0.5952489      0.0490599
   3278.8330980      0.5811517      0.0477669
   3282.1050136      0.5646026      0.0462748
   3285.3898337      0.5411496      0.0450980
   3288.6743467      0.5273402      0.0437023
   3291.9717642      0.5096112      0.0426100
   3295.2562770      0.4923580      0.0413047
   3298.5536945      0.4737028      0.0402660
   3301.8508048      0.4488882      0.0392750
   3305.1482223      0.4317361      0.0381029
   3308.4579298      0.4182360      0.0371696
   3311.7679445      0.4102818      0.0360902
   3315.0776520      0.3991825      0.0352876
   3318.4002642      0.3819073      0.0343502
   3321.7099717      0.3658907      0.0335758
   3325.0325837      0.3542484      0.0326410
   3328.3548886      0.3438964      0.0319141
   3331.6900980      0.3323652      0.0310869
   3335.0250000      0.3182629      0.0304703
   3338.3599020      0.3129612      0.0297503
   3341.6951114      0.3081849      0.0292459
   3345.0426108      0.2997292      0.0286247
   3348.3778202      0.3005344      0.0281490
   3351.7253195      0.2933267      0.0275599
   3355.0854163      0.2837954      0.0271184
   3358.4332230      0.2901638      0.0265575
   3361.7933195      0.2967203      0.0261415
   3365.1534163      0.2973564      0.0256154
   3368.5264175      0.3027768      0.0252135
   3371.8865142      0.3144211      0.0246798
   3375.2592081      0.3266243      0.0242955
   3378.6444994      0.3542723      0.0237590
   3382.0175006      0.3766406      0.0233411
   3385.4027919      0.3940074      0.0228424
   3388.7880831      0.4238847      0.0224589
   3392.1733744      0.4510140      0.0219713
   3395.5715702      0.4761224      0.0216019
   3398.9694587      0.4995675      0.0211582
   3402.3673473      0.5227143      0.0208679
   3405.7652358      0.5526882      0.0204720
   3409.1757217      0.5769429      0.0200832
   3412.5739175      0.5971503      0.0197989
   3415.9970006      0.6166630      0.0194452
   3419.4074864      0.6413935      0.0191900
   3422.8305695      0.6688071      0.0188810
   3426.2536527      0.7003518      0.0186404
   3429.6767358      0.7208095      0.0183397
   3433.1124163      0.7454753      0.0181501
   3436.5354994      0.7686026      0.0178724
   3439.9711798      0.7904711      0.0176604
   3443.4194575      0.8127517      0.0174061
   3446.8554452      0.8307577      0.0171322
   3450.3037230      0.8462953      0.0169517
   3453.7520006      0.8625854      0.0167202
   3457.2128756      0.8864403      0.0165573
   3460.6737506      0.8975254      0.0163807
   3464.1346256      0.9208851      0.0162502
   3467.5955006      0.9413278      0.0160446
   3471.0563756      0.9695848      0.0158343
   3474.5298480      0.9893914      0.0156870
   3478.0033202      1.0072500      0.0155072
   3481.4890825      1.0234873      0.0153556
   3484.9625548      1.0455278      0.0151353
   3488.4486244      1.0666099      0.0149896
   3491.9472913      1.0825154      0.0148071
   3495.4333608      1.0838094      0.0146197
   3498.9320277      1.0948538      0.0145037
   3502.4306945      1.0923496      0.0143014
   3505.9293614      1.0969154      0.0141796
   3509.4406256      1.0985010      0.0139873
   3512.9515825      1.0947253      0.0138101
   3516.4628467      1.0957168      0.0137079
   3519.9741108      1.0845824      0.0136187
   3523.4979723      1.0752226      0.0135252
   3527.0218337      1.0643414      0.0134888
   3530.5456952      1.0525500      0.0134164
   3534.0818467      1.0404470      0.0134411
   3537.6183055      1.0292716      0.0133838
   3541.1547642      1.0112884      0.0133262
   3544.6912230      1.0034513      0.0133073
   3548.2399717      1.0043890      0.0132748
   3551.7890277      1.0093768      0.0131909
   3555.3380837      1.0072260      0.0131393
   3558.8868325      1.0129997      0.0130425
   3562.4484858      1.0090253      0.0128932
   3566.0101392      1.0193194      0.0127890
   3569.5840825      1.0409992      0.0126407
   3573.1457358      1.0557171      0.0124759
   3576.7199864      1.0617553      0.0123836
   3580.3065270      1.0623440      0.0122719
   3583.8807777      1.0792124      0.0121881
   3587.4676256      1.0926914      0.0120443
   3591.0541663      1.1123593      0.0119599
   3594.6410142      1.1243294      0.0118614
   3598.2401520      1.1340402      0.0118122
   3601.8395973      1.1410618      0.0117557
   3605.4390425      1.1490449      0.0116695
   3609.0507777      1.1567670      0.0116409
   3612.6502230      1.1691365      0.0116086
   3616.2619581      1.1844393      0.0115357
   3619.8865980      1.2033507      0.0115454
   3623.4983331      1.2190111      0.0114587
   3627.1229730      1.2395377      0.0113629
   3630.7599027      1.2561870      0.0113429
   3634.3845425      1.2706952      0.0112271
   3638.0214723      1.2867351      0.0111354
   3641.6584020      1.3115228      0.0110048
   3645.2956392      1.3333204      0.0109237
   3648.9451663      1.3487641      0.0108280
   3652.5950006      1.3595387      0.0106992
   3656.2445277      1.3720331      0.0106490
   3659.9066520      1.3904985      0.0105059
   3663.5690837      1.3998318      0.0104232
   3667.2312081      1.4056005      0.0102926
   3670.8933325      1.4139129      0.0101951
   3674.5683614      1.4173179      0.0100914
   3678.2430831      1.4207832      0.0099794
   3681.9178048      1.4294629      0.0098832
   3685.6054311      1.4406006      0.0098015
   3689.2927500      1.4520665      0.0097347
   3692.9800689      1.4561093      0.0096315
   3696.6676952      1.4554193      0.0095750
   3700.3676114      1.4620516      0.0094998
   3704.0675277      1.4624091      0.0094481
   3707.7674439      1.4724692      0.0093456
   3711.4799575      1.4754308      0.0092376
   3715.1927783      1.4793230      0.0090965
   3718.9052919      1.4816736      0.0090101
   3722.6304027      1.4775625      0.0089298
   3726.3429163      1.4646409      0.0088567
   3730.0680270      1.4530011      0.0087973
   3733.8060425      1.4310683      0.0087165
   3737.5437506      1.4178957      0.0086850
   3741.2814587      1.4011924      0.0086097
   3745.0191669      1.3744344      0.0085208
   3748.7694723      1.3527282      0.0084256
   3752.5071805      1.3326626      0.0082796
   3756.2700831      1.3077711      0.0081811
   3760.0203886      1.2819482      0.0080829
   3763.7832913      1.2534316      0.0079948
   3767.5461939      1.2339659      0.0079072
   3771.3090967      1.2196125      0.0078405
   3775.0845967      1.2032980      0.0077823
   3778.8600967      1.1986353      0.0077226
   3782.6355967      1.1876709      0.0076581
   3786.4236939      1.1772850      0.0075616
   3790.2117913      1.1760391      0.0075301
   3793.9998886      1.1679744      0.0074855
   3797.7879858      1.1628215      0.0073949
   3801.5886805      1.1652106      0.0073362
   3805.3893750      1.1674396      0.0072900
   3809.2026669      1.1732916      0.0072555
   3813.0033614      1.1724094      0.0072121
   3816.8166533      1.1821002      0.0071746
   3820.6425425      1.1952720      0.0071393
   3824.4555270      1.2080644      0.0070733
   3828.2814163      1.2124534      0.0070610
   3832.1073055      1.2236264      0.0070085
   3835.9457919      1.2372503      0.0069456
   3839.7842783      1.2535619      0.0068443
   3843.6224575      1.2681122      0.0067673
   3847.4609439      1.2792263      0.0067120
   3851.3120277      1.2904468      0.0066045
   3855.1631114      1.2983387      0.0065186
   3859.0141952      1.2997017      0.0064407
   3862.8775689      1.3078724      0.0063607
   3866.7412500      1.3104739      0.0063119
   3870.6049311      1.3059902      0.0062352
   3874.4809020      1.3079195      0.0061860
   3878.3571805      1.3073399      0.0061558
   3882.2334587      1.3083862      0.0060811
   3886.1094298      1.3105152      0.0060482
   3889.9983055      1.3110868      0.0060480
   3893.8871811      1.3156457      0.0060019
   3897.7883467      1.3170154      0.0059797
   3901.6772223      1.3138727      0.0059348
   3905.5786952      1.3133390      0.0059232
   3909.4924581      1.3141576      0.0058747
   3913.4065283      1.3166364      0.0057891
   3917.3076939      1.3183576      0.0057440
   3921.2343614      1.3153768      0.0056544
   3925.1481244      1.3200186      0.0055923
   3929.0747919      1.3261467      0.0055478
   3933.0011520      1.3374141      0.0054683
   3936.9404169      1.3437533      0.0054290
   3940.8793744      1.3465666      0.0053925
   3944.8186392      1.3513886      0.0053654
   3948.7575967      1.3585694      0.0053114
   3952.7094587      1.3635932      0.0052974
   3956.6610136      1.3677231      0.0052369
   3960.6254730      1.3720455      0.0053189
   3964.5770277      1.3719106      0.0052094
   3968.5411798      1.3797174      0.0051665
   3972.5182364      1.3822681      0.0051622
   3976.4823886      1.3848312      0.0051861
   3980.4594452      1.3898187      0.0052039
   3984.4487919      1.3940341      0.0052666
   3988.4255413      1.3998715      0.0052820
   3992.4151952      1.4068813      0.0053373
   3996.4171392      1.4149998      0.0053300
   4000.4064858      1.4299308      0.0053528
   4004.4084298      1.4414760      0.0053073
   4008.4106811      1.4564500      0.0052665
   4012.4252223      1.4581120      0.0052119
   4016.4397636      1.4630805      0.0051515
   4020.4543048      1.4642290      0.0050865
   4024.4691533      1.4590852      0.0050364
   4028.4962919      1.4539129      0.0049945
   4032.5234305      1.4523709      0.0049736
   4036.5631663      1.4431509      0.0050098
   4040.5903048      1.4375211      0.0049263
   4044.6303480      1.4296429      0.0048910
   4048.6826811      1.4195524      0.0048746
   4052.7224169      1.4127676      0.0048558
   4056.7873473      1.4019425      0.0048341
   4060.8396805      1.3945754      0.0047953
   4064.9046108      1.3864101      0.0047889
   4068.9695413      1.3861815      0.0047469
   4073.0344717      1.3826483      0.0047382
   4077.1119994      1.3822576      0.0046938
   4081.1895270      1.3813903      0.0046663
   4085.2670548      1.3782119      0.0046551
   4089.3571798      1.3759857      0.0046024
   4093.4473048      1.3734069      0.0045648
   4097.5374298      1.3696523      0.0045368
   4101.6275548      1.3681211      0.0045093
   4105.7302770      1.3686672      0.0044889
   4109.8455967      1.3698692      0.0044658
   4113.9483189      1.3673635      0.0044359
   4118.0636386      1.3680089      0.0044428
   4122.1789581      1.3688940      0.0044144
   4126.3068750      1.3680851      0.0044030
   4130.4347919      1.3691082      0.0043878
   4134.5627087      1.3724982      0.0043733
   4138.7032230      1.3772917      0.0043580
   4142.8308325      1.3825114      0.0043303
   4146.9839439      1.3912868      0.0043366
   4151.1244581      1.3953478      0.0043278
   4155.2775695      1.3990543      0.0043042
   4159.4306811      1.4011146      0.0042942
   4163.5960825      1.4038123      0.0042994
   4167.7617913      1.4105268      0.0042700
   4171.9275000      1.4134983      0.0042482
   4176.0932087      1.4199866      0.0042082
   4180.2712075      1.4245894      0.0041931
   4184.4495136      1.4266146      0.0041588
   4188.6404169      1.4260212      0.0041122
   4192.8313202      1.4307059      0.0040811
   4197.0219163      1.4345989      0.0040714
   4201.2128195      1.4393030      0.0040325
   4205.4163202      1.4481988      0.0040146
   4209.6195136      1.4516585      0.0039973
   4213.8356114      1.4560251      0.0039652
   4218.0514020      1.4579234      0.0039643
   4222.2675000      1.4623655      0.0039483
   4226.4835980      1.4630634      0.0039363
   4230.7119858      1.4601496      0.0039113
   4234.9406811      1.4564511      0.0039026
   4239.1816663      1.4550991      0.0038909
   4243.4229587      1.4537472      0.0038799
   4247.6639439      1.4505510      0.0038717
   4251.9178337      1.4463704      0.0038631
   4256.1714163      1.4410655      0.0038536
   4260.4253061      1.4310795      0.0038392
   4264.6788886      1.4229091      0.0038117
   4268.9453756      1.4193670      0.0037955
   4273.2115555      1.4189730      0.0037792
   4277.4903325      1.4180102      0.0037592
   4281.7694169      1.4184120      0.0037388
   4286.0481939      1.4189398      0.0037206
   4290.3398756      1.4196638      0.0037052
   4294.6186527      1.4207424      0.0036921
   4298.9226244      1.4225769      0.0036814
   4303.2143061      1.4241459      0.0036605
   4307.5182777      1.4220213      0.0036574
   4311.8348467      1.4248874      0.0036517
   4316.1391256      1.4268596      0.0036522
   4320.4556945      1.4288270      0.0036463
   4324.7722636      1.4275880      0.0036385
   4329.1014298      1.4308417      0.0036197
   4333.4309033      1.4324483      0.0036183
   4337.7726669      1.4313945      0.0036171
   4342.1018331      1.4318095      0.0036124
   4346.4435967      1.4387448      0.0036108
   4350.7979575      1.4450186      0.0036116
   4355.1400283      1.4486628      0.0036125
   4359.4943892      1.4535307      0.0036117
   4363.8613473      1.4575349      0.0036085
   4368.2283055      1.4609388      0.0035903
   4372.5952636      1.4662455      0.0035830
   4376.9622217      1.4659306      0.0035777
   4381.3417770      1.4708517      0.0035730
   4385.7213325      1.4745977      0.0035720
   4390.1137925      1.4760171      0.0035753
   4394.5059452      1.4807529      0.0035809
   4398.8980980      1.4823900      0.0035810
   4403.2902506      1.4840348      0.0035894
   4407.6950006      1.4835041      0.0035944
   4412.0997506      1.4869469      0.0035980
   4416.5170980      1.4893568      0.0036010
   4420.9344452      1.4925386      0.0035996
   4425.3517925      1.4961845      0.0036407
   4429.7814298      1.4999338      0.0035881
   4434.2113744      1.5043637      0.0035684
   4438.6413189      1.5087494      0.0035533
   4443.0838608      1.5143318      0.0035640
   4447.5264027      1.5183975      0.0035792
   4451.9815419      1.5229419      0.0035940
   4456.4240837      1.5272129      0.0036059
   4460.8792230      1.5340919      0.0036119
   4465.3466520      1.5429933      0.0035974
   4469.8143886      1.5500292      0.0036264
   4474.2821250      1.5537114      0.0035915
   4478.7498614      1.5570005      0.0035439
   4483.2301952      1.5636950      0.0035185
   4487.7102217      1.5644819      0.0034941
   4492.2031527      1.5655559      0.0034992
   4496.6960837      1.5660647      0.0035007
   4501.2013048      1.5671834      0.0035137
   4505.6942358      1.5656914      0.0035332
   4510.1997642      1.5630692      0.0035943
   4514.7175825      1.5625426      0.0035303
   4519.2231108      1.5625036      0.0035240
   4523.7412364      1.5591686      0.0034949
   4528.2716520      1.5539316      0.0034869
   4532.8023750      1.5454952      0.0034586
   4537.3330980      1.5370337      0.0034154
   4541.8761108      1.5303524      0.0033842
   4546.4068337      1.5244610      0.0033589
   4550.9624439      1.5190893      0.0033347
   4555.5057642      1.5113510      0.0033594
   4560.0613744      1.5015495      0.0033427
   4564.6298892      1.4936672      0.0032978
   4569.1854994      1.4884847      0.0032864
   4573.7540142      1.4770463      0.0032781
   4578.3348189      1.4721197      0.0032683
   4582.9159311      1.4673789      0.0032606
   4587.4967358      1.4657381      0.0033168
   4592.0904452      1.4654762      0.0032459
   4596.6712500      1.4657431      0.0032395
   4601.2772494      1.4683875      0.0032319
   4605.8709587      1.4667659      0.0032466
   4610.4769581      1.4639190      0.0032660
   4615.0955548      1.4588993      0.0032898
   4619.7018614      1.4524701      0.0033077
   4624.3330555      1.4464455      0.0033071
   4628.9516520      1.4409239      0.0033247
   4633.5831533      1.4369376      0.0033401
   4638.2143473      1.4330792      0.0033135
   4642.8581386      1.4261748      0.0032616
   4647.4893325      1.4195079      0.0032514
   4652.1460283      1.4151632      0.0032307
   4656.7898195      1.4130836      0.0032278
   4661.4588055      1.4109817      0.0032325
   4666.1151939      1.4123954      0.0032439
   4670.7841798      1.4139324      0.0032701
   4675.4534730      1.4182562      0.0033144
   4680.1224587      1.4214840      0.0032635
   4684.8040419      1.4265367      0.0032668
   4689.4982223      1.4326397      0.0032403
   4694.1798055      1.4332139      0.0032293
   4698.8739858      1.4372969      0.0031937
   4703.5807636      1.4391257      0.0031571
   4708.2749439      1.4380919      0.0031883
   4712.9943189      1.4354419      0.0031236
   4717.7010967      1.4307848      0.0031236
   4722.4204717      1.4268204      0.0031356
   4727.1398467      1.4198198      0.0031510
   4731.8718189      1.4119658      0.0031471
   4736.6037913      1.4049988      0.0031637
   4741.3357636      1.3947856      0.0031766
   4746.0803331      1.3858757      0.0031835
   4750.8249027      1.3766906      0.0031729
   4755.5820695      1.3670909      0.0031760
   4760.3266392      1.3593369      0.0031508
   4765.0964033      1.3555379      0.0031306
   4769.8535702      1.3519469      0.0031088
   4774.6230270      1.3506627      0.0030847
   4779.4053886      1.3468786      0.0030528
   4784.1877500      1.3445994      0.0030371
   4788.9701114      1.3427552      0.0030300
   4793.7524730      1.3423980      0.0030419
   4798.5471244      1.3430297      0.0031026
   4803.3546805      1.3438071      0.0030416
   4808.1496392      1.3437839      0.0030431
   4812.9571952      1.3435243      0.0030436
   4817.7770413      1.3411300      0.0030636
   4822.5971945      1.3422369      0.0030787
   4827.4173480      1.3447260      0.0031108
   4832.2371939      1.3430485      0.0031350
   4837.0699445      1.3472843      0.0031419
   4841.9152925      1.3533316      0.0031504
   4846.7603331      1.3587046      0.0031481
   4851.6056811      1.3656192      0.0031378
   4856.4507217      1.3736361      0.0031227
   4861.3086669      1.3793368      0.0031052
   4866.1663048      1.3878579      0.0030759
   4871.0368473      1.3936841      0.0030552
   4875.9070825      1.3990978      0.0030396
   4880.7902223      1.4045216      0.0030210
   4885.6604575      1.4133852      0.0030243
   4890.5561945      1.4200056      0.0030581
   4895.4390270      1.4273334      0.0030408
   4900.3347642      1.4345403      0.0030194
   4905.2427913      1.4357526      0.0030568
   4910.1511256      1.4401666      0.0030221
   4915.0591527      1.4470775      0.0030128
   4919.9671798      1.4494272      0.0030201
   4924.8881114      1.4510899      0.0030258
   4929.8213331      1.4543129      0.0030435
   4934.7419575      1.4553372      0.0030603
   4939.6880837      1.4536477      0.0030758
   4944.6213055      1.4523574      0.0031421
   4949.5671244      1.4495815      0.0030920
   4954.5132506      1.4490675      0.0030776
   4959.4716669      1.4503536      0.0030735
   4964.4300831      1.4494284      0.0030740
   4969.4010967      1.4462327      0.0030755
   4974.3598202      1.4412869      0.0030760
   4979.3434311      1.4378690      0.0030738
   4984.3144445      1.4325701      0.0030624
   4989.2980555      1.4291891      0.0030603
   4994.2942636      1.4239517      0.0030551
   4999.2904717      1.4166446      0.0030835
   5004.2866798      1.4107780      0.0030211
   5009.2957925      1.4053938      0.0030115
   5014.3045980      1.3968222      0.0030073
   5019.3134033      1.3889446      0.0029621
   5024.3348061      1.3797907      0.0029404
   5029.3562087      1.3728937      0.0029701
   5034.3902087      1.3668247      0.0029528
   5039.4242087      1.3605158      0.0029859
   5044.4582087      1.3581585      0.0029813
   5049.5048061      1.3549091      0.0030122
   5054.5514033      1.3534319      0.0030440
   5059.6105980      1.3502219      0.0030716
   5064.6697925      1.3464100      0.0031130
   5069.7412770      1.3441235      0.0031241
   5074.8004717      1.3414127      0.0031183
   5079.8848608      1.3415860      0.0030799
   5084.9692500      1.3437022      0.0030792
   5090.0536392      1.3443972      0.0030850
   5095.1380283      1.3473704      0.0030945
   5100.2347075      1.3478259      0.0031117
   5105.3316939      1.3500400      0.0031651
   5110.4412777      1.3535875      0.0031726
   5115.5508614      1.3584070      0.0031265
   5120.6604452      1.3613172      0.0031384
   5125.7823189      1.3661320      0.0031665
   5130.9170973      1.3692096      0.0031387
   5136.0392783      1.3714755      0.0031272
   5141.1863467      1.3753848      0.0031070
   5146.3211250      1.3752800      0.0030822
   5151.4685006      1.3767010      0.0030527
   5156.6158762      1.3767644      0.0030880
   5161.7752347      1.3773273      0.0031194
   5166.9352075      1.3788924      0.0031046
   5172.1080850      1.3789442      0.0030590
   5177.2803480      1.3773868      0.0030319
   5182.4526108      1.3735112      0.0030590
   5187.6377783      1.3695995      0.0031212
   5192.8229458      1.3660812      0.0031799
   5198.0204033      1.3610044      0.0032564
   5203.2178608      1.3575382      0.0033646
   5208.4153184      1.3517534      0.0033322
   5213.6256805      1.3453083      0.0033308
   5218.8483325      1.3358871      0.0032836
   5224.0586945      1.3283137      0.0032340
   5229.2942512      1.3190897      0.0031695
   5234.5169033      1.3103828      0.0030963
   5239.7524600      1.3032519      0.0030450
   5244.9874020      1.2946885      0.0029986
   5250.2352488      1.2861408      0.0029944
   5255.4837100      1.2809747      0.0030052
   5260.7438467      1.2757509      0.0029791
   5266.0045980      1.2713596      0.0030181
   5271.2776392      1.2667449      0.0029835
   5276.5383903      1.2593633      0.0029792
   5281.8237217      1.2530624      0.0029781
   5287.0967630      1.2477010      0.0029875
   5292.3827087      1.2416836      0.0029932
   5297.6809445      1.2384009      0.0029937
   5302.9791805      1.2331667      0.0030051
   5308.2774163      1.2277122      0.0030133
   5313.5885566      1.2244548      0.0030190
   5318.8990825      1.2181693      0.0030195
   5324.2225130      1.2144921      0.0030288
   5329.5459434      1.2099528      0.0030422
   5334.8822783      1.2057461      0.0030368
   5340.2179988      1.1998343      0.0030405
   5345.5543337      1.1921335      0.0030340
   5350.9029587      1.1847528      0.0030710
   5356.2515837      1.1806891      0.0030493
   5361.6124988      1.1742887      0.0030348
   5366.9740283      1.1677845      0.0030376
   5372.3349434      1.1601809      0.0030432
   5377.7087630      1.1472316      0.0030631
   5383.0825825      1.1373560      0.0030848
   5388.4693066      1.1271454      0.0031444
   5393.8554163      1.1196485      0.0031293
   5399.2544305      1.1093053      0.0031277
   5404.6534445      1.1014667      0.0031430
   5410.0524587      1.0955181      0.0031966
   5415.4637630      1.0922480      0.0031766
   5420.8879717      1.0869441      0.0031880
   5426.2998903      1.0868633      0.0032383
   5431.7363892      1.0844312      0.0032449
   5437.1605980      1.0843590      0.0032537
   5442.5970967      1.0858157      0.0032961
   5448.0465000      1.0883642      0.0033475
   5453.4959033      1.0931261      0.0034165
   5458.9453066      1.0999790      0.0034299
   5464.4070000      1.1038055      0.0034256
   5469.8686934      1.1090343      0.0034317
   5475.3432913      1.1084452      0.0034264
   5480.8178892      1.1095951      0.0034158
   5486.2924870      1.1131572      0.0034085
   5491.7793750      1.1136980      0.0034224
   5497.2791675      1.1191067      0.0033793
   5502.7660555      1.1200591      0.0033649
   5508.2781380      1.1267376      0.0033764
   5513.7779305      1.1314160      0.0034249
   5519.2900130      1.1359420      0.0034114
   5524.8150000      1.1381892      0.0034866
   5530.3399870      1.1424402      0.0035389
   5535.8772642      1.1447935      0.0035245
   5541.4022512      1.1498040      0.0036049
   5546.9518184      1.1557025      0.0037332
   5552.5020000      1.1578025      0.0038586
   5558.0521816      1.1608016      0.0039742
   5563.6017488      1.1636480      0.0040988
   5569.1771250      1.1637841      0.0042568
   5574.7395967      1.1670141      0.0044712
   5580.3149730      1.1653115      0.0047351
   5585.9026392      1.1704865      0.0050091
   5591.4780153      1.1701213      0.0053719
   5597.0779717      1.1715999      0.0057077
   5602.6656380      1.1796314      0.0060825
   5608.2784988      1.1839228      0.0063815
   5613.8790695      1.1980674      0.0066961
   5619.5048350      1.2013112      0.0069383
   5625.1176958      1.2034843      0.0070509
   5630.7428467      1.2057101      0.0070618
   5636.3809020      1.2065852      0.0067962
   5642.0066675      1.2090935      0.0066287
   5647.6570130      1.2126356      0.0064143
   5653.2950684      1.2116553      0.0063050
   5658.9583184      1.2125022      0.0061455
   5664.6092783      1.2129102      0.0059420
   5670.2725283      1.2195504      0.0057664
   5675.9480684      1.2235777      0.0055879
   5681.6242230      1.2250758      0.0053727
   5687.3126675      1.2240905      0.0051923
   5692.9882075      1.2218648      0.0049990
   5698.6895566      1.2223346      0.0048464
   5704.3902913      1.2250577      0.0046907
   5710.0916403      1.2270497      0.0045761
   5715.8046650      1.2241850      0.0044949
   5721.5183042      1.2240732      0.0044206
   5727.2448480      1.2213445      0.0044037
   5732.9707770      1.2180512      0.0043224
   5738.6973208      1.2180320      0.0042534
   5744.4355400      1.2174861      0.0041933
   5750.1872783      1.2167656      0.0041648
   5755.9384020      1.2164124      0.0041110
   5761.6901403      1.2152272      0.0040769
   5767.4535542      1.2159786      0.0040399
   5773.2175825      1.2170115      0.0040089
   5778.9945153      1.2217655      0.0040553
   5784.7708337      1.2208427      0.0039677
   5790.5600566      1.2196651      0.0039273
   5796.3486650      1.2182797      0.0039094
   5802.1507925      1.2203313      0.0038972
   5807.9523055      1.2215730      0.0039207
   5813.7538184      1.2220170      0.0039194
   5819.5682358      1.2220408      0.0039223
   5825.3949434      1.2189417      0.0039175
   5831.2222653      1.2165509      0.0039390
   5837.0489730      1.2137964      0.0039691
   5842.8885850      1.2094223      0.0039413
   5848.7275825      1.2036076      0.0038497
   5854.5794847      1.1966718      0.0038304
   5860.4320012      1.1904913      0.0038479
   5866.2961934      1.1848277      0.0038675
   5872.1610000      1.1781350      0.0039069
   5878.0380967      1.1688951      0.0039598
   5883.9029033      1.1629152      0.0040071
   5889.7922900      1.1547008      0.0040803
   5895.6822913      1.1432494      0.0040558
   5901.5845825      1.1328917      0.0040115
   5907.4868738      1.1207781      0.0039484
   5913.3891650      1.1116190      0.0038990
   5919.3043608      1.0995618      0.0038212
   5925.2195566      1.0899616      0.0037474
   5931.1470425      1.0794867      0.0036826
   5937.0745283      1.0698223      0.0036360
   5943.0143042      1.0586958      0.0036578
   5948.9669847      1.0492324      0.0036838
   5954.9073750      1.0398831      0.0036494
   5960.8600555      1.0328348      0.0035969
   5966.8256403      1.0256501      0.0035864
   5972.7906108      1.0232960      0.0035696
   5978.7684858      1.0187413      0.0035724
   5984.7463608      1.0140464      0.0035556
   5990.7371403      1.0094936      0.0035525
   5996.7150153      1.0093116      0.0035432
   6002.7180850      1.0079958      0.0035397
   6008.7205400      1.0085655      0.0035359
   6014.7365142      1.0061285      0.0035172
   6020.7518738      1.0037526      0.0035190
   6026.7678480      1.0030237      0.0035116
   6032.7961120      1.0022495      0.0034939
   6038.8243762      1.0003808      0.0034850
   6044.8649305      0.9975665      0.0034736
   6050.9054847      0.9945261      0.0034606
   6056.9589434      0.9901047      0.0034478
   6063.0253066      0.9846790      0.0034213
   6069.0910555      0.9811943      0.0034828
   6075.1568042      0.9764355      0.0034156
   6081.2231675      0.9708792      0.0033792
   6087.3141108      0.9662827      0.0033701
   6093.3927642      0.9594943      0.0033697
   6099.4837075      0.9544968      0.0033746
   6105.5875555      0.9485393      0.0033798
   6111.6914033      0.9488578      0.0033855
   6117.8075413      0.9468480      0.0034277
   6123.9236792      0.9474249      0.0033671
   6130.0527217      0.9462054      0.0033541
   6136.1817642      0.9466535      0.0033376
   6142.3108066      0.9487569      0.0033175
   6148.4644292      0.9521201      0.0033410
   6154.6063762      0.9557920      0.0033105
   6160.7599988      0.9604343      0.0032762
   6166.9271403      0.9628592      0.0032528
   6173.0936675      0.9666557      0.0032640
   6179.2601945      0.9684706      0.0032864
   6185.4519163      0.9711043      0.0033214
   6191.6313480      0.9732404      0.0032622
   6197.8230695      0.9743054      0.0032621
   6204.0276958      0.9762887      0.0032443
   6210.2194175      0.9745163      0.0032099
   6216.4363337      0.9745123      0.0031887
   6222.6532500      0.9719242      0.0031594
   6228.8701663      0.9721721      0.0031556
   6235.0999870      0.9703158      0.0031657
   6241.3420980      0.9699842      0.0031438
   6247.5842087      0.9669179      0.0031081
   6253.8263195      0.9648557      0.0030683
   6260.0813350      0.9660720      0.0030749
   6266.3486403      0.9680362      0.0031128
   6272.6159458      0.9674308      0.0031320
   6278.8832512      0.9675438      0.0031239
   6285.1628467      0.9666537      0.0031368
   6291.4430566      0.9667914      0.0031445
   6297.7355566      0.9653203      0.0031344
   6304.0403467      0.9663795      0.0031216
   6310.3457512      0.9661651      0.0030661
   6316.6505413      0.9650939      0.0030225
   6322.9682358      0.9656260      0.0029776
   6329.2859305      0.9651594      0.0029331
   6335.6159150      0.9639060      0.0028929
   6341.9588042      0.9626865      0.0028622
   6348.3016934      0.9605639      0.0028325
   6354.6574870      0.9582587      0.0028204
   6361.0003762      0.9570892      0.0028239
   6367.3684600      0.9534317      0.0027763
   6373.7359292      0.9522865      0.0027415
   6380.1040130      0.9529769      0.0027172
   6386.4850012      0.9515010      0.0027172
   6392.8776650      0.9504231      0.0026952
   6399.2709434      0.9518206      0.0026421
   6405.6642217      0.9510429      0.0026450
   6412.0697900      0.9505206      0.0026418
   6418.4882630      0.9501570      0.0026285
   6424.9067358      0.9515005      0.0026535
   6431.3252087      0.9520273      0.0026737
   6437.7559717      0.9540291      0.0027133
   6444.1996392      0.9540901      0.0027406
   6450.6433066      0.9543390      0.0027563
   6457.0992642      0.9546304      0.0027615
   6463.5552217      0.9522868      0.0027478
   6470.0111792      0.9503394      0.0027311
   6476.4929458      0.9483600      0.0026937
   6482.9611934      0.9465605      0.0026606
   6489.4429600      0.9451890      0.0026192
   6495.9364020      0.9432337      0.0025993
   6502.4304587      0.9429241      0.0025463
   6508.9368055      0.9428741      0.0025606
   6515.4431520      0.9451019      0.0025287
   6521.9624033      0.9453281      0.0025158
   6528.4810400      0.9454600      0.0025494
   6535.0131958      0.9465901      0.0025869
   6541.5447370      0.9479815      0.0025978
   6548.0885684      0.9518807      0.0026226
   6554.6330142      0.9532843      0.0026446
   6561.1897500      0.9540806      0.0026694
   6567.7593903      0.9516523      0.0026459
   6574.3161262      0.9509056      0.0026078
   6580.8980566      0.9499701      0.0026185
   6587.4799870      0.9458885      0.0025472
   6594.0619175      0.9427748      0.0024980
   6600.6561380      0.9403585      0.0024675
   6607.2632630      0.9357680      0.0024563
   6613.8703880      0.9330167      0.0024609
   6620.4775130      0.9280361      0.0025079
   6627.0975425      0.9256805      0.0025000
   6633.7298620      0.9235923      0.0025406
   6640.3621816      0.9203968      0.0025073
   6647.0067913      0.9148269      0.0025034
   6653.6520153      0.9126073      0.0024933
   6660.3089150      0.9094946      0.0025004
   6666.9664292      0.9073369      0.0024919
   6673.6368480      0.9047728      0.0024701
   6680.3066520      0.8999068      0.0024596
   6686.9893608      0.8951348      0.0024520
   6693.6720695      0.8899189      0.0024496
   6700.3670684      0.8852295      0.0024482
   6707.0749717      0.8818162      0.0024772
   6713.7828750      0.8773835      0.0024503
   6720.4907783      0.8717185      0.0024391
   6727.2109717      0.8677216      0.0024335
   6733.9440695      0.8648207      0.0024241
   6740.6771675      0.8612345      0.0024139
   6747.4225555      0.8567410      0.0023968
   6754.1556533      0.8547176      0.0023939
   6760.9139458      0.8518809      0.0023862
   6767.6845283      0.8475115      0.0023869
   6774.4428208      0.8432750      0.0023621
   6781.2256934      0.8402011      0.0023476
   6787.9968903      0.8355764      0.0023437
   6794.7926675      0.8324046      0.0023541
   6801.5884445      0.8280793      0.0023699
   6808.3842217      0.8219682      0.0023859
   6815.1929033      0.8162989      0.0023720
   6822.0138750      0.8115786      0.0023954
   6828.8348467      0.8074861      0.0024110
   6835.6687230      0.8048581      0.0024350
   6842.5019847      0.8002012      0.0024716
   6849.3487653      0.7966949      0.0024999
   6856.1949316      0.7920922      0.0025438
   6863.0533880      0.7912065      0.0025546
   6869.9124587      0.7874148      0.0025701
   6876.7838195      0.7855584      0.0025756
   6883.6551805      0.7816336      0.0025818
   6890.5394458      0.7763394      0.0025528
   6897.4360012      0.7715794      0.0025379
   6904.3325566      0.7653564      0.0024880
   6911.2414020      0.7587169      0.0024551
   6918.1508620      0.7531728      0.0024006
   6925.0726120      0.7466577      0.0023659
   6931.9943620      0.7395212      0.0023456
   6938.9284020      0.7329663      0.0023230
   6945.8630566      0.7278684      0.0022811
   6952.8100012      0.7217938      0.0022892
   6959.7569458      0.7176812      0.0022385
   6966.7161805      0.7117288      0.0022056
   6973.6883195      0.7052775      0.0021893
   6980.6604587      0.7018303      0.0021809
   6987.6448880      0.6981423      0.0021796
   6994.6299316      0.6940185      0.0021660
   7001.6272653      0.6888884      0.0021613
   7008.6368892      0.6848875      0.0021606
   7015.6342230      0.6795929      0.0021572
   7022.6567512      0.6758609      0.0021375
   7029.6786650      0.6730179      0.0021142
   7036.7140980      0.6710778      0.0020995
   7043.7489163      0.6698345      0.0020819
   7050.7837347      0.6670661      0.0020605
   7057.8443620      0.6624176      0.0020410
   7064.9043750      0.6602883      0.0020258
   7071.9643880      0.6583061      0.0020094
   7079.0373055      0.6550817      0.0020060
   7086.1102230      0.6516623      0.0020083
   7093.1954305      0.6481602      0.0019883
   7100.2935425      0.6441286      0.0019790
   7107.3910400      0.6431878      0.0019783
   7114.5020566      0.6420500      0.0019774
   7121.6247488      0.6397387      0.0019702
   7128.7357653      0.6356033      0.0019706
   7135.8713620      0.6337881      0.0019783
   7143.0069587      0.6294901      0.0019857
   7150.1425555      0.6260518      0.0019950
   7157.3033467      0.6231470      0.0020123
   7164.4518480      0.6213395      0.0020304
   7171.6249292      0.6187667      0.0020611
   7178.7986250      0.6120011      0.0020607
   7185.9723208      0.6056163      0.0020462
   7193.1583066      0.5986438      0.0020421
   7200.3565825      0.5934201      0.0020506
   7207.5554730      0.5879047      0.0020799
   7214.7666533      0.5831886      0.0020894
   7221.9778337      0.5796062      0.0020923
   7229.2013042      0.5765235      0.0021110
   7236.4253892      0.5750318      0.0021335
   7243.6617642      0.5757353      0.0021717
   7250.9104292      0.5760368      0.0021916
   7258.1597087      0.5770604      0.0022167
   7265.4212783      0.5795112      0.0022164
   7272.6828480      0.5811045      0.0022312
   7279.9567075      0.5803725      0.0022027
   7287.2311816      0.5821869      0.0021958
   7294.5302358      0.5817742      0.0021810
   7301.8170000      0.5822644      0.0021862
   7309.1289587      0.5807593      0.0021775
   7316.4280130      0.5776350      0.0021562
   7323.7528762      0.5769340      0.0021365
   7331.0771250      0.5768055      0.0021288
   7338.4013738      0.5767431      0.0020977
   7345.7385270      0.5756156      0.0020948
   7353.0885850      0.5742803      0.0020600
   7360.4380283      0.5726010      0.0020458
   7367.8003762      0.5714210      0.0020346
   7375.1750142      0.5693696      0.0020107
   7382.5496520      0.5691435      0.0019876
   7389.9242900      0.5681726      0.0019663
   7397.3247370      0.5670454      0.0019490
   7404.7116650      0.5674375      0.0019350
   7412.1244020      0.5649187      0.0019328
   7419.5371392      0.5620120      0.0018888
   7426.9498762      0.5587022      0.0018820
   7434.3871934      0.5563756      0.0018792
   7441.8128350      0.5555106      0.0018856
   7449.2630566      0.5535683      0.0018769
   7456.7132783      0.5520608      0.0018879
   7464.1635000      0.5538518      0.0018874
   7471.6266262      0.5537954      0.0018794
   7479.1020425      0.5536541      0.0018680
   7486.5774587      0.5528413      0.0018715
   7494.0651650      0.5518971      0.0018649
   7501.5663903      0.5511319      0.0018736
   7509.0670012      0.5507024      0.0018612
   7516.5676120      0.5500202      0.0018495
   7524.0934175      0.5499617      0.0018670
   7531.6192230      0.5495284      0.0019038
   7539.1450283      0.5504010      0.0019274
   7546.6831238      0.5498925      0.0018768
   7554.2341238      0.5467198      0.0018971
   7561.7851238      0.5439332      0.0019175
   7569.3490283      0.5406104      0.0019691
   7576.9252230      0.5386336      0.0020421
   7584.5014175      0.5354546      0.0021419
   7592.0899020      0.5322571      0.0022754
   7599.6790012      0.5310703      0.0024158
   7607.2803903      0.5287867      0.0025361
   7614.8811650      0.5236555      0.0025858
   7622.4954587      0.5239441      0.0026098
   7630.1220425      0.5230865      0.0025743
   7637.7486262      0.5208546      0.0025770
   7645.3875000      0.5205743      0.0024737
   7653.0392783      0.5182371      0.0023097
   7660.6910566      0.5169166      0.0021928
   7668.3551250      0.5141736      0.0021073
   7676.0191934      0.5141832      0.0021067
   7683.6961663      0.5137048      0.0020564
   7691.3731392      0.5098689      0.0020005
   7699.0753066      0.5069938      0.0020004
   7706.7768597      0.5024213      0.0019975
   7714.4790270      0.5007873      0.0019859
   7722.1934847      0.4981909      0.0019781
   7729.9208467      0.4955648      0.0019520
   7737.6482087      0.4932420      0.0019432
   7745.3878608      0.4920676      0.0019307
   7753.1275130      0.4924580      0.0019210
   7760.8800695      0.4922038      0.0019003
   7768.6449163      0.4939756      0.0018940
   7776.4097630      0.4961285      0.0019079
   7784.1875142      0.4987477      0.0019407
   7791.9775555      0.5000157      0.0019264
   7799.7675967      0.5006060      0.0019040
   7807.5705425      0.5027077      0.0018972
   7815.3728738      0.5040085      0.0019152
   7823.1881097      0.5070673      0.0019446
   7831.0162500      0.5085295      0.0019497
   7838.8443903      0.5082850      0.0019937
   7846.6848208      0.5089105      0.0019950
   7854.5375413      0.5088732      0.0020059
   7862.3779717      0.5122252      0.0020078
   7870.2435967      0.5123961      0.0020324
   7878.1221262      0.5131181      0.0020229
   7886.0000413      0.5139542      0.0020463
   7893.8908608      0.5151979      0.0020283
   7901.7816805      0.5168533      0.0020137
   7909.6847900      0.5171906      0.0019735
   7917.5885142      0.5191177      0.0019823
   7925.5045283      0.5186869      0.0019423
   7933.4328325      0.5171099      0.0019232
   7941.3740413      0.5163211      0.0019076
   7949.3152500      0.5152869      0.0019239
   7957.2564587      0.5146862      0.0018953
   7965.2228620      0.5130361      0.0018751
   7973.1892653      0.5126985      0.0018717
   7981.1550542      0.5124996      0.0018839
   7989.1343620      0.5135371      0.0019436
   7997.1259600      0.5154282      0.0019144
   8005.1298480      0.5173376      0.0019068
   8013.1337358      0.5213886      0.0018986
   8021.1376238      0.5240295      0.0018849
   8029.1673208      0.5276269      0.0018688
   8037.1964033      0.5299562      0.0018494
   8045.2383903      0.5323322      0.0018360
   8053.2797630      0.5330891      0.0018146
   8061.3340400      0.5318894      0.0018004
   8069.4012217      0.5298570      0.0018034
   8077.4554988      0.5267872      0.0017605
   8085.5355850      0.5241777      0.0017640
   8093.6273467      0.5209830      0.0017452
   8101.7197230      0.5170771      0.0017471
   8109.8243892      0.5143672      0.0017404
   8117.9290555      0.5120180      0.0017397
   8126.0589163      0.5080010      0.0017525
   8134.1764870      0.5062411      0.0017644
   8142.3063480      0.5053026      0.0017803
   8150.4614033      0.5039637      0.0017890
   8158.6035542      0.5025603      0.0017889
   8166.7586097      0.5030776      0.0017805
   8174.9265695      0.5030612      0.0017768
   8183.1068195      0.5040223      0.0017686
   8191.2870695      0.5038917      0.0017552
   8199.4796097      0.5035821      0.0017535
   8207.6850542      0.5027845      0.0017548
   8215.8904988      0.5010519      0.0017486
   8224.1088480      0.4999213      0.0017471
   8232.3265825      0.4996696      0.0017422
   8240.5572217      0.4982467      0.0017632
   8248.8007653      0.4962770      0.0017683
   8257.0559847      0.4930526      0.0017997
   8265.3118184      0.4917281      0.0018554
   8273.5805566      0.4893233      0.0018742
   8281.8486805      0.4851175      0.0018658
   8290.1297087      0.4805777      0.0018718
   8298.4230270      0.4792542      0.0018940
   8306.7292500      0.4766009      0.0019112
   8315.0354730      0.4732575      0.0019087
   8323.3416958      0.4691359      0.0019119
   8331.6724988      0.4677485      0.0018775
   8340.0039163      0.4648957      0.0018584
   8348.3476238      0.4633341      0.0018087
   8356.6919458      0.4603662      0.0017770
   8365.0479434      0.4579725      0.0017548
   8373.4174600      0.4553923      0.0017375
   8381.7863620      0.4530248      0.0017197
   8390.1675542      0.4501114      0.0017101
   8398.5622653      0.4456829      0.0016977
   8406.9563620      0.4439173      0.0016745
   8415.3627488      0.4419259      0.0016353
   8423.7820400      0.4385833      0.0016050
   8432.2019458      0.4349005      0.0015917
   8440.6335270      0.4307937      0.0015908
   8449.0780130      0.4262706      0.0015685
   8457.5224988      0.4212582      0.0015708
   8465.9921792      0.4163478      0.0015421
   8474.4495695      0.4111097      0.0015092
   8482.9315400      0.4071007      0.0014868
   8491.4141250      0.4029641      0.0014609
   8499.9090000      0.3992206      0.0014543
   8508.4038750      0.3957486      0.0014419
   8516.9110400      0.3919934      0.0014177
   8525.4311097      0.3887361      0.0014055
   8533.9511792      0.3861405      0.0013828
   8542.4964434      0.3842007      0.0013750
   8551.0294175      0.3816488      0.0013546
   8559.5869717      0.3794049      0.0013552
   8568.1451403      0.3761535      0.0013437
   8576.7149847      0.3744615      0.0013488
   8585.2983480      0.3719062      0.0013631
   8593.8810967      0.3698951      0.0013670
   8602.4767500      0.3682288      0.0013832
   8611.0724033      0.3673719      0.0013735
   8619.6803467      0.3660844      0.0013762
   8628.3011945      0.3663275      0.0013851
   8636.9343325      0.3665920      0.0013850
   8645.5680850      0.3675544      0.0013602
   8654.2135130      0.3682997      0.0013329
   8662.8724600      0.3675493      0.0013257
   8671.5307925      0.3672366      0.0013463
   8680.2143195      0.3672276      0.0013679
   8688.8855566      0.3667953      0.0013965
   8697.5813738      0.3661606      0.0014258
   8706.2778055      0.3655018      0.0014647
   8714.9742370      0.3654081      0.0015035
   8723.6952488      0.3650538      0.0015622
   8732.4168750      0.3642750      0.0016336
   8741.1507913      0.3644048      0.0017369
   8749.8976120      0.3644416      0.0018638
   8758.6438184      0.3644184      0.0020428
   8767.4029292      0.3647202      0.0022561
   8776.1749445      0.3646455      0.0025835
   8784.9469600      0.3645824      0.0030159
   8793.7312653      0.3640819      0.0036068
   8802.5278608      0.3627527      0.0042280
