# SOURCE  = 'Quimby et al. 2018' /                                                
# OBJECT  = '2011ke  '           /                                                
# Z       = 0.142900 / wavelengths in OBSERVER FRAME (from rest frame x (1+z))
# NORM    =          1.96360E-18 / fluxes divided by norm                         
# CLIPPED =                    1 / galaxy emission lines removed                  
# SMOOTHED=                    1 / spectrum has been smoothed                     
# COLUMN01= 'Wavelength (Angstrom)' /                                             
# COLUMN02= 'Flux Density (erg/s/cm2/A)' /                                        
# COLUMN03= 'Flux Density Uncertainty (erg/s/cm2/A)' /                            
# END                                                                             
# 
# 
# 
# 
# 
# 
# 
# 
# 
# 
# Converted to Observer Frame using z=0.143
 4138.48902 3.9237559 0.6120732
 4142.63959 3.8371429 0.5936861
 4146.77531 3.8030279 0.5762684
 4150.92589 3.6806819 0.5597750
 4155.07658 3.6522377 0.5422252
 4159.22715 3.6704197 0.5274659
 4163.39270 3.7150619 0.5135700
 4167.55791 3.7730379 0.5004466
 4171.72346 3.6714745 0.4837812
 4175.88901 3.5784032 0.4721496
 4180.06953 3.5125673 0.4610489
 4184.24994 3.4201188 0.4469306
 4188.43046 3.3378930 0.4370068
 4192.62561 3.3415668 0.4275855
 4196.82099 3.2977130 0.4186674
 4201.01649 3.3134990 0.4073363
 4205.21187 3.3626590 0.3993608
 4209.42188 3.4015958 0.3916405
 4213.63235 3.3507361 0.3826619
 4217.84271 3.3747864 0.3754300
 4222.05272 3.4582634 0.3683378
 4226.27805 3.3753612 0.3590415
 4230.50338 3.3860023 0.3525651
 4234.74333 3.3661008 0.3463611
 4238.96866 3.4734714 0.3381347
 4243.20896 3.4936771 0.3320808
 4247.46378 3.5067298 0.3261882
 4251.70408 3.4786503 0.3204575
 4255.95936 3.5430491 0.3130544
 4260.21417 3.5297294 0.3077673
 4264.46933 3.5050066 0.3026528
 4268.73924 3.5423543 0.2964060
 4273.00937 3.5021608 0.2912409
 4277.27951 3.4472427 0.2865165
 4281.56427 3.4232111 0.2806845
 4285.83441 3.4553409 0.2762183
 4290.11917 3.4282329 0.2718780
 4294.41925 3.3636148 0.2662672
 4298.70401 3.3487861 0.2622470
 4303.00409 3.3091969 0.2582889
 4307.31869 3.3369591 0.2530876
 4311.61877 3.3152027 0.2493180
 4315.93337 3.3308661 0.2446637
 4320.24808 3.3744590 0.2409643
 4324.56302 3.4027381 0.2374624
 4328.89259 3.3821175 0.2330495
 4333.22261 3.4155383 0.2297948
 4337.55218 3.3740759 0.2266881
 4341.89673 3.3572931 0.2226504
 4346.24161 3.3200305 0.2196657
 4350.58604 3.2800736 0.2166781
 4354.93058 3.2672958 0.2127306
 4359.29044 3.3105884 0.2098812
 4363.64996 3.3442307 0.2061253
 4368.00936 3.3032622 0.2033939
 4372.38419 3.2827055 0.2008067
 4376.75857 3.2687097 0.1975754
 4381.13306 3.2355306 0.1949698
 4385.50778 3.2275939 0.1924410
 4389.89713 3.2072139 0.1891726
 4394.28647 3.1587927 0.1867520
 4398.67594 3.1558051 0.1836659
 4403.08014 3.1641567 0.1814446
 4407.48492 3.1602683 0.1793332
 4411.88913 3.1802526 0.1765963
 4416.30843 3.1794336 0.1746833
 4420.71275 3.1868622 0.1721793
 4425.13193 3.1493022 0.1703625
 4429.56654 3.1582401 0.1685658
 4434.00070 3.1557562 0.1662398
 4438.43496 3.1573913 0.1645659
 4442.86912 3.1628554 0.1623803
 4447.31825 3.1543963 0.1608541
 4451.75251 3.1299541 0.1594449
 4456.21650 3.1253071 0.1576366
 4460.66574 3.1396921 0.1563099
 4465.12973 3.1368096 0.1544633
 4469.59383 3.1153793 0.1531442
 4474.05793 3.0863583 0.1513940
 4478.53700 3.1132042 0.1500977
 4483.01596 3.1130514 0.1487738
 4487.49504 3.0863762 0.1469789
 4491.98897 3.0707836 0.1456998
 4496.48302 3.0657589 0.1440005
 4500.97695 3.0570636 0.1428424
 4505.47088 3.0377183 0.1413240
 4509.97991 3.0648062 0.1402392
 4514.48881 3.0673006 0.1388102
 4519.01269 3.0773640 0.1378801
 4523.52160 3.0897131 0.1370807
 4528.04536 3.0778930 0.1358335
 4532.58422 3.0781729 0.1349918
 4537.10775 3.0744815 0.1339069
 4541.64649 3.0519655 0.1331507
 4546.18534 3.0450127 0.1320653
 4550.73906 3.0556672 0.1313562
 4555.29288 3.0518820 0.1304034
 4559.84625 3.0492864 0.1297091
 4564.39996 3.0375762 0.1286632
 4568.96865 3.0111990 0.1280792
 4573.53733 2.9367938 0.1270480
 4578.10613 2.9227879 0.1263508
 4582.68934 2.9459112 0.1253882
 4587.27299 2.9416976 0.1246623
 4591.85665 2.9355996 0.1235908
 4596.45483 2.9325745 0.1230252
 4601.05346 2.9102523 0.1220028
 4605.65209 2.8895152 0.1213302
 4610.25027 2.8600285 0.1204169
 4614.86376 2.8512485 0.1197427
 4619.47736 2.8527219 0.1187272
 4624.10548 2.8386703 0.1181580
 4628.71897 2.8329170 0.1171588
 4633.34744 2.8139555 0.1165164
 4637.99053 2.7795138 0.1156892
 4642.63397 2.7627175 0.1150865
 4647.26209 2.7747912 0.1142070
 4651.92039 2.7839668 0.1137647
 4656.56348 2.7795434 0.1128777
 4661.22178 2.7672355 0.1122945
 4665.87985 2.7407088 0.1115205
 4670.55312 2.7555931 0.1109506
 4675.22604 2.7606986 0.1100456
 4679.89943 2.7393501 0.1095834
 4684.57236 2.7212815 0.1087559
 4689.26060 2.7049270 0.1079459
 4693.94850 2.6872127 0.1075307
 4698.65172 2.6826410 0.1067288
 4703.33962 2.6631818 0.1062060
 4708.04237 2.6622050 0.1054488
 4712.76056 2.6522055 0.1049014
 4717.46344 2.6681690 0.1041913
 4722.18151 2.6734028 0.1036602
 4726.91422 2.6561227 0.1028274
 4731.63207 2.6364484 0.1021205
 4736.36511 2.6293044 0.1015891
 4741.11279 2.6065555 0.1007998
 4745.84550 2.6179354 0.1003871
 4750.59318 2.6168249 0.0996343
 4755.34120 2.6134338 0.0992483
 4760.10385 2.6249616 0.0985054
 4764.86651 2.6175759 0.0977558
 4769.62904 2.6240084 0.0973813
 4774.39204 2.6152318 0.0966424
 4779.16966 2.6077716 0.0962778
 4783.94718 2.6194639 0.0955631
 4788.73966 2.6186152 0.0948639
 4793.51729 2.6251316 0.0945173
 4798.31011 2.6177700 0.0938346
 4803.11757 2.6104679 0.0935019
 4807.91006 2.6132300 0.0928185
 4812.73249 2.6130755 0.0921791
 4817.53995 2.6034112 0.0918828
 4822.36226 2.6152868 0.0912082
 4827.18469 2.6247859 0.0908519
 4832.00713 2.6180718 0.0901802
 4836.84442 2.6240797 0.0895038
 4841.68171 2.6119363 0.0891354
 4846.51911 2.5975268 0.0884441
 4851.37137 2.5916488 0.0878303
 4856.22364 2.5914047 0.0873962
 4861.07590 2.5996373 0.0868257
 4865.92816 2.6050377 0.0864034
 4870.79540 2.6113000 0.0858514
 4875.67761 2.6062777 0.0852249
 4880.54485 2.5961785 0.0848408
 4885.42706 2.5871568 0.0843752
 4890.30916 2.5688460 0.0838220
 4895.20634 2.5491049 0.0835306
 4900.10341 2.5303757 0.0829563
 4905.00059 2.5254316 0.0824803
 4909.91263 2.5328219 0.0821585
 4914.80936 2.5394371 0.0817725
 4919.73638 2.5559740 0.0812865
 4924.64842 2.5614214 0.0809830
 4929.57543 2.5458031 0.0803273
 4934.50245 2.5423689 0.0796999
 4939.44398 2.5324907 0.0793691
 4944.38597 2.5428178 0.0787597
 4949.32796 2.5483172 0.0783049
 4954.26983 2.5558455 0.0780049
 4959.22634 2.5566325 0.0776336
 4964.18330 2.5559363 0.0771997
 4969.15512 2.5438530 0.0768456
 4974.12695 2.5448527 0.0765810
 4979.09842 2.5542519 0.0762084
 4984.07025 2.5481133 0.0757201
 4989.05704 2.5405507 0.0755185
 4994.04349 2.5339296 0.0750986
 4999.04526 2.5380976 0.0748093
 5004.04657 2.5196140 0.0744478
 5009.04834 2.5075331 0.0743278
 5014.04999 2.4977217 0.0739630
 5019.06639 2.4951766 0.0736845
 5024.08302 2.4975371 0.0734758
 5029.11427 2.4905019 0.0731893
 5034.14588 2.4653349 0.0728034
 5039.17713 2.4462514 0.0725041
 5044.22371 2.4441245 0.0722798
 5049.26994 2.4439116 0.0719719
 5054.31651 2.4375575 0.0716562
 5059.36263 2.4128106 0.0712492
 5064.42417 2.4150677 0.0711043
 5069.48538 2.4045060 0.0706933
 5074.56144 2.3942494 0.0703775
 5079.63785 2.3872032 0.0699869
 5084.71391 2.3698406 0.0696738
 5089.80540 2.3655949 0.0694390
 5094.88147 2.3496449 0.0691035
 5099.98736 2.3426838 0.0687050
 5105.07886 2.3462141 0.0684019
 5110.18475 2.3447165 0.0682590
 5115.30573 2.3332567 0.0678818
 5120.41209 2.3219252 0.0675910
 5125.53295 2.3141425 0.0672342
 5130.65394 2.3264148 0.0669645
 5135.78978 2.3326645 0.0667640
 5140.92596 2.3299668 0.0664859
 5146.07678 2.3241653 0.0662480
 5151.21262 2.3359456 0.0659075
 5156.36344 2.3361828 0.0656176
 5161.52922 2.3406422 0.0654204
 5166.68038 2.3357389 0.0651686
 5171.84617 2.3320384 0.0648617
 5177.02682 2.3258762 0.0646373
 5182.20758 2.3184104 0.0644223
 5187.38823 2.3144975 0.0641345
 5192.56899 2.3256145 0.0640568
 5197.76461 2.3129644 0.0637835
 5202.96023 2.3108664 0.0635962
 5208.17117 2.3097260 0.0634131
 5213.38176 2.2981305 0.0631477
 5218.59236 2.3013041 0.0629661
 5223.80295 2.2946186 0.0629292
 5229.02852 2.2812550 0.0628119
 5234.25409 2.2764833 0.0626419
 5239.49451 2.2739906 0.0623907
 5244.73505 2.2831857 0.0622228
 5249.97548 2.2893558 0.0620626
 5255.23054 2.2808752 0.0619307
 5260.48594 2.2771115 0.0618885
 5265.74145 2.2656829 0.0618458
 5271.01182 2.2558963 0.0615874
 5276.28220 2.2416956 0.0614253
 5281.56743 2.2430267 0.0611875
 5286.83780 2.2334237 0.0610628
 5292.12315 2.2250295 0.0609275
 5297.42301 2.2301700 0.0607186
 5302.72333 2.2425120 0.0606045
 5308.02353 2.2515860 0.0605985
 5313.32385 2.2662358 0.0603953
 5318.63903 2.2608194 0.0602735
 5323.95387 2.2478495 0.0601143
 5329.28402 2.2354152 0.0598599
 5334.61417 2.2241161 0.0597032
 5339.95884 2.2169189 0.0595725
 5345.28899 2.2086501 0.0593715
 5350.63412 2.2088881 0.0592641
 5355.99376 2.1917415 0.0591672
 5361.33888 2.1864412 0.0590527
 5366.69887 2.1792712 0.0588302
 5372.07348 2.1779439 0.0586879
 5377.44855 2.1724749 0.0586554
 5382.82351 2.1687419 0.0584160
 5388.21310 2.1705575 0.0582429
 5393.58806 2.1573825 0.0580817
 5398.99250 2.1735346 0.0578631
 5404.38243 2.1760228 0.0577250
 5409.78700 2.1772337 0.0575823
 5415.20676 2.1575887 0.0574338
 5420.61132 2.1515017 0.0572279
 5426.03108 2.1559241 0.0571116
 5431.46548 2.1618261 0.0569772
 5436.90021 2.1573467 0.0567603
 5442.33461 2.1557908 0.0566223
 5447.78432 2.1572855 0.0564798
 5453.21871 2.1446779 0.0563288
 5458.68305 2.1449158 0.0561053
 5464.13276 2.1478322 0.0559494
 5469.59699 2.1375394 0.0557930
 5475.07630 2.1449971 0.0556424
 5480.54087 2.1554494 0.0554243
 5486.03504 2.1278009 0.0552758
 5491.51435 2.1291525 0.0551324
 5497.00887 2.1358676 0.0549827
 5502.50304 2.1330280 0.0547617
 5508.01219 2.1403749 0.0546076
 5513.50636 2.1412277 0.0544555
 5519.03071 2.1596396 0.0543218
 5524.53985 2.1649406 0.0541962
 5530.07883 2.1556673 0.0540045
 5535.60295 2.1482332 0.0538875
 5541.14193 2.1393161 0.0537794
 5546.68136 2.1454558 0.0536804
 5552.22034 2.1538780 0.0535177
 5557.77429 2.1362598 0.0533302
 5563.34322 2.1203232 0.0532277
 5568.89717 2.1173928 0.0531311
 5574.46609 2.1226828 0.0530207
 5580.04988 2.1075113 0.0528513
 5585.61880 2.1015670 0.0527788
 5591.21756 2.0983112 0.0527073
 5596.80146 2.0902791 0.0526345
 5602.40021 2.0783942 0.0525658
 5607.99897 2.0828550 0.0525078
 5613.61270 2.0692682 0.0523813
 5619.22643 2.0607982 0.0523385
 5624.84016 2.0455737 0.0522240
 5630.46886 2.0503376 0.0521906
 5636.09757 2.0272408 0.0521661
 5641.74113 2.0200670 0.0521562
 5647.36983 2.0297053 0.0520702
 5653.02837 2.0220349 0.0520780
 5658.67205 2.0142775 0.0520891
 5664.33024 2.0154555 0.0520080
 5670.00375 2.0094502 0.0519946
 5675.67726 2.0088229 0.0519029
 5681.35077 1.9998045 0.0519008
 5687.02427 1.9984623 0.0518157
 5692.71230 1.9938869 0.0517307
 5698.41576 1.9884028 0.0517330
 5704.10424 1.9771301 0.0516508
 5709.80758 1.9781328 0.0516325
 5715.52555 1.9825575 0.0515331
 5721.24398 1.9709551 0.0515137
 5726.96230 1.9823277 0.0514914
 5732.68027 1.9911932 0.0513939
 5738.41355 1.9756628 0.0513734
 5744.16182 1.9670463 0.0513530
 5749.90962 1.9645807 0.0512558
 5755.65788 1.9608481 0.0512464
 5761.40580 1.9515631 0.0512238
 5767.16892 1.9456012 0.0512075
 5772.93170 1.9491450 0.0511930
 5778.70991 1.9449883 0.0510971
 5784.48766 1.9539264 0.0510807
 5790.28072 1.9584432 0.0510649
 5796.05847 1.9572752 0.0510514
 5801.86651 1.9571744 0.0510035
 5807.65912 1.9649675 0.0508730
 5813.46716 1.9731333 0.0508347
 5819.28983 1.9687058 0.0507947
 5825.11273 1.9753383 0.0507474
 5830.93529 1.9836713 0.0506306
 5836.75796 1.9867625 0.0506003
 5842.59583 1.9890639 0.0505741
 5848.44834 1.9803145 0.0505522
 5854.28587 1.9800707 0.0504664
 5860.15368 1.9812651 0.0504600
 5866.00607 1.9910327 0.0504532
 5871.87355 2.0129418 0.0504428
 5877.74137 2.0166550 0.0503379
 5883.62370 2.0156536 0.0503205
 5889.50604 2.0173316 0.0503116
 5895.40335 2.0138013 0.0502914
 5901.28614 2.0041919 0.0501903
 5907.19842 2.0158703 0.0501690
 5913.09573 2.0299065 0.0501539
 5919.00801 2.0207307 0.0500556
 5924.93515 2.0283051 0.0500396
 5930.86241 2.0187013 0.0500173
 5936.78955 2.0160360 0.0499115
 5942.73212 2.0283456 0.0499613
 5948.67423 2.0203426 0.0499181
 5954.61635 2.0146821 0.0498804
 5960.57355 2.0136151 0.0497675
 5966.53064 2.0048783 0.0497401
 5972.50258 1.9888637 0.0497176
 5978.47464 1.9828840 0.0496127
 5984.44671 1.9739844 0.0495882
 5990.43374 1.9768765 0.0495610
 5996.42066 1.9751793 0.0494578
 6002.42267 1.9715403 0.0494295
 6008.42456 1.9570298 0.0493934
 6014.44108 1.9446168 0.0492710
 6020.44298 1.9443572 0.0492269
 6026.47482 1.9372110 0.0491097
 6032.50665 1.9319681 0.0490701
 6038.53838 1.9167504 0.0490286
 6044.57022 1.9049879 0.0489120
 6050.61669 1.9114989 0.0489395
 6056.66339 1.8949625 0.0489046
 6062.72517 1.8946224 0.0488001
 6068.78685 1.8936869 0.0488450
 6074.84852 1.8823915 0.0487188
 6080.92482 1.8784959 0.0486697
 6087.01644 1.8784761 0.0486223
 6093.09308 1.8740457 0.0484911
 6099.19922 1.8720115 0.0484435
 6105.29084 1.8683387 0.0483284
 6111.39743 1.8783829 0.0483553
 6117.50391 1.8717102 0.0482371
 6123.62467 1.8721092 0.0482012
 6129.74612 1.8705268 0.0481719
 6135.88300 1.8660825 0.0480705
 6142.01909 1.8607726 0.0480432
 6148.15505 1.8529141 0.0479502
 6154.30645 1.8457775 0.0479328
 6160.45785 1.8380909 0.0479172
 6166.62376 1.8400395 0.0479082
 6172.78979 1.8283180 0.0478252
 6178.95570 1.8380556 0.0478091
 6185.13705 1.8287878 0.0477287
 6191.33279 1.8219832 0.0477250
 6197.51414 1.8313130 0.0476624
 6203.72531 1.8157439 0.0477309
 6209.92106 1.8086762 0.0477341
 6216.13223 1.8101416 0.0476785
 6222.34272 1.8107674 0.0476883
 6228.56842 1.7972910 0.0476354
 6234.79491 1.7956032 0.0477214
 6241.03523 1.7963036 0.0476706
 6247.27624 1.8020225 0.0476206
 6253.53188 1.7862936 0.0476365
 6259.77289 1.7792920 0.0475838
 6266.04316 1.7731057 0.0476797
 6272.29868 1.7666377 0.0476364
 6278.56964 1.7572032 0.0475861
 6284.85522 1.7624115 0.0475237
 6291.14069 1.7497520 0.0475321
 6297.42617 1.7407986 0.0475394
 6303.72707 1.7420772 0.0475462
 6310.02717 1.7295778 0.0474849
 6316.34259 1.7217306 0.0474911
 6322.65789 1.7183566 0.0475047
 6328.98862 1.7164279 0.0474444
 6335.31867 1.7198447 0.0474475
 6341.64929 1.7218539 0.0473812
 6347.99466 1.7231460 0.0474518
 6354.33991 1.7202507 0.0473948
 6360.69979 1.7032206 0.0473330
 6367.06035 1.7023782 0.0473331
 6373.42024 1.6912900 0.0473352
 6379.79543 1.6914628 0.0473308
 6386.17063 1.6962347 0.0472625
 6392.56114 1.6922803 0.0472035
 6398.95085 1.6931093 0.0472823
 6405.35600 1.6789706 0.0472230
 6411.76103 1.6841757 0.0472304
 6418.16606 1.6574105 0.0472448
 6424.58572 1.6532507 0.0471929
 6431.02069 1.6563574 0.0472086
 6437.44104 1.6575531 0.0471622
 6443.89064 1.6638476 0.0470997
 6450.32562 1.6566944 0.0471054
 6456.77511 1.6469151 0.0470461
 6463.24003 1.6500601 0.0470527
 6469.70484 1.6564802 0.0470585
 6476.16965 1.6536011 0.0469991
 6482.64909 1.6555353 0.0470100
 6489.12853 1.6538411 0.0470143
 6495.62328 1.6509157 0.0469511
 6502.11803 1.6463327 0.0469614
 6508.61279 1.6463802 0.0469107
 6515.12206 1.6506675 0.0469960
 6521.64676 1.6540294 0.0469611
 6528.15603 1.6543784 0.0469318
 6534.69525 1.6559469 0.0470385
 6541.21984 1.6628227 0.0470109
 6547.75905 1.6673745 0.0469834
 6554.31359 1.6666524 0.0470262
 6560.86812 1.6728897 0.0470585
 6567.43717 1.6693232 0.0470966
 6573.99170 1.6692588 0.0469936
 6580.57538 1.6717585 0.0469506
 6587.15975 1.6750525 0.0470344
 6593.74423 1.6738561 0.0469883
 6600.32791 1.6751529 0.0470111
 6606.94222 1.6706166 0.0469727
 6613.54122 1.6830138 0.0469852
 6620.15542 1.6895390 0.0469993
 6626.78436 1.6830664 0.0469653
 6633.39867 1.6735107 0.0469988
 6640.04213 1.6676706 0.0470194
 6646.67096 1.6702619 0.0470480
 6653.32973 1.6710593 0.0470129
 6659.97388 1.6727686 0.0469820
 6666.64797 1.6717498 0.0470160
 6673.30674 1.6689306 0.0469830
 6679.98015 1.6606989 0.0470770
 6686.66876 1.6702422 0.0470506
 6693.34285 1.6631776 0.0470980
 6700.04609 1.6587663 0.0470894
 6706.73469 1.6621656 0.0471402
 6713.45325 1.6580859 0.0471795
 6720.15729 1.6544104 0.0472296
 6726.87584 1.6440473 0.0472137
 6733.60891 1.6423825 0.0472667
 6740.34278 1.6462123 0.0472515
 6747.09117 1.6488661 0.0473018
 6753.82435 1.6367151 0.0472862
 6760.58805 1.6292952 0.0473439
 6767.35107 1.6196101 0.0473913
 6774.11477 1.6126958 0.0474570
 6780.89242 1.6156744 0.0474619
 6787.67075 1.6147636 0.0475402
 6794.46440 1.6051546 0.0475449
 6801.25725 1.6012725 0.0476300
 6808.05090 1.5899392 0.0476514
 6814.85838 1.5863558 0.0477438
 6821.68198 1.5886075 0.0477724
 6828.50477 1.5770417 0.0478762
 6835.32825 1.5839869 0.0479891
 6842.16556 1.5802970 0.0480810
 6849.00368 1.5824817 0.0481987
 6855.85710 1.5819105 0.0482465
 6862.70985 1.5778507 0.0483760
 6869.57779 1.5731332 0.0484280
 6876.44505 1.5677007 0.0485563
 6883.32831 1.5704113 0.0486852
 6890.21088 1.5808452 0.0487422
 6897.09346 1.5733232 0.0488795
 6903.99135 1.5695844 0.0489400
 6910.90387 1.5675581 0.0490830
 6917.81708 1.5560827 0.0492271
 6924.72948 1.5596101 0.0492904
 6931.65732 1.5579072 0.0494334
 6938.58436 1.5555021 0.0495030
 6945.52671 1.5358213 0.0496520
 6952.46975 1.5536869 0.0498019
 6959.42662 1.5599473 0.0498753
 6966.38429 1.5411884 0.0500274
 6973.35659 1.5344213 0.0504325
 6980.31426 1.5293525 0.0507812
 6987.30107 1.5313253 0.0511266
 6994.28858 1.5382799 0.0511154
 7001.29071 1.5362930 0.0511464
 7008.29284 1.5408286 0.0513965
 7015.29497 1.5415807 0.0514779
 7022.31242 1.5371972 0.0513933
 7029.32987 1.5314287 0.0514275
 7036.36184 1.5330595 0.0515056
 7043.39391 1.5350192 0.0515461
 7050.44051 1.5352613 0.0516822
 7057.50242 1.5307382 0.0519060
 7064.54970 1.5296323 0.0520911
 7071.61161 1.5256408 0.0522158
 7078.68884 1.5366230 0.0524272
 7085.76538 1.5301276 0.0526695
 7092.85712 1.5235710 0.0528609
 7099.94898 1.5179234 0.0531467
 7107.05604 1.5190860 0.0534477
 7114.14779 1.5243213 0.0538026
 7121.26948 1.5282062 0.0542652
 7128.39048 1.5222481 0.0547241
 7135.52749 1.5144559 0.0551171
 7142.66369 1.5160748 0.0555191
 7149.80070 1.5230230 0.0557485
 7156.95234 1.5295117 0.0559932
 7164.10386 1.5154003 0.0563276
 7171.27001 1.4938282 0.0567186
 7178.43616 1.4923099 0.0572346
 7185.61763 1.4879514 0.0578158
 7192.81442 1.4993582 0.0585374
 7200.01052 1.4942158 0.0589171
 7207.20650 1.4912192 0.0591496
 7214.40329 1.4744687 0.0593897
 7221.62922 1.4710259 0.0597955
 7228.84063 1.4695292 0.0602479
 7236.06657 1.4769592 0.0607478
 7243.30781 1.4743985 0.0612693
 7250.54906 1.4730316 0.0618110
 7257.80483 1.4840159 0.0621973
 7265.06070 1.4823468 0.0627169
 7272.33179 1.4787142 0.0632279
 7279.60298 1.4909784 0.0644843
 7286.87406 1.5095456 0.0649420
 7294.17440 1.5103008 0.0653571
 7301.46080 1.4914689 0.0657819
 7308.76114 1.4917988 0.0661734
 7316.07748 1.4886317 0.0663902
 7323.39302 1.4811291 0.0665603
 7330.70868 1.4956834 0.0666792
 7338.05417 1.5213090 0.0666096
 7345.38503 1.5222747 0.0666053
 7352.73052 1.5098433 0.0665337
 7360.09132 1.5091403 0.0664168
 7367.43681 1.5099399 0.0662589
 7374.81225 1.4874161 0.0660009
 7382.18757 1.4952695 0.0657169
 7389.56301 1.4840559 0.0653603
 7396.95365 1.4861774 0.0651035
 7404.35891 1.4654828 0.0650224
 7411.76418 1.4656392 0.0643576
 7419.16945 1.4666237 0.0636299
 7426.59004 1.4563856 0.0628832
 7434.02525 1.4450786 0.0621817
 7441.46035 1.4406050 0.0614436
 7448.89557 1.4388124 0.0607160
 7456.34530 1.4460051 0.0600355
 7463.79572 1.4375913 0.0586215
 7471.26076 1.4228189 0.0577677
 7478.74044 1.4152552 0.0571212
 7486.22080 1.4061850 0.0564881
 7493.70037 1.4067434 0.0558655
 7501.19536 1.3954095 0.0552822
 7508.69024 1.3794531 0.0547501
 7516.19986 1.3757265 0.0541644
 7523.72469 1.3686070 0.0537017
 7531.24952 1.3533747 0.0533031
 7538.78966 1.3311436 0.0529846
 7546.31449 1.3287520 0.0527318
 7553.86914 1.3237399 0.0520834
 7561.42312 1.3245819 0.0513795
 7568.97789 1.3057877 0.0508086
 7576.54786 1.2928188 0.0504276
 7584.13178 1.2835948 0.0500463
 7591.71639 1.2865530 0.0495508
 7599.30099 1.2828028 0.0491033
 7606.90012 1.2729121 0.0487428
 7614.51467 1.2739317 0.0484073
 7622.12910 1.2675889 0.0480967
 7629.74366 1.2630552 0.0478079
 7637.37272 1.2617358 0.0475212
 7645.01711 1.2503130 0.0472616
 7652.66149 1.2379214 0.0470241
 7660.32051 1.2343704 0.0471721
 7667.97941 1.2230606 0.0472349
 7675.63842 1.2262948 0.0468836
 7683.32795 1.2262409 0.0466046
 7691.00148 1.2380131 0.0462907
 7698.69113 1.2256132 0.0461490
 7706.39461 1.2117403 0.0460129
 7714.09877 1.2108853 0.0455334
 7721.81745 1.2044715 0.0452608
 7729.53624 1.2009189 0.0450571
 7737.27024 1.1811353 0.0448540
 7745.00355 1.1754599 0.0446365
 7752.75297 1.1536177 0.0446042
 7760.50160 1.1596184 0.0445889
 7768.26474 1.1554466 0.0445413
 7776.02880 1.1590754 0.0444302
 7783.80725 1.1607741 0.0441262
 7791.60114 1.1521589 0.0437894
 7799.37960 1.1467375 0.0435990
 7807.18801 1.1401345 0.0435112
 7814.99641 1.1362014 0.0433634
 7822.80481 1.1382375 0.0432818
 7830.62785 1.1468135 0.0432550
 7838.46620 1.1487172 0.0431692
 7846.30444 1.1481369 0.0430853
 7854.14279 1.1479052 0.0429723
 7861.99634 1.1459212 0.0428430
 7869.86452 1.1457648 0.0427678
 7877.73271 1.1469105 0.0426617
 7885.61552 1.1411794 0.0425121
 7893.49902 1.1319358 0.0424137
 7901.39635 1.1254169 0.0422918
 7909.29448 1.1430733 0.0421844
 7917.20781 1.1445456 0.0421507
 7925.12046 1.1392221 0.0420110
 7933.04842 1.1465750 0.0418110
 7940.97650 1.1488240 0.0415362
 7948.91898 1.1319884 0.0413849
 7956.87689 1.1293103 0.0412666
 7964.83468 1.1220348 0.0410254
 7972.79259 1.1260704 0.0408928
 7980.76501 1.1184962 0.0407681
 7988.75275 1.1237696 0.0407968
 7996.74050 1.1173624 0.0408247
 8004.74287 1.1134056 0.0408243
 8012.73061 1.1243721 0.0405872
 8020.74818 1.1316462 0.0402430
 8028.78050 1.1364582 0.0399488
 8036.79807 1.1393319 0.0396636
 8044.84491 1.1506153 0.0394879
 8052.87780 1.1479166 0.0392620
 8060.93995 1.1497149 0.0391546
 8069.00210 1.1491349 0.0389744
 8077.06414 1.1398523 0.0388356
 8085.14160 1.1320232 0.0386604
 8093.23358 1.1315657 0.0388127
 8101.32557 1.1389292 0.0387308
 8109.43287 1.1306484 0.0386702
 8117.53948 1.1231890 0.0385975
 8125.66210 1.1134351 0.0384297
 8133.78391 1.1067632 0.0382869
 8141.92047 1.1011441 0.0382008
 8150.05760 1.0898981 0.0379909
 8158.20936 1.0884457 0.0379047
 8166.36112 1.0906630 0.0378082
 8174.52820 1.0919617 0.0375026
 8182.70991 1.0838797 0.0372929
 8190.89162 1.0740236 0.0370689
 8199.08784 1.0714611 0.0369588
 8207.28475 1.0712484 0.0368856
 8215.49641 1.0723208 0.0368307
 8223.70795 1.0646605 0.0366990
 8231.93401 1.0650449 0.0366757
 8240.16086 1.0683666 0.0366870
 8248.40235 1.0583643 0.0367131
 8256.64384 1.0573587 0.0367017
 8264.89984 1.0541466 0.0366761
 8273.17116 1.0486807 0.0366190
 8281.44248 1.0421262 0.0366279
 8289.72843 1.0339404 0.0366232
 8298.01507 1.0261427 0.0363871
 8306.31622 1.0328329 0.0361056
 8314.63211 1.0297945 0.0360908
 8322.93327 1.0247031 0.0359839
 8331.26436 1.0115041 0.0358897
 8339.59478 1.0048074 0.0358992
 8347.94119 0.9970530 0.0359344
 8356.28692 0.9897680 0.0359322
 8364.63265 0.9832772 0.0359411
 8373.00890 0.9784357 0.0358842
 8381.38446 0.9683305 0.0356020
 8389.76002 0.9543632 0.0354161
 8398.15101 0.9638903 0.0352162
 8406.54189 0.9592714 0.0350559
 8414.94728 0.9437775 0.0349751
 8423.36810 0.9295585 0.0348405
 8431.78813 0.9205539 0.0348221
 8440.22427 0.9216541 0.0348240
 8448.67424 0.9256415 0.0345454
 8457.11026 0.9370724 0.0342786
 8465.57555 0.9417390 0.0340787
 8474.04072 0.9368150 0.0338715
 8482.50601 0.9388798 0.0336549
 8491.00113 0.9307836 0.0334389
 8499.48173 0.9351094 0.0333528
 8507.99148 0.9365830 0.0332421
 8516.50192 0.9382752 0.0331831
 8525.01235 0.9425743 0.0330225
 8533.53742 0.9375120 0.0328755
 8542.07700 0.9420289 0.0326770
 8550.61726 0.9483420 0.0325248
 8559.17228 0.9571131 0.0323477
 8567.72717 0.9479130 0.0322601
 8576.29659 0.9497969 0.0320653
 8584.86692 0.9572126 0.0319559
 8593.45165 0.9577639 0.0318460
 8602.05101 0.9570845 0.0316774
 8610.65117 0.9615886 0.0315747
 8619.26584 0.9575123 0.0314202
 8627.88052 0.9614522 0.0314425
 8636.50983 0.9589050 0.0314327
 8645.13982 0.9587962 0.0312948
 8653.79908 0.9671063 0.0311800
 8662.44358 0.9766079 0.0309480
 8671.11804 0.9765221 0.0307283
 8679.77729 0.9654436 0.0304891
 8688.46707 0.9661585 0.0303295
 8697.15604 0.9672636 0.0301728
 8705.84512 0.9616331 0.0300543
 8714.54953 0.9509636 0.0298941
 8723.26913 0.9448384 0.0297676
 8731.98816 0.9417408 0.0297311
 8740.72240 0.9326740 0.0296255
 8749.47126 0.9318072 0.0298195
 8758.22001 0.9294804 0.0298942
 8766.96888 0.9292675 0.0299290
 8775.74837 0.9257830 0.0298108
 8784.51176 0.9271582 0.0297173
 8793.30577 0.9242293 0.0295401
 8802.09978 0.9217849 0.0293900
 8810.89380 0.9219153 0.0290646
 8819.71707 0.9162228 0.0287777
 8828.52640 0.9206519 0.0285612
 8837.36488 0.9210198 0.0283850
 8846.20335 0.9234709 0.0282364
 8855.04194 0.9208717 0.0281586
 8863.89573 0.9153122 0.0281127
 8872.76404 0.9112096 0.0280824
 8881.63247 0.9092004 0.0280561
 8890.51540 0.9055778 0.0280028
 8899.41446 0.9033043 0.0279757
 8908.31271 0.8993599 0.0279391
 8917.21097 0.8924430 0.0279123
 8926.13917 0.8890231 0.0278732
 8935.06737 0.8800524 0.0277817
 8943.99557 0.8743285 0.0277400
 8952.93829 0.8673508 0.0277064
 8961.89633 0.8594294 0.0276647
 8970.85436 0.8547919 0.0276286
 8979.82782 0.8497691 0.0275834
 8988.81569 0.8428613 0.0275370
 8997.80367 0.8284866 0.0274685
 9006.80617 0.8222629 0.0274435
 9015.80946 0.8194660 0.0274260
 9024.82728 0.8130651 0.0273823
 9033.84440 0.8038731 0.0273396
 9042.87753 0.8026465 0.0272034
 9051.92529 0.7893347 0.0269948
 9060.97305 0.7779794 0.0268187
 9070.03533 0.7716048 0.0266530
 9079.11292 0.7732881 0.0265286
 9088.19051 0.7716355 0.0264403
 9097.28273 0.7667023 0.0264762
 9106.37495 0.7643822 0.0264410
 9115.48249 0.7722358 0.0262462
 9124.58992 0.7773942 0.0260193
 9133.72740 0.7828679 0.0257395
 9142.86397 0.7829925 0.0255688
 9152.00146 0.7813102 0.0254182
 9161.15334 0.7869607 0.0251285
 9170.32066 0.7926352 0.0249129
 9179.48798 0.7978420 0.0247344
 9188.66981 0.8019765 0.0245463
 9197.85164 0.8031948 0.0244282
 9207.04891 0.8054007 0.0242377
 9216.26057 0.8069198 0.0240502
 9225.47235 0.8108677 0.0238840
 9234.69945 0.8128525 0.0236614
 9243.94106 0.8142043 0.0235121
 9253.18267 0.8184071 0.0233933
 9262.43972 0.8183392 0.0233255
 9271.69596 0.8153184 0.0231911
 9280.96740 0.8193430 0.0230542
 9290.25428 0.8241656 0.0230069
 9299.54115 0.8155585 0.0229385
 9308.84255 0.8114663 0.0228729
 9318.15857 0.8037289 0.0228719
 9327.45996 0.8039258 0.0228996
 9336.79130 0.8024640 0.0229207
 9346.13795 0.8010976 0.0228543
 9355.48380 0.7972087 0.0227977
 9364.84497 0.7958311 0.0227771
 9374.20614 0.7923748 0.0227873
 9383.58194 0.7857946 0.0228183
 9392.95854 0.7803901 0.0228662
 9402.34955 0.7792019 0.0229606
 9411.75529 0.7739463 0.0230978
 9421.17624 0.7698339 0.0232781
 9430.59719 0.7693219 0.0234774
 9440.01814 0.7605638 0.0233865
 9449.46904 0.7593612 0.0234543
 9458.91993 0.7567690 0.0235626
 9468.37003 0.7645414 0.0235628
 9477.83624 0.7672775 0.0236180
 9487.31697 0.7698612 0.0235920
 9496.81232 0.7719703 0.0233802
 9506.30768 0.7690043 0.0233197
 9515.80304 0.7658395 0.0233230
 9525.32903 0.7598484 0.0232377
 9534.85422 0.7613097 0.0232241
 9544.39473 0.7578024 0.0233663
 9553.93455 0.7581769 0.0235242
 9563.48969 0.7559518 0.0236634
 9573.06014 0.7466654 0.0237214
 9582.61528 0.7388151 0.0238299
 9592.20093 0.7333345 0.0239068
 9601.80053 0.7296850 0.0239136
 9611.40082 0.7292978 0.0238430
 9621.01573 0.7300909 0.0237652
 9630.63065 0.7304687 0.0236573
 9640.27540 0.7231347 0.0235670
 9649.90563 0.7241436 0.0235079
 9659.55038 0.7195752 0.0234593
 9669.22507 0.7139515 0.0234684
 9678.88445 0.7146441 0.0234675
 9688.55915 0.7087495 0.0235504
 9698.24916 0.7038241 0.0236465
 9707.95369 0.7044533 0.0236989
 9717.65821 0.7016935 0.0237137
 9727.37737 0.6988883 0.0236919
 9737.11184 0.6985981 0.0237953
 9746.84632 0.6963774 0.0238799
 9756.59611 0.6875056 0.0239180
 9766.34510 0.6808528 0.0239134
 9776.10940 0.6826695 0.0239686
 9785.88914 0.6853170 0.0239843
 9795.68259 0.6837511 0.0241225
 9805.47685 0.6905397 0.0241753
 9815.28641 0.6939258 0.0242761
 9825.09518 0.7011117 0.0243815
 9834.91927 0.7040430 0.0244897
 9844.75798 0.7137864 0.0245056
 9854.61202 0.7195747 0.0245401
 9864.46605 0.7191125 0.0244868
 9874.32008 0.7245963 0.0245666
 9884.20326 0.7295021 0.0246398
 9894.08712 0.7306250 0.0246967
 9903.98561 0.7319731 0.0246288
 9913.88479 0.7368660 0.0245656
 9923.79792 0.7331946 0.0244992
 9933.72693 0.7337378 0.0244111
 9943.65537 0.7314965 0.0244506
 9953.59833 0.7296318 0.0244886
 9963.55729 0.7322845 0.0243800
 9973.51556 0.7276198 0.0243076
 9983.48835 0.7237406 0.0241922
 9993.47657 0.7219632 0.0240382
 10003.46536 0.7161801 0.0239962
 10013.46810 0.7159145 0.0239737
 10023.48615 0.7104706 0.0239101
 10033.50420 0.7062184 0.0237787
 10043.55220 0.7032947 0.0237741
 10053.58546 0.6991860 0.0236962
 10063.64797 0.6902727 0.0236035
 10073.71129 0.6842681 0.0235420
 10083.78900 0.6814795 0.0235205
 10093.86683 0.6792942 0.0234433
 10103.95929 0.6717649 0.0232752
 10114.06696 0.6681597 0.0232022
 10124.17474 0.6662766 0.0231729
 10134.31223 0.6620141 0.0231600
 10144.43532 0.6601528 0.0231262
 10154.58745 0.6524404 0.0231296
 10164.74038 0.6418619 0.0232021
 10174.90713 0.6378267 0.0232304
 10185.08989 0.6370609 0.0231373
 10195.27196 0.6351450 0.0230278
 10205.46935 0.6314498 0.0228212
 10215.66674 0.6331065 0.0226348
 10225.87865 0.6326067 0.0226174
 10236.10598 0.6280922 0.0225877
 10246.34783 0.6265339 0.0225268
 10256.59037 0.6227254 0.0224859
 10266.84685 0.6183850 0.0223727
 10277.11922 0.6130355 0.0222861
 10287.39102 0.6031836 0.0222507
 10297.69265 0.5966867 0.0222767
 10307.97965 0.5906360 0.0222253
 10318.29591 0.5810528 0.0222597
 10328.61274 0.5767112 0.0223846
 10338.92969 0.5789630 0.0223843
 10349.27578 0.5789230 0.0221171
 10359.62268 0.5758519 0.0219222
 10369.98409 0.5815362 0.0217586
 10380.36070 0.5828756 0.0215360
 10390.73674 0.5791434 0.0213269
 10401.12798 0.5790463 0.0212075
 10411.53465 0.5745022 0.0211551
 10421.94121 0.5748730 0.0210835
 10432.36240 0.5729430 0.0209549
 10442.79822 0.5710794 0.0208554
 10453.24924 0.5649478 0.0206460
 10463.70026 0.5623351 0.0204405
 10474.15139 0.5629146 0.0203043
 10484.63236 0.5605055 0.0203063
 10495.12784 0.5644044 0.0203328
 10505.60881 0.5657997 0.0202784
 10516.11972 0.5639902 0.0202996
 10526.64584 0.5597685 0.0202109
 10537.15664 0.5641155 0.0201416
 10547.69738 0.5650138 0.0201286
 10558.25276 0.5663292 0.0200282
 10568.80802 0.5744094 0.0196772
 10579.37871 0.5805023 0.0194978
 10589.96392 0.5829974 0.0194101
 10600.54982 0.5805430 0.0192903
 10611.15034 0.5907191 0.0190955
 10621.76550 0.5907826 0.0190896
 10632.38054 0.5958775 0.0190519
 10643.01090 0.6014787 0.0190436
 10653.65588 0.6073463 0.0189779
 10664.31619 0.6121436 0.0189847
 10674.97649 0.6086988 0.0190634
 10685.65143 0.6106720 0.0191508
 10696.34088 0.6067671 0.0191604
 10707.03101 0.6043605 0.0192026
 10717.75109 0.6042688 0.0192214
 10728.47049 0.6066560 0.0193148
 10739.19057 0.6064178 0.0193863
 10749.92517 0.6104100 0.0194971
 10760.68972 0.6145155 0.0196158
 10771.43963 0.6120811 0.0196846
 10782.21881 0.6099381 0.0197347
 10792.99867 0.6085243 0.0198119
 10803.79305 0.6115419 0.0199361
 10814.60286 0.6142150 0.0200208
 10825.41186 0.6161202 0.0201552
 10836.23619 0.6176638 0.0203672
 10847.07583 0.6156787 0.0204604
 10857.92930 0.6159925 0.0205752
 10868.78346 0.6158485 0.0206709
 10879.65304 0.6164010 0.0207130
 10890.53715 0.6144604 0.0208002
 10901.42125 0.6118006 0.0208474
 10912.31987 0.6108789 0.0207183
 10923.23392 0.6075656 0.0204988
 10934.16249 0.6024261 0.0203629
 10945.09174 0.6048117 0.0202424
 10956.03562 0.6013677 0.0201286
 10966.99413 0.5970311 0.0199563
 10977.96785 0.5944065 0.0198252
 10988.94087 0.5854264 0.0197325
 10999.93002 0.5827875 0.0196612
 11010.93368 0.5824379 0.0196784
 11021.95186 0.5801450 0.0196562
 11032.97015 0.5746462 0.0196116
 11044.00364 0.5672332 0.0194700
 11055.03645 0.5627525 0.0193325
 11066.09989 0.5570072 0.0192420
 11077.16333 0.5444472 0.0190623
 11088.24140 0.5441555 0.0189540
 11099.33467 0.5403628 0.0189138
 11110.42726 0.5368429 0.0187546
 11121.53516 0.5330036 0.0186297
 11132.65838 0.5266871 0.0184599
 11143.79623 0.5270654 0.0183843
 11154.94928 0.5260097 0.0182225
 11166.10165 0.5202810 0.0182262
 11177.26933 0.5203319 0.0180971
 11188.43712 0.5165985 0.0180400
 11199.63464 0.5127983 0.0178925
 11210.83226 0.5067791 0.0178877
 11222.04509 0.5017609 0.0178095
 11233.27255 0.4961414 0.0177775
 11244.50002 0.4903662 0.0177899
 11255.74211 0.4876022 0.0178608
 11266.99940 0.4817468 0.0178714
 11278.27132 0.4809443 0.0178018
 11289.54405 0.4793400 0.0178016
 11300.83128 0.4768109 0.0177839
 11312.13304 0.4751024 0.0178873
 11323.45023 0.4738680 0.0179542
 11334.76730 0.4759442 0.0181474
 11346.11432 0.4720060 0.0183566
 11357.46065 0.4716111 0.0184160
 11368.82298 0.4709953 0.0184053
 11380.18463 0.4688289 0.0183455
 11391.56148 0.4699312 0.0182473
 11402.95296 0.4703981 0.0182176
 11414.35976 0.4675851 0.0181694
 11425.78119 0.4658840 0.0181397
 11437.20261 0.4655309 0.0180696
 11448.63924 0.4651299 0.0180905
 11460.09050 0.4636536 0.0180646
 11471.54176 0.4633807 0.0180401
 11483.02297 0.4659066 0.0179971
 11494.50406 0.4591689 0.0180216
 11506.00058 0.4599953 0.0180045
 11517.51162 0.4557470 0.0179964
 11529.02266 0.4539828 0.0179821
 11540.56365 0.4540055 0.0179337
 11552.09000 0.4444395 0.0178818
 11563.64550 0.4467552 0.0177616
 11575.21632 0.4423793 0.0176484
 11586.78714 0.4418099 0.0176017
 11598.37327 0.4481539 0.0175277
 11609.97404 0.4494942 0.0174309
 11621.58932 0.4480940 0.0173617
 11633.20460 0.4489520 0.0172493
 11644.83519 0.4464992 0.0171304
 11656.48111 0.4419450 0.0170587
 11668.14165 0.4383095 0.0170097
 11679.80208 0.4400391 0.0169690
 11691.49177 0.4421099 0.0169779
 11703.18214 0.4402909 0.0170400
 11714.88784 0.4407504 0.0171170
 11726.60736 0.4401837 0.0171096
 11738.32768 0.4395171 0.0170339
 11750.06252 0.4371586 0.0168673
 11761.82799 0.4365952 0.0166737
 11773.57746 0.4398936 0.0164753
 11785.35744 0.4395904 0.0164255
 11797.13754 0.4394906 0.0162695
 11808.94748 0.4412601 0.0160707
 11820.75661 0.4412973 0.0158857
 11832.56666 0.4384272 0.0157749
 11844.40642 0.4390037 0.0156857
 11856.24550 0.4374630 0.0155849
 11868.09990 0.4389147 0.0155476
 11879.96972 0.4355773 0.0154958
 11891.85395 0.4310912 0.0154529
 11903.73830 0.4321184 0.0154509
 11915.65247 0.4324363 0.0154819
 11927.56665 0.4326162 0.0153835
 11939.49614 0.4332300 0.0153766
 11951.44026 0.4354643 0.0153058
 11963.38426 0.4368145 0.0153724
 11975.35833 0.4371063 0.0153873
 11987.33229 0.4336424 0.0154119
 11999.30624 0.4394362 0.0155090
 12011.30934 0.4392826 0.0155863
 12023.32856 0.4404121 0.0156403
 12035.34697 0.4425760 0.0156880
 12047.39602 0.4405793 0.0157600
 12059.42907 0.4435437 0.0159350
 12071.49263 0.4408116 0.0160295
 12083.57163 0.4399331 0.0162556
 12095.64982 0.4407990 0.0163591
 12107.74334 0.4388747 0.0165471
 12119.85148 0.4395789 0.0166573
 12131.97482 0.4385865 0.0168792
 12144.11291 0.4402641 0.0169448
 12156.25088 0.4445798 0.0171943
 12168.40417 0.4463106 0.0174193
 12180.58741 0.4477387 0.0176144
 12192.75522 0.4512187 0.0177210
 12204.95297 0.4545364 0.0179237
 12217.16615 0.4530903 0.0181592
 12229.37842 0.4521999 0.0183167
 12241.60681 0.4509409 0.0184460
 12253.84983 0.4487600 0.0184682
 12266.10736 0.4532873 0.0186472
 12278.37952 0.4499170 0.0188525
 12290.65168 0.4523808 0.0189878
 12302.93985 0.4550602 0.0191701
 12315.24116 0.4485802 0.0192734
 12327.55847 0.4453376 0.0193729
 12339.89178 0.4412447 0.0194328
 12352.22372 0.4408574 0.0194910
 12364.58629 0.4413154 0.0195336
 12376.94738 0.4404310 0.0196333
 12389.32447 0.4396953 0.0196047
 12401.71608 0.4391389 0.0197196
 12414.12391 0.4382846 0.0198135
 12426.53015 0.4351801 0.0198758
 12438.95239 0.4336225 0.0199699
 12451.40389 0.4331919 0.0200150
 12463.84076 0.4357164 0.0200472
 12476.30826 0.4416918 0.0200044
 12488.78890 0.4390406 0.0199514
 12501.28555 0.4338822 0.0199868
 12513.78231 0.4360085 0.0200590
 12526.29348 0.4312469 0.0200558
 12538.81939 0.4323902 0.0200449
 12551.36118 0.4365397 0.0199402
 12563.91761 0.4291389 0.0199020
 12576.47415 0.4266432 0.0199564
 12589.05972 0.4256980 0.0199979
 12601.64529 0.4236782 0.0200456
 12614.24698 0.4237336 0.0200983
 12626.86319 0.4265993 0.0202411
 12639.49402 0.4328910 0.0204436
 12652.13938 0.4323262 0.0206460
 12664.78473 0.4336747 0.0208607
 12677.44620 0.4333680 0.0208255
 12690.12218 0.4289888 0.0208078
 12702.81280 0.4301492 0.0208652
 12715.51793 0.4317935 0.0209071
 12728.23769 0.4333823 0.0210585
 12740.97345 0.4361900 0.0212769
 12753.70921 0.4300081 0.0215920
 12766.45961 0.4280186 0.0216005
 12779.22452 0.4268504 0.0217278
 12792.00406 0.4233880 0.0220219
 12804.79960 0.4213617 0.0222742
 12817.60977 0.4227065 0.0225948
 12830.41994 0.4233508 0.0228173
 12843.25926 0.4234718 0.0231292
 12856.09995 0.4182611 0.0232612
 12868.95390 0.4193497 0.0235211
 12881.82386 0.4226345 0.0237405
 12894.70832 0.4247077 0.0240719
 12907.60879 0.4197089 0.0242896
 12920.50789 0.4213397 0.0247112
 12933.43762 0.4170642 0.0249362
 12946.36735 0.4121745 0.0253865
 12959.31160 0.4106910 0.0255293
 12972.27047 0.4096920 0.0259559
 12985.24535 0.4146997 0.0263838
 12998.23338 0.4120880 0.0268210
 13011.22289 0.4128995 0.0272290
 13024.24291 0.4115925 0.0275054
 13037.27620 0.4053737 0.0280731
 13050.29485 0.4060757 0.0287383
 13063.35866 0.4022831 0.0295150
 13076.42246 0.4029979 0.0301829
 13089.50238 0.3940456 0.0309182
 13102.59533 0.3927393 0.0316223
 13115.68977 0.3955410 0.0325616
 13128.81198 0.3954342 0.0337755
 13141.93557 0.3989538 0.0351291
 13155.07526 0.3902003 0.0365328
 13168.22799 0.3907628 0.0379781
 13181.41136 0.3791794 0.0393608
 13194.58020 0.3736359 0.0412207
 13207.77819 0.3654592 0.0429789
 13220.99070 0.3596071 0.0451497
 13234.21933 0.3579272 0.0472534
 13247.44795 0.3524798 0.0498545
 13260.68961 0.3495071 0.0525212
 13273.94886 0.3469216 0.0561458
 13287.23578 0.3467373 0.0598645
 13300.50807 0.3470328 0.0638304
