   3.5002367e+03   5.8063065e+00
   3.5049948e+03   9.0116934e+00
   3.5097528e+03   7.4160074e+00
   3.5145109e+03   1.0760597e+01
   3.5192690e+03   1.0356961e+01
   3.5240270e+03   9.3066065e+00
   3.5287851e+03   8.7487129e+00
   3.5335432e+03   1.2164775e+01
   3.5383012e+03   1.0549961e+01
   3.5430593e+03   1.0104772e+01
   3.5478173e+03   8.1960553e+00
   3.5525754e+03   7.5019048e+00
   3.5573335e+03   6.9869094e+00
   3.5620915e+03   9.4478419e+00
   3.5668496e+03   6.7372212e+00
   3.5716077e+03   8.6575344e+00
   3.5763657e+03   6.9645475e+00
   3.5811238e+03   9.2820922e+00
   3.5858819e+03   9.9257477e+00
   3.5906399e+03   6.6020922e+00
   3.5953980e+03   7.5984568e+00
   3.6001560e+03   1.0087174e+01
   3.6049141e+03   8.3160001e+00
   3.6096722e+03   7.2518102e+00
   3.6144302e+03   9.1074537e+00
   3.6191883e+03   7.4884433e+00
   3.6239464e+03   8.2658175e+00
   3.6287044e+03   7.9784876e+00
   3.6334625e+03   9.4509948e+00
   3.6382205e+03   8.8569339e+00
   3.6429786e+03   7.6632147e+00
   3.6477367e+03   7.5399137e+00
   3.6524947e+03   8.4160417e+00
   3.6572528e+03   8.7379295e+00
   3.6620109e+03   7.0990539e+00
   3.6667689e+03   7.4957726e+00
   3.6715270e+03   7.8742958e+00
   3.6762851e+03   7.9900684e+00
   3.6810431e+03   8.7247865e+00
   3.6858012e+03   8.6193427e+00
   3.6905592e+03   7.7040932e+00
   3.6953173e+03   8.2172993e+00
   3.7000754e+03   7.6639384e+00
   3.7048334e+03   7.4524579e+00
   3.7095915e+03   8.8663642e+00
   3.7143496e+03   8.8816147e+00
   3.7191076e+03   8.0483232e+00
   3.7238657e+03   7.7366710e+00
   3.7286237e+03   8.0931098e+00
   3.7333818e+03   7.6209970e+00
   3.7381399e+03   7.1912909e+00
   3.7428979e+03   7.6604001e+00
   3.7476560e+03   7.8910036e+00
   3.7524141e+03   7.4321801e+00
   3.7571721e+03   8.0198437e+00
   3.7619302e+03   7.3761073e+00
   3.7666883e+03   7.8190497e+00
   3.7714463e+03   8.2331762e+00
   3.7762044e+03   8.1906950e+00
   3.7809624e+03   7.5147861e+00
   3.7857205e+03   8.2112555e+00
   3.7904786e+03   8.5558927e+00
   3.7952366e+03   7.8168674e+00
   3.7999947e+03   7.7945699e+00
   3.8047528e+03   8.3303709e+00
   3.8095108e+03   7.8357842e+00
   3.8142689e+03   7.8336394e+00
   3.8190269e+03   7.4663541e+00
   3.8237850e+03   7.3454796e+00
   3.8285431e+03   8.4386935e+00
   3.8333011e+03   8.3146611e+00
   3.8380592e+03   7.9029309e+00
   3.8428173e+03   7.4091476e+00
   3.8475753e+03   7.1185583e+00
   3.8523334e+03   7.2638885e+00
   3.8570915e+03   7.3399641e+00
   3.8618495e+03   6.9929041e+00
   3.8666076e+03   6.6324757e+00
   3.8713656e+03   7.1371362e+00
   3.8761237e+03   7.5071187e+00
   3.8808818e+03   7.5431584e+00
   3.8856398e+03   6.9922370e+00
   3.8903979e+03   6.6056515e+00
   3.8951560e+03   6.8802422e+00
   3.8999140e+03   7.0670629e+00
   3.9046721e+03   6.6653842e+00
   3.9094301e+03   6.8962918e+00
   3.9141882e+03   7.2082619e+00
   3.9189463e+03   6.7194942e+00
   3.9237043e+03   6.5827028e+00
   3.9284624e+03   6.5900898e+00
   3.9332205e+03   6.3936909e+00
   3.9379785e+03   6.3392695e+00
   3.9427366e+03   6.4665215e+00
   3.9474947e+03   6.4244437e+00
   3.9522527e+03   6.6434234e+00
   3.9570108e+03   6.5240807e+00
   3.9617688e+03   6.3483359e+00
   3.9665269e+03   6.5655962e+00
   3.9712850e+03   6.9897584e+00
   3.9760430e+03   7.0274573e+00
   3.9808011e+03   6.7106789e+00
   3.9855592e+03   6.8810486e+00
   3.9903172e+03   7.4400227e+00
   3.9950753e+03   7.4319248e+00
   3.9998333e+03   7.7150957e+00
   4.0045914e+03   8.0679542e+00
   4.0093495e+03   7.9575356e+00
   4.0141075e+03   8.1483541e+00
   4.0188656e+03   8.0921961e+00
   4.0236237e+03   7.7003825e+00
   4.0283817e+03   7.5888851e+00
   4.0331398e+03   7.7363393e+00
   4.0378978e+03   7.7533426e+00
   4.0426559e+03   7.9343029e+00
   4.0474140e+03   8.0989879e+00
   4.0521720e+03   8.1749708e+00
   4.0569301e+03   8.1308971e+00
   4.0616882e+03   8.0830959e+00
   4.0664462e+03   8.0135622e+00
   4.0712043e+03   7.6921902e+00
   4.0759624e+03   7.8829909e+00
   4.0807204e+03   8.1716938e+00
   4.0854785e+03   8.0246897e+00
   4.0902365e+03   7.7171747e+00
   4.0949946e+03   7.5818226e+00
   4.0997527e+03   7.4706181e+00
   4.1045107e+03   7.5026868e+00
   4.1092688e+03   7.5628946e+00
   4.1140269e+03   7.4100234e+00
   4.1187849e+03   7.2441333e+00
   4.1235430e+03   7.0031025e+00
   4.1283010e+03   7.3387476e+00
   4.1330591e+03   7.2080877e+00
   4.1378172e+03   7.1164688e+00
   4.1425752e+03   6.9716708e+00
   4.1473333e+03   6.7385880e+00
   4.1520914e+03   6.9177415e+00
   4.1568494e+03   7.0601670e+00
   4.1616075e+03   6.8841119e+00
   4.1663656e+03   7.0896393e+00
   4.1711236e+03   7.1909350e+00
   4.1758817e+03   7.2073417e+00
   4.1806397e+03   6.9961262e+00
   4.1853978e+03   7.0558820e+00
   4.1901559e+03   7.0102475e+00
   4.1949139e+03   6.9232176e+00
   4.1996720e+03   6.8337463e+00
   4.2044301e+03   7.0049398e+00
   4.2091881e+03   7.2925460e+00
   4.2139462e+03   7.2460425e+00
   4.2187042e+03   7.3217073e+00
   4.2234623e+03   6.9493521e+00
   4.2282204e+03   7.0437153e+00
   4.2329784e+03   6.9925109e+00
   4.2377365e+03   7.1152917e+00
   4.2424946e+03   7.2313027e+00
   4.2472526e+03   7.1271791e+00
   4.2520107e+03   7.1908372e+00
   4.2567688e+03   7.0742471e+00
   4.2615268e+03   6.7849673e+00
   4.2662849e+03   6.7979221e+00
   4.2710429e+03   6.6150610e+00
   4.2758010e+03   6.7971074e+00
   4.2805591e+03   7.0403323e+00
   4.2853171e+03   6.7203578e+00
   4.2900752e+03   6.3482034e+00
   4.2948333e+03   6.3803559e+00
   4.2995913e+03   6.5655550e+00
   4.3043494e+03   6.5422835e+00
   4.3091074e+03   6.3465353e+00
   4.3138655e+03   6.2152540e+00
   4.3186236e+03   6.1935419e+00
   4.3233816e+03   6.1456424e+00
   4.3281397e+03   6.1666092e+00
   4.3328978e+03   6.1830628e+00
   4.3376558e+03   6.0444663e+00
   4.3424139e+03   6.2621489e+00
   4.3471720e+03   6.1817251e+00
   4.3519300e+03   5.9119144e+00
   4.3566881e+03   6.2902445e+00
   4.3614461e+03   5.8787764e+00
   4.3662042e+03   5.8101645e+00
   4.3709623e+03   5.9638569e+00
   4.3757203e+03   6.1391849e+00
   4.3804784e+03   5.9531488e+00
   4.3852365e+03   5.7563687e+00
   4.3899945e+03   5.7673006e+00
   4.3947526e+03   5.6187842e+00
   4.3995106e+03   5.4819682e+00
   4.4042687e+03   5.5334631e+00
   4.4090268e+03   5.6362542e+00
   4.4137848e+03   5.4820306e+00
   4.4185429e+03   5.5894706e+00
   4.4233010e+03   5.6467234e+00
   4.4280590e+03   5.5207761e+00
   4.4328171e+03   5.4819479e+00
   4.4375752e+03   5.4371131e+00
   4.4423332e+03   5.4715581e+00
   4.4470913e+03   5.5270921e+00
   4.4518493e+03   5.2957710e+00
   4.4566074e+03   5.1038765e+00
   4.4613655e+03   5.1444039e+00
   4.4661235e+03   5.2785090e+00
   4.4708816e+03   5.1534285e+00
   4.4756397e+03   5.0243622e+00
   4.4803977e+03   5.0058681e+00
   4.4851558e+03   5.0158660e+00
   4.4899138e+03   5.1208020e+00
   4.4946719e+03   5.0342570e+00
   4.4994300e+03   5.0655600e+00
   4.5041880e+03   5.1175639e+00
   4.5089461e+03   5.0854415e+00
   4.5137042e+03   5.0922337e+00
   4.5184622e+03   5.1031067e+00
   4.5232203e+03   4.9468442e+00
   4.5279784e+03   5.1767520e+00
   4.5327364e+03   5.3412668e+00
   4.5374945e+03   5.2147693e+00
   4.5422525e+03   5.2359732e+00
   4.5470106e+03   5.0777206e+00
   4.5517687e+03   5.0361251e+00
   4.5565267e+03   5.2056733e+00
   4.5612848e+03   5.1252747e+00
   4.5660429e+03   5.1011204e+00
   4.5708009e+03   5.1839855e+00
   4.5755590e+03   5.2312551e+00
   4.5803170e+03   5.2147470e+00
   4.5850751e+03   5.2634055e+00
   4.5898332e+03   5.3893762e+00
   4.5945912e+03   5.2748452e+00
   4.5993493e+03   5.2771173e+00
   4.6041074e+03   5.2999046e+00
   4.6088654e+03   5.3537296e+00
   4.6136235e+03   5.5117947e+00
   4.6183816e+03   5.5991053e+00
   4.6231396e+03   5.3678700e+00
   4.6278977e+03   5.2720137e+00
   4.6326557e+03   5.4494220e+00
   4.6374138e+03   5.4889101e+00
   4.6421719e+03   5.2866861e+00
   4.6469299e+03   5.5036058e+00
   4.6516880e+03   5.3704203e+00
   4.6564461e+03   5.5103549e+00
   4.6612041e+03   5.5449609e+00
   4.6659622e+03   5.4131321e+00
   4.6707202e+03   5.4509783e+00
   4.6754783e+03   5.4560547e+00
   4.6802364e+03   5.4400667e+00
   4.6849944e+03   5.4641393e+00
   4.6897525e+03   5.5940073e+00
   4.6945106e+03   5.5076349e+00
   4.6992686e+03   5.5583284e+00
   4.7040267e+03   5.5740736e+00
   4.7087848e+03   5.3776456e+00
   4.7135428e+03   5.3748912e+00
   4.7183009e+03   5.3325692e+00
   4.7230589e+03   5.3513917e+00
   4.7278170e+03   5.4008142e+00
   4.7325751e+03   5.3821493e+00
   4.7373331e+03   5.3259463e+00
   4.7420912e+03   5.4748130e+00
   4.7468493e+03   5.6828284e+00
   4.7516073e+03   5.5624579e+00
   4.7563654e+03   5.4023487e+00
   4.7611234e+03   5.4488520e+00
   4.7658815e+03   5.4217696e+00
   4.7706396e+03   5.4544461e+00
   4.7753976e+03   5.3665483e+00
   4.7801557e+03   5.2599844e+00
   4.7849138e+03   5.1824783e+00
   4.7896718e+03   5.0524681e+00
   4.7944299e+03   5.1415773e+00
   4.7991880e+03   5.2308780e+00
   4.8039460e+03   4.9828637e+00
   4.8087041e+03   4.9892640e+00
   4.8134621e+03   5.0338042e+00
   4.8182202e+03   5.0353917e+00
   4.8229783e+03   4.9523677e+00
   4.8277363e+03   4.8778871e+00
   4.8324944e+03   4.8284791e+00
   4.8372525e+03   4.9362640e+00
   4.8420105e+03   4.8771627e+00
   4.8467686e+03   4.7734097e+00
   4.8515266e+03   4.7151401e+00
   4.8562847e+03   4.7877780e+00
   4.8610428e+03   4.8396606e+00
   4.8658008e+03   4.6793213e+00
   4.8705589e+03   4.7804235e+00
   4.8753170e+03   4.8828889e+00
   4.8800750e+03   4.7250684e+00
   4.8848331e+03   4.6372456e+00
   4.8895912e+03   4.5912805e+00
   4.8943492e+03   4.5795334e+00
   4.8991073e+03   4.6530825e+00
   4.9038653e+03   4.5874898e+00
   4.9086234e+03   4.4984357e+00
   4.9133815e+03   4.4548862e+00
   4.9181395e+03   4.4431019e+00
   4.9228976e+03   4.3975590e+00
   4.9276557e+03   4.3251513e+00
   4.9324137e+03   4.3377414e+00
   4.9371718e+03   4.2879729e+00
   4.9419298e+03   4.2348247e+00
   4.9466879e+03   4.2375094e+00
   4.9514460e+03   4.2782943e+00
   4.9562040e+03   4.3360292e+00
   4.9609621e+03   4.3929362e+00
   4.9657202e+03   4.3380652e+00
   4.9704782e+03   4.2786293e+00
   4.9752363e+03   4.3722108e+00
   4.9799944e+03   4.4549895e+00
   4.9847524e+03   4.4134433e+00
   4.9895105e+03   4.2849333e+00
   4.9942685e+03   4.0024898e+00
   4.9990266e+03   4.0694936e+00
   5.0037847e+03   3.8927535e+00
   5.0085427e+03   3.8986065e+00
   5.0133008e+03   4.1003038e+00
   5.0180589e+03   3.9852744e+00
   5.0228169e+03   3.7957161e+00
   5.0275750e+03   3.7803986e+00
   5.0323330e+03   3.7049489e+00
   5.0370911e+03   3.5683906e+00
   5.0418492e+03   3.6761359e+00
   5.0466072e+03   3.8230637e+00
   5.0513653e+03   3.8109253e+00
   5.0561234e+03   3.8283735e+00
   5.0608814e+03   3.8418882e+00
   5.0656395e+03   3.9212590e+00
   5.0703976e+03   4.0160410e+00
   5.0751556e+03   4.0197012e+00
   5.0799137e+03   4.0664574e+00
   5.0846717e+03   4.1751850e+00
   5.0894298e+03   4.0696290e+00
   5.0941879e+03   4.1072260e+00
   5.0989459e+03   4.0758562e+00
   5.1037040e+03   4.0029465e+00
   5.1084621e+03   4.1015877e+00
   5.1132201e+03   4.2242675e+00
   5.1179782e+03   4.1948931e+00
   5.1227362e+03   4.1080030e+00
   5.1274943e+03   4.0869739e+00
   5.1322524e+03   4.0401492e+00
   5.1370104e+03   4.1461299e+00
   5.1417685e+03   4.1214579e+00
   5.1465266e+03   4.1044691e+00
   5.1512846e+03   4.1913352e+00
   5.1560427e+03   4.2197315e+00
   5.1608008e+03   4.1394140e+00
   5.1655588e+03   4.1294794e+00
   5.1703169e+03   4.1066013e+00
   5.1750749e+03   4.0123523e+00
   5.1798330e+03   3.9663810e+00
   5.1845911e+03   4.0020646e+00
   5.1893491e+03   3.9970564e+00
   5.1941072e+03   4.0427982e+00
   5.1988653e+03   4.0608562e+00
   5.2036233e+03   3.9999722e+00
   5.2083814e+03   4.0778163e+00
   5.2131394e+03   4.1718156e+00
   5.2178975e+03   4.1268480e+00
   5.2226556e+03   4.0949040e+00
   5.2274136e+03   4.1632389e+00
   5.2321717e+03   4.1393943e+00
   5.2369298e+03   4.0705714e+00
   5.2416878e+03   4.0552545e+00
   5.2464459e+03   4.1141237e+00
   5.2512039e+03   4.1480625e+00
   5.2559620e+03   4.2262191e+00
   5.2607201e+03   4.2339394e+00
   5.2654781e+03   4.1785717e+00
   5.2702362e+03   4.1769757e+00
   5.2749943e+03   4.2395457e+00
   5.2797523e+03   4.2400399e+00
   5.2845104e+03   4.1567128e+00
   5.2892685e+03   4.1126381e+00
   5.2940265e+03   4.2173756e+00
   5.2987846e+03   4.3240373e+00
   5.3035426e+03   4.2207872e+00
   5.3083007e+03   4.1360102e+00
   5.3130588e+03   4.1666954e+00
   5.3178168e+03   4.1351576e+00
   5.3225749e+03   4.1790356e+00
   5.3273330e+03   4.1910080e+00
   5.3320910e+03   4.1739098e+00
   5.3368491e+03   4.2053150e+00
   5.3416071e+03   4.1812386e+00
   5.3463652e+03   4.2137018e+00
   5.3511233e+03   4.2660888e+00
   5.3558813e+03   4.2139290e+00
   5.3606394e+03   4.1443747e+00
   5.3653975e+03   4.1122976e+00
   5.3701555e+03   4.1553144e+00
   5.3749136e+03   4.1925507e+00
   5.3796717e+03   4.1581030e+00
   5.3844297e+03   4.0918576e+00
   5.3891878e+03   4.0904926e+00
   5.3939458e+03   4.1942509e+00
   5.3987039e+03   4.1098830e+00
   5.4034620e+03   4.0467118e+00
   5.4082200e+03   3.9899543e+00
   5.4129781e+03   3.9753138e+00
   5.4177362e+03   3.9409242e+00
   5.4224942e+03   3.8886969e+00
   5.4272523e+03   3.8910460e+00
   5.4320103e+03   3.7903595e+00
   5.4367684e+03   3.7215366e+00
   5.4415265e+03   3.6568035e+00
   5.4462845e+03   3.6753272e+00
   5.4510426e+03   3.6001073e+00
   5.4558007e+03   3.5361530e+00
   5.4605587e+03   3.5703047e+00
   5.4653168e+03   3.5023922e+00
   5.4700749e+03   3.4337517e+00
   5.4748329e+03   3.4476082e+00
   5.4795910e+03   3.4913413e+00
   5.4843490e+03   3.5630409e+00
   5.4891071e+03   3.5517140e+00
   5.4938652e+03   3.5299301e+00
   5.4986232e+03   3.5674228e+00
   5.5033813e+03   3.4867672e+00
   5.5081394e+03   3.5212594e+00
   5.5128974e+03   3.5844900e+00
   5.5176555e+03   3.5973084e+00
   5.5224135e+03   3.5820062e+00
   5.5271716e+03   3.5404119e+00
   5.5319297e+03   3.5750207e+00
   5.5366877e+03   3.6094009e+00
   5.5414458e+03   3.5836821e+00
   5.5462039e+03   3.5305841e+00
   5.5509619e+03   3.5994734e+00
   5.5557200e+03   3.6273622e+00
   5.5604781e+03   3.5987053e+00
   5.5652361e+03   3.6144935e+00
   5.5699942e+03   3.6739495e+00
   5.5747522e+03   3.5784230e+00
   5.5795103e+03   3.4680801e+00
   5.5842684e+03   3.4367065e+00
   5.5890264e+03   3.4281396e+00
   5.5937845e+03   3.5572104e+00
   5.5985426e+03   3.5454402e+00
   5.6033006e+03   3.4663467e+00
   5.6080587e+03   3.4051609e+00
   5.6128167e+03   3.4780508e+00
   5.6175748e+03   3.4746435e+00
   5.6223329e+03   3.3883251e+00
   5.6270909e+03   3.3846521e+00
   5.6318490e+03   3.3290320e+00
   5.6366071e+03   3.3097566e+00
   5.6413651e+03   3.2505727e+00
   5.6461232e+03   3.1846729e+00
   5.6508813e+03   3.2295697e+00
   5.6556393e+03   3.2637363e+00
   5.6603974e+03   3.2428619e+00
   5.6651554e+03   3.2139173e+00
   5.6699135e+03   3.1326534e+00
   5.6746716e+03   3.0749575e+00
   5.6794296e+03   3.1221041e+00
   5.6841877e+03   3.1505335e+00
   5.6889458e+03   3.0610676e+00
   5.6937038e+03   3.0241752e+00
   5.6984619e+03   3.1217967e+00
   5.7032199e+03   3.1966480e+00
   5.7079780e+03   3.1371582e+00
   5.7127361e+03   3.1893688e+00
   5.7174941e+03   3.2820453e+00
   5.7222522e+03   3.2968530e+00
   5.7270103e+03   3.2916805e+00
   5.7317683e+03   3.2605312e+00
   5.7365264e+03   3.2935715e+00
   5.7412845e+03   3.2944607e+00
   5.7460425e+03   3.2670561e+00
   5.7508006e+03   3.2620993e+00
   5.7555586e+03   3.3020710e+00
   5.7603167e+03   3.3097900e+00
   5.7650748e+03   3.3091678e+00
   5.7698328e+03   3.2838326e+00
   5.7745909e+03   3.2470064e+00
   5.7793490e+03   3.1875348e+00
   5.7841070e+03   3.1861957e+00
   5.7888651e+03   3.2103338e+00
   5.7936231e+03   3.1946008e+00
   5.7983812e+03   3.1803422e+00
   5.8031393e+03   3.2282282e+00
   5.8078973e+03   3.2596861e+00
   5.8126554e+03   3.1912007e+00
   5.8174135e+03   3.1140163e+00
   5.8221715e+03   3.1384799e+00
   5.8269296e+03   3.1796135e+00
   5.8316877e+03   3.1782502e+00
   5.8364457e+03   3.1406383e+00
   5.8412038e+03   3.1222791e+00
   5.8459618e+03   3.0508844e+00
   5.8507199e+03   3.0470994e+00
   5.8554780e+03   3.0594736e+00
   5.8602360e+03   3.1121344e+00
   5.8649941e+03   3.1995602e+00
   5.8697522e+03   3.1901136e+00
   5.8745102e+03   3.1480631e+00
   5.8792683e+03   3.0797292e+00
   5.8840263e+03   2.9371784e+00
   5.8887844e+03   2.8727474e+00
   5.8935425e+03   2.8731498e+00
   5.8983005e+03   2.8744167e+00
   5.9030586e+03   2.8778456e+00
   5.9078167e+03   2.8688774e+00
   5.9125747e+03   2.8872164e+00
   5.9173328e+03   2.9019131e+00
   5.9220909e+03   2.9440131e+00
   5.9268489e+03   2.9799905e+00
   5.9316070e+03   2.9273634e+00
   5.9363650e+03   2.8862400e+00
   5.9411231e+03   2.8690263e+00
   5.9458812e+03   2.8850382e+00
   5.9506392e+03   2.8944295e+00
   5.9553973e+03   2.9377818e+00
   5.9601554e+03   2.9616992e+00
   5.9649134e+03   2.9911882e+00
   5.9696715e+03   3.0085444e+00
   5.9744295e+03   3.0049053e+00
   5.9791876e+03   3.0150818e+00
   5.9839457e+03   2.9784137e+00
   5.9887037e+03   2.9466153e+00
   5.9934618e+03   2.9919606e+00
   5.9982199e+03   3.0330149e+00
   6.0029779e+03   3.0407305e+00
   6.0077360e+03   2.9637119e+00
   6.0124941e+03   3.0183979e+00
   6.0172521e+03   3.1304018e+00
   6.0220102e+03   3.1415964e+00
   6.0267682e+03   3.1251083e+00
   6.0315263e+03   3.0426354e+00
   6.0362844e+03   2.9715364e+00
   6.0410424e+03   3.0217046e+00
   6.0458005e+03   3.1615584e+00
   6.0505586e+03   3.1690903e+00
   6.0553166e+03   3.1045091e+00
   6.0600747e+03   3.0766447e+00
   6.0648327e+03   3.0675594e+00
   6.0695908e+03   3.0472135e+00
   6.0743489e+03   3.0292975e+00
   6.0791069e+03   3.0942776e+00
   6.0838650e+03   3.1633157e+00
   6.0886231e+03   3.0956639e+00
   6.0933811e+03   3.0548601e+00
   6.0981392e+03   3.1318355e+00
   6.1028973e+03   3.1811902e+00
   6.1076553e+03   3.1429110e+00
   6.1124134e+03   2.9769168e+00
   6.1171714e+03   2.9432218e+00
   6.1219295e+03   2.9933765e+00
   6.1266876e+03   2.9117316e+00
   6.1314456e+03   2.9266754e+00
   6.1362037e+03   2.9030225e+00
   6.1409618e+03   2.9283296e+00
   6.1457198e+03   2.9279099e+00
   6.1504779e+03   2.8672029e+00
   6.1552359e+03   2.8518235e+00
   6.1599940e+03   2.9380627e+00
   6.1647521e+03   2.9238853e+00
   6.1695101e+03   2.8340469e+00
   6.1742682e+03   2.7925443e+00
   6.1790263e+03   2.8179348e+00
   6.1837843e+03   2.8087500e+00
   6.1885424e+03   2.7723311e+00
   6.1933005e+03   2.7829523e+00
   6.1980585e+03   2.8250206e+00
   6.2028166e+03   2.8486310e+00
   6.2075746e+03   2.8249165e+00
   6.2123327e+03   2.8313032e+00
   6.2170908e+03   2.8835608e+00
   6.2218488e+03   2.8262069e+00
   6.2266069e+03   2.7544515e+00
   6.2313650e+03   2.7927002e+00
   6.2361230e+03   2.8301068e+00
   6.2408811e+03   2.7571759e+00
   6.2456391e+03   2.7573194e+00
   6.2503972e+03   2.7428680e+00
   6.2551553e+03   2.7604390e+00
   6.2599133e+03   2.8299906e+00
   6.2646714e+03   2.6919899e+00
   6.2694295e+03   2.5881718e+00
   6.2741875e+03   2.5428811e+00
   6.2789456e+03   2.4300096e+00
   6.2837037e+03   2.4209081e+00
   6.2884617e+03   2.4345803e+00
   6.2932198e+03   2.3767722e+00
   6.2979778e+03   2.3888284e+00
   6.3027359e+03   2.3627006e+00
   6.3074940e+03   2.2683416e+00
   6.3122520e+03   2.2955311e+00
   6.3170101e+03   2.3219748e+00
   6.3217682e+03   2.3722486e+00
   6.3265262e+03   2.3641697e+00
   6.3312843e+03   2.2760842e+00
   6.3360423e+03   2.2761464e+00
   6.3408004e+03   2.2942724e+00
   6.3455585e+03   2.3171665e+00
   6.3503165e+03   2.3140426e+00
   6.3550746e+03   2.2876882e+00
   6.3598327e+03   2.2646381e+00
   6.3645907e+03   2.2614909e+00
   6.3693488e+03   2.2307433e+00
   6.3741069e+03   2.2504238e+00
   6.3788649e+03   2.3131812e+00
   6.3836230e+03   2.3969793e+00
   6.3883810e+03   2.4247545e+00
   6.3931391e+03   2.3723810e+00
   6.3978972e+03   2.3849954e+00
   6.4026552e+03   2.4340835e+00
   6.4074133e+03   2.4843442e+00
   6.4121714e+03   2.5376597e+00
   6.4169294e+03   2.5154220e+00
   6.4216875e+03   2.5405278e+00
   6.4264455e+03   2.5651406e+00
   6.4312036e+03   2.6536159e+00
   6.4359617e+03   2.7325559e+00
   6.4407197e+03   2.6856461e+00
   6.4454778e+03   2.6533680e+00
   6.4502359e+03   2.7116604e+00
   6.4549939e+03   2.7571663e+00
   6.4597520e+03   2.7777269e+00
   6.4645101e+03   2.7386698e+00
   6.4692681e+03   2.6798608e+00
   6.4740262e+03   2.6429303e+00
   6.4787842e+03   2.6289263e+00
   6.4835423e+03   2.6046653e+00
   6.4883004e+03   2.6276714e+00
   6.4930584e+03   2.6718691e+00
   6.4978165e+03   2.6924654e+00
   6.5025746e+03   2.7957374e+00
   6.5073326e+03   2.8363569e+00
   6.5120907e+03   2.7311859e+00
   6.5168487e+03   2.6640259e+00
   6.5216068e+03   2.7151128e+00
   6.5263649e+03   2.7605811e+00
   6.5311229e+03   2.7360116e+00
   6.5358810e+03   2.7125531e+00
   6.5406391e+03   2.6808088e+00
   6.5453971e+03   2.6249086e+00
   6.5501552e+03   2.6381675e+00
   6.5549132e+03   2.6366738e+00
   6.5596713e+03   2.6441804e+00
   6.5644294e+03   2.6827658e+00
   6.5691874e+03   2.6497249e+00
   6.5739455e+03   2.6864733e+00
   6.5787036e+03   2.7514124e+00
   6.5834616e+03   2.7156027e+00
   6.5882197e+03   2.6547804e+00
   6.5929778e+03   2.7020902e+00
   6.5977358e+03   2.7591760e+00
   6.6024939e+03   2.7668320e+00
   6.6072519e+03   2.7225684e+00
   6.6120100e+03   2.6728673e+00
   6.6167681e+03   2.7015782e+00
   6.6215261e+03   2.7447705e+00
   6.6262842e+03   2.7344643e+00
   6.6310423e+03   2.7314051e+00
   6.6358003e+03   2.7173069e+00
   6.6405584e+03   2.6430242e+00
   6.6453164e+03   2.6373989e+00
   6.6500745e+03   2.6357327e+00
   6.6548326e+03   2.6442991e+00
   6.6595906e+03   2.6258156e+00
   6.6643487e+03   2.7025241e+00
   6.6691068e+03   2.7408156e+00
   6.6738648e+03   2.7106572e+00
   6.6786229e+03   2.7328476e+00
   6.6833810e+03   2.7533825e+00
   6.6881390e+03   2.7272190e+00
   6.6928971e+03   2.6890688e+00
   6.6976551e+03   2.7135338e+00
   6.7024132e+03   2.7634724e+00
   6.7071713e+03   2.7175773e+00
   6.7119293e+03   2.7173634e+00
   6.7166874e+03   2.7355411e+00
   6.7214455e+03   2.7582283e+00
   6.7262035e+03   2.7731826e+00
   6.7309616e+03   2.7828458e+00
   6.7357196e+03   2.7744688e+00
   6.7404777e+03   2.7768810e+00
   6.7452358e+03   2.8111301e+00
   6.7499938e+03   2.8192845e+00
   6.7547519e+03   2.8511662e+00
   6.7595100e+03   2.9446749e+00
   6.7642680e+03   2.9995382e+00
   6.7690261e+03   2.8908092e+00
   6.7737842e+03   2.8085046e+00
   6.7785422e+03   2.8158053e+00
   6.7833003e+03   2.7817531e+00
   6.7880583e+03   2.7833525e+00
   6.7928164e+03   2.8016355e+00
   6.7975745e+03   2.7689851e+00
   6.8023325e+03   2.7159593e+00
   6.8070906e+03   2.6897502e+00
   6.8118487e+03   2.7243391e+00
   6.8166067e+03   2.7029197e+00
   6.8213648e+03   2.6768820e+00
   6.8261228e+03   2.6630551e+00
   6.8308809e+03   2.6637861e+00
   6.8356390e+03   2.6730113e+00
   6.8403970e+03   2.6517360e+00
   6.8451551e+03   2.6577695e+00
   6.8499132e+03   2.6981086e+00
   6.8546712e+03   2.6607987e+00
   6.8594293e+03   2.6266287e+00
   6.8641874e+03   2.6729835e+00
   6.8689454e+03   2.7370033e+00
   6.8737035e+03   2.7404712e+00
   6.8784615e+03   2.7577792e+00
   6.8832196e+03   2.8190041e+00
   6.8879777e+03   2.9181465e+00
   6.8927357e+03   2.8978240e+00
   6.8974938e+03   2.7453402e+00
   6.9022519e+03   2.6453976e+00
   6.9070099e+03   2.5975723e+00
   6.9117680e+03   2.5556690e+00
   6.9165260e+03   2.5751923e+00
   6.9212841e+03   2.5088644e+00
   6.9260422e+03   2.3670979e+00
   6.9308002e+03   2.3282786e+00
   6.9355583e+03   2.2746434e+00
   6.9403164e+03   2.2162977e+00
   6.9450744e+03   2.1904970e+00
   6.9498325e+03   2.1930186e+00
   6.9545906e+03   2.2390314e+00
   6.9593486e+03   2.2710713e+00
   6.9641067e+03   2.3120022e+00
   6.9688647e+03   2.3353870e+00
   6.9736228e+03   2.3115411e+00
   6.9783809e+03   2.2866932e+00
   6.9831389e+03   2.2831593e+00
   6.9878970e+03   2.2141019e+00
   6.9926551e+03   2.1229040e+00
   6.9974131e+03   2.1026933e+00
   7.0021712e+03   2.1195275e+00
   7.0069292e+03   2.1265128e+00
   7.0116873e+03   2.0892137e+00
   7.0164454e+03   2.1237771e+00
   7.0212034e+03   2.1551318e+00
   7.0259615e+03   2.1246664e+00
   7.0307196e+03   2.1576358e+00
   7.0354776e+03   2.2249530e+00
   7.0402357e+03   2.1726349e+00
   7.0449938e+03   2.1112639e+00
   7.0497518e+03   2.1642514e+00
   7.0545099e+03   2.1350379e+00
   7.0592679e+03   2.0819902e+00
   7.0640260e+03   2.1555624e+00
   7.0687841e+03   2.1587068e+00
   7.0735421e+03   2.1667372e+00
   7.0783002e+03   2.1681181e+00
   7.0830583e+03   2.1487479e+00
   7.0878163e+03   2.1712593e+00
   7.0925744e+03   2.1573824e+00
   7.0973324e+03   2.1184009e+00
   7.1020905e+03   2.1039377e+00
   7.1068486e+03   2.1522513e+00
   7.1116066e+03   2.2463979e+00
   7.1163647e+03   2.2395888e+00
   7.1211228e+03   2.2008866e+00
   7.1258808e+03   2.2300069e+00
   7.1306389e+03   2.2310460e+00
   7.1353970e+03   2.1986624e+00
   7.1401550e+03   2.1803887e+00
   7.1449131e+03   2.0977348e+00
   7.1496711e+03   2.0726050e+00
   7.1544292e+03   2.1063549e+00
   7.1591873e+03   2.1060095e+00
   7.1639453e+03   2.0361232e+00
   7.1687034e+03   1.9256190e+00
   7.1734615e+03   1.8056451e+00
   7.1782195e+03   1.7560120e+00
   7.1829776e+03   1.7588690e+00
   7.1877356e+03   1.7546922e+00
   7.1924937e+03   1.6755565e+00
   7.1972518e+03   1.5738448e+00
   7.2020098e+03   1.6099552e+00
   7.2067679e+03   1.7445964e+00
   7.2115260e+03   1.8495546e+00
   7.2162840e+03   1.9030436e+00
   7.2210421e+03   1.9417941e+00
   7.2258002e+03   1.9385372e+00
   7.2305582e+03   1.8073996e+00
   7.2353163e+03   1.7086279e+00
   7.2400743e+03   1.7158977e+00
   7.2448324e+03   1.6233601e+00
   7.2495905e+03   1.5396242e+00
   7.2543485e+03   1.6486259e+00
   7.2591066e+03   1.7181058e+00
   7.2638647e+03   1.6735469e+00
   7.2686227e+03   1.6369829e+00
   7.2733808e+03   1.7067052e+00
   7.2781388e+03   1.7061998e+00
   7.2828969e+03   1.6393798e+00
   7.2876550e+03   1.6307382e+00
   7.2924130e+03   1.6077555e+00
   7.2971711e+03   1.6415846e+00
   7.3019292e+03   1.6703016e+00
   7.3066872e+03   1.6633005e+00
   7.3114453e+03   1.6746072e+00
   7.3162034e+03   1.7596480e+00
   7.3209614e+03   1.8220545e+00
   7.3257195e+03   1.8532349e+00
   7.3304775e+03   1.8687016e+00
   7.3352356e+03   1.8573900e+00
   7.3399937e+03   1.8759642e+00
   7.3447517e+03   1.9132958e+00
   7.3495098e+03   1.9472775e+00
   7.3542679e+03   1.9777617e+00
   7.3590259e+03   1.9794229e+00
   7.3637840e+03   2.0006383e+00
   7.3685420e+03   2.0078200e+00
   7.3733001e+03   2.0061088e+00
   7.3780582e+03   2.0379941e+00
   7.3828162e+03   2.0861727e+00
   7.3875743e+03   2.1008011e+00
   7.3923324e+03   2.0347169e+00
   7.3970904e+03   2.0336352e+00
   7.4018485e+03   2.1110264e+00
   7.4066066e+03   2.1109575e+00
   7.4113646e+03   2.1279370e+00
   7.4161227e+03   2.1347287e+00
   7.4208807e+03   2.1186441e+00
   7.4256388e+03   2.1496814e+00
   7.4303969e+03   2.1967899e+00
   7.4351549e+03   2.2430924e+00
   7.4399130e+03   2.2165695e+00
   7.4446711e+03   2.1693525e+00
   7.4494291e+03   2.1165540e+00
   7.4541872e+03   2.1424884e+00
   7.4589452e+03   2.1658287e+00
   7.4637033e+03   2.1467848e+00
   7.4684614e+03   2.1136567e+00
   7.4732194e+03   2.0635100e+00
   7.4779775e+03   2.1046936e+00
   7.4827356e+03   2.0907256e+00
   7.4874936e+03   2.0607854e+00
   7.4922517e+03   2.0653032e+00
   7.4970098e+03   2.0578993e+00
   7.5017678e+03   2.0267050e+00
   7.5065259e+03   2.0146006e+00
   7.5112839e+03   1.9739350e+00
   7.5160420e+03   1.9614594e+00
   7.5208001e+03   1.9956767e+00
   7.5255581e+03   1.9986929e+00
   7.5303162e+03   2.0170590e+00
   7.5350743e+03   2.0281796e+00
   7.5398323e+03   1.9490164e+00
   7.5445904e+03   1.8662087e+00
   7.5493484e+03   1.8777824e+00
   7.5541065e+03   1.9367276e+00
   7.5588646e+03   1.9577243e+00
   7.5636226e+03   1.9166591e+00
   7.5683807e+03   1.9079568e+00
   7.5731388e+03   1.8834706e+00
   7.5778968e+03   1.8561923e+00
   7.5826549e+03   1.8912413e+00
   7.5874130e+03   1.9582418e+00
   7.5921710e+03   2.0256157e+00
   7.5969291e+03   1.9208120e+00
   7.6016871e+03   1.4823006e+00
   7.6064452e+03   1.3293115e+00
   7.6112033e+03   1.7437296e+00
   7.6159613e+03   1.9346427e+00
   7.6207194e+03   1.9532140e+00
   7.6254775e+03   1.8272504e+00
   7.6302355e+03   1.5622167e+00
   7.6349936e+03   1.5990469e+00
   7.6397516e+03   1.7626911e+00
   7.6445097e+03   1.7389003e+00
   7.6492678e+03   1.6757145e+00
   7.6540258e+03   1.6735285e+00
   7.6587839e+03   1.6464347e+00
   7.6635420e+03   1.6048688e+00
   7.6683000e+03   1.5928976e+00
   7.6730581e+03   1.6157491e+00
   7.6778162e+03   1.5966013e+00
   7.6825742e+03   1.5955168e+00
   7.6873323e+03   1.6161750e+00
   7.6920903e+03   1.5747800e+00
   7.6968484e+03   1.5639330e+00
   7.7016065e+03   1.5601207e+00
   7.7063645e+03   1.5035867e+00
   7.7111226e+03   1.4894406e+00
   7.7158807e+03   1.4561391e+00
   7.7206387e+03   1.3754935e+00
   7.7253968e+03   1.3729430e+00
   7.7301548e+03   1.4278840e+00
   7.7349129e+03   1.4486471e+00
   7.7396710e+03   1.4063963e+00
   7.7444290e+03   1.3982905e+00
   7.7491871e+03   1.3423248e+00
   7.7539452e+03   1.3075645e+00
   7.7587032e+03   1.3702090e+00
   7.7634613e+03   1.3932621e+00
   7.7682193e+03   1.3392095e+00
   7.7729774e+03   1.3558823e+00
   7.7777355e+03   1.4326846e+00
   7.7824935e+03   1.4713279e+00
   7.7872516e+03   1.4467366e+00
   7.7920097e+03   1.3892725e+00
   7.7967677e+03   1.3523896e+00
   7.8015258e+03   1.3824519e+00
   7.8062839e+03   1.4839900e+00
   7.8110419e+03   1.5234100e+00
   7.8158000e+03   1.4807446e+00
   7.8205580e+03   1.4385376e+00
   7.8253161e+03   1.4160754e+00
   7.8300742e+03   1.4279828e+00
   7.8348322e+03   1.4307297e+00
   7.8395903e+03   1.4132319e+00
   7.8443484e+03   1.4445665e+00
   7.8491064e+03   1.4909227e+00
   7.8538645e+03   1.4564366e+00
   7.8586225e+03   1.4405879e+00
   7.8633806e+03   1.4791526e+00
   7.8681387e+03   1.4779451e+00
   7.8728967e+03   1.4961525e+00
   7.8776548e+03   1.4355345e+00
   7.8824129e+03   1.4439370e+00
   7.8871709e+03   1.4689273e+00
   7.8919290e+03   1.4859466e+00
   7.8966871e+03   1.4867951e+00
   7.9014451e+03   1.5311563e+00
   7.9062032e+03   1.5340722e+00
   7.9109612e+03   1.5466306e+00
   7.9157193e+03   1.6263274e+00
   7.9204774e+03   1.5617055e+00
   7.9252354e+03   1.4728235e+00
   7.9299935e+03   1.5164663e+00
   7.9347516e+03   1.6112737e+00
   7.9395096e+03   1.6441895e+00
   7.9442677e+03   1.6631677e+00
   7.9490257e+03   1.6757003e+00
   7.9537838e+03   1.6926798e+00
   7.9585419e+03   1.5960283e+00
   7.9632999e+03   1.5449502e+00
   7.9680580e+03   1.6389259e+00
   7.9728161e+03   1.6885773e+00
   7.9775741e+03   1.7282796e+00
   7.9823322e+03   1.7914894e+00
   7.9870903e+03   1.7699878e+00
   7.9918483e+03   1.7736016e+00
   7.9966064e+03   1.7145713e+00
   8.0013644e+03   1.6416782e+00
   8.0061225e+03   1.6975282e+00
   8.0108806e+03   1.7660541e+00
   8.0156386e+03   1.8189810e+00
   8.0203967e+03   1.8076330e+00
   8.0251548e+03   1.7555620e+00
   8.0299128e+03   1.8034932e+00
   8.0346709e+03   1.8228796e+00
   8.0394289e+03   1.7857119e+00
   8.0441870e+03   1.8365358e+00
   8.0489451e+03   1.8946051e+00
   8.0537031e+03   1.8991115e+00
   8.0584612e+03   1.8744303e+00
   8.0632193e+03   1.8761154e+00
   8.0679773e+03   1.8693210e+00
   8.0727354e+03   1.8773843e+00
   8.0774935e+03   1.9047631e+00
   8.0822515e+03   1.8526571e+00
   8.0870096e+03   1.8017602e+00
   8.0917676e+03   1.8281635e+00
   8.0965257e+03   1.8450823e+00
   8.1012838e+03   1.8533883e+00
   8.1060418e+03   1.8254673e+00
   8.1107999e+03   1.7111222e+00
   8.1155580e+03   1.6532240e+00
   8.1203160e+03   1.6802809e+00
   8.1250741e+03   1.6736250e+00
   8.1298321e+03   1.5708099e+00
   8.1345902e+03   1.4286255e+00
   8.1393483e+03   1.3524131e+00
   8.1441063e+03   1.3262281e+00
   8.1488644e+03   1.2867377e+00
   8.1536225e+03   1.2286454e+00
   8.1583805e+03   1.2052084e+00
   8.1631386e+03   1.2396239e+00
   8.1678967e+03   1.2990331e+00
   8.1726547e+03   1.3848622e+00
   8.1774128e+03   1.4245138e+00
   8.1821708e+03   1.3429894e+00
   8.1869289e+03   1.3352246e+00
   8.1916870e+03   1.3566394e+00
   8.1964450e+03   1.4365257e+00
   8.2012031e+03   1.5122495e+00
   8.2059612e+03   1.5245662e+00
   8.2107192e+03   1.5686590e+00
   8.2154773e+03   1.4745990e+00
   8.2202353e+03   1.2649332e+00
   8.2249934e+03   1.1221151e+00
   8.2297515e+03   1.0943664e+00
   8.2345095e+03   1.2583232e+00
   8.2392676e+03   1.4143910e+00
   8.2440257e+03   1.5599472e+00
   8.2487837e+03   1.6436613e+00
   8.2535418e+03   1.4730152e+00
   8.2582999e+03   1.4469063e+00
   8.2630579e+03   1.4026909e+00
   8.2678160e+03   1.3701467e+00
   8.2725740e+03   1.3205224e+00
   8.2773321e+03   1.3082481e+00
   8.2820902e+03   1.2465676e+00
   8.2868482e+03   1.3078558e+00
   8.2916063e+03   1.3379946e+00
   8.2963644e+03   1.3414673e+00
   8.3011224e+03   1.2774636e+00
   8.3058805e+03   1.2544676e+00
   8.3106385e+03   1.3363543e+00
   8.3153966e+03   1.3859229e+00
   8.3201547e+03   1.3795300e+00
   8.3249127e+03   1.3912116e+00
   8.3296708e+03   1.4096613e+00
   8.3344289e+03   1.5060100e+00
   8.3391869e+03   1.3267443e+00
   8.3439450e+03   1.4113350e+00
   8.3487031e+03   1.3679140e+00
   8.3534611e+03   1.3462248e+00
   8.3582192e+03   1.3688222e+00
   8.3629772e+03   1.3750260e+00
   8.3677353e+03   1.4306587e+00
   8.3724934e+03   1.4398316e+00
   8.3772514e+03   1.5216913e+00
   8.3820095e+03   1.5198081e+00
   8.3867676e+03   1.5242964e+00
   8.3915256e+03   1.4951192e+00
   8.3962837e+03   1.5633313e+00
   8.4010417e+03   1.5691680e+00
   8.4057998e+03   1.5124403e+00
   8.4105579e+03   1.4273186e+00
   8.4153159e+03   1.4185203e+00
   8.4200740e+03   1.5030630e+00
   8.4248321e+03   1.4851589e+00
   8.4295901e+03   1.4604833e+00
   8.4343482e+03   1.3937322e+00
   8.4391063e+03   1.3714936e+00
   8.4438643e+03   1.5013607e+00
   8.4486224e+03   1.6318999e+00
   8.4533804e+03   1.5964602e+00
   8.4581385e+03   1.4682132e+00
   8.4628966e+03   1.3601587e+00
   8.4676546e+03   1.3354555e+00
   8.4724127e+03   1.4122492e+00
   8.4771708e+03   1.4416624e+00
   8.4819288e+03   1.3653951e+00
   8.4866869e+03   1.4576751e+00
   8.4914449e+03   1.5513307e+00
   8.4962030e+03   1.3927188e+00
   8.5009611e+03   1.2632209e+00
   8.5057191e+03   1.2570383e+00
   8.5104772e+03   1.2878463e+00
   8.5152353e+03   1.3055049e+00
   8.5199933e+03   1.2974255e+00
   8.5247514e+03   1.3264735e+00
   8.5295095e+03   1.3923723e+00
   8.5342675e+03   1.3933541e+00
   8.5390256e+03   1.4173375e+00
   8.5437836e+03   1.4579187e+00
   8.5485417e+03   1.4445785e+00
   8.5532998e+03   1.4056649e+00
   8.5580578e+03   1.4506777e+00
   8.5628159e+03   1.4939773e+00
   8.5675740e+03   1.4524178e+00
   8.5723320e+03   1.4377499e+00
   8.5770901e+03   1.4846567e+00
   8.5818481e+03   1.4999429e+00
   8.5866062e+03   1.4717952e+00
   8.5913643e+03   1.4401996e+00
   8.5961223e+03   1.4320279e+00
   8.6008804e+03   1.3829990e+00
   8.6056385e+03   1.3718649e+00
   8.6103965e+03   1.4263295e+00
   8.6151546e+03   1.4882525e+00
   8.6199127e+03   1.5165554e+00
   8.6246707e+03   1.4829578e+00
   8.6294288e+03   1.4073740e+00
   8.6341868e+03   1.3901176e+00
   8.6389449e+03   1.4651782e+00
   8.6437030e+03   1.4701066e+00
   8.6484610e+03   1.4272162e+00
   8.6532191e+03   1.4047226e+00
   8.6579772e+03   1.4652784e+00
   8.6627352e+03   1.5381849e+00
   8.6674933e+03   1.5544527e+00
   8.6722513e+03   1.4977430e+00
   8.6770094e+03   1.4324904e+00
   8.6817675e+03   1.5108550e+00
   8.6865255e+03   1.5832600e+00
   8.6912836e+03   1.5251452e+00
   8.6960417e+03   1.5001528e+00
   8.7007997e+03   1.5850954e+00
   8.7055578e+03   1.6091241e+00
   8.7103159e+03   1.5181203e+00
   8.7150739e+03   1.4692640e+00
   8.7198320e+03   1.5262213e+00
   8.7245900e+03   1.5680200e+00
   8.7293481e+03   1.5190475e+00
   8.7341062e+03   1.4678157e+00
   8.7388642e+03   1.5143508e+00
   8.7436223e+03   1.5658034e+00
   8.7483804e+03   1.6041408e+00
   8.7531384e+03   1.6419213e+00
   8.7578965e+03   1.6977502e+00
   8.7626545e+03   1.7038417e+00
   8.7674126e+03   1.6441268e+00
   8.7721707e+03   1.5525201e+00
   8.7769287e+03   1.4777322e+00
   8.7816868e+03   1.5145130e+00
   8.7864449e+03   1.5770217e+00
   8.7912029e+03   1.5495229e+00
   8.7959610e+03   1.5633822e+00
   8.8007191e+03   1.6424104e+00
   8.8054771e+03   1.7148326e+00
   8.8102352e+03   1.6717624e+00
   8.8149932e+03   1.7019831e+00
   8.8197513e+03   1.7852799e+00
   8.8245094e+03   1.6279754e+00
   8.8292674e+03   1.3582183e+00
   8.8340255e+03   1.3157506e+00
   8.8387836e+03   1.4412964e+00
   8.8435416e+03   1.5811687e+00
   8.8482997e+03   1.6506643e+00
   8.8530577e+03   1.6490521e+00
   8.8578158e+03   1.6701976e+00
   8.8625739e+03   1.7153492e+00
   8.8673319e+03   1.6592660e+00
   8.8720900e+03   1.6157102e+00
   8.8768481e+03   1.7298109e+00
   8.8816061e+03   1.8007681e+00
   8.8863642e+03   1.7331585e+00
   8.8911223e+03   1.6012013e+00
   8.8958803e+03   1.4479194e+00
   8.9006384e+03   1.4919465e+00
   8.9053964e+03   1.5962787e+00
   8.9101545e+03   1.6505679e+00
   8.9149126e+03   1.6208261e+00
   8.9196706e+03   1.4839289e+00
   8.9244287e+03   1.4126766e+00
   8.9291868e+03   1.4862704e+00
   8.9339448e+03   1.5095472e+00
   8.9387029e+03   1.5199007e+00
   8.9434609e+03   1.4762987e+00
   8.9482190e+03   1.3934146e+00
   8.9529771e+03   1.2900079e+00
   8.9577351e+03   1.1929498e+00
   8.9624932e+03   1.1075717e+00
   8.9672513e+03   1.0636161e+00
   8.9720093e+03   1.0899429e+00
   8.9767674e+03   1.0848803e+00
   8.9815255e+03   9.8053269e-01
   8.9862835e+03   9.1588090e-01
   8.9910416e+03   8.9094810e-01
   8.9957996e+03   8.7958799e-01
   9.0005577e+03   9.7093122e-01
   9.0053158e+03   9.5502395e-01
   9.0100738e+03   1.0643625e+00
   9.0148319e+03   1.1478798e+00
   9.0195900e+03   1.0868868e+00
   9.0243480e+03   1.0717265e+00
   9.0291061e+03   1.1537148e+00
   9.0338641e+03   1.2192814e+00
   9.0386222e+03   1.2143013e+00
   9.0433803e+03   1.3003555e+00
   9.0481383e+03   1.2588594e+00
   9.0528964e+03   1.1801515e+00
   9.0576545e+03   1.1587757e+00
   9.0624125e+03   1.1384827e+00
   9.0671706e+03   1.1008716e+00
   9.0719286e+03   1.0496180e+00
   9.0766867e+03   9.7125431e-01
   9.0814448e+03   9.4434964e-01
   9.0862028e+03   9.8277263e-01
   9.0909609e+03   9.2392265e-01
   9.0957190e+03   9.1630206e-01
   9.1004770e+03   9.0667330e-01
   9.1052351e+03   9.3419698e-01
   9.1099932e+03   9.8241554e-01
   9.1147512e+03   1.0802403e+00
   9.1195093e+03   1.0926169e+00
   9.1242673e+03   9.6261021e-01
   9.1290254e+03   8.4198552e-01
   9.1337835e+03   8.1918687e-01
   9.1385415e+03   9.1244118e-01
   9.1432996e+03   1.0461094e+00
   9.1480577e+03   9.9815224e-01
   9.1528157e+03   7.8333667e-01
   9.1575738e+03   7.8709190e-01
   9.1623318e+03   9.1085556e-01
   9.1670899e+03   8.9826975e-01
   9.1718480e+03   7.8375738e-01
   9.1766060e+03   7.6978940e-01
   9.1813641e+03   8.8839211e-01
   9.1861222e+03   9.5532480e-01
   9.1908802e+03   9.1571351e-01
   9.1956383e+03   9.2777327e-01
   9.2003964e+03   1.0379061e+00
   9.2051544e+03   1.1381871e+00
   9.2099125e+03   1.0309158e+00
   9.2146705e+03   8.9700832e-01
   9.2194286e+03   9.7963261e-01
   9.2241867e+03   1.0869281e+00
   9.2289447e+03   1.0236230e+00
   9.2337028e+03   9.1001368e-01
   9.2384609e+03   8.1786267e-01
   9.2432189e+03   8.0138669e-01
   9.2479770e+03   9.0525278e-01
   9.2527350e+03   9.3922475e-01
   9.2574931e+03   9.0973399e-01
   9.2622512e+03   9.7927277e-01
   9.2670092e+03   9.8313906e-01
   9.2717673e+03   9.3416908e-01
   9.2765254e+03   8.7934573e-01
   9.2812834e+03   7.0416309e-01
   9.2860415e+03   5.3927536e-01
   9.2907996e+03   5.7533885e-01
   9.2955576e+03   6.5339638e-01
