# File created by shivutils (I.Shivvers)
# wl(A)   flm(10^-15 erg/s/cm2/AA)    er(optional)
3632.00,0.524433,0.0784868
3634.00,0.749982,0.0785313
3636.00,0.738279,0.0790101
3638.00,0.809284,0.0805976
3640.00,0.659391,0.0801940
3642.00,0.778840,0.0812604
3644.00,0.683867,0.0815661
3646.00,0.868867,0.0825694
3648.00,0.657211,0.0942243
3650.00,0.804150,0.109906
3652.00,0.585383,0.107981
3654.00,0.745177,0.0980246
3656.00,0.562673,0.0921389
3658.00,0.736663,0.0829553
3660.00,0.566681,0.0807587
3662.00,0.653438,0.0881599
3664.00,0.751536,0.0882883
3666.00,0.830463,0.0808982
3668.00,0.732609,0.0731918
3670.00,0.611318,0.0708878
3672.00,0.774142,0.0729117
3674.00,0.737231,0.0712511
3676.00,0.718106,0.0696500
3678.00,0.728814,0.0684038
3680.00,0.622230,0.0668104
3682.00,0.661262,0.0676498
3684.00,0.747782,0.0676696
3686.00,0.722070,0.0664362
3688.00,0.579933,0.0639962
3690.00,0.737189,0.0676101
3692.00,0.673816,0.0683649
3694.00,0.625742,0.0670329
3696.00,0.663102,0.0672824
3698.00,0.642248,0.0686381
3700.00,0.671817,0.0688893
3702.00,0.760208,0.0693593
3704.00,0.688116,0.0668032
3706.00,0.695549,0.0666034
3708.00,0.716874,0.0661714
3710.00,0.628005,0.0662035
3712.00,0.616136,0.0658950
3714.00,0.683668,0.0660138
3716.00,0.799325,0.0662629
3718.00,0.589072,0.0633850
3720.00,0.656125,0.0628013
3722.00,0.620469,0.0612495
3724.00,0.674362,0.0632577
3726.00,0.724365,0.0634910
3728.00,0.672591,0.0645279
3730.00,0.648367,0.0643865
3732.00,0.648446,0.0633243
3734.00,0.656801,0.0613459
3736.00,0.768336,0.0615086
3738.00,0.641441,0.0629688
3740.00,0.624116,0.0642347
3742.00,0.672241,0.0639496
3744.00,0.671007,0.0607860
3746.00,0.728653,0.0606313
3748.00,0.735106,0.0592700
3750.00,0.673351,0.0596520
3752.00,0.754860,0.0618736
3754.00,0.787042,0.0626616
3756.00,0.768316,0.0617328
3758.00,0.624397,0.0598987
3760.00,0.540429,0.0594761
3762.00,0.642319,0.0591242
3764.00,0.632964,0.0581693
3766.00,0.707635,0.0580034
3768.00,0.829788,0.0583264
3770.00,0.690900,0.0585207
3772.00,0.735405,0.0597020
3774.00,0.814813,0.0602067
3776.00,0.638802,0.0589216
3778.00,0.639262,0.0585301
3780.00,0.736244,0.0594851
3782.00,0.695779,0.0586390
3784.00,0.636991,0.0580500
3786.00,0.591930,0.0564466
3788.00,0.685753,0.0564364
3790.00,0.663931,0.0570608
3792.00,0.741965,0.0574804
3794.00,0.725176,0.0566197
3796.00,0.745054,0.0555271
3798.00,0.804743,0.0545993
3800.00,0.682909,0.0549328
3802.00,0.659589,0.0556496
3804.00,0.886489,0.0570815
3806.00,0.683515,0.0545285
3808.00,0.637204,0.0537959
3810.00,0.729327,0.0550138
3812.00,0.709584,0.0550028
3814.00,0.782139,0.0539199
3816.00,0.646311,0.0522444
3818.00,0.730118,0.0528565
3820.00,0.720005,0.0521889
3822.00,0.736719,0.0525516
3824.00,0.673883,0.0514951
3826.00,0.716332,0.0515948
3828.00,0.590213,0.0524150
3830.00,0.707721,0.0540935
3832.00,0.720269,0.0539450
3834.00,0.691782,0.0517701
3836.00,0.687812,0.0507386
3838.00,0.888698,0.0552100
3840.00,1.34485,0.0614672
3842.00,1.77686,0.0656821
3844.00,1.63649,0.0640093
3846.00,0.822339,0.0537863
3848.00,0.643667,0.0499997
3850.00,0.672406,0.0485800
3852.00,0.719284,0.0499648
3854.00,0.715836,0.0528049
3856.00,0.794086,0.0539193
3858.00,0.770069,0.0519794
3860.00,0.672444,0.0505540
3862.00,0.725918,0.0516357
3864.00,0.610467,0.0504105
3866.00,0.588339,0.0499143
3868.00,0.649945,0.0506603
3870.00,0.743058,0.0512623
3872.00,0.760000,0.0513745
3874.00,0.802343,0.0544844
3876.00,0.862840,0.0548742
3878.00,0.819385,0.0524025
3880.00,0.805786,0.0510489
3882.00,0.685139,0.0491386
3884.00,0.640946,0.0479783
3886.00,0.635458,0.0476196
3888.00,0.495597,0.0471683
3890.00,0.725946,0.0491536
3892.00,0.814029,0.0507826
3894.00,0.770783,0.0522789
3896.00,0.793482,0.0531281
3898.00,0.862777,0.0530155
3900.00,0.904672,0.0530162
3902.00,0.832117,0.0526789
3904.00,0.778005,0.0534420
3906.00,0.794495,0.0567144
3908.00,0.682745,0.0581980
3910.00,0.821334,0.0579656
3912.00,0.653013,0.0562879
3914.00,0.559119,0.0533645
3916.00,0.678289,0.0521954
3918.00,0.774633,0.0511888
3920.00,0.766909,0.0498158
3922.00,0.826684,0.0491866
3924.00,0.805751,0.0494826
3926.00,0.810769,0.0492187
3928.00,0.798825,0.0479005
3930.00,0.806380,0.0467467
3932.00,0.718953,0.0462426
3934.00,0.703817,0.0462904
3936.00,0.767821,0.0455851
3938.00,0.796508,0.0459346
3940.00,0.848913,0.0473994
3942.00,0.786090,0.0483467
3944.00,0.746762,0.0486822
3946.00,0.730944,0.0485468
3948.00,0.766922,0.0472069
3950.00,0.604252,0.0451361
3952.00,0.501225,0.0440872
3954.00,0.677910,0.0437404
3956.00,0.576188,0.0435117
3958.00,0.737508,0.0456316
3960.00,0.795545,0.0477745
3962.00,0.802453,0.0477040
3964.00,0.779302,0.0459250
3966.00,0.868720,0.0444696
3968.00,0.838096,0.0436422
3970.00,0.839336,0.0432983
3972.00,0.814123,0.0449578
3974.00,0.879644,0.0462546
3976.00,0.884313,0.0464885
3978.00,0.870610,0.0463784
3980.00,0.928278,0.0475410
3982.00,0.901134,0.0477722
3984.00,0.926239,0.0468712
3986.00,0.943225,0.0477130
3988.00,0.982508,0.0482134
3990.00,0.895500,0.0478054
3992.00,0.832149,0.0470137
3994.00,0.894149,0.0473967
3996.00,0.923476,0.0488505
3998.00,0.860267,0.0483342
4000.00,0.747515,0.0467184
4002.00,0.854252,0.0457717
4004.00,0.790737,0.0438377
4006.00,0.679036,0.0433909
4008.00,0.775327,0.0454117
4010.00,0.767977,0.0467645
4012.00,0.750510,0.0461379
4014.00,0.786037,0.0465526
4016.00,0.864133,0.0469876
4018.00,0.924977,0.0495218
4020.00,0.924646,0.0536809
4022.00,0.963691,0.0556970
4024.00,0.854518,0.0541218
4026.00,0.867844,0.0520997
4028.00,1.00682,0.0501651
4030.00,1.00193,0.0497238
4032.00,1.03249,0.0493752
4034.00,1.10923,0.0491330
4036.00,0.916918,0.0487044
4038.00,1.00426,0.0486973
4040.00,1.01894,0.0486275
4042.00,0.983374,0.0493852
4044.00,0.852439,0.0615680
4046.00,0.808262,0.0794853
4048.00,0.972794,0.0780655
4050.00,0.965077,0.0568871
4052.00,0.847068,0.0485795
4054.00,0.965413,0.0483373
4056.00,0.932408,0.0478000
4058.00,0.940550,0.0471636
4060.00,0.892361,0.0464839
4062.00,0.993314,0.0463890
4064.00,0.969571,0.0464365
4066.00,0.996135,0.0468668
4068.00,1.04792,0.0471747
4070.00,1.00773,0.0465880
4072.00,0.999934,0.0463371
4074.00,1.04885,0.0461175
4076.00,1.05597,0.0499353
4078.00,0.946092,0.0507188
4080.00,1.04806,0.0508366
4082.00,0.933073,0.0479263
4084.00,0.943542,0.0470581
4086.00,0.899631,0.0455360
4088.00,0.807617,0.0438134
4090.00,0.806842,0.0420612
4092.00,0.904401,0.0418243
4094.00,0.840561,0.0419392
4096.00,0.888691,0.0417874
4098.00,0.932014,0.0423463
4100.00,0.949909,0.0425564
4102.00,1.00936,0.0426795
4104.00,0.972303,0.0424696
4106.00,1.05179,0.0436214
4108.00,1.09470,0.0439498
4110.00,1.09757,0.0442405
4112.00,1.10380,0.0443000
4114.00,1.13969,0.0444963
4116.00,1.11235,0.0442237
4118.00,1.06814,0.0439621
4120.00,1.06879,0.0433166
4122.00,1.06930,0.0435631
4124.00,1.16045,0.0441994
4126.00,1.17671,0.0445347
4128.00,0.965617,0.0432664
4130.00,1.04760,0.0436866
4132.00,1.06674,0.0448062
4134.00,1.11332,0.0452871
4136.00,1.11004,0.0442171
4138.00,1.07295,0.0446224
4140.00,1.17885,0.0456967
4142.00,1.09069,0.0445395
4144.00,1.12192,0.0428134
4146.00,1.07769,0.0425761
4148.00,1.08337,0.0427455
4150.00,1.05492,0.0430700
4152.00,1.12058,0.0445512
4154.00,1.06181,0.0440487
4156.00,0.997423,0.0421747
4158.00,1.03188,0.0426007
4160.00,1.10461,0.0430677
4162.00,1.03829,0.0436970
4164.00,1.01205,0.0454810
4166.00,1.06113,0.0457713
4168.00,1.06667,0.0436587
4170.00,1.03448,0.0423305
4172.00,1.08293,0.0422704
4174.00,0.948048,0.0415974
4176.00,1.07697,0.0419299
4178.00,1.03842,0.0421480
4180.00,1.03394,0.0416823
4182.00,0.947649,0.0406838
4184.00,0.980241,0.0405489
4186.00,0.969360,0.0400876
4188.00,0.980397,0.0403697
4190.00,0.978655,0.0404595
4192.00,1.01126,0.0409492
4194.00,1.05911,0.0403522
4196.00,0.942192,0.0395043
4198.00,0.972704,0.0393865
4200.00,0.954597,0.0394909
4202.00,0.932546,0.0386281
4204.00,0.844844,0.0391708
4206.00,0.934132,0.0399050
4208.00,0.966686,0.0403268
4210.00,0.872755,0.0402802
4212.00,0.928480,0.0404138
4214.00,0.902758,0.0397551
4216.00,0.927410,0.0389736
4218.00,0.945456,0.0389244
4220.00,0.856610,0.0382878
4222.00,0.845796,0.0375855
4224.00,0.753342,0.0364910
4226.00,0.776495,0.0360093
4228.00,0.911550,0.0369364
4230.00,0.761971,0.0372625
4232.00,0.751032,0.0376708
4234.00,0.733702,0.0379432
4236.00,0.845675,0.0386306
4238.00,0.886965,0.0394067
4240.00,0.923443,0.0394503
4242.00,0.851791,0.0384524
4244.00,0.864690,0.0395168
4246.00,0.938313,0.0430953
4248.00,0.984971,0.0433486
4250.00,0.901606,0.0402755
4252.00,0.921608,0.0391288
4254.00,1.00293,0.0390886
4256.00,0.877565,0.0389387
4258.00,0.871222,0.0386202
4260.00,0.973682,0.0385834
4262.00,0.916301,0.0383237
4264.00,0.870270,0.0381256
4266.00,0.896423,0.0391414
4268.00,0.887214,0.0382644
4270.00,0.851326,0.0373938
4272.00,0.881358,0.0375981
4274.00,0.877546,0.0378499
4276.00,0.931948,0.0383915
4278.00,0.964182,0.0392300
4280.00,0.929810,0.0386421
4282.00,0.888145,0.0385229
4284.00,0.900783,0.0386992
4286.00,0.882709,0.0384546
4288.00,0.916232,0.0379971
4290.00,0.951730,0.0381476
4292.00,0.837780,0.0380848
4294.00,0.967578,0.0388898
4296.00,0.914926,0.0384448
4298.00,0.877052,0.0373536
4300.00,0.879828,0.0370709
4302.00,0.823805,0.0364042
4304.00,0.873598,0.0369821
4306.00,0.876340,0.0375937
4308.00,0.795171,0.0373152
4310.00,0.913630,0.0375620
4312.00,0.817755,0.0391608
4314.00,0.902874,0.0408941
4316.00,0.818417,0.0402951
4318.00,0.920065,0.0400709
4320.00,0.872020,0.0408361
4322.00,0.959491,0.0408148
4324.00,0.891778,0.0394910
4326.00,0.820227,0.0389875
4328.00,0.826354,0.0383046
4330.00,0.858429,0.0382319
4332.00,0.849608,0.0383162
4334.00,0.758753,0.0384973
4336.00,0.959536,0.0389933
4338.00,0.905203,0.0391456
4340.00,0.879062,0.0386689
4342.00,0.881020,0.0392236
4344.00,0.822615,0.0395905
4346.00,0.885240,0.0409532
4348.00,0.912978,0.0420189
4350.00,0.926927,0.0410300
4352.00,0.819105,0.0399701
4354.00,0.839906,0.0415544
4356.00,0.856442,0.0611867
4358.00,1.06931,0.0785216
4360.00,1.03999,0.0738973
4362.00,0.901697,0.0540306
4364.00,0.951199,0.0435572
4366.00,0.872900,0.0413851
4368.00,0.832074,0.0408421
4370.00,0.949277,0.0408979
4372.00,1.00937,0.0410963
4374.00,0.927973,0.0416699
4376.00,0.931408,0.0412723
4378.00,0.868083,0.0401400
4380.00,0.902509,0.0397900
4382.00,0.886182,0.0392150
4384.00,0.897705,0.0387336
4386.00,0.822914,0.0385349
4388.00,0.862320,0.0388123
4390.00,0.889280,0.0388043
4392.00,0.956584,0.0392466
4394.00,0.940454,0.0390947
4396.00,0.875564,0.0391539
4398.00,0.874006,0.0395325
4400.00,0.794164,0.0397034
4402.00,0.914451,0.0396810
4404.00,0.811056,0.0391254
4406.00,0.874570,0.0414614
4408.00,0.731079,0.0416022
4410.00,0.866264,0.0423478
4412.00,0.916795,0.0423230
4414.00,0.771981,0.0421966
4416.00,0.884358,0.0428252
4418.00,0.799604,0.0423710
4420.00,0.859037,0.0422705
4422.00,0.902841,0.0419965
4424.00,0.861221,0.0417597
4426.00,0.896189,0.0418907
4428.00,0.903311,0.0418306
4430.00,0.804042,0.0412763
4432.00,0.788041,0.0410352
4434.00,0.814802,0.0409283
4436.00,0.827533,0.0410554
4438.00,0.707938,0.0410183
4440.00,0.829971,0.0409034
4442.00,0.792133,0.0407302
4444.00,0.767131,0.0410709
4446.00,0.817297,0.0408147
4448.00,0.799811,0.0410750
4450.00,0.952726,0.0412640
4452.00,0.823309,0.0408725
4454.00,0.903009,0.0406636
4456.00,0.904478,0.0406575
4458.00,0.781493,0.0399469
4460.00,0.835669,0.0406010
4462.00,0.801746,0.0400886
4464.00,0.730658,0.0399405
4466.00,0.788223,0.0400080
4468.00,0.783688,0.0396528
4470.00,0.747399,0.0389372
4472.00,0.939254,0.0401611
4474.00,0.967291,0.0409032
4476.00,0.814283,0.0396655
4478.00,0.775742,0.0394403
4480.00,0.705261,0.0385287
4482.00,0.743100,0.0386470
4484.00,0.820684,0.0388789
4486.00,0.884866,0.0392322
4488.00,0.822041,0.0391054
4490.00,0.859441,0.0392584
4492.00,0.768824,0.0396049
4494.00,0.877505,0.0397446
4496.00,0.879528,0.0396341
4498.00,0.878787,0.0398607
4500.00,0.945856,0.0397333
4502.00,0.822860,0.0394823
4504.00,0.870983,0.0396276
4506.00,0.841530,0.0390148
4508.00,0.950247,0.0393241
4510.00,0.887913,0.0386206
4512.00,0.885709,0.0388455
4514.00,0.873985,0.0387926
4516.00,0.859858,0.0383006
4518.00,0.743271,0.0375829
4520.00,0.774806,0.0380015
4522.00,0.841241,0.0377450
4524.00,0.801550,0.0377321
4526.00,0.886802,0.0377319
4528.00,0.789625,0.0369778
4530.00,0.848266,0.0377418
4532.00,0.915291,0.0377588
4534.00,0.864695,0.0372962
4536.00,0.949267,0.0374769
4538.00,0.790217,0.0369745
4540.00,0.862677,0.0370563
4542.00,0.724016,0.0369421
4544.00,0.780317,0.0370607
4546.00,0.830108,0.0370203
4548.00,0.825049,0.0366093
4550.00,0.792546,0.0362845
4552.00,0.925550,0.0362378
4554.00,0.787275,0.0359614
4556.00,0.874263,0.0360704
4558.00,0.786885,0.0360476
4560.00,0.882145,0.0363942
4562.00,0.857017,0.0361673
4564.00,0.822302,0.0356988
4566.00,0.856389,0.0353449
4568.00,0.913691,0.0355931
4570.00,0.964873,0.0354822
4572.00,0.831669,0.0353975
4574.00,0.864224,0.0356238
4576.00,0.826285,0.0353328
4578.00,0.863248,0.0350169
4580.00,0.853267,0.0344921
4582.00,0.924120,0.0346788
4584.00,0.856245,0.0344530
4586.00,0.852674,0.0344511
4588.00,0.857541,0.0344403
4590.00,0.826594,0.0343785
4592.00,0.875942,0.0343615
4594.00,0.916064,0.0342614
4596.00,0.875737,0.0340507
4598.00,0.857005,0.0338110
4600.00,0.886476,0.0335292
4602.00,0.874121,0.0336936
4604.00,0.834557,0.0334510
4606.00,0.870887,0.0334057
4608.00,0.863672,0.0339214
4610.00,0.953590,0.0343466
4612.00,0.967440,0.0340294
4614.00,0.873318,0.0334295
4616.00,0.871363,0.0331957
4618.00,0.879076,0.0328140
4620.00,0.896436,0.0329958
4622.00,0.889222,0.0333389
4624.00,0.829100,0.0331975
4626.00,0.951714,0.0331494
4628.00,0.947055,0.0333759
4630.00,0.868724,0.0328883
4632.00,0.857261,0.0329637
4634.00,0.902182,0.0329087
4636.00,0.955966,0.0329915
4638.00,0.874224,0.0327343
4640.00,0.947379,0.0330340
4642.00,0.995810,0.0332068
4644.00,0.947298,0.0330400
4646.00,0.979306,0.0328095
4648.00,0.994152,0.0330514
4650.00,0.993728,0.0330999
4652.00,0.996123,0.0332223
4654.00,0.906631,0.0330194
4656.00,1.00332,0.0336016
4658.00,0.995684,0.0337849
4660.00,1.05467,0.0337750
4662.00,0.998639,0.0340286
4664.00,0.974237,0.0338267
4666.00,0.975744,0.0337851
4668.00,0.922604,0.0341258
4670.00,0.939355,0.0346266
4672.00,0.976150,0.0343399
4674.00,0.996058,0.0342833
4676.00,1.00212,0.0338113
4678.00,0.990672,0.0334574
4680.00,0.938058,0.0331772
4682.00,0.957280,0.0329937
4684.00,0.945422,0.0327819
4686.00,0.945948,0.0325720
4688.00,0.918701,0.0323981
4690.00,0.953416,0.0326292
4692.00,0.909777,0.0321700
4694.00,0.981428,0.0324524
4696.00,0.922525,0.0323269
4698.00,0.972601,0.0322066
4700.00,1.01123,0.0322381
4702.00,0.958378,0.0320077
4704.00,1.08525,0.0324619
4706.00,1.00861,0.0324506
4708.00,1.04794,0.0328601
4710.00,1.01376,0.0329657
4712.00,0.902863,0.0324899
4714.00,0.950524,0.0324709
4716.00,1.00878,0.0324075
4718.00,1.00282,0.0322389
4720.00,1.06499,0.0323353
4722.00,0.986211,0.0321872
4724.00,0.954645,0.0320478
4726.00,0.956165,0.0325631
4728.00,0.973215,0.0334678
4730.00,0.939818,0.0337372
4732.00,0.920230,0.0333338
4734.00,0.923360,0.0337024
4736.00,0.975595,0.0343598
4738.00,0.955589,0.0344281
4740.00,1.03155,0.0353371
4742.00,1.09277,0.0361933
4744.00,1.02003,0.0356468
4746.00,1.03208,0.0341112
4748.00,1.00121,0.0327783
4750.00,1.07942,0.0329200
4752.00,0.992035,0.0330293
4754.00,0.988519,0.0327965
4756.00,1.06216,0.0322424
4758.00,0.979561,0.0315954
4760.00,0.964005,0.0312967
4762.00,1.09158,0.0338766
4764.00,0.980603,0.0311232
4766.00,0.939838,0.0304919
4768.00,0.898427,0.0304770
4770.00,0.927944,0.0304147
4772.00,1.02005,0.0307002
4774.00,0.961748,0.0306929
4776.00,1.00112,0.0310231
4778.00,0.938251,0.0310341
4780.00,0.954508,0.0314672
4782.00,0.939321,0.0307814
4784.00,0.953622,0.0305551
4786.00,0.954231,0.0303473
4788.00,0.885572,0.0299942
4790.00,0.975005,0.0307124
4792.00,0.950669,0.0303107
4794.00,0.969090,0.0303598
4796.00,0.908054,0.0300638
4798.00,0.959671,0.0299862
4800.00,0.939893,0.0301252
4802.00,0.994215,0.0303774
4804.00,0.941628,0.0300041
4806.00,0.922913,0.0300652
4808.00,0.964581,0.0297705
4810.00,0.890826,0.0297589
4812.00,0.932137,0.0297043
4814.00,0.915227,0.0298418
4816.00,0.860020,0.0299427
4818.00,0.892254,0.0300630
4820.00,0.903206,0.0301380
4822.00,0.863074,0.0299615
4824.00,0.857502,0.0302728
4826.00,0.952575,0.0304592
4828.00,0.944107,0.0306221
4830.00,0.902796,0.0300877
4832.00,0.947398,0.0304969
4834.00,0.903741,0.0301982
4836.00,0.945849,0.0301891
4838.00,0.880052,0.0306392
4840.00,0.903105,0.0307265
4842.00,0.895860,0.0302374
4844.00,0.892420,0.0300930
4846.00,0.857711,0.0300076
4848.00,0.934281,0.0302125
4850.00,0.900566,0.0301394
4852.00,0.872273,0.0300145
4854.00,0.859666,0.0294841
4856.00,0.844243,0.0293276
4858.00,0.869533,0.0291429
4860.00,0.788186,0.0289459
4862.00,0.829897,0.0292608
4864.00,0.897876,0.0294298
4866.00,0.920233,0.0297216
4868.00,0.904348,0.0297014
4870.00,0.889520,0.0295908
4872.00,0.823007,0.0293769
4874.00,0.825332,0.0292909
4876.00,0.872127,0.0295757
4878.00,0.867838,0.0295860
4880.00,0.908060,0.0298610
4882.00,0.851404,0.0296924
4884.00,0.802585,0.0292559
4886.00,0.805794,0.0289944
4888.00,0.799873,0.0289259
4890.00,0.865937,0.0292333
4892.00,0.869192,0.0291007
4894.00,0.775790,0.0290749
4896.00,0.856397,0.0292495
4898.00,0.810653,0.0288689
4900.00,0.822819,0.0288913
4902.00,0.844549,0.0289677
4904.00,0.816947,0.0287408
4906.00,0.869422,0.0291752
4908.00,0.769992,0.0287304
4910.00,0.774340,0.0284759
4912.00,0.799728,0.0286686
4914.00,0.767377,0.0289018
4916.00,0.857926,0.0291334
4918.00,0.842453,0.0288454
4920.00,0.823919,0.0287434
4922.00,0.823655,0.0287636
4924.00,0.813042,0.0285963
4926.00,0.857793,0.0286730
4928.00,0.885113,0.0286033
4930.00,0.779654,0.0282768
4932.00,0.817437,0.0281750
4934.00,0.830466,0.0284881
4936.00,0.832422,0.0285825
4938.00,0.897161,0.0286764
4940.00,0.791501,0.0286799
4942.00,0.792146,0.0287616
4944.00,0.811308,0.0285235
4946.00,0.856018,0.0282157
4948.00,0.772745,0.0283292
4950.00,0.876710,0.0286737
4952.00,0.826831,0.0288024
4954.00,0.812453,0.0288621
4956.00,0.807165,0.0286733
4958.00,0.804846,0.0285115
4960.00,0.816689,0.0286708
4962.00,0.821782,0.0287512
4964.00,0.837872,0.0288785
4966.00,0.829233,0.0288773
4968.00,0.861387,0.0292063
4970.00,0.823621,0.0293688
4972.00,0.792906,0.0297265
4974.00,0.802666,0.0302247
4976.00,0.856600,0.0310057
4978.00,0.830143,0.0317242
4980.00,0.759772,0.0326938
4982.00,0.833511,0.0331050
4984.00,0.821393,0.0332785
4986.00,0.776882,0.0325926
4988.00,0.790012,0.0316667
4990.00,0.783229,0.0314252
4992.00,0.746629,0.0304674
4994.00,0.754417,0.0298206
4996.00,0.781592,0.0293374
4998.00,0.819255,0.0288704
5000.00,0.733452,0.0281748
5002.00,0.742938,0.0277269
5004.00,0.708489,0.0274749
5006.00,0.736607,0.0272904
5008.00,1.09077,0.0292755
5010.00,1.49321,0.0311457
5012.00,1.08779,0.0293785
5014.00,0.940879,0.0281945
5016.00,0.779708,0.0276958
5018.00,0.788229,0.0275833
5020.00,0.685479,0.0273501
5022.00,0.797043,0.0275271
5024.00,0.755504,0.0273277
5026.00,0.782863,0.0273663
5028.00,0.763843,0.0274890
5030.00,0.721566,0.0278492
5032.00,0.860254,0.0282721
5034.00,0.798657,0.0277752
5036.00,0.771830,0.0276900
5038.00,0.788120,0.0275538
5040.00,0.796679,0.0274693
5042.00,0.823421,0.0275307
5044.00,0.871919,0.0279124
5046.00,0.814070,0.0277706
5048.00,0.898111,0.0278723
5050.00,0.842053,0.0279216
5052.00,0.810097,0.0278083
5054.00,0.887828,0.0280247
5056.00,0.872585,0.0281919
5058.00,0.772030,0.0279333
5060.00,0.726016,0.0277408
5062.00,0.837413,0.0283184
5064.00,0.828369,0.0286852
5066.00,0.833515,0.0288185
5068.00,0.770744,0.0291624
5070.00,0.791185,0.0295056
5072.00,0.813903,0.0292979
5074.00,0.756653,0.0285276
5076.00,0.808542,0.0285810
5078.00,0.822409,0.0289449
5080.00,0.865776,0.0303930
5082.00,0.899205,0.0323390
5084.00,0.877250,0.0334947
5086.00,0.861424,0.0336914
5088.00,0.859599,0.0326025
5090.00,0.856429,0.0310724
5092.00,0.892604,0.0300248
5094.00,0.856935,0.0292681
5096.00,0.790083,0.0294140
5098.00,0.892792,0.0301626
5100.00,0.900361,0.0302713
5102.00,0.882557,0.0295413
5104.00,0.910886,0.0290846
5106.00,0.859077,0.0284160
5108.00,0.906213,0.0285977
5110.00,0.950091,0.0288050
5112.00,0.962126,0.0289688
5114.00,0.898149,0.0286309
5116.00,0.885897,0.0288047
5118.00,0.886407,0.0286555
5120.00,0.862122,0.0280883
5122.00,0.848843,0.0280612
5124.00,0.885346,0.0280741
5126.00,0.867900,0.0280850
5128.00,0.841718,0.0279133
5130.00,0.847234,0.0279249
5132.00,0.867622,0.0276575
5134.00,0.870289,0.0278485
5136.00,0.846028,0.0277636
5138.00,0.795187,0.0275728
5140.00,0.847346,0.0279564
5142.00,0.841692,0.0278668
5144.00,0.938310,0.0281638
5146.00,0.844171,0.0279764
5148.00,0.794648,0.0284042
5150.00,0.825874,0.0288258
5152.00,0.837526,0.0292210
5154.00,0.829674,0.0292334
5156.00,0.834513,0.0291247
5158.00,0.908387,0.0295133
5160.00,0.994353,0.0293229
5162.00,0.962839,0.0287583
5164.00,0.871502,0.0279166
5166.00,0.885076,0.0274541
5168.00,0.777741,0.0267527
5170.00,0.776962,0.0269010
5172.00,0.741818,0.0265828
5174.00,0.700420,0.0266485
5176.00,0.814081,0.0270582
5178.00,0.790838,0.0272362
5180.00,0.800420,0.0272877
5182.00,0.819703,0.0269921
5184.00,0.755270,0.0268518
5186.00,0.845635,0.0271927
5188.00,0.773334,0.0271499
5190.00,0.792988,0.0271886
5192.00,0.773228,0.0270548
5194.00,0.758831,0.0268609
5196.00,0.761054,0.0269009
5198.00,0.832897,0.0274741
5200.00,0.773301,0.0274079
5202.00,0.805924,0.0273259
5204.00,0.791774,0.0273845
5206.00,0.745553,0.0269313
5208.00,0.823178,0.0275211
5210.00,0.776046,0.0276138
5212.00,0.784310,0.0275807
5214.00,0.801291,0.0272793
5216.00,0.758336,0.0273495
5218.00,0.734465,0.0273235
5220.00,0.692439,0.0272149
5222.00,0.724088,0.0271182
5224.00,0.789472,0.0274837
5226.00,0.773540,0.0269899
5228.00,0.797790,0.0271358
5230.00,0.725777,0.0267222
5232.00,0.816010,0.0268701
5234.00,0.747336,0.0266940
5236.00,0.742789,0.0269212
5238.00,0.783167,0.0272208
5240.00,0.747602,0.0271131
5242.00,0.726274,0.0268669
5244.00,0.755916,0.0269506
5246.00,0.739907,0.0267556
5248.00,0.780482,0.0271201
5250.00,0.765607,0.0267664
5252.00,0.742028,0.0265515
5254.00,0.768241,0.0269718
5256.00,0.754422,0.0271691
5258.00,0.739507,0.0273468
5260.00,0.817222,0.0274935
5262.00,0.768763,0.0270293
5264.00,0.768637,0.0266078
5266.00,0.711523,0.0263395
5268.00,0.730659,0.0263027
5270.00,0.727508,0.0265748
5272.00,0.779721,0.0267631
5274.00,0.760373,0.0267463
5276.00,0.774468,0.0269754
5278.00,0.780367,0.0269672
5280.00,0.688122,0.0264661
5282.00,0.783610,0.0267538
5284.00,0.726130,0.0265677
5286.00,0.709721,0.0268312
5288.00,0.723137,0.0268923
5290.00,0.764434,0.0268771
5292.00,0.805181,0.0272118
5294.00,0.799057,0.0271479
5296.00,0.800480,0.0269857
5298.00,0.834904,0.0271094
5300.00,0.760152,0.0270803
5302.00,0.788541,0.0271297
5304.00,0.754825,0.0269796
5306.00,0.790545,0.0268541
5308.00,0.772330,0.0270343
5310.00,0.785146,0.0270429
5312.00,0.805539,0.0272146
5314.00,0.812595,0.0273183
5316.00,0.802463,0.0271158
5318.00,0.837204,0.0272693
5320.00,0.834064,0.0272737
5322.00,0.857291,0.0271611
5324.00,0.745236,0.0266799
5326.00,0.750257,0.0266558
5328.00,0.724795,0.0264306
5330.00,0.728820,0.0267432
5332.00,0.776609,0.0269147
5334.00,0.758143,0.0268050
5336.00,0.814510,0.0270713
5338.00,0.811564,0.0273357
5340.00,0.730328,0.0271773
5342.00,0.746514,0.0273274
5344.00,0.738470,0.0272177
5346.00,0.776332,0.0277652
5348.00,0.784477,0.0280304
5350.00,0.769296,0.0282101
5352.00,0.815629,0.0281170
5354.00,0.795259,0.0300080
5356.00,0.859383,0.0310138
5358.00,0.833660,0.0304053
5360.00,0.877003,0.0302754
5362.00,0.866686,0.0297864
5364.00,0.817718,0.0293027
5366.00,0.819099,0.0290530
5368.00,0.786041,0.0290531
5370.00,0.801216,0.0290408
5372.00,0.802181,0.0293071
5374.00,0.868098,0.0301294
5376.00,0.864689,0.0303654
5378.00,0.849840,0.0303423
5380.00,0.836013,0.0301997
5382.00,0.869315,0.0300382
5384.00,0.841155,0.0299292
5386.00,0.794499,0.0298413
5388.00,0.822288,0.0303103
5390.00,0.764832,0.0305877
5392.00,0.799968,0.0306959
5394.00,0.813469,0.0310401
5396.00,0.870499,0.0310594
5398.00,0.842260,0.0309044
5400.00,0.816528,0.0311081
5402.00,0.783931,0.0310341
5404.00,0.741753,0.0312422
5406.00,0.785951,0.0315668
5408.00,0.803958,0.0316911
5410.00,0.797927,0.0318959
5412.00,0.767079,0.0325513
5414.00,0.811180,0.0332745
5416.00,0.828586,0.0339446
5418.00,0.757527,0.0344586
5420.00,0.856626,0.0345228
5422.00,0.885207,0.0348237
5424.00,0.785690,0.0343956
5426.00,0.810862,0.0343815
5428.00,0.710123,0.0341803
5430.00,0.698747,0.0344367
5432.00,0.776228,0.0346551
5434.00,0.767291,0.0348465
5436.00,0.877816,0.0353482
5438.00,0.826490,0.0356345
5440.00,0.780474,0.0360614
5442.00,0.814164,0.0360041
5444.00,0.839674,0.0365025
5446.00,0.829029,0.0370751
5448.00,0.853387,0.0373145
5450.00,0.811750,0.0373061
5452.00,0.845608,0.0375056
5454.00,0.966715,0.0382544
5456.00,0.835097,0.0399433
5458.00,0.795477,0.0495368
5460.00,0.959424,0.0577823
5462.00,0.925898,0.0580839
5464.00,0.729002,0.0524570
5466.00,0.728268,0.0485826
5468.00,0.707170,0.0451843
5470.00,0.756806,0.0426356
5472.00,0.864103,0.0411389
5474.00,0.833544,0.0396044
5476.00,0.847272,0.0383090
5478.00,0.811301,0.0379061
5480.00,0.932423,0.0393501
5482.00,0.765974,0.0398733
5484.00,0.802897,0.0397324
5486.00,0.839853,0.0395179
5488.00,0.827587,0.0391241
5490.00,0.779746,0.0395163
5492.00,0.805907,0.0372219
5494.00,0.801103,0.0372227
5496.00,0.849621,0.0372234
5498.00,0.875154,0.0374775
5500.00,0.854830,0.0370950
5502.00,0.796069,0.0369961
5504.00,0.758847,0.0366811
5506.00,0.819188,0.0368900
5508.00,0.734647,0.0364922
5510.00,0.809590,0.0370336
5512.00,0.796006,0.0375287
5514.00,0.764743,0.0374998
5516.00,0.895326,0.0381282
5518.00,0.877785,0.0385902
5520.00,0.736065,0.0382314
5522.00,0.853330,0.0381088
5524.00,0.823978,0.0375138
5526.00,0.852602,0.0377305
5528.00,0.906756,0.0376460
5530.00,0.861011,0.0368817
5532.00,0.853190,0.0363822
5534.00,0.867710,0.0365298
5536.00,0.780159,0.0360078
5538.00,0.819084,0.0366136
5540.00,0.801866,0.0368851
5542.00,0.767729,0.0368450
5544.00,0.791129,0.0370682
5546.00,0.835065,0.0372283
5548.00,0.847017,0.0367589
5550.00,0.845037,0.0369787
5552.00,0.829366,0.0366415
5554.00,0.801297,0.0365750
5556.00,0.825536,0.0368601
5558.00,0.775027,0.0364023
5560.00,0.788002,0.0366630
5562.00,0.747325,0.0368150
5564.00,0.760936,0.0368978
5566.00,0.674156,0.0367161
5568.00,0.800059,0.0376065
5570.00,0.740083,0.0382348
5572.00,0.787886,0.0394167
5574.00,0.676922,0.0550011
5576.00,0.743238,0.0708534
5578.00,0.819097,0.0736178
5580.00,0.791382,0.0647795
5582.00,0.794350,0.0586565
5584.00,0.902598,0.0813866
5586.00,0.950044,0.0709063
5588.00,0.932663,0.0620514
5590.00,0.848988,0.0577036
5592.00,0.783373,0.0565107
5594.00,0.786928,0.0564039
5596.00,0.773144,0.0556991
5598.00,0.779453,0.0551030
5600.00,0.810649,0.0549368
5602.00,0.855444,0.0549835
5604.00,0.824734,0.0544052
5606.00,0.812478,0.0540759
5608.00,0.790183,0.0535308
5610.00,0.793701,0.0534926
5612.00,0.817297,0.0536032
5614.00,0.790439,0.0527580
5616.00,0.805869,0.0520881
5618.00,0.821182,0.0517824
5620.00,0.802642,0.0515458
5622.00,0.771407,0.0514668
5624.00,0.787822,0.0514880
5626.00,0.853071,0.0514155
5628.00,0.835296,0.0508578
5630.00,0.767005,0.0502620
5632.00,0.696698,0.0498122
5634.00,0.772217,0.0498454
5636.00,0.762175,0.0496861
5638.00,0.762159,0.0492674
5640.00,0.745336,0.0489224
5642.00,0.764370,0.0493327
5644.00,0.780171,0.0490912
5646.00,0.754459,0.0489185
5648.00,0.749567,0.0499158
5650.00,0.780259,0.0509863
5652.00,0.748916,0.0506251
5654.00,0.787095,0.0503073
5656.00,0.822443,0.0491436
5658.00,0.834862,0.0487844
5660.00,0.834321,0.0492243
5662.00,0.802422,0.0493529
5664.00,0.754727,0.0496463
5666.00,0.702647,0.0502842
5668.00,0.680244,0.0509937
5670.00,0.711743,0.0515503
5672.00,0.740538,0.0523392
5674.00,0.744354,0.0523791
5676.00,0.709898,0.0567327
5678.00,0.735169,0.0588988
5680.00,0.669423,0.0586280
5682.00,0.840172,0.0609151
5684.00,0.824566,0.0629547
5686.00,0.800192,0.0622647
5688.00,0.786968,0.0606553
5690.00,0.777544,0.0599522
5692.00,0.815531,0.0587829
5694.00,0.814749,0.0567090
5696.00,0.786537,0.0543566
5698.00,0.776829,0.0521280
5700.00,0.797073,0.0503519
5702.00,0.791367,0.0490937
5704.00,0.753622,0.0482465
5706.00,0.751975,0.0476307
5708.00,0.781895,0.0470693
5710.00,0.798536,0.0465943
5712.00,0.791927,0.0464154
5714.00,0.770672,0.0459473
5716.00,0.796669,0.0456967
5718.00,0.849247,0.0458425
5720.00,0.808782,0.0460103
5722.00,0.801177,0.0457839
5724.00,0.797729,0.0453834
5726.00,0.788303,0.0449357
5728.00,0.780775,0.0444695
5730.00,0.761202,0.0440812
5732.00,0.792578,0.0437697
5734.00,0.808153,0.0435194
5736.00,0.811629,0.0433130
5738.00,0.793893,0.0430688
5740.00,0.804791,0.0430210
5742.00,0.773029,0.0428594
5744.00,0.759777,0.0427006
5746.00,0.759585,0.0425792
5748.00,0.743536,0.0425171
5750.00,0.711659,0.0430420
5752.00,0.720805,0.0433068
5754.00,0.754001,0.0434447
5756.00,0.783216,0.0437271
5758.00,0.775504,0.0441988
5760.00,0.758228,0.0445499
5762.00,0.770662,0.0454246
5764.00,0.769250,0.0464889
5766.00,0.752690,0.0476538
5768.00,0.740880,0.0484760
5770.00,0.735282,0.0488891
5772.00,0.746188,0.0486741
5774.00,0.767254,0.0479250
5776.00,0.801620,0.0468797
5778.00,0.770036,0.0453737
5780.00,0.760738,0.0444961
5782.00,0.749290,0.0444604
5784.00,0.753209,0.0450744
5786.00,0.770727,0.0460328
5788.00,0.741037,0.0470909
5790.00,0.691233,0.0477917
5792.00,0.683725,0.0480325
5794.00,0.722864,0.0477884
5796.00,0.770343,0.0469874
5798.00,0.800446,0.0458739
5800.00,0.789519,0.0446420
5802.00,0.757054,0.0437205
5804.00,0.715475,0.0431219
5806.00,0.761559,0.0430899
5808.00,0.776565,0.0429272
5810.00,0.785135,0.0428250
5812.00,0.778626,0.0426189
5814.00,0.764506,0.0425195
5816.00,0.744605,0.0427692
5818.00,0.749080,0.0425862
5820.00,0.740802,0.0427300
5822.00,0.747056,0.0432985
5824.00,0.779585,0.0437074
5826.00,0.747846,0.0430148
5828.00,0.720765,0.0430360
5830.00,0.701512,0.0430382
5832.00,0.682694,0.0430576
5834.00,0.699862,0.0433368
5836.00,0.701984,0.0433035
5838.00,0.730571,0.0431346
5840.00,0.730340,0.0431684
5842.00,0.725546,0.0433811
5844.00,0.704224,0.0433724
5846.00,0.685291,0.0433790
5848.00,0.702898,0.0435041
5850.00,0.725624,0.0437016
5852.00,0.733645,0.0439308
5854.00,0.733424,0.0440687
5856.00,0.704486,0.0443097
5858.00,0.676630,0.0444990
5860.00,0.673369,0.0447169
5862.00,0.687787,0.0450457
5864.00,0.681885,0.0456399
5866.00,0.679689,0.0462667
5868.00,0.708803,0.0466594
5870.00,0.727390,0.0467649
5872.00,0.744086,0.0467593
5874.00,0.716060,0.0465741
5876.00,0.669220,0.0466256
5878.00,0.668310,0.0476663
5880.00,0.667400,0.0499131
5882.00,0.666490,0.0540825
5884.00,0.665581,0.0612602
5886.00,0.664671,0.0711713
5888.00,0.663761,0.0815554
5890.00,0.662851,0.0896390
5892.00,0.661941,0.0942999
5894.00,0.661032,0.0964541
5896.00,0.660122,0.0941976
5898.00,0.722685,0.0868417
5900.00,0.717280,0.0765688
5902.00,0.711875,0.0670780
5904.00,0.706471,0.0578947
5906.00,0.701066,0.0500559
5908.00,0.695661,0.0459852
5910.00,0.652203,0.0455589
5912.00,0.656325,0.0458585
5914.00,0.644256,0.0461215
5916.00,0.626733,0.0462310
5918.00,0.631353,0.0462261
5920.00,0.678143,0.0462221
5922.00,0.660996,0.0460691
5924.00,0.638115,0.0460793
5926.00,0.619818,0.0461376
5928.00,0.608637,0.0463194
5930.00,0.608698,0.0465004
5932.00,0.615599,0.0465215
5934.00,0.635544,0.0463516
5936.00,0.650091,0.0461001
5938.00,0.633152,0.0457367
5940.00,0.633825,0.0452932
5942.00,0.635248,0.0450174
5944.00,0.646159,0.0448105
5946.00,0.659108,0.0447008
5948.00,0.658597,0.0445901
5950.00,0.627782,0.0445285
5952.00,0.606731,0.0444841
5954.00,0.636702,0.0443698
5956.00,0.661434,0.0441061
5958.00,0.637417,0.0437184
5960.00,0.610610,0.0433347
5962.00,0.623916,0.0431140
5964.00,0.632085,0.0427938
5966.00,0.660423,0.0426720
5968.00,0.704973,0.0428346
5970.00,0.655006,0.0427687
5972.00,0.662056,0.0430078
5974.00,0.687988,0.0431685
5976.00,0.690612,0.0430774
5978.00,0.659744,0.0426662
5980.00,0.672808,0.0424060
5982.00,0.698194,0.0422578
5984.00,0.705761,0.0420904
5986.00,0.702670,0.0418938
5988.00,0.691187,0.0417668
5990.00,0.642997,0.0415370
5992.00,0.655841,0.0414818
5994.00,0.702530,0.0416318
5996.00,0.712588,0.0417133
5998.00,0.701581,0.0415295
6000.00,0.703639,0.0414206
6002.00,0.673605,0.0411555
6004.00,0.667476,0.0409580
6006.00,0.706013,0.0409208
6008.00,0.720409,0.0408968
6010.00,0.708291,0.0406367
6012.00,0.734722,0.0404351
6014.00,0.732005,0.0401584
6016.00,0.705540,0.0398040
6018.00,0.697554,0.0396259
6020.00,0.711289,0.0397717
6022.00,0.720742,0.0398539
6024.00,0.716491,0.0397224
6026.00,0.715606,0.0395127
6028.00,0.728204,0.0396043
6030.00,0.726886,0.0395542
6032.00,0.715868,0.0394539
6034.00,0.701330,0.0393698
6036.00,0.740270,0.0393162
6038.00,0.738235,0.0391602
6040.00,0.746476,0.0389957
6042.00,0.749200,0.0388957
6044.00,0.743072,0.0388166
6046.00,0.756511,0.0388425
6048.00,0.766230,0.0388004
6050.00,0.760474,0.0387920
6052.00,0.749485,0.0387962
6054.00,0.774945,0.0388481
6056.00,0.802048,0.0389098
6058.00,0.795123,0.0387864
6060.00,0.779018,0.0385821
6062.00,0.762403,0.0383505
6064.00,0.758437,0.0381293
6066.00,0.758336,0.0379641
6068.00,0.761140,0.0378947
6070.00,0.726277,0.0376422
6072.00,0.700576,0.0374111
6074.00,0.728636,0.0374907
6076.00,0.699225,0.0373116
6078.00,0.706204,0.0373488
6080.00,0.736084,0.0375001
6082.00,0.731270,0.0375453
6084.00,0.734589,0.0375231
6086.00,0.782539,0.0375618
6088.00,0.802485,0.0376521
6090.00,0.785012,0.0377961
6092.00,0.763149,0.0378907
6094.00,0.784399,0.0379664
6096.00,0.793329,0.0382816
6098.00,0.769522,0.0384638
6100.00,0.724544,0.0385109
6102.00,0.728622,0.0388740
6104.00,0.766091,0.0394400
6106.00,0.781883,0.0402209
6108.00,0.748946,0.0410707
6110.00,0.723042,0.0420267
6112.00,0.747901,0.0437767
6114.00,0.716270,0.0442559
6116.00,0.741292,0.0434572
6118.00,0.768047,0.0421811
6120.00,0.757751,0.0412809
6122.00,0.742978,0.0401111
6124.00,0.752283,0.0393364
6126.00,0.747727,0.0386467
6128.00,0.767642,0.0382347
6130.00,0.795098,0.0380698
6132.00,0.793870,0.0379458
6134.00,0.755604,0.0377715
6136.00,0.737392,0.0378114
6138.00,0.742477,0.0380324
6140.00,0.746907,0.0381247
6142.00,0.723952,0.0381477
6144.00,0.703879,0.0379870
6146.00,0.681497,0.0377951
6148.00,0.675912,0.0377690
6150.00,0.676308,0.0378234
6152.00,0.707107,0.0379409
6154.00,0.735813,0.0382528
6156.00,0.720360,0.0385830
6158.00,0.668116,0.0388777
6160.00,0.683944,0.0391678
6162.00,0.708100,0.0389367
6164.00,0.718380,0.0383612
6166.00,0.719176,0.0377692
6168.00,0.711655,0.0371451
6170.00,0.672210,0.0364824
6172.00,0.683213,0.0358958
6174.00,0.703101,0.0356585
6176.00,0.722334,0.0355481
6178.00,0.707222,0.0352022
6180.00,0.696335,0.0349918
6182.00,0.722648,0.0350921
6184.00,0.710049,0.0349525
6186.00,0.693565,0.0347496
6188.00,0.685022,0.0345953
6190.00,0.673047,0.0346439
6192.00,0.674480,0.0346476
6194.00,0.694934,0.0346020
6196.00,0.698161,0.0345802
6198.00,0.685487,0.0346947
6200.00,0.775208,0.0350942
6202.00,0.745720,0.0349276
6204.00,0.694012,0.0347129
6206.00,0.692144,0.0347697
6208.00,0.728237,0.0349465
6210.00,0.696503,0.0349045
6212.00,0.684181,0.0349508
6214.00,0.701876,0.0349701
6216.00,0.723579,0.0348763
6218.00,0.728449,0.0347758
6220.00,0.730352,0.0346011
6222.00,0.710594,0.0344133
6224.00,0.702976,0.0343896
6226.00,0.714315,0.0346754
6228.00,0.700308,0.0352505
6230.00,0.699840,0.0354021
6232.00,0.693013,0.0361129
6234.00,0.689841,0.0370649
6236.00,0.717073,0.0379737
6238.00,0.713421,0.0385841
6240.00,0.699897,0.0387190
6242.00,0.714605,0.0382415
6244.00,0.716202,0.0371678
6246.00,0.672070,0.0359442
6248.00,0.717425,0.0354498
6250.00,0.758897,0.0352333
6252.00,0.727398,0.0351396
6254.00,0.661545,0.0355422
6256.00,0.668663,0.0367403
6258.00,0.728097,0.0377128
6260.00,0.729000,0.0375997
6262.00,0.724256,0.0372873
6264.00,0.723236,0.0369239
6266.00,0.742564,0.0363586
6268.00,0.726496,0.0358098
6270.00,0.711055,0.0352958
6272.00,0.693971,0.0349067
6274.00,0.687582,0.0346303
6276.00,0.700957,0.0345604
6278.00,0.706455,0.0345569
6280.00,0.693755,0.0348110
6282.00,0.707376,0.0354975
6284.00,0.736809,0.0361032
6286.00,0.725885,0.0362195
6288.00,0.709132,0.0361901
6290.00,0.699669,0.0361292
6292.00,0.714069,0.0363744
6294.00,0.696614,0.0372850
6296.00,0.678076,0.0392725
6298.00,0.660328,0.0418588
6300.00,0.662895,0.0437002
6302.00,0.689071,0.0444776
6304.00,0.731825,0.0444990
6306.00,0.743862,0.0436030
6308.00,0.766462,0.0412988
6310.00,0.750539,0.0386365
6312.00,0.707042,0.0365819
6314.00,0.739171,0.0352095
6316.00,0.724734,0.0341046
6318.00,0.748418,0.0338266
6320.00,0.754805,0.0340154
6322.00,0.734000,0.0341974
6324.00,0.724299,0.0341966
6326.00,0.703317,0.0343963
6328.00,0.683806,0.0346962
6330.00,0.695373,0.0348803
6332.00,0.745767,0.0349182
6334.00,0.741059,0.0345436
6336.00,0.746331,0.0338615
6338.00,0.736745,0.0331549
6340.00,0.726573,0.0327890
6342.00,0.759837,0.0328425
6344.00,0.744255,0.0326763
6346.00,0.735946,0.0327426
6348.00,0.734464,0.0328542
6350.00,0.728786,0.0329102
6352.00,0.687072,0.0330857
6354.00,0.662413,0.0333961
6356.00,0.669152,0.0335569
6358.00,0.686807,0.0339496
6360.00,0.688753,0.0346809
6362.00,0.703824,0.0353699
6364.00,0.728237,0.0354718
6366.00,0.729082,0.0352217
6368.00,0.735090,0.0345611
6370.00,0.746303,0.0335784
6372.00,0.725406,0.0326117
6374.00,0.700486,0.0320136
6376.00,0.715375,0.0319412
6378.00,0.736553,0.0321250
6380.00,0.731314,0.0322268
6382.00,0.691376,0.0321865
6384.00,0.702475,0.0323538
6386.00,0.723364,0.0324286
6388.00,0.735949,0.0323238
6390.00,0.735596,0.0321493
6392.00,0.759459,0.0319662
6394.00,0.750222,0.0315352
6396.00,0.728099,0.0310715
6398.00,0.723400,0.0310090
6400.00,0.711161,0.0313001
6402.00,0.724497,0.0314543
6404.00,0.714080,0.0312952
6406.00,0.700580,0.0311569
6408.00,0.696998,0.0310615
6410.00,0.707154,0.0308601
6412.00,0.704721,0.0308137
6414.00,0.688691,0.0308500
6416.00,0.700141,0.0310558
6418.00,0.751340,0.0313511
6420.00,0.737010,0.0309044
6422.00,0.747554,0.0307880
6424.00,0.751668,0.0307113
6426.00,0.745036,0.0306033
6428.00,0.740326,0.0304993
6430.00,0.727675,0.0301817
6432.00,0.752147,0.0301965
6434.00,0.735779,0.0300175
6436.00,0.704071,0.0297374
6438.00,0.703873,0.0297850
6440.00,0.712418,0.0299158
6442.00,0.704939,0.0298262
6444.00,0.707720,0.0298319
6446.00,0.703764,0.0299362
6448.00,0.709380,0.0299292
6450.00,0.721867,0.0300121
6452.00,0.745411,0.0302625
6454.00,0.764114,0.0307354
6456.00,0.783664,0.0313002
6458.00,0.797128,0.0309824
6460.00,0.764525,0.0315956
6462.00,0.763875,0.0326650
6464.00,0.771706,0.0331050
6466.00,0.748126,0.0323780
6468.00,0.728271,0.0326621
6470.00,0.732287,0.0328245
6472.00,0.743344,0.0323969
6474.00,0.748751,0.0315166
6476.00,0.755064,0.0309386
6478.00,0.724795,0.0304088
6480.00,0.705256,0.0299519
6482.00,0.727354,0.0297527
6484.00,0.763253,0.0296964
6486.00,0.767664,0.0295467
6488.00,0.751337,0.0294926
6490.00,0.751974,0.0296584
6492.00,0.744090,0.0299584
6494.00,0.749186,0.0306082
6496.00,0.766072,0.0315011
6498.00,0.781474,0.0321854
6500.00,0.784560,0.0324889
6502.00,0.793860,0.0326428
6504.00,0.792577,0.0324821
6506.00,0.773398,0.0317030
6508.00,0.776774,0.0309079
6510.00,0.773747,0.0303992
6512.00,0.759278,0.0299650
6514.00,0.740088,0.0296231
6516.00,0.773449,0.0296369
6518.00,0.758577,0.0295476
6520.00,0.740811,0.0296850
6522.00,0.757447,0.0302257
6524.00,0.770859,0.0304596
6526.00,0.744197,0.0306527
6528.00,0.727970,0.0307998
6530.00,0.737262,0.0312035
6532.00,0.756506,0.0316448
6534.00,0.782908,0.0318572
6536.00,0.731565,0.0315718
6538.00,0.708571,0.0312276
6540.00,0.733424,0.0309454
6542.00,0.776147,0.0307589
6544.00,0.765761,0.0307211
6546.00,0.769442,0.0306980
6548.00,0.763929,0.0309337
6550.00,0.754430,0.0314154
6552.00,0.745627,0.0318015
6554.00,0.768363,0.0319988
6556.00,0.757837,0.0318535
6558.00,0.730616,0.0317724
6560.00,0.728257,0.0315498
6562.00,0.739135,0.0308974
6564.00,0.755750,0.0307018
6566.00,0.760651,0.0307762
6568.00,0.741076,0.0306633
6570.00,0.737437,0.0304134
6572.00,0.742517,0.0304576
6574.00,0.764491,0.0309496
6576.00,0.787383,0.0312942
6578.00,0.795253,0.0313626
6580.00,0.777567,0.0312692
6582.00,0.775051,0.0310130
6584.00,0.775973,0.0304084
6586.00,0.781907,0.0295828
6588.00,0.792561,0.0290839
6590.00,0.784797,0.0289508
6592.00,0.712204,0.0289390
6594.00,0.702849,0.0290512
6596.00,0.724922,0.0292713
6598.00,0.740682,0.0293872
6600.00,0.734297,0.0295815
6602.00,0.741355,0.0298040
6604.00,0.761638,0.0298569
6606.00,0.764322,0.0297631
6608.00,0.757072,0.0295904
6610.00,0.742965,0.0291434
6612.00,0.742997,0.0286218
6614.00,0.756777,0.0284099
6616.00,0.747533,0.0283314
6618.00,0.740486,0.0282916
6620.00,0.750315,0.0282450
6622.00,0.751556,0.0282504
6624.00,0.741114,0.0283091
6626.00,0.744850,0.0284900
6628.00,0.762775,0.0287179
6630.00,0.765748,0.0288161
6632.00,0.769318,0.0289058
6634.00,0.753352,0.0288595
6636.00,0.733742,0.0287469
6638.00,0.718650,0.0286121
6640.00,0.740128,0.0285133
6642.00,0.746272,0.0283423
6644.00,0.746197,0.0281321
6646.00,0.739378,0.0279170
6648.00,0.738392,0.0277222
6650.00,0.739978,0.0277315
6652.00,0.750827,0.0277637
6654.00,0.757347,0.0278365
6656.00,0.744038,0.0278487
6658.00,0.717530,0.0278848
6660.00,0.723254,0.0279169
6662.00,0.743709,0.0280958
6664.00,0.743584,0.0282000
6666.00,0.733831,0.0281727
6668.00,0.733844,0.0281262
6670.00,0.761555,0.0281627
6672.00,0.759648,0.0280643
6674.00,0.737891,0.0280959
6676.00,0.732925,0.0283641
6678.00,0.765869,0.0286252
6680.00,0.772227,0.0286228
6682.00,0.779541,0.0286003
6684.00,0.779689,0.0285714
6686.00,0.747414,0.0284298
6688.00,0.721183,0.0283215
6690.00,0.736148,0.0282302
6692.00,0.741190,0.0280195
6694.00,0.719149,0.0278397
6696.00,0.703881,0.0278543
6698.00,0.703149,0.0280595
6700.00,0.698692,0.0280215
6702.00,0.707697,0.0282007
6704.00,0.735548,0.0286718
6706.00,0.749587,0.0290361
6708.00,0.746447,0.0290824
6710.00,0.725089,0.0289431
6712.00,0.718527,0.0288583
6714.00,0.718336,0.0286791
6716.00,0.714295,0.0283608
6718.00,0.723290,0.0282991
6720.00,0.715899,0.0280689
6722.00,0.707731,0.0278753
6724.00,0.719367,0.0278946
6726.00,0.748292,0.0280405
6728.00,0.760904,0.0279927
6730.00,0.745820,0.0278934
6732.00,0.736391,0.0278487
6734.00,0.733692,0.0278480
6736.00,0.730808,0.0277094
6738.00,0.731224,0.0276102
6740.00,0.732930,0.0277630
6742.00,0.743574,0.0280716
6744.00,0.763275,0.0283800
6746.00,0.817021,0.0285746
6748.00,0.857064,0.0288102
6750.00,0.904029,0.0290241
6752.00,0.922718,0.0289840
6754.00,0.894253,0.0286185
6756.00,0.849793,0.0282969
6758.00,0.928963,0.0292080
6760.00,1.24657,0.0319076
6762.00,1.70656,0.0351932
6764.00,2.11884,0.0377757
6766.00,2.32998,0.0411721
6768.00,2.22036,0.0457662
6770.00,1.79150,0.0453019
6772.00,1.03364,0.0369949
6774.00,0.830286,0.0276938
6776.00,0.713138,0.0264205
6778.00,0.703496,0.0268796
6780.00,0.785607,0.0279392
6782.00,0.932498,0.0293270
6784.00,1.12601,0.0306735
6786.00,1.22858,0.0316352
6788.00,1.29079,0.0321803
6790.00,1.22765,0.0316412
6792.00,1.03681,0.0297029
6794.00,0.827581,0.0277141
6796.00,0.718092,0.0268772
6798.00,0.683109,0.0265643
6800.00,0.679609,0.0263957
6802.00,0.666299,0.0264082
6804.00,0.671999,0.0265271
6806.00,0.671106,0.0264452
6808.00,0.676484,0.0263668
6810.00,0.667316,0.0263206
6812.00,0.677296,0.0262323
6814.00,0.681862,0.0262376
6816.00,0.677615,0.0262659
6818.00,0.673237,0.0263441
6820.00,0.683634,0.0264642
6822.00,0.683838,0.0267427
6824.00,0.652210,0.0277462
6826.00,0.627375,0.0294155
6828.00,0.620115,0.0311518
6830.00,0.632961,0.0326451
6832.00,0.657352,0.0336425
6834.00,0.669056,0.0336600
6836.00,0.660823,0.0325950
6838.00,0.642062,0.0310987
6840.00,0.646346,0.0297667
6842.00,0.653493,0.0284160
6844.00,0.646091,0.0273387
6846.00,0.667122,0.0269253
6848.00,0.694035,0.0268212
6850.00,0.686036,0.0265152
6852.00,0.686785,0.0263390
6854.00,0.670918,0.0260634
6856.00,0.660301,0.0260908
6858.00,0.657895,0.0270366
6860.00,0.660981,0.0290987
6862.00,0.623827,0.0310372
6864.00,0.618641,0.0317716
6866.00,0.621885,0.0320452
6868.00,0.624833,0.0325258
6870.00,0.662829,0.0328882
6872.00,0.692481,0.0325989
6874.00,0.702209,0.0325233
6876.00,0.711265,0.0324929
6878.00,0.740438,0.0321314
6880.00,0.708915,0.0308977
6882.00,0.646871,0.0294551
6884.00,0.611827,0.0285094
6886.00,0.632023,0.0284003
6888.00,0.673866,0.0286893
6890.00,0.652081,0.0288893
6892.00,0.645213,0.0292198
6894.00,0.646545,0.0292875
6896.00,0.637925,0.0290636
6898.00,0.632421,0.0288642
6900.00,0.648160,0.0290250
6902.00,0.641596,0.0287492
6904.00,0.630849,0.0281932
6906.00,0.630910,0.0278083
6908.00,0.641702,0.0280678
6910.00,0.635783,0.0284889
6912.00,0.635040,0.0285990
6914.00,0.649982,0.0285381
6916.00,0.682454,0.0287921
6918.00,0.737113,0.0297397
6920.00,0.821809,0.0310950
6922.00,0.890002,0.0320040
6924.00,0.940917,0.0325272
6926.00,0.979638,0.0324969
6928.00,0.916420,0.0311510
6930.00,0.784642,0.0286835
6932.00,0.691883,0.0268789
6934.00,0.702349,0.0267241
6936.00,0.770163,0.0278768
6938.00,0.813711,0.0288455
6940.00,0.841479,0.0291260
6942.00,0.823086,0.0294235
6944.00,0.743163,0.0299322
6946.00,0.652808,0.0304474
6948.00,0.638540,0.0307049
6950.00,0.643126,0.0306877
6952.00,0.628464,0.0303812
6954.00,0.616857,0.0295121
6956.00,0.634459,0.0280640
6958.00,0.640111,0.0267329
6960.00,0.638919,0.0260218
6962.00,0.625150,0.0257293
6964.00,0.603882,0.0257837
6966.00,0.593677,0.0262188
6968.00,0.596647,0.0267510
6970.00,0.609664,0.0269183
6972.00,0.604809,0.0270212
6974.00,0.581843,0.0275322
6976.00,0.568292,0.0282766
6978.00,0.589051,0.0283419
6980.00,0.596716,0.0281687
6982.00,0.600501,0.0280345
6984.00,0.611403,0.0276463
6986.00,0.609853,0.0265387
6988.00,0.601204,0.0256566
6990.00,0.593531,0.0251008
6992.00,0.592398,0.0249451
6994.00,0.607520,0.0251988
6996.00,0.610283,0.0253695
6998.00,0.599821,0.0254129
7000.00,0.585155,0.0255275
7002.00,0.581999,0.0257786
7004.00,0.599155,0.0259046
7006.00,0.588141,0.0259079
7008.00,0.595172,0.0263334
7010.00,0.616637,0.0267972
7012.00,0.634909,0.0269379
7014.00,0.601865,0.0265784
7016.00,0.584095,0.0263700
7018.00,0.594052,0.0258589
7020.00,0.608503,0.0251572
7022.00,0.602453,0.0245370
7024.00,0.583189,0.0243512
7026.00,0.588472,0.0244126
7028.00,0.583644,0.0245644
7030.00,0.577199,0.0247137
7032.00,0.589708,0.0248310
7034.00,0.599674,0.0249712
7036.00,0.597179,0.0250400
7038.00,0.587761,0.0249659
7040.00,0.593635,0.0249595
7042.00,0.603409,0.0251506
7044.00,0.567422,0.0256353
7046.00,0.558247,0.0260808
7048.00,0.571464,0.0262484
7050.00,0.581532,0.0261937
7052.00,0.584589,0.0259726
7054.00,0.575514,0.0255034
7056.00,0.567447,0.0251958
7058.00,0.583640,0.0251787
7060.00,0.603541,0.0250456
7062.00,0.583236,0.0247444
7064.00,0.574929,0.0247113
7066.00,0.585309,0.0248772
7068.00,0.583890,0.0250239
7070.00,0.550561,0.0249765
7072.00,0.545536,0.0248444
7074.00,0.562630,0.0248918
7076.00,0.564144,0.0248417
7078.00,0.570486,0.0248036
7080.00,0.585177,0.0249319
7082.00,0.572402,0.0249158
7084.00,0.568595,0.0250027
7086.00,0.575652,0.0251465
7088.00,0.589658,0.0252794
7090.00,0.564913,0.0257035
7092.00,0.553799,0.0258066
7094.00,0.551695,0.0256849
7096.00,0.555202,0.0253920
7098.00,0.565542,0.0251027
7100.00,0.567461,0.0249948
7102.00,0.567792,0.0250321
7104.00,0.577307,0.0251116
7106.00,0.570553,0.0250445
7108.00,0.562948,0.0248103
7110.00,0.596080,0.0249406
7112.00,0.588633,0.0249810
7114.00,0.558112,0.0248757
7116.00,0.542456,0.0247311
7118.00,0.548599,0.0247059
7120.00,0.564499,0.0248821
7122.00,0.594961,0.0249584
7124.00,0.599663,0.0251204
7126.00,0.580071,0.0253210
7128.00,0.573106,0.0253506
7130.00,0.595677,0.0254031
7132.00,0.609815,0.0253798
7134.00,0.592005,0.0251804
7136.00,0.556857,0.0249263
7138.00,0.564671,0.0249630
7140.00,0.562594,0.0249627
7142.00,0.566468,0.0252143
7144.00,0.579083,0.0256372
7146.00,0.588461,0.0258468
7148.00,0.579424,0.0255875
7150.00,0.562562,0.0251549
7152.00,0.564517,0.0248059
7154.00,0.588012,0.0247591
7156.00,0.600547,0.0248457
7158.00,0.586537,0.0248118
7160.00,0.575175,0.0246611
7162.00,0.587365,0.0247266
7164.00,0.598721,0.0248630
7166.00,0.581427,0.0247797
7168.00,0.604428,0.0247538
7170.00,0.600394,0.0249772
7172.00,0.588270,0.0251361
7174.00,0.589438,0.0251629
7176.00,0.596868,0.0252411
7178.00,0.583685,0.0253264
7180.00,0.593252,0.0254679
7182.00,0.604102,0.0254938
7184.00,0.599863,0.0253157
7186.00,0.586905,0.0250229
7188.00,0.588233,0.0249120
7190.00,0.595438,0.0248539
7192.00,0.597433,0.0248459
7194.00,0.596650,0.0247166
7196.00,0.626055,0.0247760
7198.00,0.614240,0.0249164
7200.00,0.637189,0.0251416
7202.00,0.653281,0.0253477
7204.00,0.631922,0.0258579
7206.00,0.636245,0.0261454
7208.00,0.628709,0.0255022
7210.00,0.618889,0.0253320
7212.00,0.622344,0.0262980
7214.00,0.618357,0.0259846
7216.00,0.607085,0.0250256
7218.00,0.610004,0.0249770
7220.00,0.616980,0.0253913
7222.00,0.612943,0.0249120
7224.00,0.607116,0.0254656
7226.00,0.620361,0.0251558
7228.00,0.629945,0.0248241
7230.00,0.629366,0.0248205
7232.00,0.626549,0.0251831
7234.00,0.575017,0.0265897
7236.00,0.546107,0.0300921
7238.00,0.520157,0.0340590
7240.00,0.522840,0.0381625
7242.00,0.557653,0.0416437
7244.00,0.622382,0.0430913
7246.00,0.648815,0.0414245
7248.00,0.641074,0.0383352
7250.00,0.624806,0.0353318
7252.00,0.622594,0.0326877
7254.00,0.639433,0.0300511
7256.00,0.636011,0.0288240
7258.00,0.645952,0.0284401
7260.00,0.640302,0.0278115
7262.00,0.628812,0.0264882
7264.00,0.615065,0.0258064
7266.00,0.615742,0.0259824
7268.00,0.626476,0.0264919
7270.00,0.600918,0.0278782
7272.00,0.554085,0.0315207
7274.00,0.553487,0.0357722
7276.00,0.564698,0.0377964
7278.00,0.565104,0.0386469
7280.00,0.559825,0.0390502
7282.00,0.628051,0.0383173
7284.00,0.662078,0.0349055
7286.00,0.638880,0.0318234
7288.00,0.621653,0.0302376
7290.00,0.639980,0.0295702
7292.00,0.627209,0.0284830
7294.00,0.611344,0.0276413
7296.00,0.606999,0.0272637
7298.00,0.609062,0.0273368
7300.00,0.598785,0.0279089
7302.00,0.613176,0.0286590
7304.00,0.602650,0.0286909
7306.00,0.578702,0.0284765
7308.00,0.561725,0.0282675
7310.00,0.576709,0.0283914
7312.00,0.555080,0.0299512
7314.00,0.557610,0.0325127
7316.00,0.587544,0.0341450
7318.00,0.601069,0.0345536
7320.00,0.612076,0.0342108
7322.00,0.630089,0.0320943
7324.00,0.623302,0.0292295
7326.00,0.616304,0.0283882
7328.00,0.616941,0.0294098
7330.00,0.605576,0.0298472
7332.00,0.593145,0.0295100
7334.00,0.595906,0.0294090
7336.00,0.573041,0.0304887
7338.00,0.531116,0.0330118
7340.00,0.558813,0.0353735
7342.00,0.580858,0.0360649
7344.00,0.616583,0.0360230
7346.00,0.640595,0.0344471
7348.00,0.614817,0.0304324
7350.00,0.625819,0.0267203
7352.00,0.621002,0.0254284
7354.00,0.600824,0.0263287
7356.00,0.610344,0.0282926
7358.00,0.642434,0.0295149
7360.00,0.632598,0.0294273
7362.00,0.617688,0.0294011
7364.00,0.616697,0.0302778
7366.00,0.607575,0.0319933
7368.00,0.612662,0.0338850
7370.00,0.604800,0.0348176
7372.00,0.618581,0.0348509
7374.00,0.649672,0.0335200
7376.00,0.669446,0.0304059
7378.00,0.673955,0.0268968
7380.00,0.667293,0.0254016
7382.00,0.646073,0.0249746
7384.00,0.622273,0.0247839
7386.00,0.606999,0.0248842
7388.00,0.611499,0.0260537
7390.00,0.624388,0.0273999
7392.00,0.631861,0.0280337
7394.00,0.650249,0.0284029
7396.00,0.666272,0.0292683
7398.00,0.661262,0.0306989
7400.00,0.650639,0.0314394
7402.00,0.657567,0.0315927
7404.00,0.678103,0.0315039
7406.00,0.699882,0.0311686
7408.00,0.708811,0.0294474
7410.00,0.704512,0.0271023
7412.00,0.711374,0.0256044
7414.00,0.706023,0.0252223
7416.00,0.690330,0.0252723
7418.00,0.695453,0.0252780
7420.00,0.700246,0.0251443
7422.00,0.692568,0.0249663
7424.00,0.698012,0.0252241
7426.00,0.718177,0.0260576
7428.00,0.699582,0.0266198
7430.00,0.682295,0.0268910
7432.00,0.684158,0.0273221
7434.00,0.711853,0.0283502
7436.00,0.731299,0.0292795
7438.00,0.727568,0.0293433
7440.00,0.721880,0.0291281
7442.00,0.730397,0.0288358
7444.00,0.776999,0.0281567
7446.00,0.751016,0.0264540
7448.00,0.735893,0.0254143
7450.00,0.734959,0.0250985
7452.00,0.741568,0.0251323
7454.00,0.740949,0.0252573
7456.00,0.728294,0.0253458
7458.00,0.712338,0.0256006
7460.00,0.720882,0.0261115
7462.00,0.760488,0.0268761
7464.00,0.757966,0.0274796
7466.00,0.752230,0.0280234
7468.00,0.778031,0.0289209
7470.00,0.790005,0.0297459
7472.00,0.773991,0.0300754
7474.00,0.778203,0.0301980
7476.00,0.770653,0.0309210
7478.00,0.791541,0.0315459
7480.00,0.813138,0.0317695
7482.00,0.806368,0.0316218
7484.00,0.798470,0.0312974
7486.00,0.811875,0.0304466
7488.00,0.825978,0.0294261
7490.00,0.836067,0.0285095
7492.00,0.841461,0.0278614
7494.00,0.839071,0.0276154
7496.00,0.856985,0.0275892
7498.00,0.861900,0.0275141
7500.00,0.845432,0.0271875
7502.00,0.830625,0.0267861
7504.00,0.836544,0.0266704
7506.00,0.839471,0.0266004
7508.00,0.848244,0.0265062
7510.00,0.853848,0.0264593
7512.00,0.825209,0.0265369
7514.00,0.818635,0.0267075
7516.00,0.841140,0.0271550
7518.00,0.837636,0.0283504
7520.00,0.791550,0.0304995
7522.00,0.812966,0.0330056
7524.00,0.869135,0.0343506
7526.00,0.890742,0.0349331
7528.00,0.881221,0.0347442
7530.00,0.883416,0.0333120
7532.00,0.871691,0.0307892
7534.00,0.883058,0.0292804
7536.00,0.896750,0.0286016
7538.00,0.893781,0.0280677
7540.00,0.862755,0.0274932
7542.00,0.849639,0.0273011
7544.00,0.832412,0.0270837
7546.00,0.838353,0.0268708
7548.00,0.858370,0.0267269
7550.00,0.860938,0.0266267
7552.00,0.848517,0.0268527
7554.00,0.845016,0.0274180
7556.00,0.832637,0.0278459
7558.00,0.817382,0.0279203
7560.00,0.815129,0.0278500
7562.00,0.817691,0.0277188
7564.00,0.827360,0.0275193
7566.00,0.830386,0.0278482
7568.00,0.824721,0.0292621
7570.00,0.823511,0.0311948
7572.00,0.838650,0.0320487
7574.00,0.844803,0.0320560
7576.00,0.847264,0.0314902
7578.00,0.832364,0.0300926
7580.00,0.802985,0.0280100
7582.00,0.762814,0.0270801
7584.00,0.749212,0.0272651
7586.00,0.754824,0.0276514
7588.00,0.759438,0.0276740
7590.00,0.759538,0.0273585
7592.00,0.739654,0.0264985
7594.00,0.713383,0.0263985
7596.00,0.696791,0.0283341
7598.00,0.699978,0.0327524
7600.00,0.721344,0.0391771
7602.00,0.722710,0.0468260
7604.00,0.742468,0.0538724
7606.00,0.762555,0.0580255
7608.00,0.762747,0.0588590
7610.00,0.719351,0.0578932
7612.00,0.688652,0.0558292
7614.00,0.694490,0.0528021
7616.00,0.746270,0.0484447
7618.00,0.720055,0.0412236
7620.00,0.690009,0.0350316
7622.00,0.666821,0.0318227
7624.00,0.660621,0.0322430
7626.00,0.680310,0.0358767
7628.00,0.729425,0.0402819
7630.00,0.695304,0.0428179
7632.00,0.670442,0.0435743
7634.00,0.694077,0.0423742
7636.00,0.707032,0.0391616
7638.00,0.683822,0.0363640
7640.00,0.691897,0.0353622
7642.00,0.690047,0.0348460
7644.00,0.647966,0.0338715
7646.00,0.643971,0.0329010
7648.00,0.648077,0.0324037
7650.00,0.646269,0.0322425
7652.00,0.648209,0.0319869
7654.00,0.651234,0.0316412
7656.00,0.626847,0.0313006
7658.00,0.602480,0.0314457
7660.00,0.621198,0.0315955
7662.00,0.658614,0.0314413
7664.00,0.655848,0.0313737
7666.00,0.657996,0.0318348
7668.00,0.663533,0.0301265
7670.00,0.657080,0.0274927
7672.00,0.641637,0.0262863
7674.00,0.607359,0.0259463
7676.00,0.571562,0.0255771
7678.00,0.564736,0.0251826
7680.00,0.586910,0.0251372
7682.00,0.587649,0.0252803
7684.00,0.572913,0.0254777
7686.00,0.561173,0.0254036
7688.00,0.580356,0.0255642
7690.00,0.584594,0.0257500
7692.00,0.571994,0.0258704
7694.00,0.577061,0.0263130
7696.00,0.602704,0.0269745
7698.00,0.604963,0.0272331
7700.00,0.589069,0.0269880
7702.00,0.571494,0.0265163
7704.00,0.569686,0.0260568
7706.00,0.581040,0.0264448
7708.00,0.543059,0.0289647
7710.00,0.497549,0.0333221
7712.00,0.464964,0.0381803
7714.00,0.436002,0.0425813
7716.00,0.487224,0.0446176
7718.00,0.555157,0.0438045
7720.00,0.609578,0.0410922
7722.00,0.634468,0.0378131
7724.00,0.594850,0.0337598
7726.00,0.564422,0.0303597
7728.00,0.543661,0.0286557
7730.00,0.529226,0.0278065
7732.00,0.544242,0.0266794
7734.00,0.574779,0.0256694
7736.00,0.578321,0.0254370
7738.00,0.563255,0.0254269
7740.00,0.545583,0.0251926
7742.00,0.546470,0.0248859
7744.00,0.525669,0.0260311
7746.00,0.482247,0.0304228
7748.00,0.469989,0.0355334
7750.00,0.489543,0.0384916
7752.00,0.528623,0.0390209
7754.00,0.518408,0.0399265
7756.00,0.529426,0.0391088
7758.00,0.560486,0.0359084
7760.00,0.568559,0.0322298
7762.00,0.555040,0.0311443
7764.00,0.547982,0.0304462
7766.00,0.536301,0.0286858
7768.00,0.534748,0.0267645
7770.00,0.557994,0.0265539
7772.00,0.542372,0.0272049
7774.00,0.512147,0.0275827
7776.00,0.498817,0.0284063
7778.00,0.513887,0.0293399
7780.00,0.549314,0.0294810
7782.00,0.539480,0.0290636
7784.00,0.532131,0.0287415
7786.00,0.537896,0.0281706
7788.00,0.525656,0.0283507
7790.00,0.494415,0.0311492
7792.00,0.514092,0.0348541
7794.00,0.526886,0.0365443
7796.00,0.512704,0.0364438
7798.00,0.506450,0.0351664
7800.00,0.530990,0.0319278
7802.00,0.520465,0.0279267
7804.00,0.512772,0.0268585
7806.00,0.516471,0.0284151
7808.00,0.511568,0.0302429
7810.00,0.523669,0.0308497
7812.00,0.533517,0.0305257
7814.00,0.528288,0.0295343
7816.00,0.503042,0.0300467
7818.00,0.479789,0.0333865
7820.00,0.477702,0.0365493
7822.00,0.505921,0.0375575
7824.00,0.523369,0.0375406
7826.00,0.532134,0.0361784
7828.00,0.536049,0.0321673
7830.00,0.528404,0.0273409
7832.00,0.530828,0.0246278
7834.00,0.528077,0.0240768
7836.00,0.517299,0.0252411
7838.00,0.479506,0.0273714
7840.00,0.511855,0.0291574
7842.00,0.521249,0.0297630
7844.00,0.508453,0.0299227
7846.00,0.498098,0.0303660
7848.00,0.498853,0.0323700
7850.00,0.469913,0.0364153
7852.00,0.456243,0.0399284
7854.00,0.469280,0.0417614
7856.00,0.497744,0.0425297
7858.00,0.532660,0.0422113
7860.00,0.548223,0.0390319
7862.00,0.535901,0.0352793
7864.00,0.514438,0.0333660
7866.00,0.503575,0.0335792
7868.00,0.520854,0.0336683
7870.00,0.527605,0.0336539
7872.00,0.523096,0.0336849
7874.00,0.515459,0.0337368
7876.00,0.516291,0.0333902
7878.00,0.517307,0.0327813
7880.00,0.502332,0.0320613
7882.00,0.475336,0.0317170
7884.00,0.459975,0.0319774
7886.00,0.477188,0.0328582
7888.00,0.493094,0.0335702
7890.00,0.510965,0.0335881
7892.00,0.508950,0.0332219
7894.00,0.503108,0.0324610
7896.00,0.535042,0.0301096
7898.00,0.545911,0.0268152
7900.00,0.519895,0.0246393
7902.00,0.500121,0.0240084
7904.00,0.511488,0.0240819
7906.00,0.519211,0.0248151
7908.00,0.467957,0.0282724
7910.00,0.444246,0.0343284
7912.00,0.490204,0.0397583
7914.00,0.515455,0.0422379
7916.00,0.496918,0.0434980
7918.00,0.547580,0.0438867
7920.00,0.590290,0.0415223
7922.00,0.546074,0.0368506
7924.00,0.525991,0.0338458
7926.00,0.533433,0.0333305
7928.00,0.559296,0.0329938
7930.00,0.553050,0.0323752
7932.00,0.537713,0.0316841
7934.00,0.566061,0.0314631
7936.00,0.577137,0.0303292
7938.00,0.595754,0.0281376
7940.00,0.593991,0.0259163
7942.00,0.568094,0.0252601
7944.00,0.548600,0.0261402
7946.00,0.548181,0.0280729
7948.00,0.550775,0.0294712
7950.00,0.554030,0.0297388
7952.00,0.578669,0.0291639
7954.00,0.585942,0.0282232
7956.00,0.592043,0.0265502
7958.00,0.566458,0.0259700
7960.00,0.526891,0.0287742
7962.00,0.541639,0.0340471
7964.00,0.578287,0.0372529
7966.00,0.564698,0.0384710
7968.00,0.571734,0.0381409
7970.00,0.624499,0.0357997
7972.00,0.664331,0.0315046
7974.00,0.591525,0.0291398
7976.00,0.594906,0.0307294
7978.00,0.615977,0.0328866
7980.00,0.597205,0.0335595
7982.00,0.581821,0.0331415
7984.00,0.617896,0.0319061
7986.00,0.619653,0.0302459
7988.00,0.566374,0.0308652
7990.00,0.547744,0.0352284
7992.00,0.595264,0.0393648
7994.00,0.599999,0.0404594
7996.00,0.609359,0.0405837
7998.00,0.653402,0.0393296
8000.00,0.664556,0.0345812
8002.00,0.634082,0.0282667
8004.00,0.620097,0.0255619
8006.00,0.629229,0.0253743
8008.00,0.633434,0.0263083
8010.00,0.614621,0.0278919
8012.00,0.572297,0.0294798
8014.00,0.588821,0.0303939
8016.00,0.611125,0.0308666
8018.00,0.606178,0.0310099
8020.00,0.574699,0.0314894
8022.00,0.540872,0.0338712
8024.00,0.553474,0.0364544
8026.00,0.601650,0.0380665
8028.00,0.627446,0.0383570
8030.00,0.620759,0.0372403
8032.00,0.643497,0.0335827
8034.00,0.636832,0.0289906
8036.00,0.622298,0.0257747
8038.00,0.630606,0.0250595
8040.00,0.662869,0.0251316
8042.00,0.646805,0.0248337
8044.00,0.606699,0.0246317
8046.00,0.591346,0.0251532
8048.00,0.602412,0.0264710
8050.00,0.585988,0.0276909
8052.00,0.581664,0.0281773
8054.00,0.596180,0.0283836
8056.00,0.611691,0.0289869
8058.00,0.608594,0.0301636
8060.00,0.593241,0.0311363
8062.00,0.587950,0.0316663
8064.00,0.579343,0.0318695
8066.00,0.568494,0.0313156
8068.00,0.582487,0.0293871
8070.00,0.600054,0.0267373
8072.00,0.595258,0.0248887
8074.00,0.574601,0.0242510
8076.00,0.568519,0.0243569
8078.00,0.561286,0.0244477
8080.00,0.558583,0.0244203
8082.00,0.558830,0.0244071
8084.00,0.567793,0.0243979
8086.00,0.569361,0.0244960
8088.00,0.565694,0.0249357
8090.00,0.557452,0.0254589
8092.00,0.558524,0.0257454
8094.00,0.561832,0.0258171
8096.00,0.562986,0.0261610
8098.00,0.534573,0.0270439
8100.00,0.529621,0.0279000
8102.00,0.540586,0.0281535
8104.00,0.564561,0.0280691
8106.00,0.561313,0.0278647
8108.00,0.565119,0.0269597
8110.00,0.568787,0.0257238
8112.00,0.566603,0.0248352
8114.00,0.548811,0.0244039
8116.00,0.561059,0.0242327
8118.00,0.571449,0.0240587
8120.00,0.556041,0.0238885
8122.00,0.529813,0.0236693
8124.00,0.534963,0.0234450
8126.00,0.556074,0.0234535
8128.00,0.553294,0.0235536
8130.00,0.548564,0.0236748
8132.00,0.556999,0.0238772
8134.00,0.548075,0.0242086
8136.00,0.541681,0.0248951
8138.00,0.550648,0.0252421
8140.00,0.558582,0.0253133
8142.00,0.543901,0.0255226
8144.00,0.503192,0.0257798
8146.00,0.507014,0.0257020
8148.00,0.525530,0.0255889
8150.00,0.549870,0.0255633
8152.00,0.564749,0.0252868
8154.00,0.553372,0.0244734
8156.00,0.537126,0.0238964
8158.00,0.522647,0.0236723
8160.00,0.518991,0.0236262
8162.00,0.511846,0.0235227
8164.00,0.524922,0.0236186
8166.00,0.503344,0.0242529
8168.00,0.496383,0.0248725
8170.00,0.511244,0.0251635
8172.00,0.501051,0.0251751
8174.00,0.512922,0.0251676
8176.00,0.548623,0.0262261
8178.00,0.545325,0.0280939
8180.00,0.504378,0.0301709
8182.00,0.496510,0.0319473
8184.00,0.520400,0.0329190
8186.00,0.534414,0.0332602
8188.00,0.526159,0.0333844
8190.00,0.513979,0.0337317
8192.00,0.506159,0.0345030
8194.00,0.522093,0.0350478
8196.00,0.525809,0.0349080
8198.00,0.548412,0.0345547
8200.00,0.554487,0.0337361
8202.00,0.524398,0.0317468
8204.00,0.542329,0.0296513
8206.00,0.547030,0.0282200
8208.00,0.525965,0.0272458
8210.00,0.514741,0.0265523
8212.00,0.528631,0.0261349
8214.00,0.540487,0.0257329
8216.00,0.547463,0.0252933
8218.00,0.547487,0.0249129
8220.00,0.539793,0.0247207
8222.00,0.526797,0.0245405
8224.00,0.505994,0.0241653
8226.00,0.505672,0.0239505
8228.00,0.513035,0.0240600
8230.00,0.514343,0.0244957
8232.00,0.521267,0.0247428
8234.00,0.524947,0.0245677
8236.00,0.528640,0.0246400
8238.00,0.530456,0.0254741
8240.00,0.526016,0.0250925
8242.00,0.511864,0.0243749
8244.00,0.516225,0.0245616
8246.00,0.519014,0.0251219
8248.00,0.509276,0.0248134
8250.00,0.514965,0.0244886
8252.00,0.524395,0.0243196
8254.00,0.511924,0.0238640
8256.00,0.497704,0.0233860
8258.00,0.502166,0.0233340
8260.00,0.499040,0.0234089
8262.00,0.505981,0.0233847
8264.00,0.516181,0.0233180
8266.00,0.510535,0.0232817
8268.00,0.484108,0.0231667
8270.00,0.497566,0.0232622
8272.00,0.499622,0.0239113
8274.00,0.486874,0.0261806
8276.00,0.462483,0.0301597
8278.00,0.425688,0.0346109
8280.00,0.433588,0.0380199
8282.00,0.452833,0.0403413
8284.00,0.446340,0.0426285
8286.00,0.435773,0.0441851
8288.00,0.475104,0.0433767
8290.00,0.477115,0.0412343
8292.00,0.480069,0.0408939
8294.00,0.487869,0.0416536
8296.00,0.482075,0.0420154
8298.00,0.463997,0.0415340
8300.00,0.463054,0.0409249
8302.00,0.476830,0.0395140
8304.00,0.516161,0.0365953
8306.00,0.545101,0.0324390
8308.00,0.477739,0.0294654
8310.00,0.454626,0.0288760
8312.00,0.477007,0.0289639
8314.00,0.521271,0.0290266
8316.00,0.539914,0.0281344
8318.00,0.512435,0.0264178
8320.00,0.507077,0.0248438
8322.00,0.508523,0.0242068
8324.00,0.499334,0.0240504
8326.00,0.502697,0.0238069
8328.00,0.499785,0.0235417
8330.00,0.496773,0.0235592
8332.00,0.500847,0.0236468
8334.00,0.516460,0.0237763
8336.00,0.498201,0.0242995
8338.00,0.419202,0.0277419
8340.00,0.348732,0.0375099
8342.00,0.367062,0.0472256
8344.00,0.437560,0.0523803
8346.00,0.467728,0.0534022
8348.00,0.464472,0.0540910
8350.00,0.539482,0.0514087
8352.00,0.597733,0.0448422
8354.00,0.518807,0.0382059
8356.00,0.469444,0.0359548
8358.00,0.480020,0.0340588
8360.00,0.513888,0.0315098
8362.00,0.512777,0.0297652
8364.00,0.457461,0.0296053
8366.00,0.469016,0.0295797
8368.00,0.484526,0.0288189
8370.00,0.486545,0.0272585
8372.00,0.475996,0.0252556
8374.00,0.475398,0.0238615
8376.00,0.485443,0.0248034
8378.00,0.499275,0.0282241
8380.00,0.501059,0.0316006
8382.00,0.492087,0.0333417
8384.00,0.501916,0.0334067
8386.00,0.498004,0.0326995
8388.00,0.516163,0.0303292
8390.00,0.524005,0.0269409
8392.00,0.486080,0.0253313
8394.00,0.395279,0.0298100
8396.00,0.403955,0.0384562
8398.00,0.455360,0.0441888
8400.00,0.489840,0.0458367
8402.00,0.500579,0.0447872
8404.00,0.528272,0.0415535
8406.00,0.542587,0.0342352
8408.00,0.525113,0.0272775
8410.00,0.496022,0.0259415
8412.00,0.468286,0.0301839
8414.00,0.446715,0.0336383
8416.00,0.436865,0.0342726
8418.00,0.449057,0.0338083
8420.00,0.472329,0.0322329
8422.00,0.492821,0.0292011
8424.00,0.445034,0.0291068
8426.00,0.387061,0.0359165
8428.00,0.383241,0.0436227
8430.00,0.434808,0.0475129
8432.00,0.465657,0.0475566
8434.00,0.498970,0.0459838
8436.00,0.527406,0.0401964
8438.00,0.522444,0.0313088
8440.00,0.500734,0.0239877
8442.00,0.480874,0.0224142
8444.00,0.464976,0.0222194
8446.00,0.438125,0.0235797
8448.00,0.418629,0.0267494
8450.00,0.435746,0.0305534
8452.00,0.469765,0.0323921
8454.00,0.457952,0.0325010
8456.00,0.457428,0.0316719
8458.00,0.474192,0.0304074
8460.00,0.449034,0.0305740
8462.00,0.368118,0.0355317
8464.00,0.361248,0.0401538
8466.00,0.406513,0.0419297
8468.00,0.441107,0.0415744
8470.00,0.498554,0.0394098
8472.00,0.521636,0.0333848
8474.00,0.522595,0.0264518
8476.00,0.494540,0.0226264
8478.00,0.477402,0.0223261
8480.00,0.445514,0.0221257
8482.00,0.451239,0.0218441
8484.00,0.465727,0.0216216
8486.00,0.462648,0.0217707
8488.00,0.437833,0.0230748
8490.00,0.385503,0.0259528
8492.00,0.393708,0.0281351
8494.00,0.444164,0.0291802
8496.00,0.467869,0.0293957
8498.00,0.444358,0.0292468
8500.00,0.450736,0.0302778
8502.00,0.410128,0.0326222
8504.00,0.401111,0.0343679
8506.00,0.424715,0.0348220
8508.00,0.438702,0.0341254
8510.00,0.438459,0.0317290
8512.00,0.452805,0.0269870
8514.00,0.441749,0.0227123
8516.00,0.424011,0.0210900
8518.00,0.422953,0.0212390
8520.00,0.410703,0.0212068
8522.00,0.446590,0.0217247
8524.00,0.473777,0.0220792
8526.00,0.465393,0.0225102
8528.00,0.463599,0.0238409
8530.00,0.451593,0.0228302
8532.00,0.442825,0.0220505
8534.00,0.431351,0.0227965
8536.00,0.424511,0.0246508
8538.00,0.421498,0.0256909
8540.00,0.430212,0.0258171
8542.00,0.428754,0.0260938
8544.00,0.421623,0.0270805
8546.00,0.404079,0.0283928
8548.00,0.406055,0.0290132
8550.00,0.418890,0.0291580
8552.00,0.430852,0.0288654
8554.00,0.435750,0.0274472
8556.00,0.420691,0.0245946
8558.00,0.408722,0.0226325
8560.00,0.416066,0.0223528
8562.00,0.423781,0.0222508
8564.00,0.417275,0.0216787
8566.00,0.438476,0.0213709
8568.00,0.449893,0.0215078
8570.00,0.448541,0.0216608
8572.00,0.443840,0.0218856
8574.00,0.445770,0.0221995
8576.00,0.437372,0.0221226
8578.00,0.449640,0.0219733
8580.00,0.440235,0.0217602
8582.00,0.418402,0.0217679
8584.00,0.422395,0.0223009
8586.00,0.439366,0.0230916
8588.00,0.426069,0.0234416
8590.00,0.400900,0.0236132
8592.00,0.394134,0.0240886
8594.00,0.406294,0.0249467
8596.00,0.439143,0.0251199
8598.00,0.432726,0.0248289
8600.00,0.423466,0.0245769
8602.00,0.440260,0.0242817
8604.00,0.470732,0.0234156
8606.00,0.477021,0.0224924
8608.00,0.470117,0.0225240
8610.00,0.451217,0.0232255
8612.00,0.427213,0.0242869
8614.00,0.414121,0.0256262
8616.00,0.426971,0.0273451
8618.00,0.429174,0.0292575
8620.00,0.444457,0.0312410
8622.00,0.479337,0.0331459
8624.00,0.449085,0.0345956
8626.00,0.459630,0.0359580
8628.00,0.449322,0.0367878
8630.00,0.422744,0.0370700
8632.00,0.435282,0.0369365
8634.00,0.494653,0.0363900
8636.00,0.474633,0.0351058
8638.00,0.467568,0.0338692
8640.00,0.477371,0.0324456
8642.00,0.469213,0.0305774
8644.00,0.494016,0.0289461
8646.00,0.476159,0.0288944
8648.00,0.490970,0.0301300
8650.00,0.502080,0.0319990
8652.00,0.482374,0.0339791
8654.00,0.482363,0.0356142
8656.00,0.504522,0.0366627
8658.00,0.517352,0.0369741
8660.00,0.509211,0.0368564
8662.00,0.545905,0.0368333
8664.00,0.533002,0.0363193
8666.00,0.536490,0.0357820
8668.00,0.540898,0.0350785
8670.00,0.536188,0.0341669
8672.00,0.549966,0.0331642
8674.00,0.591049,0.0328244
8676.00,0.592964,0.0326281
8678.00,0.569293,0.0321667
8680.00,0.555837,0.0305883
8682.00,0.554562,0.0290900
8684.00,0.556951,0.0281246
8686.00,0.576922,0.0275110
8688.00,0.602980,0.0268614
8690.00,0.588249,0.0262212
8692.00,0.557086,0.0256268
8694.00,0.566161,0.0252519
8696.00,0.601649,0.0252064
8698.00,0.625537,0.0252723
8700.00,0.626841,0.0252126
8702.00,0.617763,0.0252204
8704.00,0.610692,0.0253180
8706.00,0.612936,0.0252786
8708.00,0.628497,0.0250618
8710.00,0.643340,0.0247764
8712.00,0.652987,0.0245248
8714.00,0.655114,0.0241489
8716.00,0.648866,0.0237350
8718.00,0.648125,0.0235115
8720.00,0.662096,0.0236502
8722.00,0.668956,0.0237401
8724.00,0.650814,0.0237316
8726.00,0.647231,0.0238322
8728.00,0.674371,0.0240503
8730.00,0.692498,0.0239313
8732.00,0.697542,0.0238661
8734.00,0.720540,0.0240672
8736.00,0.763294,0.0244585
8738.00,0.777637,0.0247370
8740.00,0.774757,0.0248118
8742.00,0.769471,0.0248073
8744.00,0.784315,0.0248839
8746.00,0.804088,0.0250583
8748.00,0.794054,0.0250801
8750.00,0.784952,0.0249965
8752.00,0.792831,0.0255394
8754.00,0.775059,0.0280470
8756.00,0.719293,0.0333574
8758.00,0.716668,0.0402865
8760.00,0.695778,0.0452286
8762.00,0.673085,0.0494271
8764.00,0.710884,0.0537646
8766.00,0.789554,0.0559611
8768.00,0.849471,0.0532786
8770.00,0.804018,0.0498464
8772.00,0.801127,0.0488207
8774.00,0.843980,0.0493226
8776.00,0.862839,0.0494104
8778.00,0.870910,0.0491476
8780.00,0.837555,0.0484474
8782.00,0.861406,0.0459636
8784.00,0.938769,0.0407383
8786.00,0.953704,0.0345350
8788.00,0.910329,0.0329665
8790.00,0.908397,0.0338239
8792.00,0.942182,0.0346348
8794.00,0.962955,0.0344554
8796.00,0.982113,0.0332517
8798.00,0.961226,0.0299609
8800.00,0.918152,0.0267274
8802.00,0.877738,0.0250036
8804.00,0.870495,0.0251539
8806.00,0.898200,0.0261254
8808.00,0.918532,0.0267326
8810.00,0.934058,0.0268353
8812.00,0.962778,0.0270174
8814.00,1.00224,0.0273392
8816.00,1.00563,0.0271703
8818.00,0.997317,0.0271733
8820.00,0.932457,0.0306180
8822.00,0.851839,0.0401393
8824.00,0.842184,0.0523827
8826.00,0.917412,0.0601624
8828.00,0.960648,0.0622764
8830.00,0.983517,0.0627431
8832.00,1.03225,0.0611331
8834.00,1.09014,0.0554107
8836.00,1.08924,0.0487079
8838.00,1.06207,0.0450776
8840.00,1.08126,0.0432671
8842.00,1.13184,0.0403080
8844.00,1.15307,0.0356045
8846.00,1.11481,0.0329309
8848.00,1.11131,0.0336761
8850.00,1.13830,0.0350198
8852.00,1.16481,0.0352422
8854.00,1.15997,0.0345221
8856.00,1.15337,0.0328900
8858.00,1.15142,0.0309593
8860.00,1.14348,0.0303904
8862.00,1.11920,0.0325091
8864.00,1.10774,0.0369874
8866.00,1.14645,0.0404292
8868.00,1.18437,0.0414221
8870.00,1.18714,0.0408705
8872.00,1.17256,0.0393160
8874.00,1.18032,0.0354485
8876.00,1.19093,0.0309672
8878.00,1.15989,0.0295582
8880.00,1.08784,0.0336794
8882.00,1.05298,0.0427758
8884.00,1.08340,0.0517009
8886.00,1.09605,0.0545784
8888.00,1.10801,0.0542140
8890.00,1.17916,0.0519565
8892.00,1.26375,0.0461307
8894.00,1.28228,0.0367446
8896.00,1.21541,0.0313852
8898.00,1.14696,0.0327942
8900.00,1.12110,0.0378884
8902.00,1.09639,0.0414904
8904.00,1.16882,0.0426809
8906.00,1.19891,0.0427828
8908.00,1.18925,0.0409442
8910.00,1.20333,0.0364222
8912.00,1.17367,0.0320693
8914.00,1.08338,0.0356878
8916.00,1.01816,0.0457177
8918.00,0.992876,0.0541689
8920.00,0.994134,0.0573860
8922.00,1.01341,0.0579164
8924.00,1.11446,0.0555528
8926.00,1.19547,0.0474381
8928.00,1.16319,0.0360230
8930.00,1.07344,0.0293939
8932.00,1.05286,0.0281249
8934.00,1.06196,0.0280166
8936.00,1.06665,0.0284915
8938.00,1.07531,0.0313227
8940.00,1.07914,0.0371453
8942.00,1.03908,0.0400077
8944.00,1.02321,0.0401849
8946.00,1.05324,0.0400061
8948.00,1.13554,0.0396095
8950.00,1.16319,0.0357265
8952.00,1.07160,0.0343906
8954.00,0.986593,0.0401865
8956.00,0.989801,0.0481674
8958.00,1.02296,0.0528096
8960.00,1.05200,0.0534494
8962.00,1.11036,0.0519032
8964.00,1.17006,0.0459596
8966.00,1.16007,0.0367563
8968.00,1.11696,0.0296635
8970.00,1.09813,0.0281255
8972.00,1.07403,0.0280600
8974.00,1.04953,0.0281213
8976.00,1.03737,0.0280594
8978.00,1.02634,0.0279034
8980.00,1.01232,0.0279171
8982.00,0.998422,0.0291170
8984.00,0.960994,0.0316964
8986.00,0.940503,0.0350382
8988.00,0.958136,0.0374799
8990.00,0.954923,0.0382614
8992.00,0.965322,0.0380511
8994.00,0.988996,0.0371900
8996.00,0.940749,0.0368001
8998.00,0.891002,0.0395245
9000.00,0.933411,0.0436764
9002.00,0.943542,0.0455773
9004.00,0.929179,0.0456531
9006.00,0.977109,0.0439311
9008.00,1.01023,0.0388307
9010.00,0.924776,0.0320774
9012.00,0.850044,0.0276647
9014.00,0.873771,0.0261046
9016.00,0.883708,0.0258320
9018.00,0.898636,0.0259205
9020.00,0.891111,0.0259582
9022.00,0.888583,0.0259472
9024.00,0.910926,0.0260063
9026.00,0.871584,0.0260640
9028.00,0.835531,0.0257180
9030.00,0.813629,0.0255562
9032.00,0.809961,0.0261948
9034.00,0.830615,0.0279145
9036.00,0.808024,0.0296335
9038.00,0.786029,0.0303018
9040.00,0.766137,0.0303833
9042.00,0.758600,0.0303288
9044.00,0.776339,0.0308849
9046.00,0.786485,0.0325352
9048.00,0.803533,0.0345282
9050.00,0.796654,0.0350365
9052.00,0.777821,0.0346240
9054.00,0.791313,0.0339532
9056.00,0.824986,0.0311423
9058.00,0.792751,0.0273175
9060.00,0.764075,0.0251770
9062.00,0.745759,0.0247180
9064.00,0.728590,0.0246411
9066.00,0.712069,0.0246555
9068.00,0.700366,0.0247997
9070.00,0.709856,0.0250851
9072.00,0.719919,0.0252087
9074.00,0.699681,0.0246441
9076.00,0.680245,0.0240118
9078.00,0.685630,0.0236383
9080.00,0.683299,0.0234712
9082.00,0.672162,0.0237314
9084.00,0.689737,0.0243139
9086.00,0.698836,0.0247555
9088.00,0.679555,0.0255348
9090.00,0.662655,0.0267263
9092.00,0.649777,0.0276350
9094.00,0.637965,0.0275169
9096.00,0.632239,0.0273707
9098.00,0.642282,0.0280344
9100.00,0.652793,0.0291410
9102.00,0.649233,0.0297673
9104.00,0.634216,0.0296794
9106.00,0.645806,0.0294345
9108.00,0.664652,0.0282368
9110.00,0.661450,0.0258571
9112.00,0.631034,0.0233499
9114.00,0.609425,0.0225256
9116.00,0.614761,0.0224081
9118.00,0.624261,0.0224974
9120.00,0.625684,0.0226255
9122.00,0.606869,0.0226028
9124.00,0.603881,0.0224257
9126.00,0.607763,0.0224134
9128.00,0.612908,0.0223586
9130.00,0.600139,0.0220668
9132.00,0.578350,0.0220246
9134.00,0.561070,0.0222701
9136.00,0.561154,0.0225814
9138.00,0.582272,0.0228171
9140.00,0.588372,0.0227172
9142.00,0.579919,0.0223845
9144.00,0.587966,0.0221477
9146.00,0.584161,0.0222955
9148.00,0.553765,0.0228545
9150.00,0.547139,0.0238416
9152.00,0.566613,0.0246600
9154.00,0.578272,0.0253538
9156.00,0.568016,0.0264288
9158.00,0.545138,0.0277446
9160.00,0.543915,0.0278613
9162.00,0.544896,0.0270375
9164.00,0.528105,0.0259907
9166.00,0.522641,0.0250831
9168.00,0.520105,0.0243074
9170.00,0.558273,0.0233090
9172.00,0.541630,0.0226519
9174.00,0.553055,0.0224995
9176.00,0.570519,0.0227504
9178.00,0.556308,0.0228813
9180.00,0.559128,0.0227890
9182.00,0.567942,0.0223594
9184.00,0.570968,0.0220814
9186.00,0.578577,0.0222050
9188.00,0.582193,0.0224265
9190.00,0.566774,0.0222743
9192.00,0.549805,0.0220069
9194.00,0.533412,0.0218517
9196.00,0.535909,0.0219269
9198.00,0.546799,0.0220037
9200.00,0.548143,0.0221363
9202.00,0.559040,0.0222364
9204.00,0.571980,0.0222596
9206.00,0.566664,0.0221507
9208.00,0.535790,0.0220006
9210.00,0.532979,0.0223698
9212.00,0.549470,0.0231646
9214.00,0.559353,0.0239398
9216.00,0.560109,0.0244917
9218.00,0.579010,0.0250203
9220.00,0.571366,0.0257379
9222.00,0.555873,0.0266505
9224.00,0.552933,0.0270844
9226.00,0.570700,0.0267086
9228.00,0.566828,0.0258600
9230.00,0.539801,0.0248486
9232.00,0.527821,0.0235907
9234.00,0.537182,0.0224998
9236.00,0.544835,0.0220028
9238.00,0.535957,0.0219128
9240.00,0.527617,0.0217798
9242.00,0.520651,0.0216314
9244.00,0.515965,0.0216660
9246.00,0.524628,0.0220633
9248.00,0.516165,0.0226516
9250.00,0.518512,0.0230849
9252.00,0.517276,0.0231807
9254.00,0.506479,0.0227787
9256.00,0.506060,0.0222218
9258.00,0.498414,0.0218522
9260.00,0.497151,0.0217503
9262.00,0.499435,0.0217752
9264.00,0.496436,0.0218307
9266.00,0.502536,0.0219738
9268.00,0.501642,0.0216770
9270.00,0.511936,0.0212574
9272.00,0.507187,0.0207955
9274.00,0.480843,0.0205645
9276.00,0.480684,0.0206097
9278.00,0.479176,0.0208704
9280.00,0.485755,0.0214083
9282.00,0.497233,0.0221173
9284.00,0.492229,0.0226853
9286.00,0.481044,0.0230283
9288.00,0.474055,0.0235665
9290.00,0.470199,0.0242063
9292.00,0.464530,0.0244558
9294.00,0.469328,0.0240128
9296.00,0.452106,0.0233862
9298.00,0.435583,0.0237257
9300.00,0.424999,0.0270471
9302.00,0.407379,0.0346437
9304.00,0.367320,0.0448898
9306.00,0.324696,0.0531219
9308.00,0.264809,0.0623913
9310.00,0.303640,0.0720884
9312.00,0.451032,0.0777363
9314.00,0.447322,0.0754291
9316.00,0.423736,0.0716485
9318.00,0.407620,0.0709769
9320.00,0.410784,0.0710729
9322.00,0.440101,0.0692041
9324.00,0.396630,0.0668008
9326.00,0.424848,0.0661338
9328.00,0.483850,0.0627319
9330.00,0.504620,0.0532387
9332.00,0.458672,0.0411076
9334.00,0.425471,0.0380519
9336.00,0.440916,0.0406890
9338.00,0.434248,0.0430347
9340.00,0.416368,0.0430958
9342.00,0.388360,0.0420762
9344.00,0.435175,0.0405247
9346.00,0.506831,0.0382378
9348.00,0.568780,0.0353505
9350.00,0.579410,0.0321239
9352.00,0.556834,0.0293728
9354.00,0.504403,0.0277335
9356.00,0.475254,0.0275893
9358.00,0.475726,0.0285801
9360.00,0.490575,0.0294381
9362.00,0.473914,0.0288643
9364.00,0.453624,0.0276063
9366.00,0.445758,0.0273142
9368.00,0.426859,0.0318266
9370.00,0.437856,0.0457891
9372.00,0.448852,0.0683038
9374.00,0.459849,0.0853034
9376.00,0.470845,0.0903213
9378.00,0.481842,0.0887306
9380.00,0.492838,0.0855774
9382.00,0.506853,0.0761289
9384.00,0.520867,0.0596972
9386.00,0.534882,0.0452082
9388.00,0.491255,0.0390235
9390.00,0.525365,0.0365082
9392.00,0.493577,0.0327244
9394.00,0.483179,0.0293272
9396.00,0.460296,0.0280260
9398.00,0.435220,0.0303174
9400.00,0.442528,0.0348256
9402.00,0.440478,0.0371383
9404.00,0.451364,0.0375469
9406.00,0.481194,0.0363478
9408.00,0.507152,0.0331697
9410.00,0.507565,0.0284796
9412.00,0.462224,0.0259609
9414.00,0.434724,0.0287260
9416.00,0.421752,0.0352852
9418.00,0.425316,0.0414674
9420.00,0.441943,0.0441381
9422.00,0.446186,0.0449284
9424.00,0.476072,0.0438065
9426.00,0.528596,0.0399701
9428.00,0.513688,0.0338937
9430.00,0.481474,0.0299170
9432.00,0.424345,0.0312067
9434.00,0.348578,0.0391859
9436.00,0.335091,0.0513450
9438.00,0.373628,0.0629346
9440.00,0.372296,0.0708432
9442.00,0.394974,0.0764352
9444.00,0.491733,0.0762827
9446.00,0.492337,0.0656154
9448.00,0.492942,0.0456277
9450.00,0.493546,0.0328227
9452.00,0.417913,0.0304943
9454.00,0.410209,0.0367996
9456.00,0.459625,0.0458339
9458.00,0.438562,0.0525955
9460.00,0.460409,0.0559134
9462.00,0.501264,0.0555527
9464.00,0.531981,0.0497138
9466.00,0.496076,0.0387160
9468.00,0.468095,0.0301061
9470.00,0.416189,0.0314345
9472.00,0.334678,0.0436038
9474.00,0.318030,0.0587394
9476.00,0.372765,0.0693805
9478.00,0.404669,0.0721854
9480.00,0.507049,0.0724331
9482.00,0.506635,0.0684170
9484.00,0.506221,0.0564271
9486.00,0.505807,0.0391368
9488.00,0.505393,0.0291117
9490.00,0.490969,0.0256218
9492.00,0.486532,0.0248371
9494.00,0.472021,0.0250304
9496.00,0.460180,0.0282868
9498.00,0.416020,0.0372321
9500.00,0.402002,0.0487016
9502.00,0.444378,0.0561972
9504.00,0.512772,0.0570086
9506.00,0.534603,0.0526596
9508.00,0.571309,0.0455469
9510.00,0.551716,0.0368782
9512.00,0.476550,0.0310435
9514.00,0.406404,0.0345911
9516.00,0.409344,0.0469330
9518.00,0.404784,0.0583814
9520.00,0.417281,0.0649312
9522.00,0.453057,0.0669408
9524.00,0.550048,0.0645603
9526.00,0.539474,0.0550970
9528.00,0.528901,0.0414959
9530.00,0.518327,0.0313499
9532.00,0.497219,0.0291982
9534.00,0.526140,0.0297894
9536.00,0.535129,0.0302890
9538.00,0.543748,0.0306790
9540.00,0.550411,0.0306908
9542.00,0.545604,0.0298732
9544.00,0.491868,0.0285946
9546.00,0.472036,0.0303296
9548.00,0.429552,0.0354934
9550.00,0.416307,0.0411675
9552.00,0.469101,0.0442348
9554.00,0.478507,0.0441722
9556.00,0.482767,0.0440944
9558.00,0.511768,0.0424673
9560.00,0.473777,0.0395034
9562.00,0.347402,0.0403070
9564.00,0.386311,0.0487936
9566.00,0.467220,0.0567571
9568.00,0.476777,0.0615242
9570.00,0.473505,0.0618922
9572.00,0.522867,0.0568020
9574.00,0.553962,0.0461288
9576.00,0.535013,0.0344272
9578.00,0.497534,0.0266530
9580.00,0.485251,0.0247225
9582.00,0.500055,0.0247958
9584.00,0.508116,0.0245806
9586.00,0.503157,0.0241237
9588.00,0.497267,0.0241044
9590.00,0.500965,0.0247166
9592.00,0.500776,0.0254121
9594.00,0.493566,0.0257519
9596.00,0.490780,0.0254762
9598.00,0.487935,0.0249044
9600.00,0.451979,0.0246741
9602.00,0.447614,0.0265160
9604.00,0.471543,0.0302823
9606.00,0.471912,0.0339300
9608.00,0.455774,0.0362546
9610.00,0.464828,0.0367515
9612.00,0.477868,0.0355820
9614.00,0.470982,0.0337754
9616.00,0.448384,0.0339439
9618.00,0.421721,0.0368839
9620.00,0.407939,0.0406834
9622.00,0.433246,0.0424582
9624.00,0.454956,0.0423900
9626.00,0.469380,0.0402426
9628.00,0.475055,0.0356798
9630.00,0.495976,0.0301708
9632.00,0.484090,0.0267457
9634.00,0.462342,0.0252386
9636.00,0.458338,0.0245958
9638.00,0.475845,0.0242180
9640.00,0.481094,0.0239420
9642.00,0.474296,0.0237515
9644.00,0.463840,0.0237145
9646.00,0.453066,0.0239143
9648.00,0.445077,0.0242758
9650.00,0.446216,0.0251400
9652.00,0.454825,0.0265351
9654.00,0.465530,0.0278007
9656.00,0.460435,0.0283889
9658.00,0.460879,0.0287846
9660.00,0.480321,0.0293599
9662.00,0.480091,0.0306415
9664.00,0.458650,0.0333275
9666.00,0.442713,0.0369482
9668.00,0.460452,0.0396798
9670.00,0.462668,0.0403488
9672.00,0.440083,0.0401753
9674.00,0.416290,0.0393184
9676.00,0.394241,0.0387552
9678.00,0.407108,0.0409784
9680.00,0.399719,0.0448390
9682.00,0.429988,0.0471207
9684.00,0.462757,0.0469429
9686.00,0.471464,0.0447904
9688.00,0.505837,0.0415667
9690.00,0.444507,0.0374385
9692.00,0.398327,0.0353539
9694.00,0.383388,0.0371869
9696.00,0.399922,0.0419563
9698.00,0.440281,0.0457164
9700.00,0.431296,0.0464677
9702.00,0.434860,0.0460863
9704.00,0.470233,0.0444279
9706.00,0.489824,0.0401502
9708.00,0.441290,0.0356469
9710.00,0.442125,0.0349140
9712.00,0.459449,0.0366176
9714.00,0.431820,0.0401033
9716.00,0.393876,0.0455490
9718.00,0.423448,0.0500203
9720.00,0.399707,0.0507291
9722.00,0.397929,0.0496399
9724.00,0.407414,0.0476485
9726.00,0.447786,0.0433235
9728.00,0.490651,0.0365608
9730.00,0.467620,0.0321100
9732.00,0.412674,0.0321390
9734.00,0.388286,0.0354604
9736.00,0.406691,0.0388373
9738.00,0.453712,0.0407279
9740.00,0.457771,0.0412730
9742.00,0.417603,0.0405920
9744.00,0.409579,0.0387480
9746.00,0.442322,0.0359925
9748.00,0.446135,0.0337643
9750.00,0.445807,0.0320386
9752.00,0.459191,0.0302643
9754.00,0.444254,0.0278824
9756.00,0.431910,0.0263662
9758.00,0.447013,0.0264316
9760.00,0.476102,0.0273506
9762.00,0.480749,0.0274585
9764.00,0.457390,0.0261172
9766.00,0.454968,0.0251053
9768.00,0.456803,0.0248974
9770.00,0.448285,0.0248322
9772.00,0.431681,0.0246872
9774.00,0.452620,0.0251951
9776.00,0.454878,0.0259738
9778.00,0.428961,0.0264130
9780.00,0.396508,0.0270543
9782.00,0.383524,0.0293547
9784.00,0.397826,0.0360997
9786.00,0.336492,0.0485916
9788.00,0.259696,0.0617994
9790.00,0.236074,0.0713800
9792.00,0.335319,0.0760473
9794.00,0.414972,0.0776421
9796.00,0.468090,0.0757231
9798.00,0.503739,0.0692692
9800.00,0.516484,0.0601050
9802.00,0.411268,0.0533947
9804.00,0.448722,0.0504266
9806.00,0.511616,0.0470585
9808.00,0.506782,0.0432867
9810.00,0.430656,0.0408217
9812.00,0.386610,0.0403810
9814.00,0.412412,0.0406211
9816.00,0.442290,0.0403597
9818.00,0.472058,0.0390800
9820.00,0.546477,0.0372566
9822.00,0.581562,0.0355275
9824.00,0.648929,0.0350051
9826.00,0.698374,0.0347936
9828.00,0.677120,0.0343276
9830.00,0.578964,0.0332810
9832.00,0.502983,0.0323419
9834.00,0.466799,0.0316354
9836.00,0.459488,0.0305536
9838.00,0.468440,0.0296613
9840.00,0.437083,0.0335296
9842.00,0.453842,0.0333500
9844.00,0.433534,0.0357960
9846.00,0.393696,0.0407418
9848.00,0.381272,0.0447782
9850.00,0.387238,0.0461595
9852.00,0.391569,0.0450261
9854.00,0.410790,0.0414850
9856.00,0.432479,0.0360793
9858.00,0.465443,0.0313295
9860.00,0.448563,0.0292833
9862.00,0.419597,0.0294708
9864.00,0.383093,0.0319838
9866.00,0.343062,0.0389777
9868.00,0.317922,0.0503775
9870.00,0.327565,0.0624308
9872.00,0.387464,0.0690636
9874.00,0.467180,0.0709144
9876.00,0.527669,0.0688787
9878.00,0.493206,0.0615117
9880.00,0.475430,0.0484915
9882.00,0.472824,0.0385952
9884.00,0.468158,0.0343459
9886.00,0.432426,0.0346727
9888.00,0.389935,0.0372979
9890.00,0.385551,0.0427473
9892.00,0.405124,0.0496724
9894.00,0.431391,0.0550211
9896.00,0.430360,0.0573456
9898.00,0.424561,0.0564702
9900.00,0.461754,0.0526818
9902.00,0.464061,0.0458375
9904.00,0.417276,0.0389718
9906.00,0.371955,0.0365927
9908.00,0.388705,0.0416021
9910.00,0.395067,0.0535091
9912.00,0.342471,0.0665528
9914.00,0.297978,0.0754325
9916.00,0.323778,0.0785485
9918.00,0.360189,0.0769037
9920.00,0.414981,0.0700356
9922.00,0.472379,0.0579962
9924.00,0.475546,0.0448227
9926.00,0.400786,0.0367807
9928.00,0.402765,0.0350421
9930.00,0.427202,0.0346585
9932.00,0.430080,0.0351797
9934.00,0.401648,0.0376610
9936.00,0.342631,0.0441875
9938.00,0.273077,0.0561292
9940.00,0.230965,0.0711247
9942.00,0.243018,0.0860244
9944.00,0.302288,0.0983995
9946.00,0.353203,0.105400
9948.00,0.338872,0.104799
9950.00,0.310056,0.100210
9952.00,0.341238,0.0950378
9954.00,0.444904,0.0914401
9956.00,0.446694,0.0903817
9958.00,0.389899,0.0935821
9960.00,0.470113,0.0971310
9962.00,0.530633,0.0961135
9964.00,0.524454,0.0889491
9966.00,0.453233,0.0794016
9968.00,0.360819,0.0707352
9970.00,0.350922,0.0632484
9972.00,0.429656,0.0593363
9974.00,0.498569,0.0605017
9976.00,0.537392,0.0590839
9978.00,0.449295,0.0565584
9980.00,0.439686,0.0530947
9982.00,0.468088,0.0481988
9984.00,0.447945,0.0443589
9986.00,0.416458,0.0403557
9988.00,0.421002,0.0377539
9990.00,0.443089,0.0372770
9992.00,0.422292,0.0379745
9994.00,0.417891,0.0401064
9996.00,0.427816,0.0443846
9998.00,0.400247,0.0486689
10000.0,0.390629,0.0516743
10002.0,0.424048,0.0534623
10004.0,0.372456,0.0552001
10006.0,0.291229,0.0614888
10008.0,0.200991,0.0760347
10010.0,0.192231,0.0940344
10012.0,0.258089,0.108126
10014.0,0.210014,0.113687
10016.0,0.288153,0.112813
10018.0,0.414207,0.105848
10020.0,0.488104,0.0931315
10022.0,0.444154,0.0802876
10024.0,0.362778,0.0758646
10026.0,0.332580,0.0752003
10028.0,0.370389,0.0738561
10030.0,0.426665,0.0698479
10032.0,0.414254,0.0620699
10034.0,0.391352,0.0527309
10036.0,0.368509,0.0474281
10038.0,0.371014,0.0476885
10040.0,0.351779,0.0511290
10042.0,0.351421,0.0543297
10044.0,0.374272,0.0556246
10046.0,0.403865,0.0557230
10048.0,0.433612,0.0542466
10050.0,0.450388,0.0507652
10052.0,0.464824,0.0469715
10054.0,0.425428,0.0479908
10056.0,0.381654,0.0545533
10058.0,0.358806,0.0628844
10060.0,0.383255,0.0691223
10062.0,0.415519,0.0724107
10064.0,0.436724,0.0738454
10066.0,0.418418,0.0727845
10068.0,0.375514,0.0697352
10070.0,0.389336,0.0666518
10072.0,0.455656,0.0647047
10074.0,0.448349,0.0639892
10076.0,0.373225,0.0674227
10078.0,0.313056,0.0764513
10080.0,0.320369,0.0882810
10082.0,0.276688,0.0967538
10084.0,0.267854,0.0996964
10086.0,0.339336,0.0974810
10088.0,0.457593,0.0891246
10090.0,0.471273,0.0744550
10092.0,0.454176,0.0606171
10094.0,0.423704,0.0538228
10096.0,0.402013,0.0541376
10098.0,0.385836,0.0592456
10100.0,0.370974,0.0679467
10102.0,0.355550,0.0760014
10104.0,0.364334,0.0799956
10106.0,0.427338,0.0805723
10108.0,0.515634,0.0781059
10110.0,0.529805,0.0706015
10112.0,0.459176,0.0611182
10114.0,0.388567,0.0555403
10116.0,0.393048,0.0584134
10118.0,0.377779,0.0702077
10120.0,0.342700,0.0901555
10122.0,0.345618,0.108466
10124.0,0.382999,0.119045
10126.0,0.474736,0.121987
10128.0,0.524312,0.117944
10130.0,0.551437,0.106171
10132.0,0.545648,0.0883394
10134.0,0.552151,0.0726734
10136.0,0.518767,0.0656350
10138.0,0.466185,0.0641618
10140.0,0.451740,0.0644903
10142.0,0.465589,0.0665416
10144.0,0.469121,0.0705765
10146.0,0.441536,0.0775664
10148.0,0.385143,0.0863597
10150.0,0.285994,0.0958154
10152.0,0.279430,0.103559
10154.0,0.404101,0.108361
10156.0,0.567969,0.110332
10158.0,0.529311,0.108090
10160.0,0.473745,0.102424
10162.0,0.399205,0.0973034
10164.0,0.350305,0.0978736
10166.0,0.405625,0.107917
10168.0,0.359893,0.119125
10170.0,0.215079,0.144845
10172.0,0.199905,0.154470
10174.0,0.315504,0.156416
10176.0,0.345892,0.151509
10178.0,0.545627,0.138407
10180.0,0.482201,0.120792
10182.0,0.499420,0.109300
10184.0,0.381097,0.110719
10186.0,0.421472,0.121562
10188.0,0.429394,0.130678
10190.0,0.423758,0.134911
10192.0,0.387866,0.134272
10194.0,0.468863,0.129430
10196.0,0.652668,0.119838
10198.0,0.640217,0.109651
10200.0,0.427268,0.106178
10202.0,0.200351,0.110890
10204.0,0.251868,0.122570
10206.0,0.352643,0.140473
10208.0,0.440827,0.157131
10210.0,0.460978,0.165268
10212.0,0.473082,0.165120
10214.0,0.487341,0.159214
10216.0,0.436446,0.145952
10218.0,0.449052,0.127194
10220.0,0.438969,0.114236
10222.0,0.328679,0.115670
10224.0,0.173044,0.126980
10226.0,0.200261,0.138295
10228.0,0.282097,0.146169
10230.0,0.282814,0.147776
10232.0,0.296414,0.140948
10234.0,0.537432,0.128059
10236.0,0.573444,0.113578
10238.0,0.520994,0.0995206
10240.0,0.470951,0.0883161
10242.0,0.446245,0.0818461
10244.0,0.403092,0.0786553
10246.0,0.435449,0.0780669
10248.0,0.459027,0.0780999
10250.0,0.482954,0.0785543
10252.0,0.469846,0.0794765
10254.0,0.500089,0.0803178
10256.0,0.411345,0.0814350
10258.0,0.358716,0.0839703
10260.0,0.383093,0.0870766
10262.0,0.503528,0.0896237
10264.0,0.388072,0.0926702
10266.0,0.337587,0.0992219
10268.0,0.388761,0.107574
10270.0,0.449824,0.114750
10272.0,0.388047,0.118407
10274.0,0.413485,0.120241
10276.0,0.419106,0.121881
10278.0,0.318561,0.129812
10280.0,0.337821,0.156005
10282.0,0.320761,0.207063
10284.0,0.303702,0.262212
10286.0,0.286642,0.296023
10288.0,0.269583,0.310572
10290.0,0.252523,0.312056
10292.0,0.235464,0.310842
10294.0,0.408949,0.281571
10296.0,0.177683,0.248061
10298.0,0.142150,0.216725
10300.0,0.284660,0.206239
10302.0,0.314218,0.188415
10304.0,0.434833,0.169105
10306.0,0.471760,0.157937
10308.0,0.423387,0.156866
10310.0,0.391497,0.157446
10312.0,0.233098,0.154345
10314.0,0.223537,0.150259
10316.0,0.383079,0.143432
10318.0,0.569183,0.134292
10320.0,0.596073,0.129158
10322.0,0.530550,0.129152
10324.0,0.436043,0.130270
10326.0,0.407153,0.132598
10328.0,0.420184,0.135812
10330.0,0.448528,0.138612
10332.0,0.486775,0.139790
10334.0,0.418258,0.140574
10336.0,0.306432,0.146349
10338.0,0.284882,0.145220
10340.0,0.461410,0.154731
10342.0,0.480956,0.178872
10344.0,0.527641,0.202522
10346.0,0.667683,0.220488
10348.0,0.757009,0.237752
10350.0,0.555067,0.243432
10352.0,0.663909,0.238724
10354.0,0.598733,0.223830
10356.0,0.613880,0.196013
10358.0,0.803544,0.186343
10360.0,0.711850,0.178907
10362.0,0.692774,0.193873
10364.0,0.694816,0.214615
10366.0,0.263836,0.243244
10368.0,0.447610,0.257554
10370.0,0.402138,0.316314
10372.0,0.356666,0.345875
10374.0,0.294188,0.371389
10376.0,0.231711,0.368251
10378.0,0.169233,0.343939
10380.0,0.498193,0.293593
10382.0,0.558482,0.241927
10384.0,0.383864,0.206776
10386.0,0.361092,0.196552
10388.0,0.589602,0.198962
10390.0,0.483774,0.210368
10392.0,0.386305,0.237373
10394.0,0.584538,0.268083
10396.0,0.555891,0.289459
10398.0,0.398822,0.282283
10400.0,0.326373,0.289777
10402.0,0.471296,0.273927
10404.0,0.754197,0.245670
10406.0,0.518415,0.207827
10408.0,0.434656,0.201346
10410.0,0.387365,0.218616
10412.0,0.262785,0.253939
10414.0,0.187660,0.316097
10416.0,0.279778,0.380153
10418.0,0.371895,0.401521
10420.0,0.655346,0.422577
10422.0,0.680242,0.413928
10424.0,0.333800,0.377338
10426.0,0.383153,0.313117
10428.0,0.533583,0.263224
10430.0,0.553857,0.223882
10432.0,0.383820,0.219797
10434.0,0.377983,0.210637
10436.0,0.459448,0.201665
10438.0,0.329029,0.198597
10440.0,0.272607,0.198596
10442.0,0.338832,0.202518
10444.0,0.226769,0.214667
10446.0,0.410906,0.242610
10448.0,0.509533,0.273273
10450.0,0.630098,0.292668
10452.0,0.613098,0.298784
10454.0,0.372641,0.293393
10456.0,0.479532,0.270719
10458.0,0.492339,0.250137
10460.0,0.349334,0.243292
10462.0,0.291575,0.242066
10464.0,0.298811,0.284210
10466.0,0.306047,0.350141
10468.0,0.313283,0.395453
10470.0,0.320519,0.426966
10472.0,0.327756,0.429992
10474.0,0.628087,0.410581
10476.0,0.576170,0.361940
10478.0,0.450872,0.292820
10480.0,0.400249,0.247802
10482.0,0.488960,0.241176
10484.0,0.615026,0.240617
10486.0,0.447548,0.241276
10488.0,0.619381,0.242961
10490.0,0.641132,0.243337
10492.0,0.419448,0.239774
10494.0,0.497044,0.240883
10496.0,0.407364,0.242459
10498.0,0.592060,0.237334
10500.0,0.399023,0.246020
10502.0,0.475954,0.245027
10504.0,0.244875,0.259036
10506.0,0.127466,0.283781
10508.0,0.182161,0.306692
10510.0,0.114216,0.320223
10512.0,0.332115,0.323923
10514.0,0.799608,0.321655
10516.0,0.653286,0.308483
10518.0,0.490968,0.304971
10520.0,0.328650,0.306858
10522.0,0.162375,0.336380
10524.0,0.247640,0.361508
10526.0,0.806368,0.376292
10528.0,0.697782,0.380644
10530.0,0.589196,0.348521
10532.0,0.340412,0.300319
10534.0,0.104636,0.263931
10536.0,0.568667,0.248084
10538.0,0.737899,0.242612
10540.0,0.501451,0.236574
10542.0,0.145218,0.232518
10544.0,0.271820,0.230138
10546.0,0.297554,0.227966
10548.0,0.0684051,0.225513
10550.0,0.397345,0.222928
10552.0,0.389488,0.237947
10554.0,0.197549,0.241925
10556.0,0.204773,0.236902
10558.0,0.419679,0.225957
10560.0,0.394888,0.223695
10562.0,0.187373,0.227087
10564.0,0.0607334,0.231915
10566.0,0.461616,0.225986
10568.0,0.850981,0.248812
10570.0,0.609788,0.256271
10572.0,0.461797,0.260519
10574.0,0.552344,0.261519
10576.0,0.187311,0.259352
10578.0,0.550458,0.254791
10580.0,0.362598,0.258243
10582.0,0.488650,0.281563
10584.0,0.689120,0.286519
10586.0,0.396389,0.293068
10588.0,0.218369,0.293469
10590.0,0.268723,0.286759
10592.0,0.443343,0.275218
10594.0,0.593777,0.261676
10596.0,0.556843,0.248458
10598.0,0.151514,0.236981
10600.0,0.130080,0.240988
10602.0,0.478537,0.249887
10604.0,0.752118,0.256196
10606.0,0.760202,0.259555
10608.0,0.768287,0.259439
10610.0,0.421304,0.251480
10612.0,0.350926,0.252399
10614.0,0.573211,0.262387
10616.0,0.523869,0.265215
10618.0,0.357397,0.267182
10620.0,0.401797,0.271485
10622.0,0.588542,0.276825
10624.0,0.659775,0.284071
10626.0,0.662188,0.292194
10628.0,0.498387,0.292156
10630.0,0.675812,0.298000
10632.0,0.505275,0.300321
10634.0,0.155780,0.307486
10636.0,0.624751,0.321611
10638.0,0.677577,0.329071
10640.0,0.0799609,0.337846
10642.0,0.479588,0.346858
10644.0,0.907691,0.355648
10646.0,0.795592,0.353785
10648.0,0.494738,0.375786
10650.0,0.193884,0.375805
10652.0,0.252260,0.377994
10654.0,0.321390,0.386291
10656.0,0.272149,0.386694
10658.0,0.222907,0.400133
10660.0,0.416183,0.375407
10662.0,0.224887,0.364386
10664.0,0.757117,0.366732
10666.0,0.947604,0.384566
10668.0,0.631877,0.385501
10670.0,0.361070,0.389905
10672.0,0.297608,0.393975
10674.0,0.606273,0.383692
10676.0,0.541219,0.387903
10678.0,0.548703,0.397408
10680.0,0.406630,0.419859
10682.0,0.264557,0.448249
10684.0,0.122483,0.473553
10686.0,0.110620,0.476326
10688.0,0.0987574,0.483010
10690.0,0.0552906,0.486538
10692.0,0.585326,0.491216
10694.0,0.506630,0.503876
10696.0,0.427934,0.512352
10698.0,0.733790,0.523256
10700.0,0.549325,0.507228
10702.0,0.874916,0.487571
10704.0,0.907937,0.478118
10706.0,0.940958,0.494121
10708.0,0.455910,0.508556
10710.0,0.269889,0.513445
10712.0,0.400589,0.549799
10714.0,0.531289,0.531954
10716.0,0.661989,0.502144
