3800.000 5.2604e-15
3801.525 5.4923e-15
3803.050 5.0155e-15
3804.575 4.8554e-15
3806.100 5.2654e-15
3807.625 5.2698e-15
3809.150 4.9407e-15
3810.675 5.2186e-15
3812.200 5.0036e-15
3813.725 5.1716e-15
3815.250 5.0194e-15
3816.775 4.8726e-15
3818.300 4.9825e-15
3819.825 5.2631e-15
3821.350 5.6599e-15
3822.875 5.4611e-15
3824.400 5.0234e-15
3825.925 5.3435e-15
3827.450 5.7096e-15
3828.975 5.684e-15
3830.500 5.8929e-15
3832.025 5.7617e-15
3833.550 5.6509e-15
3835.075 5.391e-15
3836.600 5.5218e-15
3838.125 5.5791e-15
3839.650 5.6022e-15
3841.175 5.3173e-15
3842.700 5.0484e-15
3844.225 5.1889e-15
3845.750 4.8479e-15
3847.275 4.9503e-15
3848.800 5.4753e-15
3850.325 5.5525e-15
3851.850 5.4831e-15
3853.375 5.7047e-15
3854.900 5.8116e-15
3856.425 6.2745e-15
3857.950 5.3941e-15
3859.475 5.5157e-15
3861.000 5.7793e-15
3862.525 5.6415e-15
3864.050 5.6153e-15
3865.575 6.431e-15
3867.100 6.7863e-15
3868.625 5.8712e-15
3870.150 6.0609e-15
3871.675 5.9029e-15
3873.200 5.8619e-15
3874.725 6.3646e-15
3876.250 5.7168e-15
3877.775 5.2541e-15
3879.300 5.3754e-15
3880.825 5.5209e-15
3882.350 5.3528e-15
3883.875 4.9573e-15
3885.400 5.1269e-15
3886.925 5.2495e-15
3888.450 5.2329e-15
3889.975 5.2051e-15
3891.500 5.4222e-15
3893.025 5.5815e-15
3894.550 5.1629e-15
3896.075 5.1135e-15
3897.600 5.1999e-15
3899.125 5.3049e-15
3900.650 5.1991e-15
3902.175 5.1939e-15
3903.700 5.2829e-15
3905.225 5.3511e-15
3906.750 5.0598e-15
3908.275 5.0182e-15
3909.800 5.0502e-15
3911.325 4.9902e-15
3912.850 5.1739e-15
3914.375 5.0714e-15
3915.900 5.2855e-15
3917.425 5.2877e-15
3918.950 4.9714e-15
3920.475 4.8864e-15
3922.000 5.0037e-15
3923.525 5.1653e-15
3925.050 5.3674e-15
3926.575 4.8469e-15
3928.100 4.8362e-15
3929.625 4.911e-15
3931.150 4.8697e-15
3932.675 4.8272e-15
3934.200 4.9767e-15
3935.725 5.0952e-15
3937.250 5.1423e-15
3938.775 5.0206e-15
3940.300 4.8572e-15
3941.825 4.9973e-15
3943.350 4.894e-15
3944.875 4.8818e-15
3946.400 4.9326e-15
3947.925 4.978e-15
3949.450 5.2991e-15
3950.975 5.2317e-15
3952.500 5.3136e-15
3954.025 5.3619e-15
3955.550 5.1386e-15
3957.075 5.2258e-15
3958.600 4.9739e-15
3960.125 4.7049e-15
3961.650 4.9562e-15
3963.175 5.1153e-15
3964.700 5.0445e-15
3966.225 5.2467e-15
3967.750 5.049e-15
3969.275 5.007e-15
3970.800 5.0303e-15
3972.325 5.1215e-15
3973.850 5.1654e-15
3975.375 5.2636e-15
3976.900 5.3816e-15
3978.425 5.3806e-15
3979.950 5.2808e-15
3981.475 5.2542e-15
3983.000 5.2056e-15
3984.525 5.509e-15
3986.050 5.8177e-15
3987.575 5.5293e-15
3989.100 5.6788e-15
3990.625 5.7052e-15
3992.150 5.5277e-15
3993.675 5.2902e-15
3995.200 5.4496e-15
3996.725 6.1356e-15
3998.250 5.9312e-15
3999.775 5.555e-15
4001.300 5.6034e-15
4002.825 5.3995e-15
4004.350 5.6229e-15
4005.875 5.4598e-15
4007.400 5.5919e-15
4008.925 5.6308e-15
4010.450 5.674e-15
4011.975 5.8131e-15
4013.500 5.8773e-15
4015.025 6.012e-15
4016.550 6.0171e-15
4018.075 6.1242e-15
4019.600 6.0033e-15
4021.125 6.0358e-15
4022.650 6.3163e-15
4024.175 6.3434e-15
4025.700 6.1269e-15
4027.225 5.9521e-15
4028.750 5.9613e-15
4030.275 6.1815e-15
4031.800 6.0213e-15
4033.325 6.0709e-15
4034.850 5.852e-15
4036.375 5.7009e-15
4037.900 6.082e-15
4039.425 5.8816e-15
4040.950 5.8904e-15
4042.475 5.9391e-15
4044.000 5.683e-15
4045.525 5.7121e-15
4047.050 5.8456e-15
4048.575 5.5612e-15
4050.100 5.2746e-15
4051.625 5.2971e-15
4053.150 5.3177e-15
4054.675 5.0814e-15
4056.200 5.2636e-15
4057.725 5.3823e-15
4059.250 5.3016e-15
4060.775 5.4391e-15
4062.300 5.4572e-15
4063.825 5.374e-15
4065.350 5.2842e-15
4066.875 5.3183e-15
4068.400 5.4409e-15
4069.925 5.3418e-15
4071.450 5.0946e-15
4072.975 5.2392e-15
4074.500 5.1832e-15
4076.025 5.2316e-15
4077.550 5.214e-15
4079.075 5.1713e-15
4080.600 5.1725e-15
4082.125 5.084e-15
4083.650 5.25e-15
4085.175 5.0829e-15
4086.700 4.9431e-15
4088.225 5.1756e-15
4089.750 5.1403e-15
4091.275 5.0366e-15
4092.800 4.7838e-15
4094.325 4.8684e-15
4095.850 5.0335e-15
4097.375 5.1505e-15
4098.900 5.2428e-15
4100.425 5.1414e-15
4101.950 5.2352e-15
4103.475 5.2318e-15
4105.000 5.2441e-15
4106.525 5.4934e-15
4108.050 5.5286e-15
4109.575 5.5077e-15
4111.100 5.6003e-15
4112.625 5.4943e-15
4114.150 5.496e-15
4115.675 5.6545e-15
4117.200 5.6119e-15
4118.725 5.7366e-15
4120.250 5.7241e-15
4121.775 5.9132e-15
4123.300 5.8924e-15
4124.825 5.7857e-15
4126.350 5.9051e-15
4127.875 5.7935e-15
4129.400 5.7288e-15
4130.925 5.7729e-15
4132.450 5.844e-15
4133.975 5.7588e-15
4135.500 5.8795e-15
4137.025 5.995e-15
4138.550 5.8916e-15
4140.075 5.6296e-15
4141.600 5.9283e-15
4143.125 5.7774e-15
4144.650 5.7819e-15
4146.175 5.9712e-15
4147.700 6.1401e-15
4149.225 6.0019e-15
4150.750 5.8495e-15
4152.275 5.8362e-15
4153.800 5.9079e-15
4155.325 5.6927e-15
4156.850 5.9056e-15
4158.375 5.8584e-15
4159.900 5.9227e-15
4161.425 5.8627e-15
4162.950 5.8437e-15
4164.475 5.7892e-15
4166.000 5.7266e-15
4167.525 5.7008e-15
4169.050 5.4325e-15
4170.575 5.4913e-15
4172.100 5.5444e-15
4173.625 5.4742e-15
4175.150 5.5038e-15
4176.675 5.5773e-15
4178.200 5.5318e-15
4179.725 5.4079e-15
4181.250 5.3505e-15
4182.775 5.4401e-15
4184.300 5.6162e-15
4185.825 5.6528e-15
4187.350 5.4947e-15
4188.875 5.6462e-15
4190.400 5.6629e-15
4191.925 5.6375e-15
4193.450 5.4714e-15
4194.975 5.4761e-15
4196.500 5.4638e-15
4198.025 5.5936e-15
4199.550 5.5907e-15
4201.075 5.471e-15
4202.600 5.4397e-15
4204.125 5.5224e-15
4205.650 5.3921e-15
4207.175 5.4791e-15
4208.700 5.4179e-15
4210.225 5.2145e-15
4211.750 5.3845e-15
4213.275 5.4918e-15
4214.800 5.3381e-15
4216.325 5.2124e-15
4217.850 5.2262e-15
4219.375 5.2704e-15
4220.900 5.1433e-15
4222.425 5.3016e-15
4223.950 5.2948e-15
4225.475 5.3225e-15
4227.000 5.2446e-15
4228.525 5.261e-15
4230.050 5.2079e-15
4231.575 5.3854e-15
4233.100 5.3955e-15
4234.625 5.4599e-15
4236.150 5.4634e-15
4237.675 5.4405e-15
4239.200 5.2892e-15
4240.725 5.3597e-15
4242.250 5.3245e-15
4243.775 5.2219e-15
4245.300 5.05e-15
4246.825 5.0235e-15
4248.350 5.0309e-15
4249.875 5.1233e-15
4251.400 4.9243e-15
4252.925 4.8492e-15
4254.450 4.9613e-15
4255.975 4.9585e-15
4257.500 4.8684e-15
4259.025 4.8444e-15
4260.550 4.9658e-15
4262.075 4.8093e-15
4263.600 4.6687e-15
4265.125 4.6254e-15
4266.650 4.7121e-15
4268.175 4.6991e-15
4269.700 4.664e-15
4271.225 4.7293e-15
4272.750 4.5829e-15
4274.275 4.5477e-15
4275.800 4.6128e-15
4277.325 4.7046e-15
4278.850 4.6221e-15
4280.375 4.6385e-15
4281.900 4.731e-15
4283.425 4.6683e-15
4284.950 4.7224e-15
4286.475 4.5551e-15
4288.000 4.5973e-15
4289.525 4.5023e-15
4291.050 4.4973e-15
4292.575 4.4323e-15
4294.100 4.5501e-15
4295.625 4.4809e-15
4297.150 4.4374e-15
4298.675 4.4973e-15
4300.200 4.3977e-15
4301.725 4.5009e-15
4303.250 4.5409e-15
4304.775 4.4057e-15
4306.300 4.4774e-15
4307.825 4.3886e-15
4309.350 4.3954e-15
4310.875 4.4161e-15
4312.400 4.4298e-15
4313.925 4.4699e-15
4315.450 4.4625e-15
4316.975 4.273e-15
4318.500 4.3692e-15
4320.025 4.5012e-15
4321.550 4.2552e-15
4323.075 4.3121e-15
4324.600 4.3941e-15
4326.125 4.4857e-15
4327.650 4.5349e-15
4329.175 4.4652e-15
4330.700 4.5699e-15
4332.225 4.4728e-15
4333.750 4.2171e-15
4335.275 4.4514e-15
4336.800 4.4423e-15
4338.325 4.42e-15
4339.850 4.5366e-15
4341.375 4.6511e-15
4342.900 4.6981e-15
4344.425 4.569e-15
4345.950 4.6126e-15
4347.475 4.6202e-15
4349.000 4.6296e-15
4350.525 4.5442e-15
4352.050 4.58e-15
4353.575 4.6866e-15
4355.100 4.6937e-15
4356.625 4.7377e-15
4358.150 4.7687e-15
4359.675 4.7061e-15
4361.200 4.7937e-15
4362.725 4.8166e-15
4364.250 4.8829e-15
4365.775 5.0642e-15
4367.300 4.9654e-15
4368.825 4.9801e-15
4370.350 4.8964e-15
4371.875 4.9292e-15
4373.400 5.0157e-15
4374.925 4.9107e-15
4376.450 4.9863e-15
4377.975 4.9124e-15
4379.500 4.8908e-15
4381.025 4.9604e-15
4382.550 4.9777e-15
4384.075 5.047e-15
4385.600 5.0195e-15
4387.125 5.0277e-15
4388.650 5.0665e-15
4390.175 4.9793e-15
4391.700 5.0636e-15
4393.225 5.0625e-15
4394.750 4.9653e-15
4396.275 4.8563e-15
4397.800 5.0396e-15
4399.325 4.9428e-15
4400.850 4.9447e-15
4402.375 4.987e-15
4403.900 4.9489e-15
4405.425 4.9797e-15
4406.950 4.941e-15
4408.475 5.0072e-15
4410.000 5.1627e-15
4411.525 5.1268e-15
4413.050 5.0792e-15
4414.575 5.0288e-15
4416.100 5.1559e-15
4417.625 5.1676e-15
4419.150 5.1839e-15
4420.675 5.1777e-15
4422.200 5.179e-15
4423.725 5.0513e-15
4425.250 5.0639e-15
4426.775 5.2607e-15
4428.300 5.136e-15
4429.825 5.1013e-15
4431.350 5.2327e-15
4432.875 5.2221e-15
4434.400 5.1957e-15
4435.925 5.0366e-15
4437.450 5.1681e-15
4438.975 5.2407e-15
4440.500 5.2357e-15
4442.025 5.2015e-15
4443.550 5.0336e-15
4445.075 5.0786e-15
4446.600 5.0664e-15
4448.125 4.8445e-15
4449.650 4.9852e-15
4451.175 5.169e-15
4452.700 5.2023e-15
4454.225 5.2164e-15
4455.750 5.233e-15
4457.275 5.1774e-15
4458.800 5.1276e-15
4460.325 5.1594e-15
4461.850 5.2138e-15
4463.375 5.1434e-15
4464.900 5.2031e-15
4466.425 5.28e-15
4467.950 5.0879e-15
4469.475 4.9573e-15
4471.000 5.1635e-15
4472.525 4.9549e-15
4474.050 5.0274e-15
4475.575 5.1399e-15
4477.100 4.8717e-15
4478.625 4.8481e-15
4480.150 4.9135e-15
4481.675 5.1568e-15
4483.200 5.1714e-15
4484.725 4.9365e-15
4486.250 4.9108e-15
4487.775 4.9973e-15
4489.300 5.0334e-15
4490.825 5.0617e-15
4492.350 4.9772e-15
4493.875 5.0289e-15
4495.400 4.9445e-15
4496.925 4.8443e-15
4498.450 4.8747e-15
4499.975 4.845e-15
4501.500 4.665e-15
4503.025 4.8322e-15
4504.550 4.8938e-15
4506.075 5.0428e-15
4507.600 4.8781e-15
4509.125 4.8031e-15
4510.650 4.8453e-15
4512.175 4.9413e-15
4513.700 4.7237e-15
4515.225 4.6918e-15
4516.750 4.7976e-15
4518.275 4.9342e-15
4519.800 4.7829e-15
4521.325 4.7135e-15
4522.850 4.4933e-15
4524.375 4.7867e-15
4525.900 4.8184e-15
4527.425 4.7573e-15
4528.950 4.5908e-15
4530.475 4.6586e-15
4532.000 4.5871e-15
4533.525 4.589e-15
4535.050 4.7881e-15
4536.575 4.5437e-15
4538.100 4.4758e-15
4539.625 4.7497e-15
4541.150 4.7869e-15
4542.675 4.6023e-15
4544.200 4.659e-15
4545.725 4.6495e-15
4547.250 4.5612e-15
4548.775 4.6095e-15
4550.300 4.5729e-15
4551.825 4.6006e-15
4553.350 4.4403e-15
4554.875 4.3512e-15
4556.400 4.4439e-15
4557.925 4.4739e-15
4559.450 4.6053e-15
4560.975 4.4977e-15
4562.500 4.6106e-15
4564.025 4.5243e-15
4565.550 4.4731e-15
4567.075 4.4604e-15
4568.600 4.5797e-15
4570.125 4.3298e-15
4571.650 4.3155e-15
4573.175 4.5043e-15
4574.700 4.589e-15
4576.225 4.5932e-15
4577.750 4.3374e-15
4579.275 4.442e-15
4580.800 4.5307e-15
4582.325 4.4272e-15
4583.850 4.6305e-15
4585.375 4.6437e-15
4586.900 4.5694e-15
4588.425 4.5172e-15
4589.950 4.4898e-15
4591.475 4.5759e-15
4593.000 4.656e-15
4594.525 4.7184e-15
4596.050 4.4519e-15
4597.575 4.2933e-15
4599.100 4.5155e-15
4600.625 4.3618e-15
4602.150 4.3799e-15
4603.675 4.574e-15
4605.200 4.6604e-15
4606.725 4.4335e-15
4608.250 4.29e-15
4609.775 4.542e-15
4611.300 4.5058e-15
4612.825 4.3843e-15
4614.350 4.4041e-15
4615.875 4.4528e-15
4617.400 4.4531e-15
4618.925 4.5153e-15
4620.450 4.5971e-15
4621.975 4.5084e-15
4623.500 4.6135e-15
4625.025 4.5289e-15
4626.550 4.4734e-15
4628.075 4.4838e-15
4629.600 4.4784e-15
4631.125 4.5155e-15
4632.650 4.3268e-15
4634.175 4.4508e-15
4635.700 4.4975e-15
4637.225 4.327e-15
4638.750 4.3718e-15
4640.275 4.3931e-15
4641.800 4.4501e-15
4643.325 4.3856e-15
4644.850 4.6742e-15
4646.375 4.7931e-15
4647.900 4.7086e-15
4649.425 4.5035e-15
4650.950 4.598e-15
4652.475 4.7649e-15
4654.000 4.6872e-15
4655.525 4.5929e-15
4657.050 4.7576e-15
4658.575 4.8312e-15
4660.100 4.7825e-15
4661.625 4.8629e-15
4663.150 4.7606e-15
4664.675 4.8295e-15
4666.200 4.7854e-15
4667.725 4.7367e-15
4669.250 4.9086e-15
4670.775 4.8591e-15
4672.300 4.8786e-15
4673.825 4.8722e-15
4675.350 4.8823e-15
4676.875 4.7609e-15
4678.400 4.9042e-15
4679.925 4.8671e-15
4681.450 4.9405e-15
4682.975 4.8809e-15
4684.500 4.8118e-15
4686.025 4.8319e-15
4687.550 4.8149e-15
4689.075 4.9365e-15
4690.600 5.0185e-15
4692.125 4.91e-15
4693.650 4.722e-15
4695.175 5.0355e-15
4696.700 4.9881e-15
4698.225 5.0232e-15
4699.750 5.0756e-15
4701.275 5.1468e-15
4702.800 5.2516e-15
4704.325 5.1826e-15
4705.850 4.9776e-15
4707.375 5.0893e-15
4708.900 5.2708e-15
4710.425 5.2602e-15
4711.950 5.2402e-15
4713.475 5.3321e-15
4715.000 5.2064e-15
4716.525 5.0922e-15
4718.050 5.2845e-15
4719.575 5.2929e-15
4721.100 5.2988e-15
4722.625 5.1331e-15
4724.150 5.2064e-15
4725.675 5.3017e-15
4727.200 5.3202e-15
4728.725 5.1261e-15
4730.250 5.1641e-15
4731.775 5.1829e-15
4733.300 5.1061e-15
4734.825 5.2222e-15
4736.350 5.4236e-15
4737.875 5.2566e-15
4739.400 5.1665e-15
4740.925 5.1477e-15
4742.450 5.3165e-15
4743.975 5.1151e-15
4745.500 5.1372e-15
4747.025 5.1849e-15
4748.550 5.2583e-15
4750.075 5.15e-15
4751.600 5.2011e-15
4753.125 5.3602e-15
4754.650 5.2023e-15
4756.175 5.2143e-15
4757.700 5.1346e-15
4759.225 5.2139e-15
4760.750 5.1658e-15
4762.275 5.1061e-15
4763.800 5.2277e-15
4765.325 5.1564e-15
4766.850 5.0063e-15
4768.375 5.0651e-15
4769.900 5.141e-15
4771.425 5.1002e-15
4772.950 5.0595e-15
4774.475 4.9483e-15
4776.000 4.9341e-15
4777.525 5.1074e-15
4779.050 5.215e-15
4780.575 5.0657e-15
4782.100 5.0667e-15
4783.625 5.0332e-15
4785.150 5.0596e-15
4786.675 5.0173e-15
4788.200 5.0041e-15
4789.725 4.905e-15
4791.250 4.8531e-15
4792.775 4.8402e-15
4794.300 4.711e-15
4795.825 4.7217e-15
4797.350 4.8141e-15
4798.875 4.9809e-15
4800.400 4.9315e-15
4801.925 4.7745e-15
4803.450 4.807e-15
4804.975 4.746e-15
4806.500 4.7391e-15
4808.025 4.8689e-15
4809.550 4.886e-15
4811.075 4.8864e-15
4812.600 4.9433e-15
4814.125 4.6819e-15
4815.650 4.7338e-15
4817.175 4.8828e-15
4818.700 4.7245e-15
4820.225 4.8217e-15
4821.750 4.7352e-15
4823.275 4.6123e-15
4824.800 4.6842e-15
4826.325 4.7091e-15
4827.850 4.6878e-15
4829.375 4.7198e-15
4830.900 4.4848e-15
4832.425 4.5762e-15
4833.950 4.6564e-15
4835.475 4.6852e-15
4837.000 4.692e-15
4838.525 4.7777e-15
4840.050 4.5868e-15
4841.575 4.6927e-15
4843.100 4.6322e-15
4844.625 4.6003e-15
4846.150 4.5326e-15
4847.675 4.6295e-15
4849.200 4.4563e-15
4850.725 4.4392e-15
4852.250 4.4861e-15
4853.775 4.5452e-15
4855.300 4.5965e-15
4856.825 4.5545e-15
4858.350 4.5272e-15
4859.875 4.5439e-15
4861.400 4.6553e-15
4862.925 4.5028e-15
4864.450 4.4221e-15
4865.975 4.5628e-15
4867.500 4.5075e-15
4869.025 4.5774e-15
4870.550 4.6073e-15
4872.075 4.4447e-15
4873.600 4.4984e-15
4875.125 4.7699e-15
4876.650 4.6779e-15
4878.175 4.4159e-15
4879.700 4.5312e-15
4881.225 4.5685e-15
4882.750 4.4894e-15
4884.275 4.4085e-15
4885.800 4.6375e-15
4887.325 4.6259e-15
4888.850 4.5345e-15
4890.375 4.509e-15
4891.900 4.5363e-15
4893.425 4.5971e-15
4894.950 4.6856e-15
4896.475 4.5649e-15
4898.000 4.5819e-15
4899.525 4.5037e-15
4901.050 4.5307e-15
4902.575 4.4983e-15
4904.100 4.4571e-15
4905.625 4.49e-15
4907.150 4.5068e-15
4908.675 4.365e-15
4910.200 4.3035e-15
4911.725 4.3531e-15
4913.250 4.5252e-15
4914.775 4.4138e-15
4916.300 4.3102e-15
4917.825 4.602e-15
4919.350 4.6324e-15
4920.875 4.3795e-15
4922.400 4.3568e-15
4923.925 4.3458e-15
4925.450 4.3923e-15
4926.975 4.3217e-15
4928.500 4.2551e-15
4930.025 4.3861e-15
4931.550 4.4268e-15
4933.075 4.5186e-15
4934.600 4.3883e-15
4936.125 4.2469e-15
4937.650 4.4857e-15
4939.175 4.3853e-15
4940.700 4.3636e-15
4942.225 4.2393e-15
4943.750 4.5222e-15
4945.275 4.4515e-15
4946.800 4.4834e-15
4948.325 4.4971e-15
4949.850 4.4339e-15
4951.375 4.3725e-15
4952.900 4.4446e-15
4954.425 4.4295e-15
4955.950 4.3908e-15
4957.475 4.5217e-15
4959.000 4.3792e-15
4960.525 4.515e-15
4962.050 4.5777e-15
4963.575 4.3634e-15
4965.100 4.285e-15
4966.625 4.3035e-15
4968.150 4.4262e-15
4969.675 4.4424e-15
4971.200 4.4135e-15
4972.725 4.5041e-15
4974.250 4.5808e-15
4975.775 4.3778e-15
4977.300 4.3445e-15
4978.825 4.414e-15
4980.350 4.4366e-15
4981.875 4.4241e-15
4983.400 4.3393e-15
4984.925 4.3095e-15
4986.450 4.3062e-15
4987.975 4.2507e-15
4989.500 4.2696e-15
4991.025 4.3103e-15
4992.550 4.4533e-15
4994.075 4.3101e-15
4995.600 4.4087e-15
4997.125 4.2465e-15
4998.650 4.2871e-15
5000.175 4.3643e-15
5001.700 4.3928e-15
5003.225 4.4723e-15
5004.750 4.3063e-15
5006.275 4.1159e-15
5007.800 4.2401e-15
5009.325 4.3996e-15
5010.850 4.3871e-15
5012.375 4.2692e-15
5013.900 4.2231e-15
5015.425 4.2972e-15
5016.950 4.1304e-15
5018.475 4.2943e-15
5020.000 4.1918e-15
5021.525 4.0337e-15
5023.050 4.2346e-15
5024.575 4.2726e-15
5026.100 4.2129e-15
5027.625 4.1725e-15
5029.150 4.1865e-15
5030.675 4.2041e-15
5032.200 4.0484e-15
5033.725 3.9156e-15
5035.250 3.9747e-15
5036.775 4.1299e-15
5038.300 4.132e-15
5039.825 4.0143e-15
5041.350 4.0241e-15
5042.875 4.0868e-15
5044.400 4.0593e-15
5045.925 4.0663e-15
5047.450 3.8699e-15
5048.975 3.9708e-15
5050.500 4.0755e-15
5052.025 4.04e-15
5053.550 4.1838e-15
5055.075 4.1502e-15
5056.600 4.0035e-15
5058.125 4.0237e-15
5059.650 4.0118e-15
5061.175 3.9178e-15
5062.700 4.0931e-15
5064.225 4.0911e-15
5065.750 4.0693e-15
5067.275 4.1536e-15
5068.800 4.0182e-15
5070.325 3.9138e-15
5071.850 4.0166e-15
5073.375 3.9411e-15
5074.900 4.0579e-15
5076.425 4.0201e-15
5077.950 3.9115e-15
5079.475 3.8635e-15
5081.000 3.8716e-15
5082.525 4.1246e-15
5084.050 4.0697e-15
5085.575 3.9157e-15
5087.100 4.0374e-15
5088.625 4.0647e-15
5090.150 3.9228e-15
5091.675 4.0316e-15
5093.200 3.857e-15
5094.725 3.8989e-15
5096.250 3.9439e-15
5097.775 3.9718e-15
5099.300 3.971e-15
5100.825 3.9699e-15
5102.350 3.9059e-15
5103.875 3.8397e-15
5105.400 3.8443e-15
5106.925 3.9204e-15
5108.450 3.9148e-15
5109.975 3.9079e-15
5111.500 3.876e-15
5113.025 3.8954e-15
5114.550 3.842e-15
5116.075 3.8354e-15
5117.600 3.8664e-15
5119.125 3.7971e-15
5120.650 3.8471e-15
5122.175 3.9368e-15
5123.700 3.8841e-15
5125.225 3.9899e-15
5126.750 3.7887e-15
5128.275 3.8132e-15
5129.800 3.8573e-15
5131.325 3.8366e-15
5132.850 3.8097e-15
5134.375 3.7222e-15
5135.900 3.8003e-15
5137.425 3.7972e-15
5138.950 3.7608e-15
5140.475 3.79e-15
5142.000 3.7455e-15
5143.525 3.8202e-15
5145.050 3.8084e-15
5146.575 3.7265e-15
5148.100 3.7402e-15
5149.625 3.7066e-15
5151.150 3.8129e-15
5152.675 3.7152e-15
5154.200 3.6967e-15
5155.725 3.7776e-15
5157.250 3.724e-15
5158.775 3.6845e-15
5160.300 3.6151e-15
5161.825 3.5207e-15
5163.350 3.6103e-15
5164.875 3.7674e-15
5166.400 3.8222e-15
5167.925 3.8672e-15
5169.450 3.7495e-15
5170.975 3.7245e-15
5172.500 3.7261e-15
5174.025 3.7961e-15
5175.550 3.7137e-15
5177.075 3.7564e-15
5178.600 3.8891e-15
5180.125 3.9085e-15
5181.650 3.7616e-15
5183.175 3.762e-15
5184.700 3.7145e-15
5186.225 3.8164e-15
5187.750 3.8679e-15
5189.275 3.8962e-15
5190.800 3.9451e-15
5192.325 3.9323e-15
5193.850 3.9595e-15
5195.375 3.9092e-15
5196.900 3.9033e-15
5198.425 3.9051e-15
5199.950 3.9584e-15
5201.475 3.9414e-15
5203.000 3.9012e-15
5204.525 3.9329e-15
5206.050 3.9701e-15
5207.575 3.9182e-15
5209.100 3.9459e-15
5210.625 3.9318e-15
5212.150 3.9874e-15
5213.675 3.9882e-15
5215.200 4.0372e-15
5216.725 4.0741e-15
5218.250 4.0376e-15
5219.775 3.9249e-15
5221.300 3.9086e-15
5222.825 3.8962e-15
5224.350 3.9617e-15
5225.875 4.0173e-15
5227.400 4.0427e-15
5228.925 4.0964e-15
5230.450 4.0975e-15
5231.975 4.0353e-15
5233.500 4.0803e-15
5235.025 4.0533e-15
5236.550 4.0358e-15
5238.075 4.0712e-15
5239.600 3.9545e-15
5241.125 3.9892e-15
5242.650 4.1251e-15
5244.175 4.0469e-15
5245.700 3.9857e-15
5247.225 4.0877e-15
5248.750 4.0968e-15
5250.275 3.9365e-15
5251.800 3.8987e-15
5253.325 3.9634e-15
5254.850 4.0337e-15
5256.375 4.1625e-15
5257.900 4.1061e-15
5259.425 4.0933e-15
5260.950 4.1717e-15
5262.475 4.0833e-15
5264.000 3.9916e-15
5265.525 4.0206e-15
5267.050 4.0939e-15
5268.575 4.1316e-15
5270.100 4.1384e-15
5271.625 3.9525e-15
5273.150 3.8778e-15
5274.675 3.9463e-15
5276.200 3.9667e-15
5277.725 3.9898e-15
5279.250 3.9018e-15
5280.775 3.9584e-15
5282.300 4.022e-15
5283.825 3.9686e-15
5285.350 3.9332e-15
5286.875 3.9094e-15
5288.400 4.0333e-15
5289.925 4.0544e-15
5291.450 3.9539e-15
5292.975 3.8118e-15
5294.500 3.9107e-15
5296.025 3.866e-15
5297.550 3.8284e-15
5299.075 3.8892e-15
5300.600 3.8468e-15
5302.125 3.7912e-15
5303.650 3.7712e-15
5305.175 3.7713e-15
5306.700 3.8748e-15
5308.225 3.7606e-15
5309.750 3.6853e-15
5311.275 3.8124e-15
5312.800 3.8768e-15
5314.325 3.7609e-15
5315.850 3.7224e-15
5317.375 3.7887e-15
5318.900 3.7841e-15
5320.425 3.659e-15
5321.950 3.5815e-15
5323.475 3.7227e-15
5325.000 3.5269e-15
5326.525 3.5247e-15
5328.050 3.5771e-15
5329.575 3.5847e-15
5331.100 3.566e-15
5332.625 3.477e-15
5334.150 3.503e-15
5335.675 3.5505e-15
5337.200 3.5448e-15
5338.725 3.5466e-15
5340.250 3.6272e-15
5341.775 3.5319e-15
5343.300 3.4791e-15
5344.825 3.5287e-15
5346.350 3.7564e-15
5347.875 3.7079e-15
5349.400 3.6961e-15
5350.925 3.4987e-15
5352.450 3.407e-15
5353.975 3.4764e-15
5355.500 3.4875e-15
5357.025 3.4566e-15
5358.550 3.354e-15
5360.075 3.3293e-15
5361.600 3.4043e-15
5363.125 3.5268e-15
5364.650 3.5239e-15
5366.175 3.649e-15
5367.700 3.5837e-15
5369.225 3.6025e-15
5370.750 3.5106e-15
5372.275 3.4852e-15
5373.800 3.6034e-15
5375.325 3.5321e-15
5376.850 3.556e-15
5378.375 3.5237e-15
5379.900 3.4709e-15
5381.425 3.5733e-15
5382.950 3.5861e-15
5384.475 3.5123e-15
5386.000 3.4805e-15
5387.525 3.613e-15
5389.050 3.4921e-15
5390.575 3.3884e-15
5392.100 3.5001e-15
5393.625 3.4263e-15
5395.150 3.4117e-15
5396.675 3.5826e-15
5398.200 3.5342e-15
5399.725 3.6553e-15
5401.250 3.584e-15
5402.775 3.5405e-15
5404.300 3.5478e-15
5405.825 3.4914e-15
5407.350 3.3983e-15
5408.875 3.4624e-15
5410.400 3.4879e-15
5411.925 3.4173e-15
5413.450 3.5363e-15
5414.975 3.479e-15
5416.500 3.6455e-15
5418.025 3.4128e-15
5419.550 3.3823e-15
5421.075 3.4939e-15
5422.600 3.3217e-15
5424.125 3.3601e-15
5425.650 3.522e-15
5427.175 3.458e-15
5428.700 3.2834e-15
5430.225 3.3677e-15
5431.750 3.4146e-15
5433.275 3.343e-15
5434.800 3.4175e-15
5436.325 3.3616e-15
5437.850 3.2965e-15
5439.375 3.396e-15
5440.900 3.3574e-15
5442.425 3.3673e-15
5443.950 3.4133e-15
5445.475 3.2651e-15
5447.000 3.1836e-15
5448.525 3.2391e-15
5450.050 3.2861e-15
5451.575 3.287e-15
5453.100 3.4601e-15
5454.625 3.4455e-15
5456.150 3.369e-15
5457.675 3.3641e-15
5459.200 3.2412e-15
5460.725 3.2331e-15
5462.250 3.2398e-15
5463.775 3.2101e-15
5465.300 3.0797e-15
5466.825 3.0763e-15
5468.350 3.0717e-15
5469.875 3.109e-15
5471.400 3.0763e-15
5472.925 3.0008e-15
5474.450 3.053e-15
5475.975 2.9225e-15
5477.500 2.9964e-15
5479.025 2.9569e-15
5480.550 2.7895e-15
5482.075 2.9618e-15
5483.600 2.9614e-15
5485.125 2.9093e-15
5486.650 3.049e-15
5488.175 2.7299e-15
5489.700 2.5546e-15
5491.225 2.8028e-15
5492.750 2.699e-15
5494.275 2.772e-15
5495.800 2.9242e-15
5497.325 2.702e-15
5498.850 2.9661e-15
5500.375 2.9838e-15
5501.900 2.9792e-15
5503.425 2.9675e-15
5504.950 2.9491e-15
5506.475 2.9684e-15
5508.000 2.9574e-15
5509.525 2.9443e-15
5511.050 3.042e-15
5512.575 3.0123e-15
5514.100 2.9341e-15
5515.625 2.9868e-15
5517.150 3.0277e-15
5518.675 3.0458e-15
5520.200 3.015e-15
5521.725 2.9912e-15
5523.250 2.979e-15
5524.775 2.9889e-15
5526.300 2.9461e-15
5527.825 2.8982e-15
5529.350 2.9081e-15
5530.875 2.9547e-15
5532.400 2.9953e-15
5533.925 2.9208e-15
5535.450 2.8921e-15
5536.975 2.9323e-15
5538.500 2.9428e-15
5540.025 2.8826e-15
5541.550 2.9189e-15
5543.075 2.9054e-15
5544.600 2.9355e-15
5546.125 2.9255e-15
5547.650 2.9343e-15
5549.175 2.9353e-15
5550.700 2.9345e-15
5552.225 2.9213e-15
5553.750 2.8729e-15
5555.275 2.8641e-15
5556.800 2.8907e-15
5558.325 2.9239e-15
5559.850 2.9109e-15
5561.375 2.8994e-15
5562.900 2.9228e-15
5564.425 2.9182e-15
5565.950 2.9101e-15
5567.475 2.9456e-15
5569.000 2.9506e-15
5570.525 2.9829e-15
5572.050 3.0052e-15
5573.575 3.1062e-15
5575.100 3.1092e-15
5576.625 3.0883e-15
5578.150 3.0165e-15
5579.675 2.96e-15
5581.200 2.9879e-15
5582.725 2.9938e-15
5584.250 2.9611e-15
5585.775 3.0104e-15
5587.300 3.035e-15
5588.825 3.0645e-15
5590.350 3.1253e-15
5591.875 3.1483e-15
5593.400 3.1103e-15
5594.925 3.0551e-15
5596.450 3.1115e-15
5597.975 3.1536e-15
5599.500 3.19e-15
5601.025 3.1874e-15
5602.550 3.148e-15
5604.075 3.1767e-15
5605.600 3.1749e-15
5607.125 3.2131e-15
5608.650 3.2171e-15
5610.175 3.1881e-15
5611.700 3.216e-15
5613.225 3.2469e-15
5614.750 3.1861e-15
5616.275 3.1973e-15
5617.800 3.2478e-15
5619.325 3.2437e-15
5620.850 3.2249e-15
5622.375 3.1831e-15
5623.900 3.2054e-15
5625.425 3.2165e-15
5626.950 3.1979e-15
5628.475 3.2e-15
5630.000 3.2463e-15
5631.525 3.2398e-15
5633.050 3.1812e-15
5634.575 3.1746e-15
5636.100 3.1984e-15
5637.625 3.1536e-15
5639.150 3.1611e-15
5640.675 3.1709e-15
5642.200 3.1763e-15
5643.725 3.1851e-15
5645.250 3.1972e-15
5646.775 3.15e-15
5648.300 3.1075e-15
5649.825 3.1531e-15
5651.350 3.1103e-15
5652.875 3.1725e-15
5654.400 3.2372e-15
5655.925 3.1884e-15
5657.450 3.1573e-15
5658.975 3.1001e-15
5660.500 3.0771e-15
5662.025 3.1416e-15
5663.550 3.1575e-15
5665.075 3.0984e-15
5666.600 3.0547e-15
5668.125 3.0798e-15
5669.650 3.1638e-15
5671.175 3.1482e-15
5672.700 3.0763e-15
5674.225 3.0978e-15
5675.750 3.0798e-15
5677.275 3.0604e-15
5678.800 3.069e-15
5680.325 3.0891e-15
5681.850 3.0944e-15
5683.375 3.0762e-15
5684.900 3.0766e-15
5686.425 3.0334e-15
5687.950 3.0063e-15
5689.475 3.0323e-15
5691.000 3.0588e-15
5692.525 3.0542e-15
5694.050 3.0403e-15
5695.575 3.0556e-15
5697.100 3.0754e-15
5698.625 3.0402e-15
5700.150 2.9863e-15
5701.675 2.9767e-15
5703.200 3.0234e-15
5704.725 3.0661e-15
5706.250 3.078e-15
5707.775 3.0711e-15
5709.300 3.0608e-15
5710.825 3.0307e-15
5712.350 3.0309e-15
5713.875 3.0529e-15
5715.400 3.0396e-15
5716.925 3.0485e-15
5718.450 3.0589e-15
5719.975 3.0673e-15
5721.500 3.0972e-15
5723.025 3.0835e-15
5724.550 3.0694e-15
5726.075 3.0782e-15
5727.600 3.0994e-15
5729.125 3.1056e-15
5730.650 3.1083e-15
5732.175 3.1363e-15
5733.700 3.1037e-15
5735.225 3.0328e-15
5736.750 3.0158e-15
5738.275 3.0496e-15
5739.800 3.1146e-15
5741.325 3.084e-15
5742.850 3.0299e-15
5744.375 3.0607e-15
5745.900 3.1177e-15
5747.425 3.1061e-15
5748.950 3.0784e-15
5750.475 3.1122e-15
5752.000 3.1073e-15
5753.525 3.0885e-15
5755.050 3.1154e-15
5756.575 3.1146e-15
5758.100 3.0786e-15
5759.625 3.0437e-15
5761.150 3.0635e-15
5762.675 3.0959e-15
5764.200 3.0963e-15
5765.725 3.0893e-15
5767.250 3.1122e-15
5768.775 3.0972e-15
5770.300 3.078e-15
5771.825 3.0989e-15
5773.350 3.1244e-15
5774.875 3.1275e-15
5776.400 3.1205e-15
5777.925 3.1215e-15
5779.450 3.1046e-15
5780.975 3.1103e-15
5782.500 3.1463e-15
5784.025 3.1315e-15
5785.550 3.1311e-15
5787.075 3.175e-15
5788.600 3.1467e-15
5790.125 3.1396e-15
5791.650 3.1534e-15
5793.175 3.1406e-15
5794.700 3.1572e-15
5796.225 3.1272e-15
5797.750 3.1016e-15
5799.275 3.1291e-15
5800.800 3.1691e-15
5802.325 3.1841e-15
5803.850 3.1606e-15
5805.375 3.1468e-15
5806.900 3.199e-15
5808.425 3.2075e-15
5809.950 3.1619e-15
5811.475 3.1627e-15
5813.000 3.1634e-15
5814.525 3.1735e-15
5816.050 3.1849e-15
5817.575 3.1819e-15
5819.100 3.1949e-15
5820.625 3.166e-15
5822.150 3.1144e-15
5823.675 3.1335e-15
5825.200 3.1665e-15
5826.725 3.1832e-15
5828.250 3.1932e-15
5829.775 3.1969e-15
5831.300 3.1849e-15
5832.825 3.1717e-15
5834.350 3.1832e-15
5835.875 3.2009e-15
5837.400 3.2096e-15
5838.925 3.1727e-15
5840.450 3.1212e-15
5841.975 3.0785e-15
5843.500 3.0668e-15
5845.025 3.0783e-15
5846.550 3.0819e-15
5848.075 3.1017e-15
5849.600 3.1171e-15
5851.125 3.1214e-15
5852.650 3.1344e-15
5854.175 3.1072e-15
5855.700 3.0536e-15
5857.225 3.0681e-15
5858.750 3.0861e-15
5860.275 3.0959e-15
5861.800 3.1201e-15
5863.325 3.1244e-15
5864.850 3.1322e-15
5866.375 3.1424e-15
5867.900 3.1262e-15
5869.425 3.0907e-15
5870.950 3.0898e-15
5872.475 3.0619e-15
5874.000 3.0396e-15
5875.525 3.0527e-15
5877.050 3.0395e-15
5878.575 3.0177e-15
5880.100 3.0182e-15
5881.625 3.0268e-15
5883.150 3.0184e-15
5884.675 3.0666e-15
5886.200 3.0515e-15
5887.725 2.9153e-15
5889.250 2.8326e-15
5890.775 2.8317e-15
5892.300 2.8285e-15
5893.825 2.8026e-15
5895.350 2.8081e-15
5896.875 2.8344e-15
5898.400 2.858e-15
5899.925 2.8914e-15
5901.450 2.9411e-15
5902.975 3.0193e-15
5904.500 3.057e-15
5906.025 3.0332e-15
5907.550 3.0223e-15
5909.075 3.0424e-15
5910.600 3.0351e-15
5912.125 3.0212e-15
5913.650 3.054e-15
5915.175 3.0824e-15
5916.700 3.0498e-15
5918.225 2.9883e-15
5919.750 2.9756e-15
5921.275 3.0082e-15
5922.800 3.0233e-15
5924.325 3.0125e-15
5925.850 3.0215e-15
5927.375 3.0353e-15
5928.900 3.0446e-15
5930.425 3.03e-15
5931.950 3.0257e-15
5933.475 3.0235e-15
5935.000 2.9954e-15
5936.525 3.0009e-15
5938.050 2.9926e-15
5939.575 2.9783e-15
5941.100 3.01e-15
5942.625 3.0308e-15
5944.150 2.9913e-15
5945.675 2.983e-15
5947.200 3.0539e-15
5948.725 3.0608e-15
5950.250 3.019e-15
5951.775 2.9998e-15
5953.300 2.9851e-15
5954.825 3.0083e-15
5956.350 3.0353e-15
5957.875 3.0157e-15
5959.400 3.0039e-15
5960.925 3.0071e-15
5962.450 3.0133e-15
5963.975 3.0114e-15
5965.500 3.0017e-15
5967.025 2.992e-15
5968.550 2.9875e-15
5970.075 2.999e-15
5971.600 2.972e-15
5973.125 2.9243e-15
5974.650 2.9361e-15
5976.175 2.9411e-15
5977.700 2.9137e-15
5979.225 2.9237e-15
5980.750 2.9313e-15
5982.275 2.8913e-15
5983.800 2.9021e-15
5985.325 2.948e-15
5986.850 2.9532e-15
5988.375 2.9259e-15
5989.900 2.9037e-15
5991.425 2.8989e-15
5992.950 2.8688e-15
5994.475 2.852e-15
5996.000 2.8694e-15
5997.525 2.8949e-15
5999.050 2.9039e-15
6000.575 2.8902e-15
6002.100 2.8891e-15
6003.625 2.8837e-15
6005.150 2.8449e-15
6006.675 2.8475e-15
6008.200 2.8926e-15
6009.725 2.9168e-15
6011.250 2.9058e-15
6012.775 2.8561e-15
6014.300 2.8189e-15
6015.825 2.8346e-15
6017.350 2.8274e-15
6018.875 2.8283e-15
6020.400 2.8627e-15
6021.925 2.8322e-15
6023.450 2.8155e-15
6024.975 2.8205e-15
6026.500 2.8275e-15
6028.025 2.8601e-15
6029.550 2.8417e-15
6031.075 2.824e-15
6032.600 2.804e-15
6034.125 2.7894e-15
6035.650 2.8095e-15
6037.175 2.817e-15
6038.700 2.8061e-15
6040.225 2.8211e-15
6041.750 2.8196e-15
6043.275 2.7887e-15
6044.800 2.8079e-15
6046.325 2.8079e-15
6047.850 2.8023e-15
6049.375 2.7903e-15
6050.900 2.7624e-15
6052.425 2.7756e-15
6053.950 2.8115e-15
6055.475 2.8327e-15
6057.000 2.8257e-15
6058.525 2.8145e-15
6060.050 2.827e-15
6061.575 2.8465e-15
6063.100 2.8163e-15
6064.625 2.7711e-15
6066.150 2.7562e-15
6067.675 2.7668e-15
6069.200 2.7927e-15
6070.725 2.7865e-15
6072.250 2.7614e-15
6073.775 2.7717e-15
6075.300 2.7681e-15
6076.825 2.7407e-15
6078.350 2.7711e-15
6079.875 2.8289e-15
6081.400 2.8186e-15
6082.925 2.7597e-15
6084.450 2.7244e-15
6085.975 2.7489e-15
6087.500 2.806e-15
6089.025 2.8019e-15
6090.550 2.7541e-15
6092.075 2.7321e-15
6093.600 2.7138e-15
6095.125 2.718e-15
6096.650 2.7464e-15
6098.175 2.7308e-15
6099.700 2.7061e-15
6101.225 2.7186e-15
6102.750 2.7146e-15
6104.275 2.6984e-15
6105.800 2.6852e-15
6107.325 2.6721e-15
6108.850 2.6821e-15
6110.375 2.6873e-15
6111.900 2.6836e-15
6113.425 2.6825e-15
6114.950 2.6813e-15
6116.475 2.688e-15
6118.000 2.6942e-15
6119.525 2.6745e-15
6121.050 2.6547e-15
6122.575 2.6487e-15
6124.100 2.6234e-15
6125.625 2.644e-15
6127.150 2.6693e-15
6128.675 2.6489e-15
6130.200 2.6628e-15
6131.725 2.6624e-15
6133.250 2.6336e-15
6134.775 2.6312e-15
6136.300 2.6363e-15
6137.825 2.6704e-15
6139.350 2.6494e-15
6140.875 2.6033e-15
6142.400 2.6192e-15
6143.925 2.6001e-15
6145.450 2.5615e-15
6146.975 2.5461e-15
6148.500 2.5683e-15
6150.025 2.5947e-15
6151.550 2.585e-15
6153.075 2.573e-15
6154.600 2.5668e-15
6156.125 2.5698e-15
6157.650 2.6051e-15
6159.175 2.6263e-15
6160.700 2.5972e-15
6162.225 2.5946e-15
6163.750 2.614e-15
6165.275 2.5796e-15
6166.800 2.5639e-15
6168.325 2.5568e-15
6169.850 2.5619e-15
6171.375 2.5776e-15
6172.900 2.5681e-15
6174.425 2.5681e-15
6175.950 2.564e-15
6177.475 2.5534e-15
6179.000 2.5762e-15
6180.525 2.5808e-15
6182.050 2.5537e-15
6183.575 2.5426e-15
6185.100 2.5282e-15
6186.625 2.5317e-15
6188.150 2.5225e-15
6189.675 2.4859e-15
6191.200 2.5039e-15
6192.725 2.5599e-15
6194.250 2.5491e-15
6195.775 2.5036e-15
6197.300 2.5029e-15
6198.825 2.4979e-15
6200.350 2.514e-15
6201.875 2.5161e-15
6203.400 2.4948e-15
6204.925 2.4856e-15
6206.450 2.484e-15
6207.975 2.4915e-15
6209.500 2.4583e-15
6211.025 2.4549e-15
6212.550 2.4976e-15
6214.075 2.4829e-15
6215.600 2.4322e-15
6217.125 2.4098e-15
6218.650 2.4355e-15
6220.175 2.4678e-15
6221.700 2.4307e-15
6223.225 2.4132e-15
6224.750 2.4106e-15
6226.275 2.3939e-15
6227.800 2.4175e-15
6229.325 2.473e-15
6230.850 2.5057e-15
6232.375 2.4939e-15
6233.900 2.4437e-15
6235.425 2.4214e-15
6236.950 2.4214e-15
6238.475 2.4268e-15
6240.000 2.398e-15
6241.525 2.3737e-15
6243.050 2.4021e-15
6244.575 2.4378e-15
6246.100 2.4418e-15
6247.625 2.4278e-15
6249.150 2.3766e-15
6250.675 2.3748e-15
6252.200 2.4329e-15
6253.725 2.413e-15
6255.250 2.2919e-15
6256.775 2.1586e-15
6258.300 2.183e-15
6259.825 2.3265e-15
6261.350 2.3719e-15
6262.875 2.3823e-15
6264.400 2.3972e-15
6265.925 2.4055e-15
6267.450 2.392e-15
6268.975 2.3317e-15
6270.500 2.3175e-15
6272.025 2.3559e-15
6273.550 2.3185e-15
6275.075 2.2623e-15
6276.600 2.2313e-15
6278.125 2.1945e-15
6279.650 2.2071e-15
6281.175 2.2339e-15
6282.700 2.2518e-15
6284.225 2.2683e-15
6285.750 2.3066e-15
6287.275 2.3457e-15
6288.800 2.298e-15
6290.325 2.2441e-15
6291.850 2.2658e-15
6293.375 2.2818e-15
6294.900 2.3359e-15
6296.425 2.4452e-15
6297.950 2.4343e-15
6299.475 2.3348e-15
6301.000 2.2222e-15
6302.525 2.0796e-15
6304.050 2.0679e-15
6305.575 2.1893e-15
6307.100 2.2471e-15
6308.625 2.2339e-15
6310.150 2.2596e-15
6311.675 2.272e-15
6313.200 2.2673e-15
6314.725 2.2657e-15
6316.250 2.2827e-15
6317.775 2.3152e-15
6319.300 2.2936e-15
6320.825 2.2498e-15
6322.350 2.2221e-15
6323.875 2.2132e-15
6325.400 2.2242e-15
6326.925 2.2374e-15
6328.450 2.2372e-15
6329.975 2.2094e-15
6331.500 2.2155e-15
6333.025 2.2442e-15
6334.550 2.1961e-15
6336.075 2.1838e-15
6337.600 2.2034e-15
6339.125 2.2281e-15
6340.650 2.2071e-15
6342.175 2.2024e-15
6343.700 2.2092e-15
6345.225 2.2113e-15
6346.750 2.2053e-15
6348.275 2.1864e-15
6349.800 2.2146e-15
6351.325 2.1864e-15
6352.850 2.154e-15
6354.375 2.1616e-15
6355.900 2.1911e-15
6357.425 2.2111e-15
6358.950 2.2463e-15
6360.475 2.2644e-15
6362.000 2.2365e-15
6363.525 2.1864e-15
6365.050 2.1242e-15
6366.575 2.0723e-15
6368.100 2.1312e-15
6369.625 2.1624e-15
6371.150 2.136e-15
6372.675 2.1468e-15
6374.200 2.1774e-15
6375.725 2.1572e-15
6377.250 2.1304e-15
6378.775 2.139e-15
6380.300 2.0926e-15
6381.825 2.0785e-15
6383.350 2.0878e-15
6384.875 2.1283e-15
6386.400 2.1658e-15
6387.925 2.1398e-15
6389.450 2.1384e-15
6390.975 2.1526e-15
6392.500 2.1367e-15
6394.025 2.14e-15
6395.550 2.138e-15
6397.075 2.11e-15
6398.600 2.1143e-15
6400.125 2.1278e-15
6401.650 2.1323e-15
6403.175 2.1054e-15
6404.700 2.1301e-15
6406.225 2.1609e-15
6407.750 2.1478e-15
6409.275 2.1407e-15
6410.800 2.1353e-15
6412.325 2.1108e-15
6413.850 2.1029e-15
6415.375 2.1376e-15
6416.900 2.141e-15
6418.425 2.1328e-15
6419.950 2.1565e-15
6421.475 2.1562e-15
6423.000 2.1381e-15
6424.525 2.1123e-15
6426.050 2.0856e-15
6427.575 2.1051e-15
6429.100 2.0783e-15
6430.625 2.068e-15
6432.150 2.0786e-15
6433.675 2.0834e-15
6435.200 2.1028e-15
6436.725 2.0864e-15
6438.250 2.0851e-15
6439.775 2.102e-15
6441.300 2.1263e-15
6442.825 2.1054e-15
6444.350 2.0882e-15
6445.875 2.0978e-15
6447.400 2.1255e-15
6448.925 2.1266e-15
6450.450 2.1523e-15
6451.975 2.1641e-15
6453.500 2.106e-15
6455.025 2.0655e-15
6456.550 2.0814e-15
6458.075 2.0661e-15
6459.600 2.0456e-15
6461.125 2.0656e-15
6462.650 2.0635e-15
6464.175 2.0501e-15
6465.700 2.0792e-15
6467.225 2.0785e-15
6468.750 2.0688e-15
6470.275 2.0551e-15
6471.800 2.0527e-15
6473.325 2.0363e-15
6474.850 2.0504e-15
6476.375 2.0368e-15
6477.900 2.0237e-15
6479.425 2.0527e-15
6480.950 2.0498e-15
6482.475 2.047e-15
6484.000 2.0505e-15
6485.525 2.0661e-15
6487.050 2.058e-15
6488.575 2.0407e-15
6490.100 2.0504e-15
6491.625 2.0556e-15
6493.150 2.0262e-15
6494.675 2.0598e-15
6496.200 2.1011e-15
6497.725 2.1019e-15
6499.250 2.0838e-15
6500.775 2.0663e-15
6502.300 2.0365e-15
6503.825 2.0364e-15
6505.350 2.0598e-15
6506.875 2.0678e-15
6508.400 2.0376e-15
6509.925 2.054e-15
6511.450 2.0648e-15
6512.975 2.0488e-15
6514.500 2.0132e-15
6516.025 1.9877e-15
6517.550 2.0192e-15
6519.075 2.0402e-15
6520.600 2.0553e-15
6522.125 2.0763e-15
6523.650 2.0398e-15
6525.175 2.0416e-15
6526.700 2.063e-15
6528.225 2.0422e-15
6529.750 2.0446e-15
6531.275 2.0146e-15
6532.800 1.997e-15
6534.325 2.0252e-15
6535.850 2.052e-15
6537.375 2.0163e-15
6538.900 1.9537e-15
6540.425 1.9818e-15
6541.950 2.0337e-15
6543.475 2.0008e-15
6545.000 1.9702e-15
6546.525 1.9851e-15
6548.050 2.0062e-15
6549.575 2.0203e-15
6551.100 2.0044e-15
6552.625 2.0132e-15
6554.150 1.9983e-15
6555.675 1.9535e-15
6557.200 1.9702e-15
6558.725 1.9707e-15
6560.250 1.9422e-15
6561.775 1.9667e-15
6563.300 2.0013e-15
6564.825 1.9919e-15
6566.350 1.9816e-15
6567.875 1.971e-15
6569.400 1.9744e-15
6570.925 2.0273e-15
6572.450 2.0524e-15
6573.975 2.0265e-15
6575.500 2.0002e-15
6577.025 1.973e-15
6578.550 1.9781e-15
6580.075 2.017e-15
6581.600 2.0281e-15
6583.125 1.9987e-15
6584.650 1.9866e-15
6586.175 2.0133e-15
6587.700 2.0197e-15
6589.225 1.9984e-15
6590.750 2.0037e-15
6592.275 2.0386e-15
6593.800 2.0159e-15
6595.325 1.9926e-15
6596.850 2.0226e-15
6598.375 2.0353e-15
6599.900 2.0406e-15
6601.425 2.0476e-15
6602.950 2.0049e-15
6604.475 1.9967e-15
6606.000 2.0531e-15
6607.525 2.0233e-15
6609.050 1.9862e-15
6610.575 2.0176e-15
6612.100 2.034e-15
6613.625 2.0298e-15
6615.150 2.0333e-15
6616.675 2.0287e-15
6618.200 2.0381e-15
6619.725 2.0255e-15
6621.250 1.9636e-15
6622.775 1.973e-15
6624.300 2.0189e-15
6625.825 1.9705e-15
6627.350 1.9481e-15
6628.875 2.0062e-15
6630.400 2.0493e-15
6631.925 2.0109e-15
6633.450 1.9797e-15
6634.975 1.9921e-15
6636.500 2.0021e-15
6638.025 2.0082e-15
6639.550 2.0186e-15
6641.075 2.0335e-15
6642.600 2.0617e-15
6644.125 2.0519e-15
6645.650 2.0321e-15
6647.175 2.0221e-15
6648.700 2.0261e-15
6650.225 2.0636e-15
6651.750 2.0244e-15
6653.275 1.9894e-15
6654.800 2.0067e-15
6656.325 2.0356e-15
6657.850 2.0688e-15
6659.375 2.0658e-15
6660.900 2.0567e-15
6662.425 2.0374e-15
6663.950 2.0542e-15
6665.475 2.0623e-15
6667.000 2.0774e-15
6668.525 2.0782e-15
6670.050 2.0395e-15
6671.575 2.0372e-15
6673.100 2.0389e-15
6674.625 2.0493e-15
6676.150 2.0466e-15
6677.675 1.988e-15
6679.200 1.9845e-15
6680.725 2.0483e-15
6682.250 2.0512e-15
6683.775 2.0267e-15
6685.300 2.0228e-15
6686.825 2.0164e-15
6688.350 2.0624e-15
6689.875 2.0818e-15
6691.400 2.071e-15
6692.925 2.0717e-15
6694.450 2.0724e-15
6695.975 2.0896e-15
6697.500 2.0924e-15
6699.025 2.0914e-15
6700.550 2.0964e-15
6702.075 2.0842e-15
6703.600 2.0247e-15
6705.125 2.0017e-15
6706.650 1.9691e-15
6708.175 1.9364e-15
6709.700 1.9514e-15
6711.225 2.0261e-15
6712.750 2.0724e-15
6714.275 2.0367e-15
6715.800 2.0294e-15
6717.325 2.0874e-15
6718.850 2.1273e-15
6720.375 2.1199e-15
6721.900 2.071e-15
6723.425 2.0923e-15
6724.950 2.1297e-15
6726.475 2.1273e-15
6728.000 2.1027e-15
6729.525 2.0596e-15
6731.050 2.0446e-15
6732.575 2.0455e-15
6734.100 2.1063e-15
6735.625 2.1245e-15
6737.150 2.1034e-15
6738.675 2.1207e-15
6740.200 2.1311e-15
6741.725 2.1018e-15
6743.250 2.1014e-15
6744.775 2.1323e-15
6746.300 2.1761e-15
6747.825 2.227e-15
6749.350 2.2501e-15
6750.875 2.2384e-15
6752.400 2.2297e-15
6753.925 2.2094e-15
6755.450 2.1696e-15
6756.975 2.1291e-15
6758.500 2.1719e-15
6760.025 2.3241e-15
6761.550 2.5037e-15
6763.075 2.6043e-15
6764.600 2.6049e-15
6766.125 2.5025e-15
6767.650 2.3175e-15
6769.175 2.2008e-15
6770.700 2.1549e-15
6772.225 2.1009e-15
6773.750 2.1123e-15
6775.275 2.1254e-15
6776.800 2.1235e-15
6778.325 2.131e-15
6779.850 2.1621e-15
6781.375 2.2333e-15
6782.900 2.3109e-15
6784.425 2.3769e-15
6785.950 2.4212e-15
6787.475 2.3381e-15
6789.000 2.2005e-15
6790.525 2.1306e-15
6792.050 2.1161e-15
6793.575 2.1231e-15
6795.100 2.1294e-15
6796.625 2.125e-15
6798.150 2.1605e-15
6799.675 2.1693e-15
6801.200 2.1395e-15
6802.725 2.1184e-15
6804.250 2.1078e-15
6805.775 2.152e-15
6807.300 2.1815e-15
6808.825 2.1724e-15
6810.350 2.1243e-15
6811.875 2.0831e-15
6813.400 2.0969e-15
6814.925 2.1338e-15
6816.450 2.1467e-15
6817.975 2.1464e-15
6819.500 2.1398e-15
6821.025 2.1093e-15
6822.550 2.0847e-15
6824.075 2.0652e-15
6825.600 2.0989e-15
6827.125 2.1542e-15
6828.650 2.1511e-15
6830.175 2.1503e-15
6831.700 2.1076e-15
6833.225 2.0549e-15
6834.750 2.0803e-15
6836.275 2.0667e-15
6837.800 2.0324e-15
6839.325 2.0501e-15
6840.850 2.0446e-15
6842.375 2.0504e-15
6843.900 2.0934e-15
6845.425 2.0958e-15
6846.950 2.0777e-15
6848.475 2.0673e-15
6850.000 2.0835e-15
6851.525 2.0722e-15
6853.050 2.0399e-15
6854.575 2.0379e-15
6856.100 2.0265e-15
6857.625 2.0483e-15
6859.150 2.0609e-15
6860.675 2.0355e-15
6862.200 2.0003e-15
6863.725 1.8715e-15
6865.250 1.6819e-15
6866.775 1.4873e-15
6868.300 1.3636e-15
6869.825 1.3422e-15
6871.350 1.3983e-15
6872.875 1.4596e-15
6874.400 1.5131e-15
6875.925 1.6235e-15
6877.450 1.7621e-15
6878.975 1.87e-15
6880.500 1.8947e-15
6882.025 1.8448e-15
6883.550 1.7913e-15
6885.075 1.7572e-15
6886.600 1.6935e-15
6888.125 1.6792e-15
6889.650 1.7025e-15
6891.175 1.6909e-15
6892.700 1.6953e-15
6894.225 1.7102e-15
6895.750 1.7144e-15
6897.275 1.7383e-15
6898.800 1.7716e-15
6900.325 1.758e-15
6901.850 1.7562e-15
6903.375 1.7573e-15
6904.900 1.7415e-15
6906.425 1.7826e-15
6907.950 1.8367e-15
6909.475 1.8184e-15
6911.000 1.8256e-15
6912.525 1.8551e-15
6914.050 1.8456e-15
6915.575 1.8506e-15
6917.100 1.8888e-15
6918.625 1.9216e-15
6920.150 2.0162e-15
6921.675 2.018e-15
6923.200 1.9588e-15
6924.725 1.927e-15
6926.250 1.8923e-15
6927.775 1.8782e-15
6929.300 1.8788e-15
6930.825 1.891e-15
6932.350 1.8908e-15
6933.875 1.8986e-15
6935.400 1.9433e-15
6936.925 1.937e-15
6938.450 1.9006e-15
6939.975 1.8821e-15
6941.500 1.8655e-15
6943.025 1.8684e-15
6944.550 1.9175e-15
6946.075 1.9327e-15
6947.600 1.9134e-15
6949.125 1.8631e-15
6950.650 1.8553e-15
6952.175 1.8895e-15
6953.700 1.9004e-15
6955.225 1.915e-15
6956.750 1.8938e-15
6958.275 1.8862e-15
6959.800 1.8992e-15
6961.325 1.9072e-15
6962.850 1.9542e-15
6964.375 1.9521e-15
6965.900 1.9189e-15
6967.425 1.9014e-15
6968.950 1.9147e-15
6970.475 1.9405e-15
6972.000 1.9644e-15
6973.525 1.9555e-15
6975.050 1.9359e-15
6976.575 1.9039e-15
6978.100 1.8883e-15
6979.625 1.9066e-15
6981.150 1.9368e-15
6982.675 1.9184e-15
6984.200 1.8701e-15
6985.725 1.8411e-15
6987.250 1.8701e-15
6988.775 1.886e-15
6990.300 1.901e-15
6991.825 1.9107e-15
6993.350 1.8985e-15
6994.875 1.8976e-15
6996.400 1.8917e-15
6997.925 1.8638e-15
6999.450 1.8654e-15
7000.975 1.8995e-15
7002.500 1.9126e-15
7004.025 1.9111e-15
7005.550 1.9169e-15
7007.075 1.9177e-15
7008.600 1.8985e-15
7010.125 1.9002e-15
7011.650 1.9306e-15
7013.175 1.9362e-15
7014.700 1.9221e-15
7016.225 1.9413e-15
7017.750 1.93e-15
7019.275 1.8766e-15
7020.800 1.8709e-15
7022.325 1.8757e-15
7023.850 1.8818e-15
7025.375 1.8726e-15
7026.900 1.862e-15
7028.425 1.8997e-15
7029.950 1.9223e-15
7031.475 1.9371e-15
7033.000 1.9567e-15
7034.525 1.914e-15
7036.050 1.8595e-15
7037.575 1.8564e-15
7039.100 1.8462e-15
7040.625 1.8595e-15
7042.150 1.9286e-15
7043.675 1.9463e-15
7045.200 1.8979e-15
7046.725 1.849e-15
7048.250 1.8519e-15
7049.775 1.8871e-15
7051.300 1.8884e-15
7052.825 1.8987e-15
7054.350 1.9253e-15
7055.875 1.8988e-15
7057.400 1.8501e-15
7058.925 1.8692e-15
7060.450 1.8749e-15
7061.975 1.8521e-15
7063.500 1.8801e-15
7065.025 1.9099e-15
7066.550 1.8746e-15
7068.075 1.8629e-15
7069.600 1.8903e-15
7071.125 1.9209e-15
7072.650 1.9065e-15
7074.175 1.8497e-15
7075.700 1.8541e-15
7077.225 1.8259e-15
7078.750 1.8253e-15
7080.275 1.8686e-15
7081.800 1.8835e-15
7083.325 1.8507e-15
7084.850 1.8878e-15
7086.375 1.8704e-15
7087.900 1.8298e-15
7089.425 1.8825e-15
7090.950 1.8705e-15
7092.475 1.8591e-15
7094.000 1.8555e-15
7095.525 1.7978e-15
7097.050 1.7718e-15
7098.575 1.8206e-15
7100.100 1.8457e-15
7101.625 1.85e-15
7103.150 1.8197e-15
7104.675 1.7971e-15
7106.200 1.8129e-15
7107.725 1.8474e-15
7109.250 1.8561e-15
7110.775 1.8468e-15
7112.300 1.8554e-15
7113.825 1.8286e-15
7115.350 1.8396e-15
7116.875 1.8257e-15
7118.400 1.7945e-15
7119.925 1.8296e-15
7121.450 1.8705e-15
7122.975 1.8593e-15
7124.500 1.841e-15
7126.025 1.8422e-15
7127.550 1.8595e-15
7129.075 1.7967e-15
7130.600 1.8052e-15
7132.125 1.8366e-15
7133.650 1.8622e-15
7135.175 1.8864e-15
7136.700 1.8439e-15
7138.225 1.7945e-15
7139.750 1.7799e-15
7141.275 1.8099e-15
7142.800 1.8121e-15
7144.325 1.7958e-15
7145.850 1.7889e-15
7147.375 1.7838e-15
7148.900 1.8008e-15
7150.425 1.7959e-15
7151.950 1.7691e-15
7153.475 1.8e-15
7155.000 1.7989e-15
7156.525 1.7923e-15
7158.050 1.8022e-15
7159.575 1.7981e-15
7161.100 1.7822e-15
7162.625 1.7543e-15
7164.150 1.7036e-15
7165.675 1.6567e-15
7167.200 1.6542e-15
7168.725 1.6563e-15
7170.250 1.6575e-15
7171.775 1.651e-15
7173.300 1.6112e-15
7174.825 1.6213e-15
7176.350 1.644e-15
7177.875 1.651e-15
7179.400 1.662e-15
7180.925 1.5904e-15
7182.450 1.5265e-15
7183.975 1.5363e-15
7185.500 1.5326e-15
7187.025 1.5215e-15
7188.550 1.5485e-15
7190.075 1.5792e-15
7191.600 1.5684e-15
7193.125 1.5639e-15
7194.650 1.5724e-15
7196.175 1.5873e-15
7197.700 1.5919e-15
7199.225 1.5832e-15
7200.750 1.5769e-15
7202.275 1.5749e-15
7203.800 1.5968e-15
7205.325 1.6393e-15
7206.850 1.6915e-15
7208.375 1.7096e-15
7209.900 1.7071e-15
7211.425 1.7283e-15
7212.950 1.7316e-15
7214.475 1.7247e-15
7216.000 1.7409e-15
7217.525 1.7461e-15
7219.050 1.7444e-15
7220.575 1.7429e-15
7222.100 1.7234e-15
7223.625 1.6971e-15
7225.150 1.6899e-15
7226.675 1.7115e-15
7228.200 1.7085e-15
7229.725 1.6674e-15
7231.250 1.6151e-15
7232.775 1.6172e-15
7234.300 1.6306e-15
7235.825 1.6178e-15
7237.350 1.6482e-15
7238.875 1.6838e-15
7240.400 1.6666e-15
7241.925 1.6362e-15
7243.450 1.6332e-15
7244.975 1.6518e-15
7246.500 1.6847e-15
7248.025 1.6934e-15
7249.550 1.6595e-15
7251.075 1.6592e-15
7252.600 1.6644e-15
7254.125 1.6557e-15
7255.650 1.675e-15
7257.175 1.7043e-15
7258.700 1.6687e-15
7260.225 1.6593e-15
7261.750 1.6971e-15
7263.275 1.694e-15
7264.800 1.7326e-15
7266.325 1.7751e-15
7267.850 1.7778e-15
7269.375 1.7267e-15
7270.900 1.711e-15
7272.425 1.7086e-15
7273.950 1.6721e-15
7275.475 1.6689e-15
7277.000 1.6863e-15
7278.525 1.7111e-15
7280.050 1.748e-15
7281.575 1.7611e-15
7283.100 1.7451e-15
7284.625 1.7117e-15
7286.150 1.6873e-15
7287.675 1.6628e-15
7289.200 1.6404e-15
7290.725 1.6775e-15
7292.250 1.6894e-15
7293.775 1.736e-15
7295.300 1.8116e-15
7296.825 1.8101e-15
7298.350 1.798e-15
7299.875 1.7501e-15
7301.400 1.7355e-15
7302.925 1.7667e-15
7304.450 1.753e-15
7305.975 1.746e-15
7307.500 1.7683e-15
7309.025 1.7808e-15
7310.550 1.8034e-15
7312.075 1.7786e-15
7313.600 1.749e-15
7315.125 1.7863e-15
7316.650 1.7747e-15
7318.175 1.7763e-15
7319.700 1.8165e-15
7321.225 1.8442e-15
7322.750 1.8651e-15
7324.275 1.8389e-15
7325.800 1.8341e-15
7327.325 1.8508e-15
7328.850 1.8623e-15
7330.375 1.8757e-15
7331.900 1.8412e-15
7333.425 1.8516e-15
7334.950 1.9075e-15
7336.475 1.938e-15
7338.000 1.9272e-15
7339.525 1.9161e-15
7341.050 1.8825e-15
7342.575 1.8335e-15
7344.100 1.8229e-15
7345.625 1.8412e-15
7347.150 1.7766e-15
7348.675 1.6022e-15
7350.200 1.666e-15
7351.725 1.7766e-15
7353.250 1.7775e-15
7354.775 1.7822e-15
7356.300 1.8032e-15
7357.825 1.8179e-15
7359.350 1.8114e-15
7360.875 1.7717e-15
7362.400 1.7611e-15
7363.925 1.8168e-15
7365.450 1.8422e-15
7366.975 1.8238e-15
7368.500 1.8183e-15
7370.025 1.8146e-15
7371.550 1.8298e-15
7373.075 1.8259e-15
7374.600 1.7916e-15
7376.125 1.8135e-15
7377.650 1.8334e-15
7379.175 1.8012e-15
7380.700 1.7755e-15
7382.225 1.7815e-15
7383.750 1.774e-15
7385.275 1.7634e-15
7386.800 1.8049e-15
7388.325 1.8313e-15
7389.850 1.8073e-15
7391.375 1.7947e-15
7392.900 1.799e-15
7394.425 1.78e-15
7395.950 1.7453e-15
7397.475 1.78e-15
7399.000 1.826e-15
7400.525 1.8256e-15
7402.050 1.8158e-15
7403.575 1.795e-15
7405.100 1.7892e-15
7406.625 1.813e-15
7408.150 1.7899e-15
7409.675 1.7749e-15
7411.200 1.7289e-15
7412.725 1.7255e-15
7414.250 1.7728e-15
7415.775 1.7865e-15
7417.300 1.7544e-15
7418.825 1.7083e-15
7420.350 1.7065e-15
7421.875 1.7368e-15
7423.400 1.7542e-15
7424.925 1.7591e-15
7426.450 1.7658e-15
7427.975 1.7711e-15
7429.500 1.7649e-15
7431.025 1.7345e-15
7432.550 1.7049e-15
7434.075 1.7359e-15
7435.600 1.7261e-15
7437.125 1.6941e-15
7438.650 1.6852e-15
7440.175 1.6936e-15
7441.700 1.7373e-15
7443.225 1.7331e-15
7444.750 1.7496e-15
7446.275 1.7495e-15
7447.800 1.7081e-15
7449.325 1.7103e-15
7450.850 1.7271e-15
7452.375 1.7024e-15
7453.900 1.6771e-15
7455.425 1.6947e-15
7456.950 1.7042e-15
7458.475 1.676e-15
7460.000 1.673e-15
7461.525 1.6733e-15
7463.050 1.6481e-15
7464.575 1.6694e-15
7466.100 1.6884e-15
7467.625 1.7015e-15
7469.150 1.7076e-15
7470.675 1.6874e-15
7472.200 1.6833e-15
7473.725 1.6982e-15
7475.250 1.6856e-15
7476.775 1.651e-15
7478.300 1.6603e-15
7479.825 1.6552e-15
7481.350 1.6236e-15
7482.875 1.6487e-15
7484.400 1.6617e-15
7485.925 1.6406e-15
7487.450 1.6513e-15
7488.975 1.6659e-15
7490.500 1.6481e-15
7492.025 1.6222e-15
7493.550 1.6319e-15
7495.075 1.6751e-15
7496.600 1.7103e-15
7498.125 1.6867e-15
7499.650 1.6419e-15
7501.175 1.6549e-15
7502.700 1.6599e-15
7504.225 1.6328e-15
7505.750 1.6059e-15
7507.275 1.6027e-15
7508.800 1.6471e-15
7510.325 1.6728e-15
7511.850 1.6779e-15
7513.375 1.6911e-15
7514.900 1.7131e-15
7516.425 1.7004e-15
7517.950 1.6372e-15
7519.475 1.6263e-15
7521.000 1.648e-15
7522.525 1.6275e-15
7524.050 1.6022e-15
7525.575 1.614e-15
7527.100 1.6453e-15
7528.625 1.6493e-15
7530.150 1.631e-15
7531.675 1.6184e-15
7533.200 1.6064e-15
7534.725 1.5792e-15
7536.250 1.5527e-15
7537.775 1.5694e-15
7539.300 1.5802e-15
7540.825 1.5654e-15
7542.350 1.5873e-15
7543.875 1.5896e-15
7545.400 1.5924e-15
7546.925 1.6018e-15
7548.450 1.5729e-15
7549.975 1.5704e-15
7551.500 1.5775e-15
7553.025 1.5802e-15
7554.550 1.6034e-15
7556.075 1.6225e-15
7557.600 1.6022e-15
7559.125 1.5947e-15
7560.650 1.6176e-15
7562.175 1.6447e-15
7563.700 1.6341e-15
7565.225 1.6129e-15
7566.750 1.5715e-15
7568.275 1.5574e-15
7569.800 1.5422e-15
7571.325 1.5597e-15
7572.850 1.5668e-15
7574.375 1.5712e-15
7575.900 1.5769e-15
7577.425 1.5623e-15
7578.950 1.5435e-15
7580.475 1.56e-15
7582.000 1.575e-15
7583.525 1.5734e-15
7585.050 1.5556e-15
7586.575 1.5303e-15
7588.100 1.4936e-15
7589.625 1.4308e-15
7591.150 1.3193e-15
7592.675 1.1393e-15
7594.200 9.2844e-16
7595.725 7.8938e-16
7597.250 6.8308e-16
7598.775 5.5395e-16
7600.300 4.6311e-16
7601.825 4.1443e-16
7603.350 3.8086e-16
7604.875 3.7615e-16
7606.400 3.8619e-16
7607.925 4.1526e-16
7609.450 4.8002e-16
7610.975 5.8299e-16
7612.500 6.9839e-16
7614.025 8.4055e-16
7615.550 1.0135e-15
7617.075 1.1098e-15
7618.600 1.1301e-15
7620.125 1.0953e-15
7621.650 1.019e-15
7623.175 9.419e-16
7624.700 8.7141e-16
7626.225 8.2665e-16
7627.750 7.9468e-16
7629.275 7.8763e-16
7630.800 7.904e-16
7632.325 8.1344e-16
7633.850 8.4681e-16
7635.375 8.6026e-16
7636.900 8.753e-16
7638.425 9.0239e-16
7639.950 9.3018e-16
7641.475 9.495e-16
7643.000 9.8813e-16
7644.525 1.0258e-15
7646.050 1.0527e-15
7647.575 1.0908e-15
7649.100 1.1124e-15
7650.625 1.1169e-15
7652.150 1.1576e-15
7653.675 1.1993e-15
7655.200 1.2179e-15
7656.725 1.2591e-15
7658.250 1.2888e-15
7659.775 1.288e-15
7661.300 1.3052e-15
7662.825 1.3309e-15
7664.350 1.3506e-15
7665.875 1.3853e-15
7667.400 1.4021e-15
7668.925 1.4024e-15
7670.450 1.4253e-15
7671.975 1.4686e-15
7673.500 1.4832e-15
7675.025 1.4688e-15
7676.550 1.4919e-15
7678.075 1.507e-15
7679.600 1.4991e-15
7681.125 1.489e-15
7682.650 1.4927e-15
7684.175 1.5018e-15
7685.700 1.4881e-15
7687.225 1.4763e-15
7688.750 1.4959e-15
7690.275 1.5109e-15
7691.800 1.4979e-15
7693.325 1.5048e-15
7694.850 1.4819e-15
7696.375 1.4758e-15
7697.900 1.5074e-15
7699.425 1.4795e-15
7700.950 1.4792e-15
7702.475 1.4963e-15
7704.000 1.4793e-15
7705.525 1.4756e-15
7707.050 1.4924e-15
7708.575 1.5636e-15
7710.100 1.5821e-15
7711.625 1.5276e-15
7713.150 1.5193e-15
7714.675 1.5257e-15
7716.200 1.4975e-15
7717.725 1.4556e-15
7719.250 1.4418e-15
7720.775 1.4658e-15
7722.300 1.446e-15
7723.825 1.4593e-15
7725.350 1.4753e-15
7726.875 1.4706e-15
7728.400 1.4557e-15
7729.925 1.4633e-15
7731.450 1.459e-15
7732.975 1.4925e-15
7734.500 1.4527e-15
7736.025 1.4586e-15
7737.550 1.467e-15
7739.075 1.4785e-15
7740.600 1.479e-15
7742.125 1.42e-15
7743.650 1.4082e-15
7745.175 1.4432e-15
7746.700 1.473e-15
7748.225 1.4719e-15
7749.750 1.4457e-15
7751.275 1.4273e-15
7752.800 1.4001e-15
7754.325 1.3867e-15
7755.850 1.4122e-15
7757.375 1.4156e-15
7758.900 1.4201e-15
7760.425 1.4455e-15
7761.950 1.4318e-15
7763.475 1.4264e-15
7765.000 1.4146e-15
7766.525 1.4108e-15
7768.050 1.4302e-15
7769.575 1.4091e-15
7771.100 1.3804e-15
7772.625 1.4411e-15
7774.150 1.4628e-15
7775.675 1.3959e-15
7777.200 1.3717e-15
7778.725 1.4034e-15
7780.250 1.4109e-15
7781.775 1.3993e-15
7783.300 1.3993e-15
7784.825 1.3867e-15
7786.350 1.3561e-15
7787.875 1.3696e-15
7789.400 1.4401e-15
7790.925 1.4429e-15
7792.450 1.3925e-15
7793.975 1.4057e-15
7795.500 1.4188e-15
7797.025 1.3824e-15
7798.550 1.3557e-15
7800.075 1.3822e-15
7801.600 1.4113e-15
7803.125 1.4209e-15
7804.650 1.4033e-15
7806.175 1.3397e-15
7807.700 1.3438e-15
7809.225 1.4021e-15
7810.750 1.4338e-15
7812.275 1.4407e-15
7813.800 1.4449e-15
7815.325 1.4156e-15
7816.850 1.3631e-15
7818.375 1.356e-15
7819.900 1.3651e-15
7821.425 1.371e-15
7822.950 1.3819e-15
7824.475 1.3695e-15
7826.000 1.3608e-15
7827.525 1.3506e-15
7829.050 1.3461e-15
7830.575 1.3587e-15
7832.100 1.3376e-15
7833.625 1.303e-15
7835.150 1.3487e-15
7836.675 1.3986e-15
7838.200 1.3635e-15
7839.725 1.336e-15
7841.250 1.3503e-15
7842.775 1.3673e-15
7844.300 1.395e-15
7845.825 1.3726e-15
7847.350 1.3361e-15
7848.875 1.3434e-15
7850.400 1.3597e-15
7851.925 1.3591e-15
7853.450 1.3614e-15
7854.975 1.3793e-15
7856.500 1.3654e-15
7858.025 1.3409e-15
7859.550 1.3577e-15
7861.075 1.3913e-15
7862.600 1.3433e-15
7864.125 1.3432e-15
7865.650 1.3553e-15
7867.175 1.3398e-15
7868.700 1.3564e-15
7870.225 1.3649e-15
7871.750 1.3566e-15
7873.275 1.3357e-15
7874.800 1.3308e-15
7876.325 1.3558e-15
7877.850 1.3916e-15
7879.375 1.4068e-15
7880.900 1.3771e-15
7882.425 1.3673e-15
7883.950 1.3354e-15
7885.475 1.353e-15
7887.000 1.3839e-15
7888.525 1.3483e-15
7890.050 1.3114e-15
7891.575 1.2747e-15
7893.100 1.3152e-15
7894.625 1.3626e-15
7896.150 1.3627e-15
7897.675 1.3582e-15
7899.200 1.3432e-15
7900.725 1.3516e-15
7902.250 1.3682e-15
7903.775 1.3856e-15
7905.300 1.3894e-15
7906.825 1.4e-15
7908.350 1.3908e-15
7909.875 1.4035e-15
7911.400 1.4164e-15
7912.925 1.3602e-15
7914.450 1.3346e-15
7915.975 1.3308e-15
7917.500 1.325e-15
7919.025 1.3273e-15
7920.550 1.3319e-15
7922.075 1.3476e-15
7923.600 1.3213e-15
7925.125 1.3025e-15
7926.650 1.3181e-15
7928.175 1.3204e-15
7929.700 1.3451e-15
7931.225 1.3575e-15
7932.750 1.3675e-15
7934.275 1.402e-15
7935.800 1.418e-15
7937.325 1.3939e-15
7938.850 1.3545e-15
7940.375 1.3768e-15
7941.900 1.3875e-15
7943.425 1.3832e-15
7944.950 1.3655e-15
7946.475 1.3625e-15
7948.000 1.3721e-15
7949.525 1.3839e-15
7951.050 1.3586e-15
7952.575 1.3357e-15
7954.100 1.3499e-15
7955.625 1.3716e-15
7957.150 1.3522e-15
7958.675 1.3217e-15
7960.200 1.3285e-15
7961.725 1.3604e-15
7963.250 1.4064e-15
7964.775 1.3876e-15
7966.300 1.3199e-15
7967.825 1.3048e-15
7969.350 1.3785e-15
7970.875 1.4057e-15
7972.400 1.3749e-15
7973.925 1.3744e-15
7975.450 1.4056e-15
7976.975 1.4183e-15
7978.500 1.393e-15
7980.025 1.4096e-15
7981.550 1.3966e-15
7983.075 1.3528e-15
7984.600 1.3404e-15
7986.125 1.3628e-15
7987.650 1.4015e-15
7989.175 1.4184e-15
7990.700 1.4068e-15
7992.225 1.3757e-15
7993.750 1.3689e-15
7995.275 1.3351e-15
7996.800 1.2931e-15
7998.325 1.3265e-15
7999.850 1.3533e-15
8001.375 1.332e-15
8002.900 1.338e-15
8004.425 1.3307e-15
8005.950 1.3671e-15
8007.475 1.4145e-15
8009.000 1.3906e-15
8010.525 1.3472e-15
8012.050 1.2922e-15
8013.575 1.317e-15
8015.100 1.3792e-15
8016.625 1.3763e-15
8018.150 1.3328e-15
8019.675 1.3195e-15
8021.200 1.3574e-15
8022.725 1.3888e-15
8024.250 1.376e-15
8025.775 1.3927e-15
8027.300 1.3977e-15
8028.825 1.3464e-15
8030.350 1.3644e-15
8031.875 1.3337e-15
8033.400 1.2896e-15
8034.925 1.3284e-15
8036.450 1.36e-15
8037.975 1.3541e-15
8039.500 1.3646e-15
8041.025 1.3647e-15
8042.550 1.3489e-15
8044.075 1.3625e-15
8045.600 1.3564e-15
8047.125 1.325e-15
8048.650 1.3341e-15
8050.175 1.378e-15
8051.700 1.3927e-15
8053.225 1.3741e-15
8054.750 1.3591e-15
8056.275 1.3464e-15
8057.800 1.3447e-15
8059.325 1.3433e-15
8060.850 1.3485e-15
8062.375 1.3507e-15
8063.900 1.3127e-15
8065.425 1.2836e-15
8066.950 1.2636e-15
8068.475 1.2944e-15
8070.000 1.3376e-15
8071.525 1.3251e-15
8073.050 1.3138e-15
8074.575 1.3131e-15
8076.100 1.3019e-15
8077.625 1.2987e-15
8079.150 1.3178e-15
8080.675 1.2877e-15
8082.200 1.3027e-15
8083.725 1.3521e-15
8085.250 1.3214e-15
8086.775 1.2515e-15
8088.300 1.251e-15
8089.825 1.2685e-15
8091.350 1.283e-15
8092.875 1.3197e-15
8094.400 1.3218e-15
8095.925 1.3251e-15
8097.450 1.3276e-15
8098.975 1.3016e-15
8100.500 1.2508e-15
8102.025 1.2957e-15
8103.550 1.3452e-15
8105.075 1.2984e-15
8106.600 1.2452e-15
8108.125 1.2272e-15
8109.650 1.2288e-15
8111.175 1.2301e-15
8112.700 1.2258e-15
8114.225 1.2514e-15
8115.750 1.2759e-15
8117.275 1.2615e-15
8118.800 1.2358e-15
8120.325 1.2286e-15
8121.850 1.2224e-15
8123.375 1.2403e-15
8124.900 1.2407e-15
8126.425 1.219e-15
8127.950 1.2024e-15
8129.475 1.1958e-15
8131.000 1.1641e-15
8132.525 1.1384e-15
8134.050 1.1245e-15
8135.575 1.1187e-15
8137.100 1.1721e-15
8138.625 1.1821e-15
8140.150 1.1449e-15
8141.675 1.1333e-15
8143.200 1.1439e-15
8144.725 1.1368e-15
8146.250 1.1298e-15
8147.775 1.1306e-15
8149.300 1.1148e-15
8150.825 1.1146e-15
8152.350 1.1103e-15
8153.875 1.1075e-15
8155.400 1.1003e-15
8156.925 1.0961e-15
8158.450 1.0759e-15
8159.975 1.0529e-15
8161.500 1.0503e-15
8163.025 1.0598e-15
8164.550 1.0588e-15
8166.075 1.0685e-15
8167.600 1.0934e-15
8169.125 1.1084e-15
8170.650 1.1195e-15
8172.175 1.125e-15
8173.700 1.1007e-15
8175.225 1.0704e-15
8176.750 1.1024e-15
8178.275 1.1178e-15
8179.800 1.0986e-15
8181.325 1.1119e-15
8182.850 1.1222e-15
8184.375 1.0988e-15
8185.900 1.0606e-15
8187.425 1.0585e-15
8188.950 1.0689e-15
8190.475 1.0897e-15
8192.000 1.1207e-15
8193.525 1.0882e-15
8195.050 1.0421e-15
8196.575 1.074e-15
8198.100 1.1089e-15
8199.625 1.1114e-15
8201.150 1.1524e-15
8202.675 1.1956e-15
8204.200 1.2022e-15
8205.725 1.2132e-15
8207.250 1.2095e-15
8208.775 1.1492e-15
8210.300 1.1308e-15
8211.825 1.1397e-15
8213.350 1.1652e-15
8214.875 1.1687e-15
8216.400 1.1492e-15
8217.925 1.1363e-15
8219.450 1.136e-15
8220.975 1.1346e-15
8222.500 1.1057e-15
8224.025 1.0575e-15
8225.550 1.006e-15
8227.075 9.4923e-16
8228.600 9.2387e-16
8230.125 9.4227e-16
8231.650 1.0073e-15
8233.175 1.0679e-15
8234.700 1.0977e-15
8236.225 1.1194e-15
8237.750 1.1287e-15
8239.275 1.1322e-15
8240.800 1.1616e-15
8242.325 1.1689e-15
8243.850 1.1947e-15
8245.375 1.1839e-15
8246.900 1.1715e-15
8248.425 1.1829e-15
8249.950 1.1859e-15
8251.475 1.1795e-15
8253.000 1.1406e-15
8254.525 1.1092e-15
8256.050 1.1027e-15
8257.575 1.1339e-15
8259.100 1.165e-15
8260.625 1.157e-15
8262.150 1.1575e-15
8263.675 1.1736e-15
8265.200 1.1861e-15
8266.725 1.2017e-15
8268.250 1.2131e-15
8269.775 1.1872e-15
8271.300 1.1186e-15
8272.825 1.0793e-15
8274.350 1.1016e-15
8275.875 1.1059e-15
8277.400 1.1242e-15
8278.925 1.1528e-15
8280.450 1.1481e-15
8281.975 1.148e-15
8283.500 1.1744e-15
8285.025 1.1528e-15
8286.550 1.1182e-15
8288.075 1.1421e-15
8289.600 1.1384e-15
8291.125 1.1081e-15
8292.650 1.1189e-15
8294.175 1.1893e-15
8295.700 1.2379e-15
8297.225 1.2177e-15
8298.750 1.1771e-15
8300.275 1.1267e-15
8301.800 1.1137e-15
8303.325 1.1232e-15
8304.850 1.1298e-15
8306.375 1.1612e-15
8307.900 1.2109e-15
8309.425 1.2098e-15
8310.950 1.1992e-15
8312.475 1.1979e-15
8314.000 1.1818e-15
8315.525 1.1633e-15
8317.050 1.1508e-15
8318.575 1.1693e-15
8320.100 1.1672e-15
8321.625 1.1694e-15
8323.150 1.1839e-15
8324.675 1.1831e-15
8326.200 1.1768e-15
8327.725 1.194e-15
8329.250 1.1909e-15
8330.775 1.1711e-15
8332.300 1.1817e-15
8333.825 1.1843e-15
8335.350 1.164e-15
8336.875 1.1856e-15
8338.400 1.1835e-15
8339.925 1.2081e-15
8341.450 1.2804e-15
8342.975 1.296e-15
8344.500 1.2623e-15
8346.025 1.2155e-15
8347.550 1.1908e-15
8349.075 1.1929e-15
8350.600 1.2425e-15
8352.125 1.2536e-15
8353.650 1.2295e-15
8355.175 1.2047e-15
8356.700 1.21e-15
8358.225 1.2147e-15
8359.750 1.2024e-15
8361.275 1.1938e-15
8362.800 1.18e-15
8364.325 1.1888e-15
8365.850 1.2089e-15
8367.375 1.2071e-15
8368.900 1.2119e-15
8370.425 1.2225e-15
8371.950 1.2284e-15
8373.475 1.2193e-15
8375.000 1.1947e-15
8376.525 1.2107e-15
8378.050 1.2494e-15
8379.575 1.2164e-15
8381.100 1.2106e-15
8382.625 1.2112e-15
8384.150 1.1915e-15
8385.675 1.1968e-15
8387.200 1.2225e-15
8388.725 1.2195e-15
8390.250 1.2168e-15
8391.775 1.2309e-15
8393.300 1.2276e-15
8394.825 1.2553e-15
8396.350 1.2784e-15
8397.875 1.2672e-15
8399.400 1.2481e-15
8400.925 1.2031e-15
8402.450 1.1659e-15
8403.975 1.1793e-15
8405.500 1.1936e-15
8407.025 1.1895e-15
8408.550 1.2115e-15
8410.075 1.2348e-15
8411.600 1.224e-15
8413.125 1.2193e-15
8414.650 1.1998e-15
8416.175 1.1351e-15
8417.700 1.1538e-15
8419.225 1.2216e-15
8420.750 1.2115e-15
8422.275 1.2022e-15
8423.800 1.2165e-15
8425.325 1.2349e-15
8426.850 1.2292e-15
8428.375 1.1936e-15
8429.900 1.1893e-15
8431.425 1.1307e-15
8432.950 1.1254e-15
8434.475 1.1563e-15
8436.000 1.1202e-15
8437.525 1.1395e-15
8439.050 1.2013e-15
8440.575 1.2091e-15
8442.100 1.1941e-15
8443.625 1.222e-15
8445.150 1.2101e-15
8446.675 1.1789e-15
8448.200 1.2009e-15
8449.725 1.2105e-15
8451.250 1.2012e-15
8452.775 1.2062e-15
8454.300 1.1863e-15
8455.825 1.142e-15
8457.350 1.1379e-15
8458.875 1.1559e-15
8460.400 1.1944e-15
8461.925 1.1932e-15
8463.450 1.161e-15
8464.975 1.1313e-15
8466.500 1.1319e-15
8468.025 1.1417e-15
8469.550 1.1644e-15
8471.075 1.1369e-15
8472.600 1.1294e-15
8474.125 1.1351e-15
8475.650 1.117e-15
8477.175 1.1146e-15
8478.700 1.126e-15
8480.225 1.1525e-15
8481.750 1.1585e-15
8483.275 1.1221e-15
8484.800 1.1112e-15
8486.325 1.1222e-15
8487.850 1.1297e-15
8489.375 1.1547e-15
8490.900 1.1503e-15
8492.425 1.1103e-15
8493.950 1.0919e-15
8495.475 1.0835e-15
8497.000 1.0843e-15
8498.525 1.109e-15
8500.050 1.1368e-15
8501.575 1.1475e-15
8503.100 1.1319e-15
8504.625 1.1512e-15
8506.150 1.1763e-15
8507.675 1.1303e-15
8509.200 1.0904e-15
8510.725 1.0808e-15
8512.250 1.0829e-15
8513.775 1.0993e-15
8515.300 1.0919e-15
8516.825 1.0728e-15
8518.350 1.0925e-15
8519.875 1.126e-15
8521.400 1.1046e-15
8522.925 1.0671e-15
8524.450 1.0855e-15
8525.975 1.1148e-15
8527.500 1.1164e-15
8529.025 1.105e-15
8530.550 1.1028e-15
8532.075 1.1103e-15
8533.600 1.0977e-15
8535.125 1.0734e-15
8536.650 1.0427e-15
8538.175 1.0506e-15
8539.700 1.0696e-15
8541.225 1.0708e-15
8542.750 1.0724e-15
8544.275 1.1059e-15
8545.800 1.096e-15
8547.325 1.0486e-15
8548.850 1.0442e-15
8550.375 1.0381e-15
8551.900 1.014e-15
8553.425 1.0289e-15
8554.950 1.0576e-15
8556.475 1.0858e-15
8558.000 1.0928e-15
8559.525 1.0526e-15
8561.050 1.0669e-15
8562.575 1.0655e-15
8564.100 1.0343e-15
8565.625 1.0509e-15
8567.150 1.0693e-15
8568.675 1.0702e-15
8570.200 1.0645e-15
8571.725 1.0405e-15
8573.250 1.0305e-15
8574.775 1.0397e-15
8576.300 1.0446e-15
8577.825 1.0494e-15
8579.350 1.0561e-15
8580.875 1.0688e-15
8582.400 1.0396e-15
8583.925 1.0356e-15
8585.450 1.059e-15
8586.975 1.0271e-15
8588.500 1.033e-15
8590.025 1.0347e-15
8591.550 1.0331e-15
8593.075 1.0344e-15
8594.600 1.0568e-15
8596.125 1.0588e-15
8597.650 1.0599e-15
8599.175 1.0211e-15
8600.700 9.9353e-16
8602.225 9.9454e-16
8603.750 1.0082e-15
8605.275 9.9957e-16
8606.800 9.7348e-16
8608.325 9.8676e-16
8609.850 9.9811e-16
8611.375 1.0175e-15
8612.900 1.0488e-15
8614.425 1.0243e-15
8615.950 1.0063e-15
8617.475 1.0273e-15
8619.000 1.0186e-15
8620.525 1.0027e-15
8622.050 1.0076e-15
8623.575 9.9802e-16
8625.100 1.0019e-15
8626.625 1.013e-15
8628.150 9.9994e-16
8629.675 1.0084e-15
8631.200 1.0261e-15
8632.725 1.0187e-15
8634.250 1.0103e-15
8635.775 1.0058e-15
8637.300 1.0166e-15
8638.825 9.8896e-16
8640.350 9.6369e-16
8641.875 1.0093e-15
8643.400 1.0334e-15
8644.925 1.0387e-15
8646.450 1.0275e-15
8647.975 1.0276e-15
8649.500 1.0176e-15
8651.025 9.9756e-16
8652.550 1.023e-15
8654.075 1.057e-15
8655.600 1.0256e-15
8657.125 1.0036e-15
8658.650 1.0055e-15
8660.175 9.9042e-16
8661.700 1.0075e-15
8663.225 1.0139e-15
8664.750 1.0146e-15
8666.275 1.0284e-15
8667.800 1.0228e-15
8669.325 1.0063e-15
8670.850 1.017e-15
8672.375 1.0322e-15
8673.900 1.0377e-15
8675.425 9.9674e-16
8676.950 9.5563e-16
8678.475 9.7879e-16
8680.000 1.0387e-15
8681.525 1.0576e-15
8683.050 1.0197e-15
8684.575 9.9253e-16
8686.100 1.0008e-15
8687.625 9.9481e-16
8689.150 9.6753e-16
8690.675 9.8319e-16
8692.200 1.0135e-15
8693.725 9.842e-16
8695.250 9.9719e-16
8696.775 1.0555e-15
8698.300 1.0441e-15
8699.825 1.0278e-15
8701.350 1.0409e-15
8702.875 1.0354e-15
8704.400 1.0264e-15
8705.925 1.0107e-15
8707.450 9.9582e-16
8708.975 1.0155e-15
8710.500 1.0257e-15
8712.025 9.9573e-16
8713.550 9.8593e-16
8715.075 1.0243e-15
8716.600 1.0021e-15
8718.125 9.8465e-16
8719.650 1.0393e-15
8721.175 1.0508e-15
8722.700 9.8978e-16
8724.225 9.3787e-16
8725.750 9.4785e-16
8727.275 9.6021e-16
8728.800 9.6222e-16
8730.325 9.8767e-16
8731.850 1.004e-15
8733.375 9.9674e-16
8734.900 9.9628e-16
8736.425 9.9372e-16
8737.950 1.0129e-15
8739.475 1.0319e-15
8741.000 1.0185e-15
8742.525 9.9536e-16
8744.050 9.7641e-16
8745.575 9.8511e-16
8747.100 9.8355e-16
8748.625 9.7623e-16
8750.150 9.9765e-16
8751.675 1.0104e-15
8753.200 9.9939e-16
8754.725 9.8886e-16
8756.250 9.9683e-16
8757.775 9.9683e-16
8759.300 1.0186e-15
8760.825 1.0564e-15
8762.350 1.0479e-15
8763.875 1.0229e-15
8765.400 1.0042e-15
8766.925 9.8017e-16
8768.450 9.7504e-16
8769.975 9.6103e-16
8771.500 9.6817e-16
8773.025 1.0291e-15
8774.550 1.1013e-15
8776.075 1.0906e-15
8777.600 1.0362e-15
8779.125 9.7962e-16
8780.650 9.4785e-16
8782.175 9.7312e-16
8783.700 9.8648e-16
8785.225 9.6708e-16
8786.750 9.776e-16
8788.275 1.0137e-15
8789.800 1.0105e-15
8791.325 9.863e-16
8792.850 9.506e-16
8794.375 9.5389e-16
8795.900 9.7358e-16
8797.425 9.4923e-16
8798.950 9.1984e-16
8800.475 9.4108e-16
8802.000 9.7779e-16
8803.525 9.603e-16
8805.050 9.5124e-16
8806.575 9.3723e-16
8808.100 9.6387e-16
8809.625 9.9903e-16
8811.150 9.9344e-16
8812.675 9.4794e-16
8814.200 9.3055e-16
8815.725 9.5563e-16
8817.250 9.5572e-16
8818.775 9.3275e-16
8820.300 9.5362e-16
8821.825 9.982e-16
8823.350 1.0547e-15
8824.875 1.0415e-15
8826.400 1.0053e-15
8827.925 9.4767e-16
8829.450 8.6158e-16
8830.975 8.7364e-16
8832.500 9.5115e-16
8834.025 9.7403e-16
8835.550 9.593e-16
8837.075 9.2689e-16
8838.600 9.2909e-16
8840.125 9.6763e-16
8841.650 9.7568e-16
8843.175 9.6021e-16
8844.700 9.3714e-16
8846.225 9.4492e-16
8847.750 9.8383e-16
8849.275 9.9738e-16
8850.800 9.8996e-16
8852.325 9.6946e-16
8853.850 9.1572e-16
8855.375 8.9139e-16
8856.900 9.1383e-16
8858.425 9.3687e-16
8859.950 9.3147e-16
8861.475 9.3293e-16
8863.000 9.5966e-16
8864.525 9.6195e-16
8866.050 9.5005e-16
8867.575 9.2689e-16
8869.100 9.3128e-16
8870.625 9.3668e-16
8872.150 9.4282e-16
8873.675 9.5234e-16
8875.200 9.2378e-16
8876.725 9.0952e-16
8878.250 9.3147e-16
8879.775 9.8465e-16
8881.300 1.0312e-15
8882.825 1.0301e-15
8884.350 1.007e-15
8885.875 9.4749e-16
8887.400 8.6866e-16
8888.925 8.4119e-16
8890.450 8.7427e-16
8891.975 9.1956e-16
8893.500 9.1956e-16
8895.025 8.9953e-16
8896.550 8.8502e-16
8898.075 9.0515e-16
8899.600 9.4465e-16
8901.125 9.8831e-16
8902.650 9.711e-16
8904.175 9.2304e-16
8905.700 8.7088e-16
8907.225 8.7675e-16
8908.750 8.9744e-16
8910.275 9.1012e-16
8911.800 9.065e-16
8913.325 8.8983e-16
8914.850 9.387e-16
8916.375 9.8117e-16
8917.900 9.5627e-16
8919.425 9.1572e-16
8920.950 8.8923e-16
8922.475 8.4821e-16
8924.000 8.057e-16
8925.525 8.3197e-16
8927.050 8.6266e-16
8928.575 8.6088e-16
8930.100 8.4754e-16
8931.625 8.4668e-16
8933.150 8.6413e-16
8934.675 8.9839e-16
8936.200 8.9356e-16
8937.725 8.9027e-16
8939.250 8.8477e-16
8940.775 8.6826e-16
8942.300 8.7508e-16
8943.825 8.7479e-16
8945.350 8.3894e-16
8946.875 8.2623e-16
8948.400 8.148e-16
8949.925 8.1237e-16
8951.450 8.1551e-16
8952.975 8.2336e-16
8954.500 8.3671e-16
8956.025 8.389e-16
8957.550 8.3771e-16
8959.075 8.1822e-16
8960.600 7.7251e-16
8962.125 7.4466e-16
8963.650 7.4483e-16
8965.175 7.5235e-16
8966.700 7.6528e-16
8968.225 7.783e-16
8969.750 7.7613e-16
8971.275 7.6106e-16
8972.800 7.5548e-16
8974.325 7.6591e-16
8975.850 7.7849e-16
8977.375 7.8428e-16
8978.900 7.9551e-16
8980.425 7.9881e-16
8981.950 7.7657e-16
8983.475 7.5243e-16
8985.000 7.2786e-16
8986.525 6.8202e-16
8988.050 6.2657e-16
8989.575 6.0493e-16
8991.100 6.5479e-16
8992.625 7.3203e-16
8994.150 7.7574e-16
8995.675 7.8585e-16
8997.200 7.8027e-16
8998.725 7.705e-16
9000.250 7.3522e-16
9001.775 7.1608e-16
9003.300 7.1663e-16
9004.825 7.3641e-16
9006.350 7.4164e-16
9007.875 7.3129e-16
9009.400 7.6099e-16
9010.925 7.697e-16
9012.450 7.5046e-16
9013.975 7.4593e-16
9015.500 7.3688e-16
9017.025 7.3201e-16
9018.550 7.2772e-16
9020.075 7.3635e-16
9021.600 7.4583e-16
9023.125 7.2961e-16
9024.650 7.2914e-16
9026.175 7.5047e-16
9027.700 7.5717e-16
9029.225 7.4644e-16
9030.750 7.5392e-16
9032.275 7.8763e-16
9033.800 8.2375e-16
9035.325 8.3917e-16
9036.850 8.1231e-16
9038.375 8.0044e-16
9039.900 7.9403e-16
9041.425 7.7105e-16
9042.950 7.7663e-16
9044.475 8.0976e-16
9046.000 8.3556e-16
9047.525 8.3241e-16
9049.050 7.942e-16
9050.575 7.7602e-16
9052.100 7.5976e-16
9053.625 7.62e-16
9055.150 7.9813e-16
9056.675 7.9994e-16
9058.200 7.7263e-16
9059.725 7.5021e-16
9061.250 7.395e-16
9062.775 7.3309e-16
9064.300 7.2169e-16
9065.825 7.2203e-16
9067.350 7.2284e-16
9068.875 6.9786e-16
9070.400 6.7291e-16
9071.925 6.8208e-16
9073.450 7.0837e-16
9074.975 7.2601e-16
9076.500 7.302e-16
9078.025 7.0268e-16
9079.550 6.6886e-16
9081.075 6.7851e-16
9082.600 7.0583e-16
9084.125 7.2793e-16
9085.650 7.4011e-16
9087.175 7.1609e-16
9088.700 7.027e-16
9090.225 7.1551e-16
9091.750 7.1086e-16
9093.275 7.0983e-16
9094.800 7.1333e-16
9096.325 7.2143e-16
9097.850 7.178e-16
9099.375 7.0468e-16
9100.900 7.158e-16
9102.425 7.4285e-16
9103.950 7.2289e-16
9105.475 6.8305e-16
9107.000 6.9424e-16
9108.525 7.2718e-16
9110.050 7.6562e-16
9111.575 7.8287e-16
9113.100 7.6755e-16
9114.625 7.4458e-16
9116.150 7.1786e-16
9117.675 7.09e-16
9119.200 7.3033e-16
9120.725 7.764e-16
9122.250 7.9181e-16
9123.775 7.7919e-16
9125.300 7.6064e-16
9126.825 7.2438e-16
9128.350 6.901e-16
9129.875 6.7637e-16
9131.400 6.8889e-16
9132.925 6.6628e-16
9134.450 6.4504e-16
9135.975 6.6983e-16
9137.500 7.0383e-16
9139.025 7.3213e-16
9140.550 7.5416e-16
9142.075 7.5456e-16
9143.600 7.5897e-16
9145.125 7.4675e-16
9146.650 7.4493e-16
9148.175 7.3838e-16
9149.700 7.0823e-16
9151.225 6.617e-16
9152.750 6.1475e-16
9154.275 6.0357e-16
9155.800 6.4257e-16
9157.325 6.9362e-16
9158.850 7.3418e-16
9160.375 7.5598e-16
9161.900 7.6719e-16
9163.425 7.6799e-16
9164.950 7.5445e-16
9166.475 7.5962e-16
9168.000 7.6524e-16
9169.525 7.4475e-16
9171.050 7.1061e-16
9172.575 6.7942e-16
9174.100 6.8254e-16
9175.625 6.9276e-16
9177.150 7.2587e-16
9178.675 7.3961e-16
9180.200 7.4828e-16
9181.725 7.4625e-16
9183.250 7.387e-16
9184.775 7.5898e-16
9186.300 7.6149e-16
9187.825 7.6004e-16
9189.350 7.6966e-16
9190.875 7.6538e-16
9192.400 7.4917e-16
9193.925 7.344e-16
9195.450 7.2595e-16
9196.975 7.3792e-16
9198.500 7.6888e-16
9200.025 8.027e-16
9201.550 8.1494e-16
9203.075 7.9198e-16
9204.600 7.7405e-16
9206.125 7.5952e-16
9207.650 7.5686e-16
9209.175 7.6477e-16
9210.700 7.6777e-16
9212.225 7.7896e-16
9213.750 7.756e-16
9215.275 7.6739e-16
9216.800 7.7018e-16
9218.325 7.8285e-16
9219.850 7.9192e-16
9221.375 7.8126e-16
9222.900 7.8738e-16
9224.425 8.0177e-16
9225.950 8.0274e-16
9227.475 7.8986e-16
9229.000 7.896e-16
9230.525 8.2258e-16
9232.050 8.2388e-16
9233.575 7.9204e-16
9235.100 7.7954e-16
9236.625 7.9268e-16
9238.150 7.9448e-16
9239.675 8.0144e-16
9241.200 7.9971e-16
9242.725 7.8287e-16
9244.250 7.9798e-16
9245.775 7.8525e-16
9247.300 7.6061e-16
9248.825 7.7614e-16
9250.350 7.9452e-16
9251.875 7.8548e-16
9253.400 7.7307e-16
9254.925 7.9471e-16
9256.450 7.9245e-16
9257.975 7.6799e-16
9259.500 7.4678e-16
9261.025 7.6756e-16
9262.550 7.9782e-16
9264.075 8.1569e-16
9265.600 8.2545e-16
9267.125 7.988e-16
9268.650 7.8358e-16
9270.175 7.9724e-16
9271.700 8.0483e-16
9273.225 8.0238e-16
9274.750 7.8945e-16
9276.275 7.695e-16
9277.800 7.3543e-16
9279.325 7.2196e-16
9280.850 7.185e-16
9282.375 7.0778e-16
9283.900 6.9109e-16
9285.425 6.8007e-16
9286.950 6.7845e-16
9288.475 6.9119e-16
9290.000 7.0714e-16
9291.525 7.078e-16
9293.050 6.9631e-16
9294.575 6.58e-16
9296.100 6.2007e-16
9297.625 6.3109e-16
9299.150 6.4213e-16
9300.675 6.5052e-16
9302.200 6.8301e-16
9303.725 6.8802e-16
9305.250 6.6362e-16
9306.775 6.3702e-16
9308.300 6.202e-16
9309.825 6.391e-16
9311.350 6.6239e-16
9312.875 6.3506e-16
9314.400 5.4806e-16
9315.925 4.7296e-16
9317.450 4.9074e-16
9318.975 5.4633e-16
9320.500 5.7637e-16
9322.025 5.4703e-16
9323.550 4.8529e-16
9325.075 4.5485e-16
9326.600 4.9995e-16
9328.125 5.6714e-16
9329.650 5.8307e-16
9331.175 5.5442e-16
9332.700 5.0494e-16
9334.225 4.5898e-16
9335.750 4.4709e-16
9337.275 4.5172e-16
9338.800 4.3808e-16
9340.325 4.0895e-16
9341.850 3.7531e-16
9343.375 3.7381e-16
9344.900 4.4204e-16
9346.425 5.7032e-16
9347.950 6.5739e-16
9349.475 6.7607e-16
9351.000 6.1396e-16
9352.525 5.1065e-16
9354.050 4.2651e-16
9355.575 4.1936e-16
9357.100 4.7402e-16
9358.625 5.2841e-16
9360.150 5.7903e-16
9361.675 6.0651e-16
9363.200 5.9145e-16
9364.725 5.3889e-16
9366.250 4.6629e-16
9367.775 4.3576e-16
9369.300 4.614e-16
9370.825 5.5519e-16
9372.350 6.6968e-16
9373.875 6.8322e-16
9375.400 5.7549e-16
9376.925 4.3861e-16
9378.450 3.3676e-16
9379.975 3.7629e-16
9381.500 4.7836e-16
9383.025 5.494e-16
9384.550 5.9826e-16
9386.075 6.1446e-16
9387.600 6.3095e-16
9389.125 6.8e-16
9390.650 7.2455e-16
9392.175 7.398e-16
9393.700 7.313e-16
9395.225 7.2235e-16
9396.750 7.0862e-16
9398.275 6.8175e-16
9399.800 6.5449e-16
9401.325 6.4199e-16
9402.850 6.5206e-16
9404.375 6.5631e-16
9405.900 6.584e-16
9407.425 6.4153e-16
9408.950 6.0808e-16
9410.475 6.0248e-16
9412.000 6.3694e-16
9413.525 6.901e-16
9415.050 7.1488e-16
9416.575 7.0242e-16
9418.100 6.8102e-16
9419.625 6.7698e-16
9421.150 6.6941e-16
9422.675 6.5496e-16
9424.200 6.315e-16
9425.725 5.5524e-16
9427.250 4.9271e-16
9428.775 5.1213e-16
9430.300 6.0801e-16
9431.825 7.1494e-16
9433.350 7.5389e-16
9434.875 7.6357e-16
9436.400 7.3319e-16
9437.925 6.2698e-16
9439.450 5.283e-16
9440.975 4.3481e-16
9442.500 4.0798e-16
9444.025 5.1092e-16
9445.550 6.2141e-16
9447.075 6.6462e-16
9448.600 7.05e-16
9450.125 7.1029e-16
9451.650 6.621e-16
9453.175 6.1251e-16
9454.700 5.9054e-16
9456.225 5.6975e-16
9457.750 5.3522e-16
9459.275 5.4511e-16
9460.800 5.3398e-16
9462.325 5.7233e-16
9463.850 6.4965e-16
9465.375 6.5531e-16
9466.900 6.2437e-16
9468.425 5.9169e-16
9469.950 6.1436e-16
9471.475 6.5005e-16
9473.000 6.8592e-16
9474.525 6.9159e-16
9476.050 6.5324e-16
9477.575 6.0407e-16
9479.100 5.0462e-16
9480.625 4.765e-16
9482.150 5.441e-16
9483.675 6.3858e-16
9485.200 7.0381e-16
9486.725 7.3799e-16
9488.250 7.4074e-16
9489.775 7.2483e-16
9491.300 6.7577e-16
9492.825 5.8345e-16
9494.350 5.2222e-16
9495.875 5.2129e-16
9497.400 5.106e-16
9498.925 5.036e-16
9500.450 5.3646e-16
9501.975 6.0632e-16
9503.500 6.7924e-16
9505.025 7.1355e-16
9506.550 7.3161e-16
9508.075 7.5133e-16
9509.600 7.536e-16
9511.125 7.4036e-16
9512.650 7.1712e-16
9514.175 6.9875e-16
9515.700 6.583e-16
9517.225 5.9137e-16
9518.750 5.5466e-16
9520.275 5.5298e-16
9521.800 5.4791e-16
9523.325 5.705e-16
9524.850 6.1274e-16
9526.375 6.3061e-16
9527.900 6.462e-16
9529.425 6.5755e-16
9530.950 6.8116e-16
9532.475 7.0869e-16
9534.000 6.9984e-16
9535.525 6.8305e-16
9537.050 6.8067e-16
9538.575 6.8246e-16
9540.100 6.6061e-16
9541.625 6.2419e-16
9543.150 6.2174e-16
9544.675 6.4529e-16
9546.200 6.7006e-16
9547.725 7.1797e-16
9549.250 7.5258e-16
9550.775 7.3349e-16
9552.300 6.7566e-16
9553.825 6.0991e-16
9555.350 5.7092e-16
9556.875 5.9092e-16
9558.400 6.6082e-16
9559.925 7.2981e-16
9561.450 7.4085e-16
9562.975 6.971e-16
9564.500 6.4599e-16
9566.025 6.2615e-16
9567.550 6.4308e-16
9569.075 6.3881e-16
9570.600 6.5812e-16
9572.125 7.4524e-16
9573.650 8.2335e-16
9575.175 8.3819e-16
9576.700 7.8755e-16
9578.225 7.3149e-16
9579.750 6.8208e-16
9581.275 6.71e-16
9582.800 7.3183e-16
9584.325 7.634e-16
9585.850 7.0577e-16
9587.375 6.2854e-16
9588.900 5.9313e-16
9590.425 5.719e-16
9591.950 5.9336e-16
9593.475 6.5105e-16
9595.000 7.0763e-16
9596.525 7.197e-16
9598.050 7.3524e-16
9599.575 7.5641e-16
9601.100 7.7893e-16
9602.625 7.8452e-16
9604.150 7.6091e-16
9605.675 7.0531e-16
9607.200 6.9997e-16
9608.725 7.5438e-16
9610.250 7.9412e-16
9611.775 8.0982e-16
9613.300 8.2014e-16
9614.825 8.0267e-16
9616.350 7.7755e-16
9617.875 7.5703e-16
9619.400 7.2955e-16
9620.925 6.9808e-16
9622.450 6.8776e-16
9623.975 7.0945e-16
9625.500 7.6134e-16
9627.025 8.0168e-16
9628.550 8.4974e-16
9630.075 9.059e-16
9631.600 8.9758e-16
9633.125 8.4856e-16
9634.650 7.8279e-16
9636.175 7.2835e-16
9637.700 7.2478e-16
9639.225 7.7027e-16
9640.750 8.333e-16
9642.275 8.4918e-16
9643.800 8.2377e-16
9645.325 7.9776e-16
9646.850 7.9922e-16
9648.375 8.3508e-16
9649.900 8.5771e-16
9651.425 8.692e-16
9652.950 8.9185e-16
9654.475 9.0197e-16
9656.000 9.0142e-16
9657.525 8.895e-16
9659.050 8.5033e-16
9660.575 8.1823e-16
9662.100 8.088e-16
9663.625 8.2039e-16
9665.150 8.6464e-16
9666.675 9.0696e-16
9668.200 9.3128e-16
9669.725 9.4538e-16
9671.250 9.7541e-16
9672.775 1.0176e-15
9674.300 1.0216e-15
9675.825 1.0211e-15
9677.350 1.0624e-15
9678.875 1.044e-15
9680.400 9.7889e-16
9681.925 9.647e-16
9683.450 9.7971e-16
9684.975 9.9408e-16
9686.500 1.0193e-15
9688.025 1.056e-15
9689.550 1.0371e-15
9691.075 1.0214e-15
9692.600 1.0235e-15
9694.125 1.061e-15
9695.650 1.081e-15
9697.175 1.0512e-15
9698.700 1.0155e-15
9700.225 9.9564e-16
9701.750 9.8932e-16
9703.275 1.0121e-15
9704.800 1.0473e-15
9706.325 1.0486e-15
9707.850 1.0943e-15
9709.375 1.1613e-15
9710.900 1.1535e-15
9712.425 1.0524e-15
9713.950 1.0659e-15
9715.475 1.1449e-15
9717.000 1.1992e-15
9718.525 1.1492e-15
9720.050 1.0749e-15
9721.575 9.8822e-16
9723.100 9.7632e-16
9724.625 1.0348e-15
9726.150 1.0782e-15
9727.675 1.1061e-15
9729.200 1.1415e-15
9730.725 1.1165e-15
9732.250 1.0724e-15
9733.775 1.0649e-15
9735.300 1.0068e-15
9736.825 9.7467e-16
9738.350 1.0538e-15
9739.875 1.1283e-15
9741.400 1.0906e-15
9742.925 1.0623e-15
9744.450 1.0831e-15
9745.975 1.1214e-15
9747.500 1.1525e-15
9749.025 1.1257e-15
9750.550 1.0702e-15
9752.075 1.0887e-15
9753.600 1.1093e-15
9755.125 1.0896e-15
9756.650 1.083e-15
9758.175 1.075e-15
9759.700 1.0855e-15
9761.225 1.1059e-15
9762.750 1.0875e-15
9764.275 1.1033e-15
9765.800 1.181e-15
9767.325 1.2419e-15
9768.850 1.269e-15
9770.375 1.2329e-15
9771.900 1.1856e-15
9773.425 1.1987e-15
9774.950 1.1972e-15
9776.475 1.1558e-15
9778.000 1.1476e-15
9779.525 1.1861e-15
9781.050 1.1887e-15
9782.575 1.1975e-15
9784.100 1.2505e-15
9785.625 1.3077e-15
9787.150 1.3534e-15
9788.675 1.3412e-15
9790.200 1.2597e-15
9791.725 1.1545e-15
9793.250 1.089e-15
9794.775 1.1425e-15
9796.300 1.2547e-15
9797.825 1.3011e-15
9799.350 1.2121e-15
9800.875 1.1644e-15
9802.400 1.1867e-15
9803.925 1.2434e-15
9805.450 1.3247e-15
9806.975 1.3358e-15
9808.500 1.3297e-15
9810.025 1.3598e-15
9811.550 1.3788e-15
9813.075 1.3574e-15
9814.600 1.3248e-15
9816.125 1.3417e-15
9817.650 1.4011e-15
9819.175 1.4782e-15
9820.700 1.5675e-15
9822.225 1.6065e-15
9823.750 1.5786e-15
9825.275 1.5774e-15
9826.800 1.5505e-15
9828.325 1.4621e-15
9829.850 1.4355e-15
9831.375 1.4348e-15
9832.900 1.3882e-15
9834.425 1.4025e-15
9835.950 1.4552e-15
9837.475 1.4343e-15
9839.000 1.3858e-15
9840.525 1.427e-15
9842.050 1.4535e-15
9843.575 1.4217e-15
9845.100 1.4224e-15
9846.625 1.4889e-15
9848.150 1.5098e-15
9849.675 1.4077e-15
9851.200 1.3726e-15
9852.725 1.386e-15
9854.250 1.4272e-15
9855.775 1.4827e-15
9857.300 1.4925e-15
9858.825 1.4932e-15
9860.350 1.4737e-15
9861.875 1.5421e-15
9863.400 1.5401e-15
9864.925 1.4835e-15
9866.450 1.5216e-15
9867.975 1.6388e-15
9869.500 1.6999e-15
9871.025 1.6491e-15
9872.550 1.5785e-15
9874.075 1.4143e-15
9875.600 1.3465e-15
9877.125 1.494e-15
9878.650 1.5886e-15
9880.175 1.5822e-15
9881.700 1.5802e-15
9883.225 1.5947e-15
9884.750 1.6237e-15
9886.275 1.6578e-15
9887.800 1.6625e-15
9889.325 1.6567e-15
9890.850 1.6675e-15
9892.375 1.6575e-15
9893.900 1.6274e-15
9895.425 1.5776e-15
9896.950 1.5178e-15
9898.475 1.5325e-15
9900.000 1.6103e-15
9901.525 1.6535e-15
9903.050 1.6241e-15
9904.575 1.6123e-15
9906.100 1.6681e-15
9907.625 1.6802e-15
9909.150 1.6716e-15
9910.675 1.7526e-15
9912.200 1.8151e-15
9913.725 1.8404e-15
9915.250 1.7834e-15
9916.775 1.6091e-15
9918.300 1.5236e-15
9919.825 1.6074e-15
9921.350 1.6605e-15
9922.875 1.633e-15
9924.400 1.6232e-15
9925.925 1.6561e-15
9927.450 1.7071e-15
9928.975 1.7736e-15
9930.500 1.8143e-15
9932.025 1.859e-15
9933.550 1.801e-15
9935.075 1.7055e-15
9936.600 1.7792e-15
9938.125 1.8802e-15
9939.650 1.9458e-15
9941.175 1.9238e-15
9942.700 1.8982e-15
9944.225 1.9139e-15
9945.750 1.7934e-15
9947.275 1.7453e-15
9948.800 1.6994e-15
9950.325 1.5851e-15
9951.850 1.7612e-15
9953.375 1.8799e-15
9954.900 1.8986e-15
9956.425 1.9954e-15
9957.950 2.0019e-15
9959.475 1.9738e-15
9961.000 1.7966e-15
9962.525 1.6418e-15
9964.050 1.6832e-15
9965.575 1.6676e-15
9967.100 1.744e-15
9968.625 1.9515e-15
9970.150 1.9919e-15
9971.675 1.8764e-15
9973.200 1.7836e-15
9974.725 1.8671e-15
9976.250 1.9437e-15
9977.775 1.9518e-15
9979.300 1.9297e-15
9980.825 1.9999e-15
9982.350 2.0707e-15
9983.875 1.9976e-15
9985.400 1.9534e-15
9986.925 2.0759e-15
9988.450 2.0827e-15
9989.975 2.0445e-15
9991.500 1.9937e-15
9993.025 1.9252e-15
9994.550 2.0194e-15
9996.075 2.1047e-15
9997.600 2.1736e-15
9999.125 2.1371e-15
10000.650 2.0312e-15
