   3715.0205      1.61814396E-14
   3717.7727      2.36393496E-14
   3723.2771      3.03038404E-15
   3726.0295      1.26541496E-14
   3728.7817      3.53341806E-15
   3731.5339      1.53664008E-14
   3734.2861      8.04073300E-15
   3739.7905      9.44232096E-15
   3742.5427      1.51989508E-14
   3745.2949      8.61114531E-15
   3748.0471      1.77515299E-15
   3753.5518      1.07782596E-14
   3756.3040      2.12435906E-15
   3759.0562      1.03748297E-14
   3761.8083      1.74659498E-14
   3764.5605      1.25724499E-14
   3767.3127      1.12756001E-14
   3770.0649      1.31244096E-14
   3772.8171      5.70452211E-15
   3775.5696      1.46475595E-14
   3778.3218      7.40490687E-15
   3781.0740      7.06711902E-15
   3786.5784      1.54168096E-15
   3794.8350      4.87472501E-15
   3797.5874      7.60900200E-15
   3800.3396      1.99702396E-15
   3803.0918      8.96994593E-15
   3805.8440      5.09163998E-15
   3808.5962      8.42914165E-15
   3811.3484      9.49415175E-15
   3814.1006      1.08903297E-14
   3816.8528      7.64009658E-15
   3819.6050      1.21296101E-14
   3822.3574      4.91048801E-15
   3825.1096      5.47328592E-15
   3827.8618      6.61147882E-15
   3830.6140      1.78278794E-15
   3833.3662      3.86817585E-15
   3836.1184      1.77665902E-15
   3838.8706      5.83664315E-15
   3841.6228      1.01103403E-14
   3844.3752      6.84861205E-15
   3847.1274      1.04188500E-14
   3849.8796      7.44688074E-15
   3852.6318      5.55325515E-15
   3855.3840      4.16554583E-15
   3858.1362      5.99603104E-15
   3860.8884      9.68411159E-15
   3863.6406      5.94441285E-15
   3866.3928      4.33505406E-15
   3869.1453      7.52975359E-15
   3871.8975      5.45449407E-15
   3874.6497      4.01623382E-15
   3877.4019      7.53210581E-15
   3880.1541      1.03540799E-14
   3882.9063      8.78807101E-15
   3885.6584      8.04918977E-15
   3888.4106      1.20980996E-14
   3891.1631      6.62890102E-15
   3893.9153      8.85621820E-15
   3896.6675      8.85590988E-15
   3899.4197      9.01169364E-15
   3902.1719      8.03501129E-15
   3904.9241      7.44938796E-15
   3907.6763      8.50022296E-15
   3910.4285      6.86116508E-15
   3913.1807      6.50073604E-15
   3915.9331      5.66775283E-15
   3918.6853      6.60453485E-15
   3921.4375      9.86604665E-15
   3924.1897      8.51064739E-15
   3926.9419      6.46540291E-15
   3929.6941      8.23805779E-15
   3932.4463      7.51381074E-15
   3935.1985      9.64268999E-15
   3937.9507      7.42484602E-15
   3940.7031      4.26234814E-15
   3943.4553      5.19349400E-15
   3946.2075      5.56032491E-15
   3948.9597      7.52851184E-15
   3951.7119      6.23804783E-15
   3954.4641      9.02062730E-15
   3957.2163      8.36489589E-15
   3959.9685      8.37014242E-15
   3962.7209      6.87846700E-15
   3965.4731      5.66552090E-15
   3968.2253      5.34896605E-15
   3970.9775      5.90735008E-15
   3973.7297      6.71463897E-15
   3976.4819      5.23482794E-15
   3979.2341      6.98627396E-15
   3981.9863      6.61960187E-15
   3984.7385      7.81633364E-15
   3987.4910      7.07002900E-15
   3990.2432      7.82954820E-15
   3992.9954      1.01946599E-14
   3995.7476      8.00436564E-15
   3998.4998      5.10895207E-15
   4001.2520      6.99335092E-15
   4004.0042      7.13675741E-15
   4006.7563      6.56087284E-15
   4009.5088      6.96873615E-15
   4012.2610      5.13284221E-15
   4015.0132      8.34416561E-15
   4017.7654      7.58475060E-15
   4020.5176      6.67154913E-15
   4023.2698      5.69982700E-15
   4026.0220      6.02543113E-15
   4028.7742      9.13868760E-15
   4031.5264      7.71861823E-15
   4034.2788      8.83524058E-15
   4037.0310      6.83767982E-15
   4039.7832      7.39322628E-15
   4042.5354      6.21280583E-15
   4045.2876      7.47154634E-15
   4048.0398      9.11575503E-15
   4050.7920      7.21768379E-15
   4053.5442      4.90920179E-15
   4056.2966      7.25225290E-15
   4059.0488      7.56696883E-15
   4061.8010      7.27270789E-15
   4064.5532      8.59074622E-15
   4067.3054      7.81801839E-15
   4070.0576      6.96813009E-15
   4072.8098      6.46801219E-15
   4075.5620      6.98705493E-15
   4078.3142      7.65973165E-15
   4081.0667      6.50168895E-15
   4083.8188      6.76686914E-15
   4086.5710      7.18784282E-15
   4089.3232      6.04269281E-15
   4092.0754      7.33939565E-15
   4094.8276      5.59162701E-15
   4097.5801      6.16375500E-15
   4100.3320      6.35568207E-15
   4103.0845      6.16656079E-15
   4105.8364      5.46205893E-15
   4108.5889      5.82146898E-15
   4111.3408      6.71454113E-15
   4114.0933      6.97711203E-15
   4116.8457      6.27588013E-15
   4119.5977      6.97038489E-15
   4122.3501      7.53768521E-15
   4125.1021      6.38238690E-15
   4127.8545      6.45575902E-15
   4130.6064      6.00156597E-15
   4133.3589      7.11190801E-15
   4136.1108      7.46842841E-15
   4138.8633      6.85032306E-15
   4141.6157      6.34549184E-15
   4144.3677      6.28691105E-15
   4147.1201      6.01402795E-15
   4149.8721      7.54591922E-15
   4152.6245      7.90930313E-15
   4155.3765      7.86004393E-15
   4158.1289      6.69638414E-15
   4160.8809      7.88579034E-15
   4163.6333      6.49311995E-15
   4166.3857      6.10173821E-15
   4169.1377      5.17470808E-15
   4171.8901      6.18405287E-15
   4174.6421      6.86270202E-15
   4177.3945      8.00215996E-15
   4180.1465      7.51771895E-15
   4182.8989      7.60399434E-15
   4185.6509      7.06988586E-15
   4188.4033      6.39821583E-15
   4191.1558      6.93084497E-15
   4193.9077      7.54326801E-15
   4196.6602      7.39186764E-15
   4199.4121      6.32683001E-15
   4202.1646      5.68691102E-15
   4204.9165      6.33862198E-15
   4207.6689      7.10966083E-15
   4210.4214      6.28836117E-15
   4213.1733      6.91248511E-15
   4215.9258      7.79571686E-15
   4218.6777      6.95404394E-15
   4221.4302      7.31311730E-15
   4224.1821      6.68701680E-15
   4226.9346      5.95437396E-15
   4229.6865      5.82734188E-15
   4232.4390      5.79725485E-15
   4235.1914      5.51829598E-15
   4237.9434      6.34827011E-15
   4240.6958      6.95933789E-15
   4243.4478      6.41791401E-15
   4246.2002      5.65929394E-15
   4248.9521      4.91808293E-15
   4251.7046      5.71638480E-15
   4254.4565      5.49593897E-15
   4257.2090      4.96433517E-15
   4259.9614      5.43494794E-15
   4262.7134      5.48292092E-15
   4265.4658      6.00767096E-15
   4268.2178      5.41973396E-15
   4270.9702      6.53690096E-15
   4273.7222      6.87049303E-15
   4276.4746      6.57824803E-15
   4279.2266      6.13024214E-15
   4281.9790      6.69924584E-15
   4284.7314      5.96320597E-15
   4287.4834      5.82450390E-15
   4290.2358      5.13966506E-15
   4292.9878      5.44602883E-15
   4295.7402      5.78593214E-15
   4298.4922      5.57016701E-15
   4301.2446      6.42903301E-15
   4303.9966      5.80493702E-15
   4306.7490      5.58212712E-15
   4309.5015      5.39847301E-15
   4312.2534      5.39855390E-15
   4315.0059      5.85929197E-15
   4317.7578      4.96402007E-15
   4320.5103      5.29699211E-15
   4323.2622      6.29521620E-15
   4326.0146      6.62925085E-15
   4328.7671      6.07020190E-15
   4331.5190      5.29982882E-15
   4334.2715      5.50480106E-15
   4337.0234      5.26466594E-15
   4339.7759      5.24279386E-15
   4342.5278      5.69498282E-15
   4345.2803      6.32706083E-15
   4348.0322      6.31385601E-15
   4350.7847      5.54216791E-15
   4353.5371      5.91941394E-15
   4356.2891      6.00256801E-15
   4359.0415      6.34285884E-15
   4361.7935      7.18578707E-15
   4364.5459      7.21191973E-15
   4367.2979      6.05552917E-15
   4370.0503      5.24767108E-15
   4372.8022      6.11762812E-15
   4375.5547      6.08098505E-15
   4378.3071      5.72202181E-15
   4381.0591      6.95587014E-15
   4383.8115      6.34171916E-15
   4386.5635      6.62461588E-15
   4389.3159      5.81405490E-15
   4392.0679      5.96615788E-15
   4394.8203      6.16966686E-15
   4397.5723      6.30579395E-15
   4400.3247      5.97987981E-15
   4403.0771      6.37545309E-15
   4405.8291      6.31335203E-15
   4408.5815      5.96560688E-15
   4411.3335      6.94233413E-15
   4414.0859      7.26037340E-15
   4416.8379      7.15273838E-15
   4419.5903      6.87144806E-15
   4422.3428      5.77866798E-15
   4425.0947      6.69008899E-15
   4427.8472      7.32907624E-15
   4430.5991      6.30909907E-15
   4433.3516      6.02228821E-15
   4436.1035      5.73447489E-15
   4438.8560      6.30170617E-15
   4441.6079      6.69333397E-15
   4444.3604      6.29626610E-15
   4447.1128      5.77202894E-15
   4449.8647      6.36933413E-15
   4452.6172      6.79203406E-15
   4455.3691      5.71711706E-15
   4458.1216      5.72475984E-15
   4460.8735      5.69186616E-15
   4463.6260      6.45675809E-15
   4466.3779      6.47343194E-15
   4469.1304      5.65278279E-15
   4471.8828      6.50081397E-15
   4474.6348      6.47423408E-15
   4477.3872      6.32714807E-15
   4480.1392      6.29068712E-15
   4482.8916      6.27751406E-15
   4485.6436      6.42927611E-15
   4488.3960      7.44639793E-15
   4491.1479      6.26483186E-15
   4493.9004      6.46623300E-15
   4496.6528      6.52599795E-15
   4499.4048      5.70451703E-15
   4502.1572      5.67973919E-15
   4504.9092      6.20537481E-15
   4507.6616      6.12500790E-15
   4510.4136      5.75856789E-15
   4513.1660      6.10037406E-15
   4515.9180      5.34697298E-15
   4518.6704      5.52446196E-15
   4521.4229      6.06057579E-15
   4524.1748      6.18182687E-15
   4526.9272      5.83462298E-15
   4529.6792      6.53122796E-15
   4532.4316      6.43494318E-15
   4535.1836      5.41758292E-15
   4537.9360      5.84893911E-15
   4540.6885      5.22426120E-15
   4543.4404      5.01725821E-15
   4546.1929      6.10360507E-15
   4548.9448      5.71816103E-15
   4551.6973      5.82336379E-15
   4554.4492      5.22746595E-15
   4557.2017      5.34561815E-15
   4559.9536      4.98035298E-15
   4562.7061      5.56320313E-15
   4565.4585      5.23240797E-15
   4568.2104      5.69507091E-15
   4570.9629      6.23699497E-15
   4573.7148      5.63053717E-15
   4576.4673      5.43081696E-15
   4579.2192      5.60325508E-15
   4581.9717      5.27384990E-15
   4584.7236      5.05084603E-15
   4587.4761      5.55944019E-15
   4590.2285      5.74357880E-15
   4592.9805      5.66532989E-15
   4595.7329      5.03773819E-15
   4598.4849      4.74502987E-15
   4601.2373      5.37232807E-15
   4603.9893      5.28178999E-15
   4606.7417      5.58801400E-15
   4609.4937      5.38212485E-15
   4612.2461      4.65140816E-15
   4614.9985      4.98484988E-15
   4617.7505      5.21875591E-15
   4620.5029      4.75271288E-15
   4623.2549      5.94713013E-15
   4626.0073      6.34124101E-15
   4628.7593      5.41824106E-15
   4631.5117      6.04088990E-15
   4634.2637      6.00761210E-15
   4637.0161      5.20009281E-15
   4639.7686      5.75935817E-15
   4642.5205      5.96347490E-15
   4645.2729      4.88920800E-15
   4648.0249      5.23207000E-15
   4650.7773      5.82675997E-15
   4653.5293      5.78527484E-15
   4656.2817      5.24423509E-15
   4659.0342      5.68900404E-15
   4661.7861      5.86252721E-15
   4664.5386      5.79890318E-15
   4667.2905      5.69894016E-15
   4670.0430      6.09543289E-15
   4672.7949      5.64269802E-15
   4675.5474      5.57529114E-15
   4678.2993      5.94413502E-15
   4681.0518      5.85541806E-15
   4683.8042      5.41809707E-15
   4686.5562      5.69228121E-15
   4689.3086      6.20443884E-15
   4692.0605      6.08130311E-15
   4694.8130      6.08182997E-15
   4697.5649      5.73583099E-15
   4700.3174      5.99394098E-15
   4703.0693      6.16685302E-15
   4705.8218      5.99260394E-15
   4708.5742      6.09325306E-15
   4711.3262      6.08065386E-15
   4714.0786      6.79014687E-15
   4716.8306      6.57055316E-15
   4719.5830      6.32423005E-15
   4722.3350      6.08236699E-15
   4725.0874      6.10028089E-15
   4727.8394      6.48331385E-15
   4730.5918      6.76018012E-15
   4733.3442      6.22455587E-15
   4736.0962      6.71163581E-15
   4738.8486      6.56007917E-15
   4741.6006      6.71219019E-15
   4744.3530      6.97500207E-15
   4747.1050      6.68272700E-15
   4749.8574      6.46635497E-15
   4752.6099      6.39064590E-15
   4755.3618      6.60753800E-15
   4758.1143      6.31243003E-15
   4760.8662      6.04433097E-15
   4763.6187      6.45834204E-15
   4766.3706      6.42488382E-15
   4769.1230      5.97177498E-15
   4771.8750      6.33987983E-15
   4774.6274      6.73190912E-15
   4777.3799      6.19063008E-15
   4780.1318      6.59313802E-15
   4782.8843      6.28556087E-15
   4785.6362      5.97043582E-15
   4788.3887      6.30829397E-15
   4791.1406      6.46815492E-15
   4793.8931      6.25411901E-15
   4796.6450      6.21692198E-15
   4799.3975      6.34931408E-15
   4802.1499      6.16804903E-15
   4804.9019      6.26903103E-15
   4807.6543      6.24544116E-15
   4810.4063      6.04796517E-15
   4813.1587      6.15711383E-15
   4815.9106      5.66179904E-15
   4818.6631      6.18427183E-15
   4821.4150      5.79951685E-15
   4824.1675      5.82570584E-15
   4826.9199      5.54868202E-15
   4829.6719      5.40659097E-15
   4832.4243      5.79027784E-15
   4835.1763      5.72515583E-15
   4837.9287      5.44889307E-15
   4840.6807      5.35959886E-15
   4843.4331      5.86939284E-15
   4846.1851      6.11551096E-15
   4848.9375      5.87002599E-15
   4851.6899      5.33745996E-15
   4854.4419      5.73411490E-15
   4857.1943      5.88240496E-15
   4859.9463      6.09873293E-15
   4862.6987      6.24416807E-15
   4865.4507      5.82001886E-15
   4868.2031      5.92615887E-15
   4870.9556      6.22569809E-15
   4873.7075      5.59160287E-15
   4876.4600      6.03337503E-15
   4879.2119      6.11073582E-15
   4881.9644      5.83095702E-15
   4884.7163      5.87154006E-15
   4887.4688      6.15508307E-15
   4890.2207      5.95036114E-15
   4892.9731      5.64095906E-15
   4895.7256      5.76180991E-15
   4898.4775      5.61776688E-15
   4901.2300      5.86894391E-15
   4903.9819      5.97409712E-15
   4906.7344      5.62617410E-15
   4909.4863      5.09873812E-15
   4912.2388      5.57326715E-15
   4914.9907      5.76141096E-15
   4917.7432      5.44293208E-15
   4920.4956      5.66130903E-15
   4923.2476      5.41465092E-15
   4926.0000      5.67719513E-15
   4928.7520      5.31654714E-15
   4931.5044      5.26613004E-15
   4934.2563      5.36096216E-15
   4937.0088      5.46727284E-15
   4939.7607      5.68118804E-15
   4942.5132      5.52040891E-15
   4945.2656      5.40728088E-15
   4948.0176      4.97859920E-15
   4950.7700      5.16855312E-15
   4953.5220      5.59458485E-15
   4956.2744      5.82244603E-15
   4959.0264      5.28950900E-15
   4961.7788      5.21713003E-15
   4964.5308      5.69809482E-15
   4967.2832      6.27204181E-15
   4970.0356      5.60865111E-15
   4972.7876      5.31298409E-15
   4975.5400      5.50323320E-15
   4978.2920      5.91795196E-15
   4981.0444      5.85404799E-15
   4983.7964      5.25063315E-15
   4986.5488      5.49268298E-15
   4989.3013      5.83667492E-15
   4992.0532      5.53640894E-15
   4994.8057      5.57078408E-15
   4997.5576      5.45536101E-15
   5000.3101      5.32946608E-15
   5003.0620      5.21167387E-15
   5005.8145      5.51274199E-15
   5008.5664      5.69774415E-15
   5011.3188      5.75950895E-15
   5014.0713      5.77452006E-15
   5016.8232      5.38573787E-15
   5019.5757      5.04938320E-15
   5022.3276      5.39864580E-15
   5025.0801      5.58198016E-15
   5027.8320      5.64188910E-15
   5030.5845      5.54334402E-15
   5033.3364      5.28443188E-15
   5036.0889      5.06893103E-15
   5038.8413      5.28266201E-15
   5041.5933      5.23319105E-15
   5044.3457      5.40950519E-15
   5047.0977      4.97500185E-15
   5049.8501      4.80420401E-15
   5052.6021      5.31158098E-15
   5055.3545      5.30725603E-15
   5058.1064      5.41346210E-15
   5060.8589      4.95125190E-15
   5063.6113      5.07233314E-15
   5066.3633      5.35726486E-15
   5069.1157      4.95561496E-15
   5071.8677      4.78997513E-15
   5074.6201      4.82892594E-15
   5077.3721      4.80700981E-15
   5080.1245      5.07655602E-15
   5082.8770      5.30951888E-15
   5085.6289      5.32746116E-15
   5088.3813      5.10250615E-15
   5091.1333      4.90381297E-15
   5093.8857      5.10393509E-15
   5096.6377      4.60577511E-15
   5099.3901      4.75904699E-15
   5102.1421      5.21584212E-15
   5104.8945      5.16960894E-15
   5107.6470      5.23709799E-15
   5110.3989      5.28289706E-15
   5113.1514      4.91442206E-15
   5115.9033      4.99134789E-15
   5118.6558      4.69871919E-15
   5121.4077      4.55488706E-15
   5124.1602      4.73196692E-15
   5126.9121      5.04798009E-15
   5129.6646      5.20185803E-15
   5132.4170      5.18624001E-15
   5135.1689      4.93421298E-15
   5137.9214      4.73994089E-15
   5140.6733      4.90218497E-15
   5143.4258      4.63746007E-15
   5146.1777      5.17900889E-15
   5148.9302      4.80545296E-15
   5151.6821      4.95470017E-15
   5154.4346      5.23962892E-15
   5157.1870      4.74361490E-15
   5159.9390      5.05453782E-15
   5162.6914      5.66846688E-15
   5165.4434      5.07169786E-15
   5168.1958      4.59392385E-15
   5170.9478      5.04709706E-15
   5173.7002      5.03424588E-15
   5176.4521      4.83826194E-15
   5179.2046      4.96249202E-15
   5181.9570      5.06596896E-15
   5184.7090      5.15158789E-15
   5187.4614      5.05589096E-15
   5190.2134      4.92116190E-15
   5192.9658      4.67501793E-15
   5195.7178      4.84475021E-15
   5198.4702      5.05128013E-15
   5201.2227      4.91150191E-15
   5203.9746      4.84221292E-15
   5206.7271      5.00277987E-15
   5209.4790      5.01936393E-15
   5212.2314      5.06223015E-15
   5214.9834      5.10139992E-15
   5217.7358      5.32037488E-15
   5220.4878      5.55407296E-15
   5223.2402      5.26169582E-15
   5225.9927      5.03886390E-15
   5228.7446      4.98957209E-15
   5231.4971      4.92341500E-15
   5234.2490      4.95279688E-15
   5237.0015      5.00273498E-15
   5239.7534      5.43680506E-15
   5242.5059      4.97039315E-15
   5245.2578      4.94138100E-15
   5248.0103      5.25483697E-15
   5250.7627      4.98285300E-15
   5253.5146      5.25410006E-15
   5256.2671      5.20021605E-15
   5259.0190      4.98424806E-15
   5261.7715      4.67198386E-15
   5264.5234      5.01762582E-15
   5267.2759      5.20556380E-15
   5270.0278      4.94336517E-15
   5272.7803      5.13541507E-15
   5275.5327      5.32977610E-15
   5278.2847      5.04610180E-15
   5281.0371      5.01957908E-15
   5283.7891      5.29223602E-15
   5286.5415      4.87831304E-15
   5289.2935      4.87048307E-15
   5292.0459      5.08963887E-15
   5294.7979      4.80580702E-15
   5297.5503      4.81539289E-15
   5300.3027      5.08239504E-15
   5303.0547      5.06641619E-15
   5305.8071      4.94002193E-15
   5308.5591      5.07762498E-15
   5311.3115      5.07200110E-15
   5314.0635      5.07285110E-15
   5316.8159      5.03212194E-15
   5319.5684      5.06083001E-15
   5322.3203      4.87323296E-15
   5325.0728      4.60750306E-15
   5327.8247      4.66000682E-15
   5330.5771      4.75733302E-15
   5333.3291      4.70027603E-15
   5336.0815      4.82956418E-15
   5338.8335      5.03884484E-15
   5341.5859      4.80514888E-15
   5344.3384      4.96224511E-15
   5347.0903      5.05392796E-15
   5349.8428      4.89071911E-15
   5352.5947      4.76789213E-15
   5355.3472      4.80702505E-15
   5358.0991      4.90254496E-15
   5360.8516      4.75035304E-15
   5363.6035      4.82472508E-15
   5366.3560      4.81700310E-15
   5369.1084      4.82211410E-15
   5371.8604      4.64061315E-15
   5374.6128      4.33319398E-15
   5377.3647      4.47189012E-15
   5380.1172      4.47142510E-15
   5382.8691      4.79849797E-15
   5385.6216      4.65620110E-15
   5388.3735      4.68265097E-15
   5391.1260      4.66612705E-15
   5393.8784      4.63359294E-15
   5396.6304      4.81366579E-15
   5399.3828      4.70642295E-15
   5402.1348      4.92380591E-15
   5404.8872      4.79598906E-15
   5407.6392      4.42314718E-15
   5410.3916      4.66973499E-15
   5413.1436      4.63304195E-15
   5415.8960      4.39823679E-15
   5418.6484      4.58298992E-15
   5421.4004      4.52058604E-15
   5424.1528      4.58315298E-15
   5426.9048      4.81497615E-15
   5429.6572      4.90451812E-15
   5432.4092      4.69390804E-15
   5435.1616      4.54287190E-15
   5437.9141      4.53166693E-15
   5440.6660      4.55217020E-15
   5443.4185      4.69785691E-15
   5446.1704      4.63875391E-15
   5448.9229      4.33041105E-15
   5451.6748      4.66532491E-15
   5454.4272      4.68881907E-15
   5457.1792      4.71442614E-15
   5459.9316      4.53547010E-15
   5462.6841      4.47646409E-15
   5465.4360      4.89553407E-15
   5468.1885      4.68874580E-15
   5470.9404      4.56432809E-15
   5473.6929      4.66355207E-15
   5476.4448      4.52921095E-15
   5479.1973      4.43091913E-15
   5481.9492      4.61695298E-15
   5484.7017      4.44725205E-15
   5487.4541      4.49307018E-15
   5490.2061      4.51679599E-15
   5492.9585      4.48918314E-15
   5495.7104      4.12098300E-15
   5498.4629      4.24063784E-15
   5501.2148      4.39533613E-15
   5503.9673      4.54035918E-15
   5506.7192      4.42097115E-15
   5509.4717      4.52911693E-15
   5512.2241      4.61649304E-15
   5514.9761      4.38925104E-15
   5517.7285      4.25933906E-15
   5520.4805      4.41510715E-15
   5523.2329      4.37188983E-15
   5525.9849      4.28950910E-15
   5528.7373      4.33048601E-15
   5531.4897      4.31023981E-15
   5534.2417      4.47780918E-15
   5536.9941      4.49839886E-15
   5539.7461      4.41344781E-15
   5542.4985      4.62711695E-15
   5545.2505      4.35685711E-15
   5548.0029      4.36757293E-15
   5550.7549      4.35957101E-15
   5553.5073      4.50565116E-15
   5556.2598      4.48202995E-15
   5559.0117      4.32455805E-15
   5561.7642      4.30534099E-15
   5564.5161      4.40159612E-15
   5567.2686      4.24190797E-15
   5570.0205      4.28565510E-15
   5572.7729      4.32540297E-15
   5575.5249      4.32123387E-15
   5578.2773      4.27809787E-15
   5581.0298      4.23658394E-15
   5583.7817      4.48851907E-15
   5586.5342      4.20264884E-15
   5589.2861      4.36763010E-15
   5592.0386      4.26239303E-15
   5594.7905      4.30520716E-15
   5597.5430      4.16014980E-15
   5600.2949      4.22906313E-15
   5603.0474      4.29368497E-15
   5605.7998      4.25079207E-15
   5608.5518      4.24507502E-15
   5611.3042      4.27437982E-15
   5614.0562      4.18557392E-15
   5616.8086      4.33510912E-15
   5619.5605      4.16513713E-15
   5622.3130      4.28272902E-15
   5625.0649      4.23341095E-15
   5627.8174      4.00875114E-15
   5630.5698      3.96245613E-15
   5633.3218      3.95985785E-15
   5636.0742      4.08233797E-15
   5638.8262      4.32088320E-15
   5641.5786      4.30997596E-15
   5644.3306      4.20726305E-15
   5647.0830      4.19132104E-15
   5649.8354      4.25312311E-15
   5652.5874      3.99630314E-15
   5655.3398      3.93965315E-15
   5658.0918      3.83661498E-15
   5660.8442      4.14714912E-15
   5663.5962      4.20757603E-15
   5666.3486      4.17188418E-15
   5669.1006      3.91930996E-15
   5671.8530      4.06809003E-15
   5674.6055      4.19078614E-15
   5677.3574      3.69756097E-15
   5680.1099      3.97926888E-15
   5682.8618      3.96386686E-15
   5685.6143      3.81497710E-15
   5688.3662      3.83264409E-15
   5691.1187      4.02177003E-15
   5693.8706      3.94460999E-15
   5696.6230      3.88098299E-15
   5699.3755      4.16676810E-15
   5702.1274      4.30557689E-15
   5704.8799      3.90905493E-15
   5707.6318      3.97302710E-15
   5710.3843      4.01449105E-15
   5713.1362      4.08145706E-15
   5715.8887      3.68598796E-15
   5718.6406      3.80066817E-15
   5721.3931      3.69042514E-15
   5724.1455      3.86387208E-15
   5726.8975      4.10610021E-15
   5729.6499      3.99130395E-15
   5732.4019      4.02501586E-15
   5735.1543      4.08546394E-15
   5737.9063      4.26451993E-15
   5740.6587      3.91358698E-15
   5743.4106      3.98628782E-15
   5746.1631      3.85690608E-15
   5748.9155      3.53979791E-15
   5751.6675      3.92740209E-15
   5754.4199      4.11191594E-15
   5757.1719      3.98065505E-15
   5759.9243      3.97816689E-15
   5762.6763      4.29332795E-15
   5765.4287      4.21972206E-15
   5768.1812      4.09554406E-15
   5770.9331      3.92813986E-15
   5773.6855      4.22452516E-15
   5776.4375      4.37260091E-15
   5779.1899      4.35611892E-15
   5781.9419      4.14880380E-15
   5784.6943      4.00183808E-15
   5787.4463      4.18466802E-15
   5790.1987      4.25640705E-15
   5792.9512      4.20075021E-15
   5795.7031      3.94285705E-15
   5798.4556      4.00325686E-15
   5801.2075      4.16845708E-15
   5803.9600      4.14074597E-15
   5806.7119      4.12073821E-15
   5809.4644      4.01738198E-15
   5812.2163      3.98651398E-15
   5814.9688      3.80137799E-15
   5817.7212      4.00995180E-15
   5820.4731      3.96254803E-15
   5823.2256      4.02093105E-15
   5825.9775      4.22572879E-15
   5828.7300      4.11170587E-15
   5831.4819      4.23508893E-15
   5834.2344      4.20833920E-15
   5836.9863      3.87297895E-15
   5839.7388      4.07049391E-15
   5842.4912      4.07455204E-15
   5845.2432      4.13452409E-15
   5847.9956      4.25053415E-15
   5850.7476      3.97984190E-15
   5853.5000      4.23414999E-15
   5856.2520      4.29793200E-15
   5859.0044      3.97989908E-15
   5861.7568      3.97842820E-15
   5864.5088      3.91058213E-15
   5867.2612      4.00382606E-15
   5870.0132      3.96151211E-15
   5872.7656      3.99049715E-15
   5875.5176      3.92128101E-15
   5878.2700      3.91875388E-15
   5881.0220      3.88150011E-15
   5883.7744      3.64769191E-15
   5886.5269      3.70278081E-15
   5889.2788      3.72145196E-15
   5892.0313      3.84566511E-15
   5894.7832      3.72361782E-15
   5897.5356      3.74020188E-15
   5900.2876      4.03142494E-15
   5903.0400      4.05800991E-15
   5905.7920      3.93889421E-15
   5908.5444      3.76710492E-15
   5911.2969      3.70519189E-15
   5914.0488      3.56166893E-15
   5916.8013      3.92154105E-15
   5919.5532      3.83976298E-15
   5922.3057      3.61002096E-15
   5925.0576      3.79989102E-15
   5927.8101      4.03323801E-15
   5930.5620      4.18474086E-15
   5933.3145      3.91082015E-15
   5936.0669      3.90615300E-15
   5938.8188      3.79406513E-15
   5941.5713      3.63792816E-15
   5944.3232      3.67880300E-15
   5947.0757      3.70615581E-15
   5949.8276      3.85000488E-15
   5952.5801      3.81193583E-15
   5955.3320      4.04110102E-15
   5958.0845      3.93662204E-15
   5960.8369      3.82094318E-15
   5963.5889      4.11900899E-15
   5966.3413      3.94387095E-15
   5969.0933      3.97444080E-15
   5971.8457      3.78660700E-15
   5974.5977      3.99797391E-15
   5977.3501      4.06464303E-15
   5980.1025      3.96849886E-15
   5982.8545      3.76383579E-15
   5985.6069      3.64859993E-15
   5988.3589      3.89998109E-15
   5991.1113      4.20905918E-15
   5993.8633      4.10138096E-15
   5996.6157      4.16896318E-15
   5999.3677      4.16675581E-15
   6002.1201      4.03008620E-15
   6004.8726      4.06140609E-15
   6007.6245      4.07464903E-15
   6010.3770      3.67520100E-15
   6013.1289      3.67663290E-15
   6015.8813      3.92860318E-15
   6018.6333      3.89720198E-15
   6021.3857      3.45069195E-15
   6024.1377      3.41263497E-15
   6026.8901      3.87741317E-15
   6029.6426      3.99868118E-15
   6032.3945      3.93606681E-15
   6035.1470      3.87663094E-15
   6037.8989      3.66922094E-15
   6040.6514      3.82959986E-15
   6043.4033      3.88518893E-15
   6046.1558      3.76378116E-15
   6048.9077      3.92035012E-15
   6051.6602      4.05307002E-15
   6054.4126      3.99500803E-15
   6057.1646      3.97925406E-15
   6059.9170      3.77257294E-15
   6062.6689      3.63847280E-15
   6065.4214      3.77222396E-15
   6068.1733      3.67924600E-15
   6070.9258      3.71052185E-15
   6073.6777      3.80225594E-15
   6076.4302      3.91069606E-15
   6079.1826      4.02797582E-15
   6081.9346      3.91058002E-15
   6084.6870      3.69066697E-15
   6087.4390      3.59808203E-15
   6090.1914      3.74755497E-15
   6092.9434      3.62627807E-15
   6095.6958      3.67177517E-15
   6098.4482      3.59902393E-15
   6101.2002      3.73215507E-15
   6103.9526      3.77749208E-15
   6106.7046      4.01448809E-15
   6109.4570      3.92241307E-15
   6112.2090      3.51035801E-15
   6114.9614      3.53917110E-15
   6117.7134      3.80726487E-15
   6120.4658      3.66267719E-15
   6123.2183      3.71695379E-15
   6125.9702      3.74937398E-15
   6128.7227      3.70461506E-15
   6131.4746      3.52746998E-15
   6134.2271      3.40451806E-15
   6136.9790      3.78754806E-15
   6139.7314      3.59825313E-15
   6142.4834      3.52680209E-15
   6145.2358      3.68451709E-15
   6147.9883      3.57618284E-15
   6150.7402      3.55618694E-15
   6153.4927      3.62612814E-15
   6156.2446      3.39963894E-15
   6158.9971      3.55332905E-15
   6161.7490      3.69334910E-15
   6164.5015      3.69078301E-15
   6167.2534      3.68680789E-15
   6170.0059      3.52367506E-15
   6172.7583      3.47089008E-15
   6175.5103      3.46635507E-15
   6178.2627      3.46750492E-15
   6181.0146      3.68875606E-15
   6183.7671      3.63493813E-15
   6186.5190      3.41304409E-15
   6189.2715      3.55229800E-15
   6192.0234      3.68030013E-15
   6194.7759      3.77858603E-15
   6197.5283      3.66468720E-15
   6200.2803      3.50992687E-15
   6203.0327      3.60179966E-15
   6205.7847      3.62705649E-15
   6208.5371      3.45209718E-15
   6211.2891      3.55703270E-15
   6214.0415      3.51184709E-15
   6216.7939      3.47734469E-15
   6219.5459      3.28511882E-15
   6222.2983      3.38922552E-15
   6225.0503      3.51663706E-15
   6227.8027      3.61992193E-15
   6230.5547      3.20577343E-15
   6233.3071      3.40090060E-15
   6236.0591      3.44615418E-15
   6238.8115      3.32466403E-15
   6241.5640      3.24628215E-15
   6244.3159      3.48886603E-15
   6247.0684      3.63939734E-15
   6249.8203      3.83975959E-15
   6252.5728      3.60524497E-15
   6255.3247      3.15378848E-15
   6258.0771      3.41070352E-15
   6260.8291      3.25034536E-15
   6263.5815      3.18877856E-15
   6266.3340      3.46397025E-15
   6269.0859      3.48009077E-15
   6271.8384      3.36533898E-15
   6274.5903      3.42162559E-15
   6277.3428      3.29978583E-15
   6280.0947      3.21372580E-15
   6282.8472      3.34639678E-15
   6285.5991      3.23465958E-15
   6288.3516      3.17260913E-15
   6291.1040      3.28565499E-15
   6293.8560      3.34828863E-15
   6296.6084      3.42110848E-15
   6299.3604      3.53078400E-15
   6302.1128      3.36801137E-15
   6304.8647      3.28786426E-15
   6307.6172      3.11819319E-15
   6310.3696      3.23162488E-15
   6313.1216      3.42090752E-15
   6315.8740      3.29100909E-15
   6318.6260      3.28711528E-15
   6321.3784      3.23762928E-15
   6324.1304      3.24938123E-15
   6326.8828      3.19888388E-15
   6329.6348      3.25354143E-15
   6332.3872      3.20689046E-15
   6335.1396      3.42530235E-15
   6337.8916      3.35361181E-15
   6340.6440      3.27654939E-15
   6343.3960      3.33306914E-15
   6346.1484      3.26329332E-15
   6348.9004      3.29228705E-15
   6351.6528      3.28488927E-15
   6354.4048      3.26200541E-15
   6357.1572      3.19461547E-15
   6359.9097      3.26584501E-15
   6362.6616      3.48575488E-15
   6365.4141      3.36651212E-15
   6368.1660      3.31382731E-15
   6370.9185      3.23244163E-15
   6373.6704      3.06439622E-15
   6376.4229      3.17724938E-15
   6379.1748      3.11657557E-15
   6381.9272      3.14803035E-15
   6384.6797      3.22228253E-15
   6387.4316      3.13358081E-15
   6390.1841      3.01392089E-15
   6392.9360      2.92258872E-15
   6395.6885      3.13664495E-15
   6398.4404      3.02529146E-15
   6401.1929      3.19554995E-15
   6403.9448      3.23932991E-15
   6406.6973      3.24555200E-15
   6409.4497      3.19594594E-15
   6412.2017      3.31657106E-15
   6414.9541      3.13103209E-15
   6417.7061      3.15046790E-15
   6420.4585      3.19455194E-15
   6423.2104      3.20228005E-15
   6425.9629      3.13650795E-15
   6428.7153      3.17197597E-15
   6431.4673      3.33309604E-15
   6434.2197      3.24832498E-15
   6436.9717      3.19403800E-15
   6439.7241      3.20548798E-15
   6442.4761      3.12054307E-15
   6445.2285      3.12290502E-15
   6447.9805      3.09132297E-15
   6450.7329      3.08629308E-15
   6453.4854      3.23018492E-15
   6456.2373      3.27957499E-15
   6458.9897      3.10298492E-15
   6461.7417      2.98617993E-15
   6464.4941      3.10047495E-15
   6467.2461      3.14478198E-15
   6469.9985      3.11662300E-15
   6472.7505      2.92722707E-15
   6475.5029      2.84296995E-15
   6478.2554      2.88656102E-15
   6481.0073      2.94211198E-15
   6483.7598      2.91124208E-15
   6486.5117      3.07464701E-15
   6489.2642      2.95064499E-15
   6492.0161      2.91815704E-15
   6494.7686      2.99709501E-15
   6497.5205      3.28580597E-15
   6500.2729      3.30796097E-15
   6503.0254      3.20760599E-15
   6505.7773      3.18690408E-15
   6508.5298      2.97931790E-15
   6511.2817      2.96062897E-15
   6514.0342      3.05796999E-15
   6516.7861      2.93894302E-15
   6519.5386      3.02718606E-15
   6522.2905      3.04054907E-15
   6525.0430      3.00383209E-15
   6527.7954      3.04747907E-15
   6530.5474      3.05533403E-15
   6533.2998      3.05490500E-15
   6536.0518      3.06563797E-15
   6538.8042      3.08545007E-15
   6541.5562      3.04285808E-15
   6544.3086      3.07585107E-15
   6547.0610      2.92295802E-15
   6549.8130      2.89479990E-15
   6552.5654      2.92202396E-15
   6555.3174      3.02816290E-15
   6558.0698      2.98723597E-15
   6560.8218      2.95647702E-15
   6563.5742      2.98519398E-15
   6566.3262      3.03276102E-15
   6569.0786      2.92401999E-15
   6571.8311      3.05543398E-15
   6574.5830      3.01252795E-15
   6577.3354      2.91307993E-15
   6580.0874      3.01665194E-15
   6582.8398      3.08930598E-15
   6585.5918      3.07052493E-15
   6588.3442      3.06664890E-15
   6591.0962      2.98819205E-15
   6593.8486      3.05470701E-15
   6596.6011      3.17239694E-15
   6599.3530      3.06991803E-15
   6602.1055      3.04943804E-15
   6604.8574      3.12870910E-15
   6607.6099      3.12417494E-15
   6610.3618      3.14633798E-15
   6613.1143      3.05776205E-15
   6615.8662      3.05603897E-15
   6618.6187      3.18731108E-15
   6621.3711      3.08910692E-15
   6624.1230      3.11516505E-15
   6626.8755      2.88015999E-15
   6629.6274      3.08301104E-15
   6632.3799      3.03441295E-15
   6635.1318      3.02960201E-15
   6637.8843      3.09609198E-15
   6640.6367      3.09242009E-15
   6643.3887      3.28788607E-15
   6646.1411      3.11252590E-15
   6648.8931      3.08142391E-15
   6651.6455      3.19682305E-15
   6654.3975      3.15810898E-15
   6657.1499      3.17554600E-15
   6659.9019      3.26513096E-15
   6662.6543      3.31243203E-15
   6665.4067      3.16966992E-15
   6668.1587      3.04350394E-15
   6670.9111      3.10782805E-15
   6673.6631      3.30086008E-15
   6676.4155      3.25908399E-15
   6679.1675      3.09117792E-15
   6681.9199      3.13854400E-15
   6684.6719      3.09920800E-15
   6687.4243      3.19926398E-15
   6690.1768      3.07509403E-15
   6692.9287      3.18128401E-15
   6695.6812      3.15666902E-15
   6698.4331      3.14087504E-15
   6701.1855      3.22532930E-15
   6703.9375      3.17058832E-15
   6706.6899      3.33090561E-15
   6709.4419      3.16580004E-15
   6712.1943      3.11854852E-15
   6714.9468      3.06584189E-15
   6717.6987      3.33267210E-15
   6720.4512      3.23358004E-15
   6723.2031      3.04994520E-15
   6725.9556      3.08134831E-15
   6728.7075      3.03629463E-15
   6731.4600      3.00539720E-15
   6734.2119      3.05903704E-15
   6736.9644      3.31333942E-15
   6739.7168      3.33527164E-15
   6742.4688      3.06671286E-15
   6745.2212      3.10595314E-15
   6747.9731      3.24749785E-15
   6750.7256      3.29105292E-15
   6753.4775      3.18507660E-15
   6756.2300      3.27698222E-15
   6758.9824      3.31290997E-15
   6761.7344      3.35573892E-15
   6764.4868      3.51490721E-15
   6767.2388      3.48708790E-15
   6769.9912      3.42728568E-15
   6772.7432      3.08184616E-15
   6775.4956      3.12410865E-15
   6778.2476      3.26324038E-15
   6781.0000      3.22624431E-15
   6783.7524      3.19084130E-15
   6786.5044      3.28890400E-15
   6789.2568      3.28881485E-15
   6792.0088      3.35715516E-15
   6794.7612      3.46167564E-15
   6797.5132      3.37763027E-15
   6800.2656      3.33766874E-15
   6803.0176      3.26335261E-15
   6805.7700      3.19513766E-15
   6808.5225      3.19426352E-15
   6811.2744      3.16919749E-15
   6814.0269      3.24699217E-15
   6816.7788      3.17572007E-15
   6819.5313      3.21091619E-15
   6822.2832      3.22652510E-15
   6825.0356      3.16620535E-15
   6827.7876      3.30793429E-15
   6830.5400      3.14091273E-15
   6833.2925      3.21211474E-15
   6836.0444      3.13549066E-15
   6838.7969      3.11207316E-15
   6841.5488      3.09255287E-15
   6844.3013      3.09391532E-15
   6847.0532      3.17124816E-15
   6849.8057      3.01886333E-15
   6852.5576      2.97287156E-15
   6855.3101      3.18334125E-15
   6858.0625      3.06917687E-15
   6860.8145      2.91117325E-15
   6863.5669      3.02193276E-15
   6866.3188      3.06427806E-15
   6869.0713      3.09545247E-15
   6871.8232      3.16786320E-15
   6874.5757      3.15675352E-15
   6877.3281      3.16054166E-15
   6880.0801      3.27154448E-15
   6882.8325      3.23486054E-15
   6885.5845      3.23431188E-15
   6888.3369      3.16146895E-15
   6891.0889      3.12476680E-15
   6893.8413      3.05973055E-15
   6896.5933      2.99793759E-15
   6899.3457      3.04273992E-15
   6902.0981      3.05627084E-15
   6904.8501      3.00706818E-15
   6907.6025      3.11715621E-15
   6910.3545      2.99773642E-15
   6913.1069      2.97404152E-15
   6915.8589      3.12117792E-15
   6918.6113      3.03603692E-15
   6921.3633      2.96079689E-15
   6924.1157      3.01495448E-15
   6926.8682      3.02468477E-15
   6929.6201      2.95471329E-15
   6932.3726      2.96849113E-15
   6935.1245      3.08565548E-15
   6937.8770      3.10679107E-15
   6940.6289      3.22516413E-15
   6943.3813      2.95886036E-15
   6946.1333      2.98909584E-15
   6948.8857      3.03163129E-15
   6951.6382      2.89713453E-15
   6954.3901      2.93650568E-15
   6957.1426      3.02418121E-15
   6959.8945      2.90823596E-15
   6962.6470      2.82722107E-15
   6965.3989      2.92688190E-15
   6968.1514      2.96090701E-15
   6970.9038      2.90725086E-15
   6973.6558      2.83560161E-15
   6976.4082      2.85543340E-15
   6979.1602      2.89973407E-15
   6981.9126      2.84869589E-15
   6984.6646      2.81965685E-15
   6987.4170      2.82126092E-15
   6990.1689      2.83261815E-15
   6992.9214      2.87135932E-15
   6995.6738      2.82144769E-15
   6998.4258      2.81389639E-15
   7001.1782      2.88727337E-15
   7003.9302      2.94909450E-15
   7006.6826      2.94468018E-15
   7009.4346      2.88985555E-15
   7012.1870      2.83528694E-15
   7014.9390      2.83913945E-15
   7017.6914      2.83243117E-15
   7020.4438      2.80038389E-15
   7023.1958      2.82259965E-15
   7025.9482      2.88121603E-15
   7028.7002      2.91618515E-15
   7031.4526      2.91364341E-15
   7034.2046      2.89777086E-15
   7036.9570      2.88547533E-15
   7039.7090      2.87236199E-15
   7042.4614      2.88078595E-15
   7045.2139      2.89113521E-15
   7047.9658      2.85181594E-15
   7050.7183      2.80607129E-15
   7053.4702      2.78774150E-15
   7056.2227      2.76561297E-15
   7058.9746      2.74198986E-15
   7061.7271      2.74851815E-15
   7064.4790      2.80290042E-15
   7067.2314      2.85135939E-15
   7069.9839      2.84288694E-15
   7072.7358      2.83253260E-15
   7075.4883      2.84384197E-15
   7078.2402      2.84269424E-15
   7080.9927      2.82129734E-15
   7083.7446      2.80028394E-15
   7086.4971      2.77457966E-15
   7089.2495      2.73104640E-15
   7092.0015      2.70520936E-15
   7094.7539      2.72898007E-15
   7097.5059      2.78457232E-15
   7100.2583      2.82527628E-15
   7103.0103      2.83514866E-15
   7105.7627      2.84550533E-15
   7108.5146      2.85341810E-15
   7111.2671      2.84362809E-15
   7114.0195      2.83253472E-15
   7116.7715      2.81749141E-15
   7119.5239      2.78026939E-15
   7122.2759      2.75788231E-15
   7125.0283      2.77840253E-15
   7127.7803      2.79594967E-15
   7130.5327      2.79768587E-15
   7133.2847      2.78567579E-15
   7136.0371      2.76831352E-15
   7138.7896      2.78086719E-15
   7141.5415      2.81234611E-15
   7144.2939      2.82699237E-15
   7147.0459      2.83190008E-15
   7149.7983      2.83468004E-15
   7152.5503      2.81304703E-15
   7155.3027      2.77338598E-15
   7158.0547      2.75180591E-15
   7160.8071      2.73448811E-15
   7163.5596      2.71131837E-15
   7166.3115      2.73197581E-15
   7169.0640      2.78252165E-15
   7171.8159      2.80438739E-15
   7174.5684      2.81299938E-15
   7177.3203      2.83090862E-15
   7180.0728      2.83599357E-15
   7182.8247      2.82890730E-15
   7185.5771      2.81193191E-15
   7188.3296      2.80081227E-15
   7191.0815      2.80449877E-15
   7193.8340      2.82816381E-15
   7196.5859      2.87313703E-15
   7199.3384      2.91339417E-15
   7202.0903      2.92575493E-15
   7204.8428      2.90142793E-15
   7207.5952      2.85514351E-15
   7210.3472      2.81866286E-15
   7213.0996      2.80935227E-15
   7215.8516      2.83362887E-15
   7218.6040      2.86676078E-15
   7221.3560      2.84644490E-15
   7224.1084      2.75538653E-15
   7226.8604      2.66075453E-15
   7229.6128      2.64437715E-15
   7232.3652      2.71100603E-15
   7235.1172      2.79433438E-15
   7237.8696      2.84528002E-15
   7240.6216      2.85833830E-15
   7243.3740      2.82734833E-15
   7246.1260      2.77170060E-15
   7248.8784      2.72757209E-15
   7251.6304      2.70387655E-15
   7254.3828      2.70116266E-15
   7257.1353      2.72213223E-15
   7259.8872      2.74354120E-15
   7262.6396      2.74284007E-15
   7265.3916      2.74671101E-15
   7268.1440      2.78452108E-15
   7270.8960      2.85077642E-15
   7273.6484      2.92183698E-15
   7276.4004      2.95931331E-15
   7279.1528      2.92505210E-15
   7281.9053      2.83114452E-15
   7284.6572      2.73551556E-15
   7287.4097      2.68352426E-15
   7290.1616      2.70944812E-15
   7292.9141      2.73431277E-15
   7295.6660      2.71141917E-15
   7298.4185      2.71885209E-15
   7301.1704      2.78365244E-15
   7303.9229      2.84586214E-15
   7306.6753      2.85880608E-15
   7309.4272      2.79782034E-15
   7312.1797      2.70051087E-15
   7314.9316      2.65979378E-15
   7317.6841      2.68709026E-15
   7320.4360      2.70608011E-15
   7323.1885      2.67677213E-15
   7325.9409      2.65555692E-15
   7328.6929      2.68035423E-15
   7331.4453      2.70699829E-15
   7334.1973      2.68191510E-15
   7336.9497      2.63904296E-15
   7339.7017      2.66141902E-15
   7342.4541      2.74922585E-15
   7345.2061      2.80579876E-15
   7347.9585      2.77062402E-15
   7350.7109      2.71148164E-15
   7353.4629      2.70283343E-15
   7356.2153      2.72399316E-15
   7358.9673      2.72640975E-15
   7361.7197      2.68298681E-15
   7364.4717      2.61024765E-15
   7367.2241      2.57691372E-15
   7369.9761      2.60298307E-15
   7372.7285      2.62544109E-15
   7375.4810      2.61671305E-15
   7378.2329      2.58920925E-15
   7380.9854      2.54601502E-15
   7383.7373      2.52665862E-15
   7386.4897      2.57629391E-15
   7389.2417      2.65468236E-15
   7391.9941      2.66494056E-15
   7394.7461      2.61105910E-15
   7397.4985      2.56354246E-15
   7400.2510      2.53952378E-15
   7403.0029      2.51097962E-15
   7405.7554      2.45115813E-15
   7408.5073      2.38079955E-15
   7411.2598      2.34440678E-15
   7414.0117      2.35769122E-15
   7416.7642      2.41324345E-15
   7419.5166      2.46770153E-15
   7422.2686      2.47141005E-15
   7425.0210      2.43259667E-15
   7427.7729      2.39398743E-15
   7430.5254      2.38501417E-15
   7433.2773      2.37332152E-15
   7436.0298      2.32608016E-15
   7438.7817      2.29553573E-15
   7441.5342      2.29972240E-15
   7444.2866      2.31469519E-15
   7447.0386      2.34550305E-15
   7449.7910      2.39955032E-15
   7452.5430      2.47157268E-15
   7455.2954      2.52015786E-15
   7458.0474      2.49997984E-15
   7460.7998      2.42581406E-15
   7463.5518      2.34067433E-15
   7466.3042      2.28884163E-15
   7469.0566      2.30446219E-15
   7471.8086      2.36135993E-15
   7474.5610      2.39940166E-15
   7477.3130      2.40398941E-15
   7480.0654      2.39732410E-15
   7482.8174      2.39007414E-15
   7485.5698      2.37571354E-15
   7488.3218      2.33272408E-15
   7491.0742      2.27625493E-15
   7493.8267      2.24784142E-15
   7496.5786      2.23513127E-15
   7499.3311      2.23200021E-15
   7502.0830      2.25040200E-15
   7504.8354      2.26150957E-15
   7507.5874      2.23979143E-15
   7510.3398      2.19566610E-15
   7513.0918      2.15757291E-15
   7515.8442      2.15456976E-15
   7518.5967      2.17510798E-15
   7521.3486      2.17578539E-15
   7524.1011      2.15174829E-15
   7526.8530      2.13492770E-15
   7529.6055      2.16205753E-15
   7532.3574      2.23588598E-15
   7535.1099      2.28547044E-15
   7537.8623      2.27356687E-15
   7540.6143      2.22830419E-15
   7543.3667      2.18241491E-15
   7546.1187      2.16046023E-15
   7548.8711      2.16590306E-15
   7551.6230      2.17845566E-15
   7554.3755      2.19607437E-15
   7557.1274      2.22710839E-15
   7559.8799      2.24346396E-15
   7562.6323      2.21117824E-15
   7565.3843      2.15928476E-15
   7568.1367      2.13721299E-15
   7570.8887      2.12936841E-15
   7573.6411      2.10762147E-15
   7576.3931      2.10081662E-15
   7579.1455      2.12685865E-15
   7581.8975      2.14496398E-15
   7584.6499      2.13290286E-15
   7587.4023      2.10609364E-15
   7590.1543      2.09230733E-15
   7592.9067      2.10055912E-15
   7595.6587      2.11145366E-15
   7598.4111      2.13187753E-15
   7601.1631      2.14968979E-15
   7603.9155      2.11429694E-15
   7606.6675      2.05543620E-15
   7609.4199      2.02969211E-15
   7612.1724      2.02061870E-15
   7614.9243      2.02039063E-15
   7617.6768      2.04489953E-15
   7620.4287      2.11024092E-15
   7623.1812      2.20186913E-15
   7625.9331      2.24882314E-15
   7628.6855      2.19936149E-15
   7631.4375      2.08526340E-15
   7634.1899      2.02502073E-15
   7636.9424      2.06928921E-15
   7639.6943      2.15028250E-15
   7642.4468      2.19595473E-15
   7645.1987      2.15910286E-15
   7647.9512      2.07988686E-15
   7650.7031      2.03244200E-15
   7653.4556      2.01613196E-15
   7656.2080      2.01531119E-15
   7658.9600      2.01925540E-15
   7661.7124      2.01304791E-15
   7664.4644      2.00873313E-15
   7667.2168      2.00789668E-15
   7669.9688      1.99785617E-15
   7672.7212      1.98205710E-15
   7675.4731      1.96631690E-15
   7678.2256      1.97042331E-15
   7680.9780      2.00080299E-15
   7683.7300      2.02091706E-15
   7686.4824      2.01040221E-15
   7689.2344      1.98118190E-15
   7691.9868      1.95961305E-15
   7694.7388      1.96464062E-15
   7697.4912      1.96093231E-15
   7700.2432      1.93008739E-15
   7702.9956      1.91058488E-15
   7705.7480      1.92593227E-15
   7708.5000      1.95563962E-15
   7711.2524      1.96711522E-15
   7714.0044      1.97159857E-15
   7716.7568      1.99492586E-15
   7719.5088      1.99532862E-15
   7722.2612      1.96649075E-15
   7725.0132      1.98209204E-15
   7727.7656      2.01833679E-15
   7730.5181      2.01368531E-15
   7733.2700      1.95881409E-15
   7736.0225      1.90023816E-15
   7738.7744      1.88355013E-15
   7741.5269      1.88509829E-15
   7744.2788      1.88276069E-15
   7747.0313      1.86402835E-15
   7749.7837      1.82990478E-15
   7752.5356      1.82788545E-15
   7755.2881      1.86892589E-15
   7758.0400      1.90995723E-15
   7760.7925      1.94362869E-15
   7763.5444      1.98089603E-15
   7766.2969      1.99631690E-15
   7769.0488      1.97459008E-15
   7771.8013      1.93393758E-15
   7774.5537      1.91418223E-15
   7777.3057      1.94974491E-15
   7780.0581      1.99379401E-15
   7782.8101      2.00075111E-15
   7785.5625      2.00913187E-15
   7788.3145      2.04268560E-15
   7791.0669      2.06205915E-15
   7793.8188      2.02281738E-15
   7796.5713      1.93148584E-15
   7799.3237      1.84424886E-15
   7802.0757      1.79327484E-15
   7804.8281      1.77005470E-15
   7807.5801      1.78101107E-15
   7810.3325      1.81316148E-15
   7813.0845      1.82816434E-15
   7815.8369      1.82978281E-15
   7818.5889      1.83380960E-15
   7821.3413      1.85605396E-15
   7824.0938      1.90429248E-15
   7826.8457      1.93496439E-15
   7829.5981      1.90027691E-15
   7832.3501      1.85314969E-15
   7835.1025      1.87257364E-15
   7837.8545      1.93296963E-15
   7840.6069      1.95516613E-15
   7843.3589      1.91589514E-15
   7846.1113      1.86523516E-15
   7848.8638      1.86297972E-15
   7851.6157      1.91751446E-15
   7854.3682      1.97472285E-15
   7857.1201      1.96798068E-15
   7859.8726      1.90607041E-15
   7862.6245      1.85790155E-15
   7865.3770      1.84759231E-15
   7868.1294      1.84425585E-15
   7870.8813      1.83976784E-15
   7873.6338      1.85176691E-15
   7876.3857      1.86043100E-15
   7879.1382      1.84290335E-15
   7881.8901      1.80517481E-15
   7884.6426      1.77315908E-15
   7887.3945      1.80240014E-15
   7890.1470      1.86565550E-15
   7892.8994      1.89062645E-15
   7895.6514      1.89640047E-15
   7898.4038      1.90696784E-15
   7901.1558      1.89707725E-15
   7903.9082      1.87534619E-15
   7906.6602      1.87479117E-15
   7909.4126      1.87943122E-15
   7912.1646      1.88187173E-15
   7914.9170      1.92563771E-15
   7917.6694      1.98534655E-15
   7920.4214      2.00289622E-15
   7923.1738      1.98264430E-15
   7925.9258      1.92831010E-15
   7928.6782      1.86281222E-15
   7931.4302      1.81597850E-15
   7934.1826      1.78082219E-15
   7936.9346      1.78394477E-15
   7939.6870      1.84555011E-15
   7942.4395      1.91693212E-15
   7945.1914      1.94725357E-15
   7947.9438      1.93990471E-15
   7950.6958      1.90949602E-15
   7953.4482      1.85510952E-15
   7956.2002      1.81423149E-15
   7958.9526      1.81453516E-15
   7961.7046      1.82438001E-15
   7964.4570      1.82956745E-15
   7967.2095      1.84776405E-15
   7969.9614      1.88338708E-15
   7972.7139      1.89996457E-15
   7975.4658      1.87089059E-15
   7978.2183      1.84571698E-15
   7980.9702      1.86413275E-15
   7983.7227      1.90541459E-15
   7986.4751      1.94432072E-15
   7989.2271      1.96068286E-15
   7991.9795      1.93638487E-15
   7994.7314      1.89931786E-15
   7997.4839      1.90231403E-15
   8000.2358      1.92912410E-15
   8002.9883      1.92280714E-15
   8005.7402      1.89283467E-15
   8008.4927      1.88688744E-15
   8011.2451      1.89491562E-15
   8013.9971      1.87323814E-15
   8016.7495      1.82736855E-15
   8019.5015      1.80572495E-15
   8022.2539      1.82426926E-15
   8025.0059      1.86325882E-15
   8027.7583      1.90054119E-15
   8030.5103      1.92501239E-15
   8033.2627      1.91820542E-15
   8036.0151      1.87536546E-15
   8038.7671      1.82553981E-15
   8041.5195      1.80194592E-15
   8044.2715      1.81259185E-15
   8047.0239      1.83153066E-15
   8049.7759      1.83880604E-15
   8052.5283      1.83413126E-15
   8055.2803      1.82422225E-15
   8058.0327      1.82586952E-15
   8060.7852      1.84719569E-15
   8063.5371      1.85530031E-15
   8066.2896      1.80932971E-15
   8069.0415      1.75838280E-15
   8071.7939      1.76834306E-15
   8074.5459      1.80028361E-15
   8077.2983      1.83140826E-15
   8080.0508      1.86347524E-15
   8082.8027      1.87606215E-15
   8085.5552      1.87182571E-15
   8088.3071      1.84316868E-15
   8091.0596      1.77987859E-15
   8093.8115      1.72833484E-15
   8096.5640      1.73638684E-15
   8099.3159      1.78178971E-15
   8102.0684      1.82681671E-15
   8104.8208      1.84797051E-15
   8107.5728      1.84226257E-15
   8110.3252      1.81860430E-15
   8113.0771      1.78278349E-15
   8115.8296      1.75859064E-15
   8118.5815      1.78270090E-15
   8121.3340      1.82352789E-15
   8124.0859      1.83916370E-15
   8126.8384      1.83894813E-15
   8129.5908      1.83722124E-15
   8132.3428      1.81496757E-15
   8135.0952      1.76905658E-15
   8137.8472      1.74617727E-15
   8140.5996      1.75135094E-15
   8143.3516      1.74075456E-15
   8146.1040      1.72114564E-15
   8148.8560      1.72930172E-15
   8151.6084      1.76766692E-15
   8154.3608      1.82947766E-15
   8157.1128      1.85706341E-15
   8159.8652      1.83555004E-15
   8162.6172      1.83278744E-15
   8165.3696      1.85069732E-15
   8168.1216      1.82641670E-15
   8170.8740      1.76206115E-15
   8173.6260      1.73058466E-15
   8176.3784      1.75712453E-15
   8179.1309      1.79249811E-15
   8181.8828      1.79528527E-15
   8184.6353      1.75629677E-15
   8187.3872      1.69784557E-15
   8190.1396      1.67133280E-15
   8192.8916      1.70535610E-15
   8195.6436      1.79590318E-15
   8198.3965      1.89571755E-15
   8201.1484      1.92968696E-15
   8203.9004      1.89903474E-15
   8206.6533      1.87652674E-15
   8209.4053      1.88005993E-15
   8212.1572      1.86090767E-15
   8214.9092      1.82937517E-15
   8217.6621      1.82597899E-15
   8220.4141      1.83773666E-15
   8223.1660      1.83356100E-15
   8225.9189      1.81220031E-15
   8228.6709      1.77780145E-15
   8231.4229      1.73470431E-15
   8234.1748      1.72411566E-15
   8236.9277      1.77323319E-15
   8239.6797      1.81000099E-15
   8242.4316      1.77426848E-15
   8245.1836      1.72551453E-15
   8247.9365      1.69776182E-15
   8250.6885      1.71498846E-15
   8253.4404      1.76017967E-15
   8256.1934      1.77891128E-15
   8258.9453      1.78344608E-15
   8261.6973      1.78669572E-15
   8264.4492      1.79539327E-15
   8267.2021      1.81457878E-15
   8269.9541      1.82116234E-15
   8272.7061      1.81289530E-15
   8275.4590      1.81215139E-15
   8278.2109      1.81803277E-15
   8280.9629      1.81360681E-15
   8283.7148      1.82825074E-15
   8286.4678      1.88369455E-15
   8289.2197      1.92339435E-15
   8291.9717      1.92062900E-15
   8294.7246      1.91490941E-15
   8297.4766      1.90598168E-15
   8300.2285      1.84980201E-15
   8302.9805      1.78596855E-15
   8305.7334      1.75532840E-15
   8308.4854      1.75829640E-15
   8311.2373      1.79504747E-15
   8313.9893      1.82738994E-15
   8316.7422      1.82864291E-15
   8319.4941      1.82119940E-15
   8322.2461      1.83599474E-15
   8324.9990      1.85059229E-15
   8327.7510      1.81374445E-15
   8330.5029      1.75562814E-15
   8333.2549      1.71591934E-15
   8336.0078      1.66353629E-15
   8338.7598      1.60821371E-15
   8341.5117      1.58992277E-15
   8344.2646      1.61837895E-15
   8347.0166      1.68459977E-15
   8349.7686      1.68464170E-15
   8352.5205      1.62047281E-15
   8355.2734      1.66092435E-15
   8358.0254      1.79103105E-15
   8360.7773      1.86632211E-15
   8363.5303      1.87813314E-15
   8366.2822      1.86418060E-15
   8369.0342      1.82467287E-15
   8371.7861      1.77067420E-15
   8374.5391      1.74016852E-15
   8377.2910      1.76412738E-15
   8380.0430      1.79502163E-15
   8382.7949      1.79255994E-15
   8385.5479      1.77428997E-15
   8388.2998      1.74394766E-15
   8391.0518      1.74033983E-15
   8393.8047      1.76360539E-15
   8396.5566      1.74838834E-15
   8399.3086      1.69631900E-15
   8402.0605      1.68357052E-15
   8404.8135      1.73353541E-15
   8407.5654      1.76814729E-15
   8410.3174      1.76173451E-15
   8413.0703      1.76589238E-15
   8415.8223      1.78638529E-15
   8418.5742      1.78877477E-15
   8421.3262      1.74068415E-15
   8424.0791      1.66482769E-15
   8426.8311      1.62301434E-15
   8429.5830      1.62753993E-15
   8432.3350      1.66831165E-15
   8435.0879      1.71213999E-15
   8437.8398      1.70859452E-15
   8440.5918      1.67069128E-15
   8443.3447      1.66294389E-15
   8446.0967      1.65266875E-15
   8448.8486      1.60102017E-15
   8451.6006      1.57150425E-15
   8454.3535      1.59564596E-15
   8457.1055      1.62211457E-15
   8459.8574      1.62363775E-15
   8462.6104      1.62524330E-15
   8465.3623      1.63885989E-15
   8468.1143      1.64819324E-15
   8470.8662      1.63736085E-15
   8473.6191      1.60526709E-15
   8476.3711      1.56846573E-15
   8479.1230      1.54009955E-15
   8481.8760      1.52365271E-15
   8484.6279      1.52548495E-15
   8487.3799      1.53228027E-15
   8490.1318      1.53549275E-15
   8492.8848      1.55970095E-15
   8495.6367      1.58610615E-15
   8498.3887      1.57326100E-15
   8501.1406      1.54680075E-15
   8503.8936      1.55731465E-15
   8506.6455      1.57296962E-15
   8509.3975      1.56435381E-15
   8512.1504      1.53923092E-15
   8514.9023      1.49303088E-15
   8517.6543      1.46218777E-15
   8520.4063      1.47318035E-15
   8523.1592      1.49807941E-15
   8525.9111      1.51974482E-15
   8528.6631      1.52821822E-15
   8531.4160      1.51698137E-15
   8534.1680      1.50898051E-15
   8536.9199      1.50994338E-15
   8539.6719      1.50468373E-15
   8542.4248      1.51030983E-15
   8545.1768      1.52002709E-15
   8547.9287      1.49660272E-15
   8550.6807      1.46116000E-15
   8553.4336      1.45123743E-15
   8556.1855      1.45389838E-15
   8558.9375      1.44597725E-15
   8561.6904      1.43557674E-15
   8564.4424      1.44906204E-15
   8567.1943      1.48243524E-15
   8569.9463      1.49829255E-15
   8572.6992      1.49068905E-15
   8575.4512      1.48143998E-15
   8578.2031      1.47017285E-15
   8580.9561      1.45576376E-15
   8583.7080      1.45788971E-15
   8586.4600      1.48071153E-15
   8589.2119      1.50704430E-15
   8591.9648      1.52552338E-15
   8594.7168      1.51677904E-15
   8597.4688      1.49351539E-15
   8600.2217      1.47099246E-15
   8602.9736      1.45162643E-15
   8605.7256      1.46136974E-15
   8608.4775      1.50404041E-15
   8611.2305      1.53553034E-15
   8613.9824      1.51092160E-15
   8616.7344      1.44677791E-15
   8619.4863      1.41702259E-15
   8622.2393      1.43301172E-15
   8624.9912      1.44341148E-15
   8627.7432      1.46129870E-15
   8630.4961      1.49813140E-15
   8633.2480      1.51384269E-15
   8636.0000      1.52746976E-15
   8638.7520      1.57129217E-15
   8641.5049      1.59285001E-15
   8644.2568      1.55522936E-15
   8647.0088      1.49620207E-15
   8649.7617      1.48347180E-15
   8652.5137      1.54574947E-15
   8655.2656      1.61342878E-15
   8658.0176      1.59688771E-15
   8660.7705      1.53298003E-15
   8663.5225      1.49771593E-15
   8666.2744      1.47454534E-15
   8669.0264      1.45191315E-15
   8671.7793      1.43861410E-15
   8674.5313      1.40280006E-15
   8677.2832      1.35017571E-15
   8680.0361      1.33816732E-15
   8682.7881      1.37998618E-15
   8685.5400      1.42494405E-15
   8688.2920      1.43563455E-15
   8691.0449      1.44953786E-15
   8693.7969      1.47407090E-15
   8696.5488      1.47099373E-15
   8699.3018      1.45447511E-15
   8702.0537      1.46707335E-15
   8704.8057      1.50304197E-15
   8707.5576      1.51794032E-15
   8710.3105      1.47205898E-15
   8713.0625      1.39546677E-15
   8715.8145      1.35145886E-15
   8718.5674      1.34346657E-15
   8721.3193      1.36107226E-15
   8724.0713      1.40155810E-15
   8726.8232      1.44174579E-15
   8729.5762      1.44672370E-15
   8732.3281      1.42745105E-15
   8735.0801      1.39732569E-15
   8737.8320      1.35412235E-15
   8740.5850      1.32900549E-15
   8743.3369      1.33585111E-15
   8746.0889      1.34612128E-15
   8748.8418      1.33658877E-15
   8751.5938      1.31116603E-15
   8754.3457      1.29080081E-15
   8757.0977      1.27595836E-15
   8759.8506      1.26429017E-15
   8762.6025      1.26482380E-15
   8765.3545      1.26944489E-15
   8768.1074      1.26083798E-15
   8770.8594      1.23290558E-15
   8773.6113      1.20495868E-15
   8776.3633      1.18939202E-15
   8779.1162      1.18131969E-15
