3393.37670398533  2.637337E-15
3396.74007464218  2.641971E-15
3400.10344529903  2.812501E-15
3403.46681595588  2.863286E-15
3406.83018661273  2.783583E-15
3410.19355726958  2.853968E-15
3413.55692792643  3.004337E-15
3416.92029858328  3.016196E-15
3420.28366924012  3.103450E-15
3423.64703989697  3.271276E-15
3427.01041055382  3.159748E-15
3430.37378121067  3.156907E-15
3433.73715186752  3.200203E-15
3437.10052252437  3.572828E-15
3440.46389318122  3.719537E-15
3443.82726383807  3.630239E-15
3447.19063449491  3.775912E-15
3450.55400515176  3.789900E-15
3453.91737580861  3.855835E-15
3457.28074646546  3.916155E-15
3460.64411712231  3.771743E-15
3464.00748777916  4.029477E-15
3467.37085843601  3.988020E-15
3470.73422909286  4.464984E-15
3474.0975997497  4.224349E-15
3477.46097040655  4.424825E-15
3480.8243410634  4.777293E-15
3484.18771172025  4.937670E-15
3487.5510823771  4.763358E-15
3490.91445303395  5.096310E-15
3494.2778236908  4.989118E-15
3497.64119434765  5.137181E-15
3501.0045650045  5.478260E-15
3504.36793566134  5.199292E-15
3507.73130631819  5.211486E-15
3511.09467697504  5.230433E-15
3514.45804763189  5.331043E-15
3517.82141828874  5.495870E-15
3521.18478894559  5.542373E-15
3524.54815960244  5.456579E-15
3527.91153025929  5.300376E-15
3531.27490091614  5.363643E-15
3534.63827157298  5.543328E-15
3538.00164222983  5.461197E-15
3541.36501288668  5.489192E-15
3544.72838354353  5.235763E-15
3548.09175420038  5.047214E-15
3551.45512485723  5.429288E-15
3554.81849551408  5.319562E-15
3558.18186617093  5.171929E-15
3561.54523682777  5.119534E-15
3564.90860748462  5.116642E-15
3568.27197814147  4.970813E-15
3571.63534879832  4.828378E-15
3574.99871945517  4.816159E-15
3578.36209011202  5.012171E-15
3581.72546076887  4.897492E-15
3585.08883142572  4.789095E-15
3588.45220208256  4.862531E-15
3591.81557273941  4.901330E-15
3595.17894339626  4.877605E-15
3598.54231405311  4.889577E-15
3601.90568470996  4.945746E-15
3605.26905536681  4.857282E-15
3608.63242602366  4.783110E-15
3611.99579668051  4.894674E-15
3615.35916733735  4.815318E-15
3618.7225379942  4.883552E-15
3622.08590865105  4.766675E-15
3625.4492793079  4.744582E-15
3628.81264996475  4.799218E-15
3632.1760206216  4.652492E-15
3635.53939127845  4.626678E-15
3638.9027619353  4.627157E-15
3642.26613259215  4.535897E-15
3645.62950324899  4.536343E-15
3648.99287390584  4.600868E-15
3652.35624456269  4.522486E-15
3655.71961521954  4.623228E-15
3659.08298587639  4.676190E-15
3662.44635653324  4.655296E-15
3665.80972719009  4.618334E-15
3669.17309784694  4.582365E-15
3672.53646850378  4.655846E-15
3675.89983916063  4.650295E-15
3679.26320981748  4.652049E-15
3682.62658047433  4.740542E-15
3685.98995113118  4.609467E-15
3689.35332178803  4.564124E-15
3692.71669244488  4.698377E-15
3696.08006310173  4.653135E-15
3699.44343375858  4.512541E-15
3702.80680441542  4.676759E-15
3706.17017507227  4.751760E-15
3709.53354572912  4.818522E-15
3712.89691638597  4.826750E-15
3716.26028704282  4.733590E-15
3719.62365769967  4.694618E-15
3722.98702835652  4.775961E-15
3726.35039901337  4.730061E-15
3729.71376967021  4.710626E-15
3733.07714032706  4.744330E-15
3736.44051098391  4.781910E-15
3739.80388164076  4.697046E-15
3743.16725229761  4.612192E-15
3746.53062295446  4.630597E-15
3749.89399361131  4.685221E-15
3753.25736426816  4.609223E-15
3756.620734925  4.640594E-15
3759.98410558185  4.728500E-15
3763.3474762387  4.751293E-15
3766.71084689555  4.710030E-15
3770.0742175524  4.602454E-15
3773.43758820925  4.544314E-15
3776.8009588661  4.599403E-15
3780.16432952295  4.510944E-15
3783.5277001798  4.566862E-15
3786.89107083664  4.685011E-15
3790.25444149349  4.643435E-15
3793.61781215034  4.543330E-15
3796.98118280719  4.523748E-15
3800.34455346404  4.541051E-15
3803.70792412089  4.598303E-15
3807.07129477774  4.496194E-15
3810.43466543459  4.378942E-15
3813.79803609143  4.400862E-15
3817.16140674828  4.432253E-15
3820.52477740513  4.400408E-15
3823.88814806198  4.374797E-15
3827.25151871883  4.373105E-15
3830.61488937568  4.474327E-15
3833.97826003253  4.493660E-15
3837.34163068938  4.499277E-15
3840.70500134622  4.459318E-15
3844.06837200307  4.438620E-15
3847.43174265992  4.288265E-15
3850.79511331677  4.246572E-15
3854.15848397362  4.215506E-15
3857.52185463047  4.178935E-15
3860.88522528732  4.159933E-15
3864.24859594417  4.196347E-15
3867.61196660102  4.178760E-15
3870.97533725786  4.097588E-15
3874.33870791471  4.094075E-15
3877.70207857156  4.023326E-15
3881.06544922841  4.073331E-15
3884.42881988526  4.061084E-15
3887.79219054211  4.043193E-15
3891.15556119896  3.987746E-15
3894.51893185581  3.906267E-15
3897.88230251265  3.964397E-15
3901.2456731695  4.052841E-15
3904.60904382635  3.956296E-15
3907.9724144832  3.929294E-15
3911.33578514005  3.900110E-15
3914.6991557969  3.836097E-15
3918.06252645375  3.798082E-15
3921.4258971106  3.831541E-15
3924.78926776744  3.877372E-15
3928.15263842429  3.726190E-15
3931.51600908114  3.656426E-15
3934.87937973799  3.690119E-15
3938.24275039484  3.732277E-15
3941.60612105169  3.732769E-15
3944.96949170854  3.749256E-15
3948.33286236539  3.779039E-15
3951.69623302223  3.762964E-15
3955.05960367908  3.782834E-15
3958.42297433593  3.798277E-15
3961.78634499278  3.780250E-15
3965.14971564963  3.795213E-15
3968.51308630648  3.788854E-15
3971.87645696333  3.810678E-15
3975.23982762018  3.827459E-15
3978.60319827703  3.744094E-15
3981.96656893388  3.764873E-15
3985.32993959072  3.764200E-15
3988.69331024757  3.816779E-15
3992.05668090442  3.770906E-15
3995.42005156127  3.821756E-15
3998.78342221812  3.796938E-15
4002.14679287497  3.785364E-15
4005.51016353182  3.798964E-15
4008.87353418866  3.798163E-15
4012.23690484551  3.764073E-15
4015.60027550236  3.816515E-15
4018.96364615921  3.876150E-15
4022.32701681606  3.848523E-15
4025.69038747291  3.837602E-15
4029.05375812976  3.851357E-15
4032.41712878661  3.874121E-15
4035.78049944346  3.812283E-15
4039.1438701003  3.748654E-15
4042.50724075715  3.729774E-15
4045.870611414  3.753592E-15
4049.23398207085  3.653240E-15
4052.5973527277  3.610333E-15
4055.96072338455  3.676214E-15
4059.3240940414  3.680541E-15
4062.68746469825  3.684858E-15
4066.05083535509  3.628785E-15
4069.41420601194  3.713949E-15
4072.77757666879  3.717595E-15
4076.14094732564  3.730308E-15
4079.50431798249  3.689425E-15
4082.86768863934  3.708307E-15
4086.23105929619  3.638741E-15
4089.59442995304  3.680629E-15
4092.95780060989  3.692756E-15
4096.32117126673  3.654613E-15
4099.68454192358  3.763749E-15
4103.04791258043  3.702379E-15
4106.41128323728  3.734090E-15
4109.77465389413  3.764166E-15
4113.13802455098  3.762514E-15
4116.50139520783  3.759854E-15
4119.86476586467  3.695766E-15
4123.22813652152  3.731083E-15
4126.59150717837  3.736189E-15
4129.95487783522  3.654552E-15
4133.31824849207  3.699580E-15
4136.68161914892  3.613632E-15
4140.04498980577  3.589076E-15
4143.40836046262  3.538076E-15
4146.77173111947  3.507407E-15
4150.13510177631  3.496639E-15
4153.49847243316  3.479397E-15
4156.86184309001  3.522586E-15
4160.22521374686  3.480098E-15
4163.58858440371  3.456225E-15
4166.95195506056  3.407031E-15
4170.31532571741  3.447951E-15
4173.67869637426  3.408425E-15
4177.04206703111  3.303643E-15
4180.40543768795  3.306165E-15
4183.7688083448  3.229951E-15
4187.13217900165  3.260156E-15
4190.4955496585  3.250458E-15
4193.85892031535  3.261327E-15
4197.2222909722  3.277272E-15
4200.58566162905  3.210885E-15
4203.94903228589  3.221262E-15
4207.31240294275  3.196429E-15
4210.67577359959  3.226671E-15
4214.03914425644  3.229908E-15
4217.40251491329  3.205967E-15
4220.76588557014  3.172098E-15
4224.12925622699  3.246237E-15
4227.49262688384  3.250927E-15
4230.85599754069  3.214122E-15
4234.21936819753  3.171512E-15
4237.58273885438  3.155102E-15
4240.94610951123  3.210568E-15
4244.30948016808  3.174527E-15
4247.67285082493  3.172507E-15
4251.03622148178  3.171785E-15
4254.39959213863  3.150146E-15
4257.76296279548  3.134460E-15
4261.12633345233  3.114570E-15
4264.48970410917  3.127393E-15
4267.85307476602  3.101427E-15
4271.21644542287  3.081462E-15
4274.57981607972  3.110440E-15
4277.94318673657  3.108905E-15
4281.30655739342  3.146007E-15
4284.66992805027  3.173784E-15
4288.03329870712  3.171423E-15
4291.39666936397  3.229994E-15
4294.76004002081  3.230138E-15
4298.12341067766  3.203276E-15
4301.48678133451  3.196899E-15
4304.85015199136  3.218237E-15
4308.21352264821  3.233195E-15
4311.57689330506  3.243895E-15
4314.94026396191  3.251088E-15
4318.30363461875  3.273916E-15
4321.6670052756  3.320520E-15
4325.03037593245  3.322557E-15
4328.3937465893  3.329409E-15
4331.75711724615  3.324101E-15
4335.120487903  3.344576E-15
4338.48385855985  3.327294E-15
4341.8472292167  3.333383E-15
4345.21059987354  3.333898E-15
4348.57397053039  3.294086E-15
4351.93734118724  3.271541E-15
4355.30071184409  3.244554E-15
4358.66408250094  3.250173E-15
4362.02745315779  3.287728E-15
4365.39082381464  3.245822E-15
4368.75419447149  3.235855E-15
4372.11756512834  3.269483E-15
4375.48093578518  3.216351E-15
4378.84430644203  3.172042E-15
4382.20767709888  3.198636E-15
4385.57104775573  3.162351E-15
4388.93441841258  3.114721E-15
4392.29778906943  3.114947E-15
4395.66115972628  3.175281E-15
4399.02453038313  3.149330E-15
4402.38790103998  3.148029E-15
4405.75127169682  3.152728E-15
4409.11464235367  3.113783E-15
4412.47801301052  3.091274E-15
4415.84138366737  3.088954E-15
4419.20475432422  3.056829E-15
4422.56812498107  3.066436E-15
4425.93149563792  3.028597E-15
4429.29486629477  2.995890E-15
4432.65823695162  2.971722E-15
4436.02160760846  2.924287E-15
4439.38497826531  2.893083E-15
4442.74834892216  2.885931E-15
4446.11171957901  2.842645E-15
4449.47509023586  2.836817E-15
4452.83846089271  2.805708E-15
4456.20183154956  2.759217E-15
4459.5652022064  2.709301E-15
4462.92857286325  2.741677E-15
4466.2919435201  2.735865E-15
4469.65531417695  2.714343E-15
4473.0186848338  2.677511E-15
4476.38205549065  2.676146E-15
4479.7454261475  2.662932E-15
4483.10879680435  2.645107E-15
4486.4721674612  2.623946E-15
4489.83553811804  2.638965E-15
4493.19890877489  2.618133E-15
4496.56227943174  2.615166E-15
4499.92565008859  2.634786E-15
4503.28902074544  2.610164E-15
4506.65239140229  2.618877E-15
4510.01576205914  2.632576E-15
4513.37913271598  2.652568E-15
4516.74250337283  2.662200E-15
4520.10587402968  2.660156E-15
4523.46924468653  2.654739E-15
4526.83261534338  2.660261E-15
4530.19598600023  2.671785E-15
4533.55935665708  2.669271E-15
4536.92272731393  2.692149E-15
4540.28609797078  2.658696E-15
4543.64946862763  2.657730E-15
4547.01283928447  2.664148E-15
4550.37620994132  2.636258E-15
4553.73958059817  2.622774E-15
4557.10295125502  2.612944E-15
4560.46632191187  2.624677E-15
4563.82969256872  2.638310E-15
4567.19306322557  2.616469E-15
4570.55643388241  2.626851E-15
4573.91980453926  2.652408E-15
4577.28317519611  2.627283E-15
4580.64654585296  2.642009E-15
4584.00991650981  2.640563E-15
4587.37328716666  2.626734E-15
4590.73665782351  2.629256E-15
4594.10002848036  2.665559E-15
4597.46339913721  2.709001E-15
4600.82676979405  2.681940E-15
4604.1901404509  2.659756E-15
4607.55351110775  2.683049E-15
4610.9168817646  2.695172E-15
4614.28025242145  2.713722E-15
4617.6436230783  2.754642E-15
4621.00699373515  2.759598E-15
4624.370364392  2.748473E-15
4627.73373504885  2.731295E-15
4631.09710570569  2.745379E-15
4634.46047636254  2.788695E-15
4637.82384701939  2.802116E-15
4641.18721767624  2.787092E-15
4644.55058833309  2.860412E-15
4647.91395898994  2.832378E-15
4651.27732964679  2.827798E-15
4654.64070030364  2.828651E-15
4658.00407096048  2.834088E-15
4661.36744161733  2.842985E-15
4664.73081227418  2.821466E-15
4668.09418293103  2.827871E-15
4671.45755358788  2.835155E-15
4674.82092424473  2.832809E-15
4678.18429490158  2.837649E-15
4681.54766555843  2.854904E-15
4684.91103621527  2.837566E-15
4688.27440687212  2.852142E-15
4691.63777752897  2.880025E-15
4695.00114818582  2.868258E-15
4698.36451884267  2.871873E-15
4701.72788949952  2.900045E-15
4705.09126015637  2.873881E-15
4708.45463081322  2.849517E-15
4711.81800147007  2.855231E-15
4715.18137212691  2.842577E-15
4718.54474278376  2.808894E-15
4721.90811344061  2.809051E-15
4725.27148409746  2.795801E-15
4728.63485475431  2.748227E-15
4731.99822541116  2.716201E-15
4735.36159606801  2.681093E-15
4738.72496672486  2.683127E-15
4742.0883373817  2.656322E-15
4745.45170803855  2.664016E-15
4748.8150786954  2.646747E-15
4752.17844935225  2.592082E-15
4755.5418200091  2.594133E-15
4758.90519066595  2.586502E-15
4762.2685613228  2.565893E-15
4765.63193197964  2.528839E-15
4768.9953026365  2.502936E-15
4772.35867329334  2.517883E-15
4775.72204395019  2.496265E-15
4779.08541460704  2.463456E-15
4782.44878526389  2.477031E-15
4785.81215592074  2.434046E-15
4789.17552657759  2.411329E-15
4792.53889723444  2.411028E-15
4795.90226789128  2.392559E-15
4799.26563854813  2.366578E-15
4802.62900920498  2.374664E-15
4805.99237986183  2.388361E-15
4809.35575051868  2.380187E-15
4812.71912117553  2.357615E-15
4816.08249183238  2.374095E-15
4819.44586248923  2.372204E-15
4822.80923314608  2.360655E-15
4826.17260380292  2.354692E-15
4829.53597445977  2.321003E-15
4832.89934511662  2.311044E-15
4836.26271577347  2.330034E-15
4839.62608643032  2.342150E-15
4842.98945708717  2.328557E-15
4846.35282774402  2.295782E-15
4849.71619840087  2.317267E-15
4853.07956905772  2.283034E-15
4856.44293971456  2.269460E-15
4859.80631037141  2.270885E-15
4863.16968102826  2.281993E-15
4866.53305168511  2.280436E-15
4869.89642234196  2.280372E-15
4873.25979299881  2.298361E-15
4876.62316365566  2.278173E-15
4879.98653431251  2.255330E-15
4883.34990496935  2.249011E-15
4886.7132756262  2.234161E-15
4890.07664628305  2.232960E-15
4893.4400169399  2.239480E-15
4896.80338759675  2.221770E-15
4900.1667582536  2.247991E-15
4903.53012891045  2.238556E-15
4906.8934995673  2.234991E-15
4910.25687022414  2.249042E-15
4913.62024088099  2.235358E-15
4916.98361153784  2.238713E-15
4920.34698219469  2.238216E-15
4923.71035285154  2.222148E-15
4927.07372350839  2.213564E-15
4930.43709416524  2.227115E-15
4933.80046482209  2.233623E-15
4937.16383547894  2.191006E-15
4940.52720613578  2.203522E-15
4943.89057679263  2.210378E-15
4947.25394744948  2.173686E-15
4950.61731810633  2.194442E-15
4953.98068876318  2.161686E-15
4957.34405942003  2.150455E-15
4960.70743007688  2.147893E-15
4964.07080073373  2.157881E-15
4967.43417139057  2.157847E-15
4970.79754204742  2.162311E-15
4974.16091270427  2.151591E-15
4977.52428336112  2.137478E-15
4980.88765401797  2.116418E-15
4984.25102467482  2.135447E-15
4987.61439533167  2.122938E-15
4990.97776598852  2.124148E-15
4994.34113664537  2.110215E-15
4997.70450730221  2.101331E-15
5001.06787795906  2.074003E-15
5004.43124861591  2.102846E-15
5007.79461927276  2.079148E-15
5011.15798992961  2.079894E-15
5014.52136058646  2.088124E-15
5017.88473124331  2.077906E-15
5021.24810190016  2.028485E-15
5024.61147255701  2.023508E-15
5027.97484321385  2.032451E-15
5031.3382138707  2.009958E-15
5034.70158452755  1.993443E-15
5038.0649551844  1.992911E-15
5041.42832584125  2.002859E-15
5044.7916964981  1.986212E-15
5048.15506715495  1.962088E-15
5051.5184378118  1.983157E-15
5054.88180846864  1.966633E-15
5058.24517912549  1.952817E-15
5061.60854978234  1.972917E-15
5064.97192043919  1.970998E-15
5068.33529109604  1.938831E-15
5071.69866175289  1.940623E-15
5075.06203240974  1.941071E-15
5078.42540306659  1.938170E-15
5081.78877372344  1.949488E-15
5085.15214438028  1.949391E-15
5088.51551503713  1.924901E-15
5091.87888569398  1.895012E-15
5095.24225635083  1.902295E-15
5098.60562700768  1.927833E-15
5101.96899766453  1.905338E-15
5105.33236832138  1.905452E-15
5108.69573897822  1.893964E-15
5112.05910963507  1.905464E-15
5115.42248029192  1.884521E-15
5118.78585094877  1.868374E-15
5122.14922160562  1.880754E-15
5125.51259226247  1.864847E-15
5128.87596291932  1.876949E-15
5132.23933357617  1.878247E-15
5135.60270423301  1.862373E-15
5138.96607488986  1.854693E-15
5142.32944554671  1.841672E-15
5145.69281620356  1.826620E-15
5149.05618686041  1.817271E-15
5152.41955751726  1.845351E-15
5155.78292817411  1.844320E-15
5159.14629883096  1.832703E-15
5162.50966948781  1.838280E-15
5165.87304014465  1.828217E-15
5169.2364108015  1.815575E-15
5172.59978145835  1.815362E-15
5175.9631521152  1.835341E-15
5179.32652277205  1.813476E-15
5182.6898934289  1.811906E-15
5186.05326408575  1.826055E-15
5189.4166347426  1.830337E-15
5192.78000539944  1.839736E-15
5196.14337605629  1.830599E-15
5199.50674671314  1.834674E-15
5202.87011736999  1.816249E-15
5206.23348802684  1.829048E-15
5209.59685868369  1.808456E-15
5212.96022934054  1.803097E-15
5216.32359999739  1.807912E-15
5219.68697065424  1.796379E-15
5223.05034131108  1.772074E-15
5226.41371196793  1.763973E-15
5229.77708262478  1.769491E-15
5233.14045328163  1.795790E-15
5236.50382393848  1.781350E-15
5239.86719459533  1.749802E-15
5243.23056525218  1.747273E-15
5246.59393590903  1.758488E-15
5249.95730656587  1.756998E-15
5253.32067722272  1.727277E-15
5256.68404787957  1.751789E-15
5260.04741853642  1.730453E-15
5263.41078919327  1.721286E-15
5266.77415985012  1.707957E-15
5270.13753050697  1.688378E-15
5273.50090116382  1.712949E-15
5276.86427182067  1.708155E-15
5280.22764247752  1.689521E-15
5283.59101313436  1.695780E-15
5286.95438379121  1.701837E-15
5290.31775444806  1.681385E-15
5293.68112510491  1.649791E-15
5297.04449576176  1.647083E-15
5300.40786641861  1.652444E-15
5303.77123707545  1.662635E-15
5307.1346077323  1.625867E-15
5310.49797838915  1.629545E-15
5313.861349046  1.623210E-15
5317.22471970285  1.610054E-15
5320.5880903597  1.613655E-15
5323.95146101655  1.607365E-15
5327.3148316734  1.610920E-15
5330.67820233025  1.620704E-15
5334.04157298709  1.614821E-15
5337.40494364394  1.598315E-15
5340.76831430079  1.591506E-15
5344.13168495764  1.582517E-15
5347.49505561449  1.579226E-15
5350.85842627134  1.567310E-15
5354.22179692819  1.555691E-15
5357.58516758504  1.565047E-15
5360.94853824188  1.545863E-15
5364.31190889873  1.537780E-15
5367.67527955558  1.545365E-15
5371.03865021243  1.563043E-15
5374.40202086928  1.562349E-15
5377.76539152613  1.526624E-15
5381.12876218298  1.520435E-15
5384.49213283983  1.530587E-15
5387.85550349667  1.538581E-15
5391.21887415352  1.541564E-15
5394.58224481037  1.501583E-15
5397.94561546722  1.504366E-15
5401.30898612407  1.508519E-15
5404.67235678092  1.521901E-15
5408.03572743777  1.499339E-15
5411.39909809462  1.493966E-15
5414.76246875147  1.496901E-15
5418.12583940831  1.490186E-15
5421.48921006516  1.483420E-15
5424.85258072201  1.498080E-15
5428.21595137886  1.479666E-15
5431.57932203571  1.480475E-15
5434.94269269256  1.494008E-15
5438.30606334941  1.470261E-15
5441.66943400626  1.440658E-15
5445.03280466311  1.448968E-15
5448.39617531995  1.449316E-15
5451.7595459768  1.444101E-15
5455.12291663365  1.452634E-15
5458.4862872905  1.453523E-15
5461.84965794735  1.437050E-15
5465.2130286042  1.420339E-15
5468.57639926105  1.414701E-15
5471.9397699179  1.415403E-15
5475.30314057475  1.427078E-15
5478.66651123159  1.430753E-15
5482.02988188844  1.425526E-15
5485.39325254529  1.421817E-15
5488.75662320214  1.402669E-15
5492.11999385899  1.391816E-15
5495.48336451584  1.398203E-15
5498.84673517269  1.404653E-15
5502.21010582953  1.384923E-15
5505.57347648638  1.394100E-15
5508.93684714323  1.373883E-15
5512.30021780008  1.382624E-15
5515.66358845693  1.372868E-15
5519.02695911378  1.361749E-15
5522.39032977063  1.375785E-15
5525.75370042748  1.375895E-15
5529.11707108433  1.375891E-15
5532.48044174117  1.361286E-15
5535.84381239802  1.353539E-15
5539.20718305487  1.368097E-15
5542.57055371172  1.369643E-15
5545.93392436857  1.359702E-15
5549.29729502542  1.327346E-15
5552.66066568227  1.329446E-15
5556.02403633912  1.347693E-15
5559.38740699596  1.349890E-15
5562.75077765281  1.342427E-15
5566.11414830966  1.332069E-15
5569.47751896651  1.326436E-15
5572.84088962336  1.335239E-15
5576.20426028021  1.323656E-15
5579.56763093706  1.310928E-15
5582.93100159391  1.316214E-15
5586.29437225075  1.315182E-15
5589.6577429076  1.318169E-15
5593.02111356445  1.305616E-15
5596.3844842213  1.299231E-15
5599.74785487815  1.287176E-15
5603.111225535  1.283082E-15
5606.47459619185  1.290677E-15
5609.8379668487  1.279235E-15
5613.20133750555  1.276013E-15
5616.56470816239  1.276331E-15
5619.92807881924  1.271301E-15
5623.29144947609  1.265457E-15
5626.65482013294  1.261219E-15
5630.01819078979  1.243122E-15
5633.38156144664  1.246612E-15
5636.74493210349  1.241720E-15
5640.10830276034  1.225855E-15
5643.47167341718  1.221332E-15
5646.83504407403  1.240804E-15
5650.19841473088  1.239749E-15
5653.56178538773  1.226852E-15
5656.92515604458  1.217516E-15
5660.28852670143  1.225414E-15
5663.65189735828  1.229360E-15
5667.01526801513  1.225900E-15
5670.37863867198  1.228656E-15
5673.74200932882  1.230603E-15
5677.10537998567  1.239310E-15
5680.46875064252  1.236331E-15
5683.83212129937  1.223266E-15
5687.19549195622  1.230605E-15
5690.55886261307  1.243274E-15
5693.92223326992  1.244033E-15
5697.28560392676  1.231435E-15
5700.64897458361  1.236691E-15
5704.01234524046  1.237432E-15
5707.37571589731  1.256793E-15
5710.73908655416  1.250329E-15
5714.10245721101  1.218512E-15
5717.46582786786  1.228529E-15
5720.82919852471  1.242939E-15
5724.19256918156  1.246963E-15
5727.55593983841  1.236694E-15
5730.91931049525  1.219698E-15
5734.2826811521  1.229974E-15
5737.64605180895  1.238488E-15
5741.0094224658  1.228712E-15
5744.37279312265  1.235749E-15
5747.7361637795  1.236220E-15
5751.09953443635  1.242115E-15
5754.46290509319  1.246432E-15
5757.82627575004  1.232816E-15
5761.18964640689  1.231080E-15
5764.55301706374  1.238169E-15
5767.91638772059  1.244927E-15
5771.27975837744  1.216601E-15
5774.64312903429  1.202495E-15
5778.00649969114  1.216259E-15
5781.36987034799  1.204856E-15
5784.73324100483  1.210320E-15
5788.09661166168  1.194501E-15
5791.45998231853  1.193513E-15
5794.82335297538  1.205246E-15
5798.18672363223  1.198452E-15
5801.55009428908  1.198950E-15
5804.91346494593  1.201063E-15
5808.27683560278  1.199436E-15
5811.64020625962  1.180964E-15
5815.00357691647  1.179071E-15
5818.36694757332  1.170000E-15
5821.73031823017  1.179106E-15
5825.09368888702  1.189484E-15
5828.45705954387  1.180695E-15
5831.82043020072  1.171028E-15
5835.18380085757  1.170193E-15
5838.54717151442  1.163068E-15
5841.91054217126  1.149659E-15
5845.27391282811  1.157352E-15
5848.63728348496  1.155393E-15
5852.00065414181  1.155028E-15
5855.36402479866  1.143498E-15
5858.72739545551  1.158746E-15
5862.09076611236  1.165150E-15
5865.45413676921  1.152207E-15
5868.81750742605  1.142773E-15
5872.1808780829  1.147735E-15
5875.54424873975  1.150634E-15
5878.9076193966  1.151040E-15
5882.27099005345  1.145573E-15
5885.6343607103  1.122388E-15
5888.99773136715  1.120844E-15
5892.361102024  1.127537E-15
5895.72447268085  1.134581E-15
5899.08784333769  1.136269E-15
5902.45121399454  1.133319E-15
5905.81458465139  1.137611E-15
5909.17795530824  1.143261E-15
5912.54132596509  1.143247E-15
5915.90469662194  1.147447E-15
5919.26806727879  1.152663E-15
5922.63143793564  1.139791E-15
5925.99480859249  1.145388E-15
5929.35817924933  1.144656E-15
5932.72154990618  1.143029E-15
5936.08492056303  1.151082E-15
5939.44829121988  1.138206E-15
5942.81166187673  1.154124E-15
5946.17503253358  1.155344E-15
5949.53840319042  1.134171E-15
5952.90177384728  1.137425E-15
5956.26514450412  1.128357E-15
5959.62851516097  1.125153E-15
5962.99188581782  1.114101E-15
5966.35525647467  1.103995E-15
5969.71862713152  1.115223E-15
5973.08199778837  1.110780E-15
5976.44536844522  1.096532E-15
5979.80873910206  1.104000E-15
5983.17210975891  1.105865E-15
5986.53548041576  1.081065E-15
5989.89885107261  1.070644E-15
5993.26222172946  1.093498E-15
5996.62559238631  1.074268E-15
5999.98896304316  1.065478E-15
6003.35233370001  1.065527E-15
6006.71570435685  1.076065E-15
6010.0790750137  1.060584E-15
6013.44244567055  1.054792E-15
6016.8058163274  1.067267E-15
6020.16918698425  1.078114E-15
6023.5325576411  1.053589E-15
6026.89592829795  1.042113E-15
6030.2592989548  1.059392E-15
6033.62266961165  1.059819E-15
6036.9860402685  1.052505E-15
6040.34941092534  1.039576E-15
6043.71278158219  1.034048E-15
6047.07615223904  1.051169E-15
6050.43952289589  1.044827E-15
6053.80289355274  1.037933E-15
6057.16626420959  1.049905E-15
6060.52963486644  1.041308E-15
6063.89300552329  1.040063E-15
6067.25637618013  1.036335E-15
6070.61974683698  1.040323E-15
6073.98311749383  1.053851E-15
6077.34648815068  1.024262E-15
6080.70985880753  1.031444E-15
6084.07322946438  1.029591E-15
6087.43660012123  1.025026E-15
6090.79997077808  1.007938E-15
6094.16334143492  1.014195E-15
6097.52671209177  1.016597E-15
6100.89008274862  1.007277E-15
6104.25345340547  1.011525E-15
6107.61682406232  1.016399E-15
6110.98019471917  1.017144E-15
6114.34356537602  1.004530E-15
6117.70693603287  9.880911E-16
6121.07030668972  9.861234E-16
6124.43367734656  9.765885E-16
6127.79704800341  9.818158E-16
6131.16041866026  9.902033E-16
6134.52378931711  1.007972E-15
6137.88715997396  9.983957E-16
6141.25053063081  9.877822E-16
6144.61390128766  9.860632E-16
6147.97727194451  9.926604E-16
6151.34064260135  9.888063E-16
6154.7040132582  9.906927E-16
6158.06738391505  9.949274E-16
6161.4307545719  9.937883E-16
6164.79412522875  9.877418E-16
6168.1574958856  9.769927E-16
6171.52086654245  9.716408E-16
6174.8842371993  9.790689E-16
6178.24760785615  9.806900E-16
6181.61097851299  9.755139E-16
6184.97434916984  9.822442E-16
6188.33771982669  9.553290E-16
6191.70109048354  9.606892E-16
6195.06446114039  9.758942E-16
6198.42783179724  9.649095E-16
6201.79120245408  9.712274E-16
6205.15457311093  9.663799E-16
6208.51794376778  9.740523E-16
6211.88131442463  9.659223E-16
6215.24468508148  9.623125E-16
6218.60805573833  9.538776E-16
6221.97142639518  9.493334E-16
6225.33479705203  9.498860E-16
6228.69816770888  9.505687E-16
6232.06153836573  9.500999E-16
6235.42490902257  9.368067E-16
6238.78827967942  9.445011E-16
6242.15165033627  9.460265E-16
6245.51502099312  9.487932E-16
6248.87839164997  9.413915E-16
6252.24176230682  9.323318E-16
6255.60513296367  9.188041E-16
6258.96850362052  9.244119E-16
6262.33187427736  9.199849E-16
6265.69524493421  9.196347E-16
6269.05861559106  9.206494E-16
6272.42198624791  8.975477E-16
6275.78535690476  8.989487E-16
6279.14872756161  8.995355E-16
6282.51209821846  8.969242E-16
6285.87546887531  9.069139E-16
6289.23883953215  8.973933E-16
6292.602210189  8.955612E-16
6295.96558084585  9.101151E-16
6299.3289515027  9.062511E-16
6302.69232215955  8.857691E-16
6306.0556928164  8.916963E-16
6309.41906347325  8.950498E-16
6312.7824341301  8.955623E-16
6316.14580478695  9.058262E-16
6319.50917544379  8.914422E-16
6322.87254610064  8.861573E-16
6326.23591675749  8.821338E-16
6329.59928741434  8.905829E-16
6332.96265807119  8.905662E-16
6336.32602872804  8.793917E-16
6339.68939938489  8.340259E-16
6343.05277004174  8.422264E-16
6346.41614069859  8.557505E-16
6349.77951135543  8.523433E-16
6353.14288201228  8.445122E-16
6356.50625266913  8.487694E-16
6359.86962332598  8.330326E-16
6363.23299398283  8.358842E-16
6366.59636463968  8.437196E-16
6369.95973529653  8.365114E-16
6373.32310595338  8.216918E-16
6376.68647661022  8.398937E-16
6380.04984726707  8.284838E-16
6383.41321792392  8.256475E-16
6386.77658858077  8.207998E-16
6390.13995923762  8.240518E-16
6393.50332989447  8.392716E-16
6396.86670055132  8.250700E-16
6400.23007120817  8.163074E-16
6403.59344186501  8.365882E-16
6406.95681252187  8.419172E-16
6410.32018317871  8.344874E-16
6413.68355383556  8.250434E-16
6417.04692449241  8.360110E-16
6420.41029514926  8.205498E-16
6423.77366580611  8.140190E-16
6427.13703646296  8.083926E-16
6430.50040711981  8.163128E-16
6433.86377777665  8.115038E-16
6437.2271484335  8.163035E-16
6440.59051909035  8.147543E-16
6443.9538897472  8.104525E-16
6447.31726040405  8.039457E-16
6450.6806310609  8.030741E-16
6454.04400171775  8.167462E-16
6457.4073723746  8.138944E-16
6460.77074303144  8.059296E-16
6464.13411368829  8.113052E-16
6467.49748434514  8.140593E-16
6470.86085500199  7.967178E-16
6474.22422565884  8.105823E-16
6477.58759631569  7.968232E-16
6480.95096697254  7.853551E-16
6484.31433762939  7.882074E-16
6487.67770828623  8.023302E-16
6491.04107894308  8.000541E-16
6494.40444959993  8.135639E-16
6497.76782025678  8.256250E-16
6501.13119091363  8.131593E-16
6504.49456157048  8.076922E-16
6507.85793222733  8.088860E-16
6511.22130288418  8.018715E-16
6514.58467354103  8.022282E-16
6517.94804419787  8.040135E-16
6521.31141485472  7.862072E-16
6524.67478551157  7.857514E-16
6528.03815616842  7.920179E-16
6531.40152682527  7.924972E-16
6534.76489748212  7.972884E-16
6538.12826813897  7.974416E-16
6541.49163879582  7.995869E-16
6544.85500945266  8.034104E-16
6548.21838010951  7.964014E-16
6551.58175076636  7.968305E-16
6554.94512142321  7.964289E-16
6558.30849208006  7.909336E-16
6561.67186273691  8.010322E-16
6565.03523339376  7.992161E-16
6568.39860405061  8.002038E-16
6571.76197470746  8.093030E-16
6575.1253453643  8.000741E-16
6578.48871602115  8.040237E-16
6581.852086678  8.129871E-16
6585.21545733485  8.020825E-16
6588.5788279917  8.093255E-16
6591.94219864855  8.223591E-16
6595.3055693054  8.157903E-16
6598.66893996225  8.100795E-16
6602.0323106191  8.111783E-16
6605.39568127594  8.005836E-16
6608.75905193279  8.028354E-16
6612.12242258964  8.111426E-16
6615.48579324649  7.858701E-16
6618.84916390334  7.882488E-16
6622.21253456019  8.025439E-16
6625.57590521704  7.934082E-16
6628.93927587388  7.889354E-16
6632.30264653073  8.100846E-16
6635.66601718758  8.036540E-16
6639.02938784443  7.919042E-16
6642.39275850128  8.034633E-16
6645.75612915813  8.140969E-16
6649.11949981498  8.067221E-16
6652.48287047183  8.018103E-16
6655.84624112867  8.045094E-16
6659.20961178552  7.972015E-16
6662.57298244237  7.944354E-16
6665.93635309922  8.045945E-16
6669.29972375607  7.872635E-16
6672.66309441292  7.827412E-16
6676.02646506977  7.837234E-16
6679.38983572662  7.744530E-16
6682.75320638346  7.681363E-16
6686.11657704031  7.648672E-16
6689.47994769716  7.673666E-16
6692.84331835401  7.638890E-16
6696.20668901086  7.568324E-16
6699.57005966771  7.580260E-16
6702.93343032456  7.684892E-16
6706.29680098141  7.680627E-16
6709.66017163826  7.551346E-16
6713.0235422951  7.574822E-16
6716.38691295195  7.616618E-16
6719.7502836088  7.492079E-16
6723.11365426565  7.460120E-16
6726.4770249225  7.543207E-16
6729.84039557935  7.632206E-16
6733.2037662362  7.605507E-16
6736.56713689305  7.505484E-16
6739.9305075499  7.583044E-16
6743.29387820674  7.675321E-16
6746.65724886359  7.624258E-16
6750.02061952044  7.548320E-16
6753.38399017729  7.800867E-16
6756.74736083414  8.462412E-16
6760.11073149099  8.983776E-16
6763.47410214784  8.998407E-16
6766.83747280469  8.810474E-16
6770.20084346153  8.597456E-16
6773.56421411838  7.828979E-16
6776.92758477523  7.698969E-16
6780.29095543208  7.833520E-16
6783.65432608893  7.938320E-16
6787.01769674578  7.817230E-16
6790.38106740263  7.652584E-16
6793.74443805948  7.514352E-16
6797.10780871633  7.480419E-16
6800.47117937317  7.444542E-16
6803.83455003002  7.236172E-16
6807.19792068687  7.160318E-16
6810.56129134372  7.244474E-16
6813.92466200057  7.178684E-16
6817.28803265742  7.180476E-16
6820.65140331427  7.041761E-16
6824.01477397112  6.991196E-16
6827.37814462796  7.025989E-16
6830.74151528481  6.937783E-16
6834.10488594166  6.997068E-16
6837.46825659851  7.080313E-16
6840.83162725536  7.035891E-16
6844.19499791221  6.984075E-16
6847.55836856906  7.007661E-16
6850.92173922591  6.946107E-16
6854.28510988275  6.845197E-16
6857.64848053961  6.885107E-16
6861.01185119645  6.932368E-16
6864.3752218533  7.026264E-16
6867.73859251015  6.933386E-16
6871.101963167  6.824148E-16
6874.46533382385  6.767090E-16
6877.82870448069  6.776352E-16
6881.19207513754  6.848970E-16
6884.55544579439  6.744436E-16
6887.91881645124  6.713641E-16
6891.28218710809  6.705561E-16
6894.64555776494  6.686626E-16
6898.00892842179  6.719019E-16
6901.37229907864  6.595515E-16
6904.73566973549  6.583696E-16
6908.09904039234  6.632576E-16
6911.46241104918  6.586717E-16
6914.82578170603  6.751434E-16
6918.18915236288  6.707986E-16
6921.55252301973  6.714962E-16
6924.91589367658  6.805711E-16
6928.27926433343  6.784145E-16
6931.64263499028  6.640850E-16
6935.00600564713  6.576869E-16
6938.36937630397  6.570863E-16
6941.73274696082  6.584386E-16
6945.09611761767  6.627948E-16
6948.45948827452  6.635221E-16
6951.82285893137  6.674831E-16
6955.18622958822  6.505381E-16
6958.54960024507  6.350822E-16
6961.91297090192  6.341981E-16
6965.27634155876  6.615423E-16
6968.63971221561  6.627767E-16
6972.00308287246  6.421229E-16
6975.36645352931  6.339462E-16
6978.72982418616  6.383179E-16
6982.09319484301  6.398299E-16
6985.45656549986  6.301321E-16
6988.81993615671  6.386730E-16
6992.18330681356  6.496882E-16
6995.5466774704  6.247390E-16
6998.91004812725  6.292365E-16
7002.2734187841  6.264255E-16
7005.63678944095  6.092166E-16
7009.0001600978  6.089309E-16
7012.36353075465  6.148981E-16
7015.7269014115  6.200119E-16
7019.09027206835  6.177702E-16
7022.45364272519  6.138247E-16
7025.81701338204  6.049416E-16
7029.18038403889  6.074379E-16
7032.54375469574  6.186310E-16
7035.90712535259  6.166969E-16
7039.27049600944  6.162369E-16
7042.63386666629  6.104304E-16
7045.99723732314  6.145071E-16
7049.36060797998  6.041724E-16
7052.72397863684  6.064607E-16
7056.08734929368  6.049733E-16
7059.45071995053  6.079190E-16
7062.81409060738  6.116538E-16
7066.17746126423  6.012467E-16
7069.54083192108  5.957894E-16
7072.90420257793  6.051390E-16
7076.26757323478  6.124462E-16
7079.63094389162  6.080749E-16
7082.99431454847  5.990021E-16
7086.35768520532  6.048292E-16
7089.72105586217  6.117635E-16
7093.08442651902  6.047581E-16
7096.44779717587  6.034580E-16
7099.81116783272  5.993002E-16
7103.17453848957  5.807704E-16
7106.53790914642  5.882290E-16
7109.90127980327  5.869869E-16
7113.26465046011  5.918839E-16
7116.62802111696  6.014613E-16
7119.99139177381  5.983475E-16
7123.35476243066  5.986057E-16
7126.71813308751  5.908782E-16
7130.08150374436  5.908948E-16
7133.44487440121  5.851393E-16
7136.80824505805  5.826552E-16
7140.1716157149  6.033476E-16
7143.53498637175  6.021848E-16
7146.8983570286  5.926227E-16
7150.26172768545  5.961072E-16
7153.6250983423  5.895482E-16
7156.98846899915  5.790460E-16
7160.351839656  5.795673E-16
7163.71521031284  5.862090E-16
7167.07858096969  5.873016E-16
7170.44195162654  5.858229E-16
7173.80532228339  5.898164E-16
7177.16869294024  5.829372E-16
7180.53206359709  5.878538E-16
7183.89543425394  5.791766E-16
7187.25880491079  5.747767E-16
7190.62217556763  5.735304E-16
7193.98554622448  5.733632E-16
7197.34891688133  5.722271E-16
7200.71228753818  5.686963E-16
7204.07565819503  5.597236E-16
7207.43902885188  5.645001E-16
7210.80239950873  5.762093E-16
7214.16577016558  5.663181E-16
7217.52914082243  5.718754E-16
7220.89251147927  5.686040E-16
7224.25588213612  5.702602E-16
7227.61925279297  5.627925E-16
7230.98262344982  5.699278E-16
7234.34599410667  5.643705E-16
7237.70936476352  5.602287E-16
7241.07273542037  5.593782E-16
7244.43610607722  5.522548E-16
7247.79947673407  5.432597E-16
7251.16284739091  5.431669E-16
7254.52621804776  5.531900E-16
7257.88958870461  5.571156E-16
7261.25295936146  5.691361E-16
7264.61633001831  5.734173E-16
7267.97970067516  5.662792E-16
7271.34307133201  5.537502E-16
7274.70644198885  5.605741E-16
7278.0698126457  5.703768E-16
7281.43318330255  5.862256E-16
7284.7965539594  5.790639E-16
7288.15992461625  5.674384E-16
7291.5232952731  5.767007E-16
7294.88666592995  5.776317E-16
7298.2500365868  5.815489E-16
7301.61340724365  5.815225E-16
7304.9767779005  5.790382E-16
7308.34014855734  5.686401E-16
7311.70351921419  5.455678E-16
7315.06688987104  5.534321E-16
7318.43026052789  5.570931E-16
7321.79363118474  5.698379E-16
7325.15700184159  5.779970E-16
7328.52037249844  5.827681E-16
7331.88374315528  5.799552E-16
7335.24711381213  5.583422E-16
7338.61048446898  5.579109E-16
7341.97385512583  5.647477E-16
7345.33722578268  5.538276E-16
7348.70059643953  5.523645E-16
7352.06396709638  5.502523E-16
7355.42733775323  5.489011E-16
7358.79070841007  5.338203E-16
7362.15407906692  5.323824E-16
7365.51744972377  5.435877E-16
7368.88082038062  5.265370E-16
7372.24419103747  5.258700E-16
7375.60756169432  5.462638E-16
7378.97093235117  5.323011E-16
7382.33430300802  5.326047E-16
7385.69767366487  5.338938E-16
7389.06104432171  5.345313E-16
7392.42441497856  5.174914E-16
7395.78778563541  5.065172E-16
7399.15115629226  5.089434E-16
7402.51452694911  5.191926E-16
7405.87789760596  5.227015E-16
7409.24126826281  5.131435E-16
7412.60463891966  5.037516E-16
7415.9680095765  5.091166E-16
7419.33138023335  5.101631E-16
7422.6947508902  4.971307E-16
7426.05812154705  5.033251E-16
7429.4214922039  4.984822E-16
7432.78486286075  5.091004E-16
7436.1482335176  4.954181E-16
7439.51160417445  4.904229E-16
7442.8749748313  4.900068E-16
7446.23834548814  4.914837E-16
7449.60171614499  4.897183E-16
7452.96508680184  4.901370E-16
7456.32845745869  4.914720E-16
7459.69182811554  4.854336E-16
7463.05519877239  4.897709E-16
7466.41856942924  4.990357E-16
7469.78194008609  5.020339E-16
7473.14531074293  4.932675E-16
7476.50868139978  4.799245E-16
7479.87205205663  4.824817E-16
7483.23542271348  4.861473E-16
7486.59879337033  4.783099E-16
7489.96216402718  4.709534E-16
7493.32553468403  4.771558E-16
7496.68890534088  4.867570E-16
7500.05227599773  4.771981E-16
7503.41564665458  4.618324E-16
7506.77901731142  4.698844E-16
7510.14238796827  4.730453E-16
7513.50575862512  4.674952E-16
7516.86912928197  4.679028E-16
7520.23249993882  4.806029E-16
7523.59587059567  4.707640E-16
7526.95924125251  4.612266E-16
7530.32261190936  4.518960E-16
7533.68598256621  4.564992E-16
7537.04935322306  4.704852E-16
7540.41272387991  4.581710E-16
7543.77609453676  4.505975E-16
7547.13946519361  4.592562E-16
7550.50283585046  4.650547E-16
7553.86620650731  4.582951E-16
7557.22957716415  4.604332E-16
7560.592947821  4.580450E-16
7563.95631847785  4.627761E-16
7567.3196891347  4.645986E-16
7570.68305979155  4.605679E-16
7574.0464304484  4.593628E-16
7577.40980110525  4.638842E-16
7580.7731717621  4.550287E-16
7584.13654241894  4.414478E-16
7587.49991307579  4.590695E-16
7590.86328373264  4.535491E-16
7594.22665438949  4.529024E-16
7597.59002504634  4.543054E-16
7600.95339570319  4.433985E-16
7604.31676636004  4.590954E-16
7607.68013701689  4.460857E-16
7611.04350767373  4.430791E-16
7614.40687833058  4.520790E-16
7617.77024898743  4.497453E-16
7621.13361964428  4.463320E-16
7624.49699030113  4.331442E-16
7627.86036095798  4.134688E-16
7631.22373161483  4.541602E-16
7634.58710227168  4.625981E-16
7637.95047292853  4.531097E-16
7641.31384358537  4.389457E-16
7644.67721424222  4.339251E-16
7648.04058489907  4.166583E-16
7651.40395555592  4.058406E-16
7654.76732621277  4.189434E-16
7658.13069686962  4.241493E-16
7661.49406752647  4.159680E-16
7664.85743818332  4.124768E-16
7668.22080884017  4.115198E-16
7671.58417949702  4.301783E-16
7674.94755015386  4.274813E-16
7678.31092081071  4.245687E-16
7681.67429146756  4.200618E-16
7685.03766212441  4.139212E-16
7688.40103278126  4.166917E-16
7691.76440343811  4.151296E-16
7695.12777409496  4.147906E-16
7698.49114475181  4.229695E-16
7701.85451540865  4.181881E-16
7705.2178860655  4.147070E-16
7708.58125672235  4.151275E-16
7711.9446273792  4.089149E-16
7715.30799803605  4.077911E-16
7718.6713686929  4.040101E-16
7722.03473934975  4.078348E-16
7725.39811000659  4.182081E-16
7728.76148066344  4.240383E-16
7732.12485132029  4.141412E-16
7735.48822197714  4.022671E-16
7738.85159263399  4.014077E-16
7742.21496329084  4.043223E-16
7745.57833394769  4.012651E-16
7748.94170460454  4.071122E-16
7752.30507526138  4.022661E-16
7755.66844591823  3.958460E-16
7759.03181657508  4.010046E-16
7762.39518723193  4.056083E-16
7765.75855788878  3.889905E-16
7769.12192854563  3.900845E-16
7772.48529920248  4.134294E-16
7775.84866985933  4.181935E-16
7779.21204051617  4.171915E-16
7782.57541117302  3.867525E-16
7785.93878182987  3.892200E-16
7789.30215248672  3.934577E-16
7792.66552314357  3.936908E-16
7796.02889380042  3.938984E-16
7799.39226445727  3.802468E-16
7802.75563511412  3.873102E-16
7806.11900577097  3.978283E-16
7809.48237642781  3.874175E-16
7812.84574708466  3.848987E-16
7816.20911774151  3.780056E-16
7819.57248839836  3.742805E-16
7822.93585905521  3.875355E-16
7826.29922971206  3.855338E-16
7829.66260036891  3.808855E-16
7833.02597102576  3.839740E-16
7836.3893416826  3.935455E-16
7839.75271233945  3.815405E-16
7843.1160829963  3.621855E-16
7846.47945365315  3.648292E-16
7849.84282431  3.760071E-16
7853.20619496685  3.835819E-16
7856.5695656237  3.809498E-16
7859.93293628055  3.616309E-16
7863.2963069374  3.719478E-16
7866.65967759425  3.826986E-16
7870.02304825109  3.855472E-16
7873.38641890794  3.862688E-16
7876.74978956479  3.813375E-16
7880.11316022164  3.769273E-16
7883.47653087849  3.760181E-16
7886.83990153534  3.796825E-16
7890.20327219219  3.861926E-16
7893.56664284904  3.785604E-16
7896.93001350588  3.799605E-16
7900.29338416273  3.871276E-16
7903.65675481958  3.792756E-16
7907.02012547643  3.767533E-16
7910.38349613328  3.690586E-16
7913.74686679013  3.656438E-16
7917.11023744698  3.791377E-16
7920.47360810382  3.879835E-16
7923.83697876067  3.845943E-16
7927.20034941752  3.847813E-16
7930.56372007437  3.840604E-16
7933.92709073122  3.872451E-16
7937.29046138807  3.880433E-16
7940.65383204492  3.837220E-16
7944.01720270177  3.772581E-16
7947.38057335862  3.800134E-16
7950.74394401546  3.857542E-16
7954.10731467231  3.929773E-16
7957.47068532916  3.874515E-16
7960.83405598601  3.849251E-16
7964.19742664286  4.044666E-16
7967.56079729971  3.944705E-16
7970.92416795656  3.890320E-16
7974.28753861341  3.864140E-16
7977.65090927025  3.766061E-16
7981.0142799271  3.938286E-16
7984.37765058395  3.913708E-16
7987.7410212408  3.904488E-16
7991.10439189765  3.915887E-16
7994.4677625545  3.871794E-16
7997.83113321135  3.922229E-16
8001.1945038682  3.878060E-16
8004.55787452504  3.873260E-16
8007.92124518189  3.855051E-16
8011.28461583874  3.737725E-16
8014.64798649559  3.841293E-16
8018.01135715244  3.905879E-16
8021.37472780929  3.792112E-16
8024.73809846614  3.760690E-16
8028.10146912299  3.696148E-16
8031.46483977984  3.670279E-16
8034.82821043668  3.871542E-16
8038.19158109353  3.901751E-16
8041.55495175038  3.775930E-16
8044.91832240723  3.813807E-16
8048.28169306408  3.848638E-16
8051.64506372093  3.730905E-16
8055.00843437778  3.668242E-16
8058.37180503463  3.657747E-16
8061.73517569148  3.633620E-16
8065.09854634832  3.628072E-16
8068.46191700517  3.739703E-16
8071.82528766202  3.815519E-16
8075.18865831887  3.739304E-16
8078.55202897572  3.843717E-16
8081.91539963257  3.714925E-16
8085.27877028942  3.697268E-16
8088.64214094627  3.676480E-16
8092.00551160311  3.671164E-16
8095.36888225996  3.684687E-16
8098.73225291681  3.628258E-16
8102.09562357366  3.645714E-16
8105.45899423051  3.759309E-16
8108.82236488736  3.754537E-16
8112.18573554421  3.725785E-16
8115.54910620106  3.750990E-16
8118.9124768579  3.739191E-16
8122.27584751475  3.733287E-16
8125.6392181716  3.648259E-16
8129.00258882845  3.615839E-16
8132.3659594853  3.601947E-16
8135.72933014215  3.593710E-16
8139.092700799  3.560438E-16
8142.45607145585  3.506542E-16
8145.81944211269  3.555123E-16
8149.18281276954  3.572720E-16
8152.54618342639  3.541417E-16
8155.90955408324  3.425839E-16
8159.27292474009  3.402519E-16
8162.63629539694  3.374675E-16
8165.99966605379  3.433414E-16
8169.36303671064  3.513661E-16
8172.72640736748  3.497354E-16
8176.08977802433  3.483451E-16
8179.45314868118  3.509016E-16
8182.81651933803  3.464880E-16
8186.17988999488  3.408622E-16
8189.54326065173  3.502282E-16
8192.90663130858  3.499299E-16
8196.27000196543  3.609990E-16
8199.63337262228  3.579491E-16
8202.99674327912  3.515518E-16
8206.36011393598  3.577780E-16
8209.72348459282  3.592894E-16
8213.08685524967  3.507361E-16
8216.45022590652  3.454967E-16
8219.81359656337  3.424969E-16
8223.17696722022  3.277553E-16
8226.54033787707  3.104201E-16
8229.90370853391  3.096710E-16
8233.26707919076  3.371318E-16
8236.63044984761  3.464451E-16
8239.99382050446  3.406169E-16
8243.35719116131  3.481891E-16
8246.72056181816  3.584299E-16
8250.08393247501  3.539751E-16
8253.44730313186  3.432580E-16
8256.81067378871  3.416020E-16
8260.17404444555  3.399969E-16
8263.5374151024  3.495365E-16
8266.90078575925  3.559025E-16
8270.2641564161  3.468916E-16
8273.62752707295  3.373199E-16
8276.9908977298  3.374319E-16
8280.35426838665  3.384304E-16
8283.7176390435  3.334276E-16
8287.08100970034  3.308300E-16
8290.44438035719  3.364298E-16
8293.80775101404  3.314531E-16
8297.17112167089  3.354090E-16
8300.53449232774  3.418116E-16
8303.89786298459  3.398943E-16
8307.26123364144  3.522664E-16
8310.62460429829  3.512888E-16
8313.98797495514  3.435150E-16
8317.35134561198  3.405829E-16
8320.71471626883  3.248276E-16
8324.07808692568  3.370688E-16
8327.44145758253  3.300115E-16
8330.80482823938  3.348413E-16
8334.16819889623  3.319422E-16
8337.53156955308  3.288267E-16
8340.89494020992  3.511947E-16
8344.25831086677  3.490344E-16
8347.62168152362  3.404221E-16
8350.98505218047  3.557217E-16
8354.34842283732  3.497338E-16
8357.71179349417  3.403687E-16
8361.07516415102  3.376676E-16
8364.43853480787  3.407004E-16
8367.80190546472  3.380876E-16
8371.16527612156  3.402511E-16
8374.52864677841  3.341737E-16
8377.89201743526  3.396362E-16
8381.25538809211  3.445638E-16
8384.61875874896  3.317593E-16
8387.98212940581  3.282359E-16
8391.34550006266  3.293438E-16
8394.70887071951  3.283024E-16
8398.07224137635  3.336731E-16
8401.43561203321  3.276287E-16
8404.79898269005  3.296029E-16
8408.1623533469  3.306673E-16
8411.52572400375  3.311110E-16
8414.8890946606  3.316123E-16
8418.25246531745  3.232560E-16
8421.6158359743  3.157300E-16
8424.97920663115  3.139411E-16
8428.342577288  3.059287E-16
8431.70594794484  3.098361E-16
8435.06931860169  3.074467E-16
8438.43268925854  3.087398E-16
8441.79605991539  3.173227E-16
8445.15943057224  3.161072E-16
8448.52280122909  3.182701E-16
8451.88617188594  3.247013E-16
8455.24954254278  3.120924E-16
8458.61291319963  3.029261E-16
8461.97628385648  3.149706E-16
8465.33965451333  3.125083E-16
8468.70302517018  3.108932E-16
8472.06639582703  3.030632E-16
8475.42976648388  3.039794E-16
8478.79313714073  3.067416E-16
8482.15650779757  3.121884E-16
8485.51987845442  3.191923E-16
8488.88324911127  3.203170E-16
8492.24661976812  3.232564E-16
8495.60999042497  3.150084E-16
8498.97336108182  3.223394E-16
8502.33673173867  3.151750E-16
8505.70010239552  3.205045E-16
8509.06347305237  3.138603E-16
8512.42684370921  3.059989E-16
8515.79021436606  3.120586E-16
8519.15358502291  3.197616E-16
8522.51695567976  3.221482E-16
8525.88032633661  3.134737E-16
8529.24369699346  3.054529E-16
8532.60706765031  2.995739E-16
8535.97043830716  3.054097E-16
8539.33380896401  3.030339E-16
8542.69717962085  3.154854E-16
8546.06055027771  3.109621E-16
8549.42392093455  2.971487E-16
8552.7872915914  3.038809E-16
8556.15066224825  2.996125E-16
8559.5140329051  2.942853E-16
8562.87740356195  3.070423E-16
8566.24077421879  3.046316E-16
8569.60414487564  3.096471E-16
8572.96751553249  3.147683E-16
8576.33088618934  3.013590E-16
8579.69425684619  2.942374E-16
8583.05762750304  3.048081E-16
8586.42099815989  3.123599E-16
8589.78436881674  3.096431E-16
8593.14773947359  3.040120E-16
8596.51111013044  3.073690E-16
8599.87448078728  2.898187E-16
8603.23785144413  2.923604E-16
8606.60122210098  3.022226E-16
8609.96459275783  3.078042E-16
8613.32796341468  3.041543E-16
8616.69133407153  2.946306E-16
8620.05470472838  3.018296E-16
8623.41807538523  3.171021E-16
8626.78144604207  3.073238E-16
8630.14481669892  2.979356E-16
8633.50818735577  2.951642E-16
8636.87155801262  3.010926E-16
8640.23492866947  3.072376E-16
8643.59829932632  3.076748E-16
8646.96166998317  3.017212E-16
8650.32504064002  2.962983E-16
8653.68841129687  2.991083E-16
8657.05178195371  2.993399E-16
8660.41515261056  2.891079E-16
8663.77852326741  3.000435E-16
8667.14189392426  3.041599E-16
8670.50526458111  3.018639E-16
8673.86863523796  2.997441E-16
8677.23200589481  2.873413E-16
8680.59537655165  2.831778E-16
8683.9587472085  2.908037E-16
8687.32211786535  2.837780E-16
8690.6854885222  2.805515E-16
8694.04885917905  2.725323E-16
8697.4122298359  2.783209E-16
8700.77560049275  2.816005E-16
8704.1389711496  2.766580E-16
8707.50234180644  2.827144E-16
8710.86571246329  2.849848E-16
8714.22908312014  2.784263E-16
8717.59245377699  2.842180E-16
8720.95582443384  2.852751E-16
8724.31919509069  2.785518E-16
8727.68256574754  2.876471E-16
8731.04593640439  2.755384E-16
8734.40930706124  2.754885E-16
8737.77267771808  2.832399E-16
8741.13604837494  2.770540E-16
8744.49941903178  2.800381E-16
8747.86278968863  2.885006E-16
8751.22616034548  2.775433E-16
8754.58953100233  2.786669E-16
8757.95290165918  2.681926E-16
8761.31627231603  2.656419E-16
8764.67964297288  2.793641E-16
8768.04301362973  2.771930E-16
8771.40638428657  2.679715E-16
8774.76975494342  2.675622E-16
8778.13312560027  2.729755E-16
8781.49649625712  2.771541E-16
8784.85986691397  2.741664E-16
8788.22323757082  2.827854E-16
8791.58660822767  2.774897E-16
8794.94997888451  2.645942E-16
8798.31334954136  2.697199E-16
8801.67672019821  2.702147E-16
8805.04009085506  2.679105E-16
8808.40346151191  2.726133E-16
8811.76683216876  2.724870E-16
8815.13020282561  2.704328E-16
8818.49357348246  2.651035E-16
8821.8569441393  2.606275E-16
8825.22031479615  2.574179E-16
8828.583685453  2.567130E-16
8831.94705610985  2.652128E-16
8835.3104267667  2.641176E-16
8838.67379742355  2.526812E-16
8842.0371680804  2.536344E-16
8845.40053873725  2.586438E-16
8848.7639093941  2.492888E-16
8852.12728005094  2.455051E-16
8855.4906507078  2.546962E-16
8858.85402136464  2.620420E-16
8862.21739202149  2.440127E-16
8865.58076267834  2.376817E-16
8868.94413333519  2.466200E-16
8872.30750399204  2.510456E-16
8875.67087464889  2.598359E-16
8879.03424530574  2.548562E-16
8882.39761596259  2.398041E-16
8885.76098661943  2.300682E-16
8889.12435727628  2.414929E-16
8892.48772793313  2.523052E-16
8895.85109858998  2.561634E-16
8899.21446924683  2.593107E-16
8902.57783990367  2.502204E-16
8905.94121056053  2.407701E-16
8909.30458121737  2.485350E-16
8912.66795187422  2.307251E-16
8916.03132253107  2.426566E-16
8919.39469318792  2.333671E-16
8922.75806384477  2.308904E-16
8926.12143450162  2.393998E-16
8929.48480515847  2.376541E-16
8932.84817581531  2.289382E-16
8936.21154647217  2.272719E-16
8939.57491712901  2.334369E-16
8942.93828778586  2.311475E-16
8946.30165844271  2.347955E-16
8949.66502909956  2.318586E-16
8953.02839975641  2.303955E-16
8956.39177041326  2.235913E-16
8959.75514107011  2.166749E-16
8963.11851172696  2.155145E-16
8966.4818823838  2.158123E-16
8969.84525304065  2.175113E-16
8973.2086236975  2.099674E-16
8976.57199435435  2.213118E-16
8979.9353650112  2.166444E-16
8983.29873566805  1.941985E-16
8986.6621063249  1.892704E-16
8990.02547698174  1.952708E-16
8993.3888476386  2.001757E-16
8996.75221829544  2.042217E-16
9000.11558895229  1.966790E-16
9003.47895960914  2.029853E-16
9006.84233026599  2.039111E-16
9010.20570092284  2.012563E-16
9013.56907157969  1.978262E-16
9016.93244223653  2.009607E-16
9020.29581289338  1.997188E-16
9023.65918355023  1.990879E-16
9027.02255420708  2.081755E-16
9030.38592486393  2.069479E-16
9033.74929552078  2.108086E-16
9037.11266617763  2.058151E-16
9040.47603683448  2.049122E-16
9043.83940749133  2.153370E-16
9047.20277814817  2.230462E-16
9050.56614880503  2.153823E-16
9053.92951946187  2.124996E-16
9057.29289011872  2.141009E-16
9060.65626077557  1.921905E-16
9064.01963143242  1.991103E-16
9067.38300208927  2.014386E-16
9070.74637274612  1.967020E-16
9074.10974340297  1.918017E-16
9077.47311405982  1.885694E-16
9080.83648471666  1.886346E-16
9084.19985537351  1.848797E-16
9087.56322603036  1.779514E-16
9090.92659668721  1.814716E-16
9094.28996734406  1.810190E-16
9097.65333800091  1.957713E-16
9101.01670865776  1.870248E-16
9104.3800793146  1.859793E-16
9107.74344997145  1.936129E-16
9111.1068206283  1.934546E-16
9114.47019128515  1.976334E-16
9117.833561942  1.982434E-16
9121.19693259885  1.854892E-16
9124.5603032557  1.883014E-16
9127.92367391255  1.898106E-16
9131.2870445694  1.821720E-16
9134.65041522624  1.812212E-16
9138.01378588309  1.852430E-16
9141.37715653994  1.887436E-16
9144.74052719679  1.945550E-16
9148.10389785364  1.929502E-16
9151.46726851049  1.815499E-16
9154.83063916734  1.775019E-16
9158.19400982419  1.900496E-16
9161.55738048103  1.949500E-16
9164.92075113788  1.881767E-16
9168.28412179473  1.861768E-16
9171.64749245158  1.861842E-16
9175.01086310843  1.782512E-16
9178.37423376528  1.775799E-16
9181.73760442213  1.885688E-16
9185.10097507897  1.821418E-16
9188.46434573583  1.829551E-16
9191.82771639267  1.902015E-16
9195.19108704952  1.898601E-16
9198.55445770637  1.859131E-16
9201.91782836322  1.889324E-16
9205.28119902007  1.941683E-16
9208.64456967692  1.876094E-16
9212.00794033377  1.786542E-16
9215.37131099062  1.845231E-16
9218.73468164746  1.917315E-16
9222.09805230431  1.923091E-16
9225.46142296116  1.913317E-16
9228.82479361801  1.896507E-16
9232.18816427486  1.863297E-16
9235.55153493171  1.882887E-16
9238.91490558856  1.953974E-16
9242.2782762454  1.892580E-16
9245.64164690226  1.803525E-16
9249.0050175591  1.790677E-16
9252.36838821595  1.854606E-16
9255.7317588728  1.879651E-16
9259.09512952965  1.840788E-16
9262.4585001865  1.883521E-16
9265.82187084335  1.952159E-16
9269.1852415002  1.855265E-16
9272.54861215705  1.834442E-16
9275.91198281389  1.743927E-16
9279.27535347074  1.744726E-16
9282.63872412759  1.818926E-16
9286.00209478444  1.798067E-16
9289.36546544129  1.831745E-16
9292.72883609814  1.894778E-16
9296.09220675499  1.821725E-16
9299.45557741183  1.808400E-16
9302.81894806869  1.769203E-16
9306.18231872553  1.863315E-16
9309.54568938238  1.781088E-16
9312.90906003923  1.532445E-16
9316.27243069608  1.443241E-16
9319.63580135293  1.197281E-16
9322.99917200978  1.275260E-16
9326.36254266663  1.547480E-16
9329.72591332347  1.757639E-16
9333.08928398032  1.808140E-16
9336.45265463717  1.692234E-16
9339.81602529402  1.653163E-16
9343.17939595087  1.752722E-16
9346.54276660772  1.758117E-16
9349.90613726457  1.789998E-16
9353.26950792142  1.820305E-16
9356.63287857826  1.724631E-16
9359.99624923511  1.646839E-16
9363.35961989196  1.656957E-16
9366.72299054881  1.755920E-16
9370.08636120566  1.664322E-16
9373.44973186251  1.454535E-16
9376.81310251936  1.709624E-16
9380.1764731762  1.544901E-16
9383.53984383306  1.610012E-16
9386.9032144899  1.647745E-16
9390.26658514675  1.573108E-16
9393.6299558036  1.618469E-16
9396.99332646045  1.701669E-16
9400.3566971173  1.678005E-16
9403.72006777415  1.652724E-16
9407.083438431  1.553464E-16
9410.44680908785  1.552784E-16
9413.81017974469  1.720843E-16
9417.17355040154  1.704119E-16
9420.53692105839  1.673887E-16
9423.90029171524  1.643773E-16
9427.26366237209  1.497440E-16
9430.62703302894  1.570068E-16
9433.99040368579  1.574927E-16
9437.35377434263  1.723676E-16
9440.71714499949  1.868925E-16
9444.08051565633  1.739434E-16
9447.44388631318  1.624150E-16
9450.80725697003  1.650081E-16
9454.17062762688  1.713377E-16
9457.53399828373  1.791416E-16
9460.89736894058  1.708657E-16
9464.26073959743  1.573851E-16
9467.62411025428  1.659586E-16
9470.98748091112  1.641493E-16
9474.35085156797  1.518750E-16
9477.71422222482  1.554941E-16
9481.07759288167  1.620181E-16
9484.44096353852  1.512192E-16
9487.80433419537  1.550560E-16
9491.16770485222  1.546365E-16
9494.53107550906  1.636351E-16
9497.89444616592  1.635468E-16
9501.25781682276  1.629661E-16
9504.62118747961  1.646281E-16
9507.98455813646  1.551654E-16
9511.34792879331  1.591883E-16
9514.71129945016  1.662580E-16
9518.07467010701  1.687338E-16
9521.43804076386  1.639993E-16
9524.80141142071  1.691261E-16
9528.16478207755  1.714185E-16
9531.5281527344  1.642761E-16
9534.89152339125  1.606799E-16
9538.2548940481  1.607756E-16
9541.61826470495  1.682779E-16
9544.9816353618  1.813878E-16
9548.34500601865  1.762509E-16
9551.7083766755  1.608883E-16
9555.07174733234  1.598589E-16
9558.43511798919  1.595785E-16
9561.79848864604  1.475190E-16
9565.16185930289  1.486779E-16
9568.52522995974  1.581257E-16
9571.88860061659  1.557702E-16
9575.25197127344  1.624955E-16
9578.61534193029  1.553818E-16
9581.97871258713  1.450155E-16
9585.34208324398  1.484411E-16
9588.70545390083  1.489753E-16
9592.06882455768  1.479395E-16
9595.43219521453  1.488725E-16
9598.79556587138  1.496364E-16
9602.15893652823  1.427194E-16
9605.52230718508  1.384781E-16
9608.88567784192  1.396882E-16
9612.24904849877  1.401058E-16
9615.61241915562  1.380737E-16
9618.97578981247  1.392381E-16
9622.33916046932  1.411305E-16
9625.70253112617  1.510768E-16
9629.06590178302  1.476238E-16
9632.42927243986  1.322906E-16
9635.79264309672  1.339028E-16
9639.15601375356  1.433093E-16
9642.51938441042  1.368130E-16
9645.88275506726  1.437476E-16
9649.24612572411  1.464338E-16
9652.60949638096  1.434164E-16
9655.97286703781  1.404914E-16
9659.33623769466  1.367970E-16
9662.69960835151  1.354633E-16
9666.06297900836  1.377530E-16
9669.42634966521  1.401532E-16
9672.78972032205  1.352928E-16
9676.1530909789  1.268179E-16
9679.51646163575  1.268459E-16
9682.8798322926  1.262058E-16
9686.24320294945  1.285975E-16
9689.60657360629  1.282652E-16
9692.96994426315  1.182160E-16
9696.33331491999  1.229080E-16
