   3.5013460e+03   1.0482267e-14
   3.5028169e+03   1.1247559e-14
   3.5042877e+03   1.0323911e-14
   3.5057586e+03   1.0257113e-14
   3.5072294e+03   1.0503870e-14
   3.5087003e+03   1.0522145e-14
   3.5101711e+03   1.0371183e-14
   3.5116419e+03   9.9722432e-15
   3.5131128e+03   1.0258135e-14
   3.5145836e+03   9.7596740e-15
   3.5160545e+03   9.9884716e-15
   3.5175253e+03   1.0090654e-14
   3.5189962e+03   1.0476807e-14
   3.5204670e+03   1.0638879e-14
   3.5219379e+03   1.0225007e-14
   3.5234087e+03   9.9274536e-15
   3.5248796e+03   1.0318468e-14
   3.5263504e+03   1.0609323e-14
   3.5278212e+03   9.8592218e-15
   3.5292921e+03   1.0395375e-14
   3.5307629e+03   1.1011779e-14
   3.5322338e+03   1.0539942e-14
   3.5337046e+03   1.0443157e-14
   3.5351755e+03   1.0126953e-14
   3.5366463e+03   1.0193562e-14
   3.5381172e+03   1.0777784e-14
   3.5395880e+03   1.0584648e-14
   3.5410589e+03   1.0794480e-14
   3.5425297e+03   1.0114284e-14
   3.5440005e+03   1.0610454e-14
   3.5454714e+03   1.0550866e-14
   3.5469422e+03   1.0046087e-14
   3.5484131e+03   1.0214132e-14
   3.5498839e+03   1.0454100e-14
   3.5513548e+03   1.0313818e-14
   3.5528256e+03   1.0763881e-14
   3.5542965e+03   1.0640675e-14
   3.5557673e+03   1.0739136e-14
   3.5572382e+03   9.8007247e-15
   3.5587090e+03   9.7052394e-15
   3.5601798e+03   9.5252791e-15
   3.5616507e+03   1.0177926e-14
   3.5631215e+03   9.1966459e-15
   3.5645924e+03   9.6388806e-15
   3.5660632e+03   1.0363164e-14
   3.5675341e+03   1.0191026e-14
   3.5690049e+03   9.8096436e-15
   3.5704758e+03   9.8007726e-15
   3.5719466e+03   9.4920911e-15
   3.5734175e+03   9.1190176e-15
   3.5748883e+03   9.6652634e-15
   3.5763591e+03   9.7820376e-15
   3.5778300e+03   9.6518593e-15
   3.5793008e+03   9.3733287e-15
   3.5807717e+03   9.6376125e-15
   3.5822425e+03   9.4128128e-15
   3.5837134e+03   9.3891591e-15
   3.5851842e+03   9.4485892e-15
   3.5866551e+03   9.0901199e-15
   3.5881259e+03   9.3211373e-15
   3.5895968e+03   9.7884310e-15
   3.5910676e+03   9.2783219e-15
   3.5925384e+03   9.5661468e-15
   3.5940093e+03   9.6699967e-15
   3.5954801e+03   9.5043982e-15
   3.5969510e+03   9.3162558e-15
   3.5984218e+03   9.1072547e-15
   3.5998927e+03   9.4234631e-15
   3.6013635e+03   9.1713961e-15
   3.6028344e+03   9.2452984e-15
   3.6043052e+03   9.4415776e-15
   3.6057761e+03   9.1146561e-15
   3.6072469e+03   9.3443527e-15
   3.6087177e+03   9.3189961e-15
   3.6101886e+03   9.1655955e-15
   3.6116594e+03   9.3136632e-15
   3.6131303e+03   9.3022934e-15
   3.6146011e+03   8.9019008e-15
   3.6160720e+03   9.0420697e-15
   3.6175428e+03   8.9971030e-15
   3.6190137e+03   9.4986916e-15
   3.6204845e+03   9.0371964e-15
   3.6219554e+03   8.5496614e-15
   3.6234262e+03   9.0561535e-15
   3.6248970e+03   9.4386537e-15
   3.6263679e+03   9.0762267e-15
   3.6278387e+03   9.2770499e-15
   3.6293096e+03   8.9576238e-15
   3.6307804e+03   9.0279082e-15
   3.6322513e+03   9.0128649e-15
   3.6337221e+03   9.1758816e-15
   3.6351930e+03   9.0154257e-15
   3.6366638e+03   9.4294141e-15
   3.6381347e+03   9.2572577e-15
   3.6396055e+03   9.2591500e-15
   3.6410763e+03   8.8655014e-15
   3.6425472e+03   9.3817791e-15
   3.6440180e+03   9.2575723e-15
   3.6454889e+03   9.3779114e-15
   3.6469597e+03   8.6615318e-15
   3.6484306e+03   8.7540817e-15
   3.6499014e+03   9.1137465e-15
   3.6513723e+03   9.1120950e-15
   3.6528431e+03   9.3940987e-15
   3.6543140e+03   8.7393988e-15
   3.6557848e+03   8.9214995e-15
   3.6572556e+03   8.9858116e-15
   3.6587265e+03   8.8746748e-15
   3.6601973e+03   8.8245507e-15
   3.6616682e+03   8.9112684e-15
   3.6631390e+03   8.9046258e-15
   3.6646099e+03   8.8094816e-15
   3.6660807e+03   8.6567774e-15
   3.6675516e+03   8.4832628e-15
   3.6690224e+03   8.7360328e-15
   3.6704933e+03   8.6527841e-15
   3.6719641e+03   8.7211929e-15
   3.6734349e+03   9.0188293e-15
   3.6749058e+03   8.6897187e-15
   3.6763766e+03   8.4390704e-15
   3.6778475e+03   8.6304078e-15
   3.6793183e+03   8.8539033e-15
   3.6807892e+03   8.7623319e-15
   3.6822600e+03   8.6586181e-15
   3.6837309e+03   8.2475625e-15
   3.6852017e+03   8.6888456e-15
   3.6866726e+03   8.6366473e-15
   3.6881434e+03   8.4710361e-15
   3.6896142e+03   8.8323725e-15
   3.6910851e+03   8.8449010e-15
   3.6925559e+03   8.2339147e-15
   3.6940268e+03   8.3169633e-15
   3.6954976e+03   8.6190957e-15
   3.6969685e+03   8.6856394e-15
   3.6984393e+03   8.1507074e-15
   3.6999102e+03   8.3314813e-15
   3.7013810e+03   8.3010570e-15
   3.7028519e+03   8.2969089e-15
   3.7043227e+03   8.4692041e-15
   3.7057935e+03   8.5132893e-15
   3.7072644e+03   8.2603569e-15
   3.7087352e+03   8.4803407e-15
   3.7102061e+03   8.5670871e-15
   3.7116769e+03   8.4771610e-15
   3.7131478e+03   8.7060484e-15
   3.7146186e+03   8.7816883e-15
   3.7160895e+03   8.2006795e-15
   3.7175603e+03   8.8410933e-15
   3.7190312e+03   8.4898194e-15
   3.7205020e+03   8.7810557e-15
   3.7219728e+03   8.2467201e-15
   3.7234437e+03   8.3291878e-15
   3.7249145e+03   8.3479421e-15
   3.7263854e+03   8.3473322e-15
   3.7278562e+03   8.4910130e-15
   3.7293271e+03   8.4315495e-15
   3.7307979e+03   8.2471825e-15
   3.7322688e+03   8.4012980e-15
   3.7337396e+03   8.5435127e-15
   3.7352105e+03   8.7799139e-15
   3.7366813e+03   8.3227122e-15
   3.7381521e+03   8.1413817e-15
   3.7396230e+03   8.2481176e-15
   3.7410938e+03   8.3265592e-15
   3.7425647e+03   8.6678053e-15
   3.7440355e+03   8.7029781e-15
   3.7455064e+03   8.2590503e-15
   3.7469772e+03   8.0957419e-15
   3.7484481e+03   8.5125587e-15
   3.7499189e+03   8.2365493e-15
   3.7513898e+03   8.2851271e-15
   3.7528606e+03   8.3921267e-15
   3.7543314e+03   8.1498543e-15
   3.7558023e+03   8.2519803e-15
   3.7572731e+03   8.4687654e-15
   3.7587440e+03   8.3976430e-15
   3.7602148e+03   8.2073111e-15
   3.7616857e+03   8.3871506e-15
   3.7631565e+03   8.4333766e-15
   3.7646274e+03   8.3391278e-15
   3.7660982e+03   8.5532299e-15
   3.7675691e+03   8.4753243e-15
   3.7690399e+03   8.7152917e-15
   3.7705107e+03   8.6134597e-15
   3.7719816e+03   8.3794349e-15
   3.7734524e+03   8.3542929e-15
   3.7749233e+03   8.3424690e-15
   3.7763941e+03   8.5491625e-15
   3.7778650e+03   8.4495890e-15
   3.7793358e+03   8.5234159e-15
   3.7808067e+03   8.5695333e-15
   3.7822775e+03   8.4582354e-15
   3.7837484e+03   8.6284132e-15
   3.7852192e+03   8.6692081e-15
   3.7866900e+03   8.7185462e-15
   3.7881609e+03   8.5211135e-15
   3.7896317e+03   8.6265136e-15
   3.7911026e+03   8.6752900e-15
   3.7925734e+03   8.5770468e-15
   3.7940443e+03   8.5317047e-15
   3.7955151e+03   8.3437581e-15
   3.7969860e+03   8.6319319e-15
   3.7984568e+03   8.4039285e-15
   3.7999277e+03   8.3519714e-15
   3.8013985e+03   8.3011246e-15
   3.8028693e+03   8.4947639e-15
   3.8043402e+03   8.4111899e-15
   3.8058110e+03   8.6796602e-15
   3.8072819e+03   8.8118701e-15
   3.8087527e+03   8.8497812e-15
   3.8102236e+03   8.8154174e-15
   3.8116944e+03   8.6626467e-15
   3.8131653e+03   8.7944276e-15
   3.8146361e+03   8.5069711e-15
   3.8161070e+03   9.1604104e-15
   3.8175778e+03   8.6131200e-15
   3.8190486e+03   8.7812223e-15
   3.8205195e+03   8.8014159e-15
   3.8219903e+03   8.6425119e-15
   3.8234612e+03   8.7009698e-15
   3.8249320e+03   8.7786671e-15
   3.8264029e+03   8.5071934e-15
   3.8278737e+03   8.8779846e-15
   3.8293446e+03   8.9847058e-15
   3.8308154e+03   8.6544286e-15
   3.8322863e+03   8.7518598e-15
   3.8337571e+03   8.8431138e-15
   3.8352279e+03   8.8092588e-15
   3.8366988e+03   8.9664198e-15
   3.8381696e+03   9.0385082e-15
   3.8396405e+03   9.3458762e-15
   3.8411113e+03   9.2675221e-15
   3.8425822e+03   9.2582276e-15
   3.8440530e+03   9.1135244e-15
   3.8455239e+03   8.9296952e-15
   3.8469947e+03   8.7941822e-15
   3.8484656e+03   8.8198317e-15
   3.8499364e+03   8.9302824e-15
   3.8514072e+03   8.7838292e-15
   3.8528781e+03   8.8280647e-15
   3.8543489e+03   8.8380320e-15
   3.8558198e+03   8.8594976e-15
   3.8572906e+03   8.7425071e-15
   3.8587615e+03   8.7106515e-15
   3.8602323e+03   8.9201760e-15
   3.8617032e+03   9.0300738e-15
   3.8631740e+03   8.9382278e-15
   3.8646449e+03   8.9879624e-15
   3.8661157e+03   9.0110174e-15
   3.8675865e+03   8.9248576e-15
   3.8690574e+03   8.6159722e-15
   3.8705282e+03   8.6200613e-15
   3.8719991e+03   8.9842662e-15
   3.8734699e+03   8.8211226e-15
   3.8749408e+03   8.5844401e-15
   3.8764116e+03   8.6742046e-15
   3.8778825e+03   8.5606395e-15
   3.8793533e+03   8.5828463e-15
   3.8808242e+03   8.6574647e-15
   3.8822950e+03   8.7544095e-15
   3.8837658e+03   8.7626901e-15
   3.8852367e+03   8.5051885e-15
   3.8867075e+03   8.5028929e-15
   3.8881784e+03   8.4907148e-15
   3.8896492e+03   8.7368061e-15
   3.8911201e+03   8.7514711e-15
   3.8925909e+03   8.7368705e-15
   3.8940618e+03   8.7089343e-15
   3.8955326e+03   8.3341415e-15
   3.8970035e+03   8.3245993e-15
   3.8984743e+03   8.4582622e-15
   3.8999451e+03   8.3745655e-15
   3.9014160e+03   8.3610246e-15
   3.9028868e+03   8.2400105e-15
   3.9043577e+03   8.3559756e-15
   3.9058285e+03   8.5919667e-15
   3.9072994e+03   8.3100271e-15
   3.9087702e+03   8.4129106e-15
   3.9102411e+03   8.2821701e-15
   3.9117119e+03   8.4113993e-15
   3.9131828e+03   8.1101684e-15
   3.9146536e+03   8.1699801e-15
   3.9161244e+03   8.3995835e-15
   3.9175953e+03   8.3877074e-15
   3.9190661e+03   8.2137568e-15
   3.9205370e+03   8.4069364e-15
   3.9220078e+03   8.4053593e-15
   3.9234787e+03   8.4398924e-15
   3.9249495e+03   8.2661390e-15
   3.9264204e+03   8.3422823e-15
   3.9278912e+03   8.4062558e-15
   3.9293621e+03   8.0294988e-15
   3.9308329e+03   7.9982330e-15
   3.9323037e+03   7.6665705e-15
   3.9337746e+03   7.8691949e-15
   3.9352454e+03   8.1069861e-15
   3.9367163e+03   7.9705177e-15
   3.9381871e+03   8.2681447e-15
   3.9396580e+03   8.4376379e-15
   3.9411288e+03   8.1368624e-15
   3.9425997e+03   8.2510431e-15
   3.9440705e+03   8.1981984e-15
   3.9455414e+03   8.2931489e-15
   3.9470122e+03   8.0907792e-15
   3.9484830e+03   8.1899864e-15
   3.9499539e+03   8.1377858e-15
   3.9514247e+03   8.1416853e-15
   3.9528956e+03   8.1478109e-15
   3.9543664e+03   8.0194646e-15
   3.9558373e+03   8.1789927e-15
   3.9573081e+03   8.3048806e-15
   3.9587790e+03   8.1131943e-15
   3.9602498e+03   8.1093730e-15
   3.9617207e+03   8.3557040e-15
   3.9631915e+03   8.2135205e-15
   3.9646623e+03   8.2477566e-15
   3.9661332e+03   8.1111301e-15
   3.9676040e+03   8.0397639e-15
   3.9690749e+03   8.1019776e-15
   3.9705457e+03   8.2843310e-15
   3.9720166e+03   8.5001317e-15
   3.9734874e+03   8.5596952e-15
   3.9749583e+03   8.4114008e-15
   3.9764291e+03   8.4365139e-15
   3.9779000e+03   8.5713774e-15
   3.9793708e+03   8.5494618e-15
   3.9808416e+03   8.4490804e-15
   3.9823125e+03   8.2433848e-15
   3.9837833e+03   8.4890936e-15
   3.9852542e+03   8.6100231e-15
   3.9867250e+03   8.4204303e-15
   3.9881959e+03   8.5262474e-15
   3.9896667e+03   8.5746366e-15
   3.9911376e+03   8.6113395e-15
   3.9926084e+03   8.3906965e-15
   3.9940793e+03   8.4960163e-15
   3.9955501e+03   8.4678719e-15
   3.9970209e+03   8.4008129e-15
   3.9984918e+03   8.3327458e-15
   3.9999626e+03   8.3659023e-15
   4.0014335e+03   8.4892629e-15
   4.0029043e+03   8.4938801e-15
   4.0043752e+03   8.4425759e-15
   4.0058460e+03   8.5111381e-15
   4.0073169e+03   8.4846871e-15
   4.0087877e+03   8.4026311e-15
   4.0102586e+03   8.3796366e-15
   4.0117294e+03   8.4553732e-15
   4.0132002e+03   8.4579733e-15
   4.0146711e+03   8.6820673e-15
   4.0161419e+03   8.6057733e-15
   4.0176128e+03   8.7929629e-15
   4.0190836e+03   8.7237397e-15
   4.0205545e+03   8.5907851e-15
   4.0220253e+03   8.7604373e-15
   4.0234962e+03   8.8703213e-15
   4.0249670e+03   8.5117348e-15
   4.0264379e+03   8.5872434e-15
   4.0279087e+03   8.5040197e-15
   4.0293795e+03   8.6783444e-15
   4.0308504e+03   8.6589142e-15
   4.0323212e+03   8.4217378e-15
   4.0337921e+03   8.5398183e-15
   4.0352629e+03   8.5532829e-15
   4.0367338e+03   8.5684003e-15
   4.0382046e+03   8.3800335e-15
   4.0396755e+03   8.3561293e-15
   4.0411463e+03   8.3399492e-15
   4.0426172e+03   8.4147911e-15
   4.0440880e+03   8.2946088e-15
   4.0455588e+03   8.2240660e-15
   4.0470297e+03   7.9986572e-15
   4.0485005e+03   7.9180964e-15
   4.0499714e+03   8.0007239e-15
   4.0514422e+03   7.7489157e-15
   4.0529131e+03   7.8494843e-15
   4.0543839e+03   7.7142287e-15
   4.0558548e+03   7.8791096e-15
   4.0573256e+03   7.8819583e-15
   4.0587965e+03   7.8980038e-15
   4.0602673e+03   7.9853830e-15
   4.0617381e+03   8.1182026e-15
   4.0632090e+03   7.9395459e-15
   4.0646798e+03   7.8333815e-15
   4.0661507e+03   7.6935423e-15
   4.0676215e+03   7.8313231e-15
   4.0690924e+03   7.8059902e-15
   4.0705632e+03   7.7694574e-15
   4.0720341e+03   7.8021019e-15
   4.0735049e+03   7.6864108e-15
   4.0749758e+03   7.7968621e-15
   4.0764466e+03   7.8978179e-15
   4.0779174e+03   7.7706851e-15
   4.0793883e+03   7.7959726e-15
   4.0808591e+03   7.6116140e-15
   4.0823300e+03   7.3301597e-15
   4.0838008e+03   7.3304235e-15
   4.0852717e+03   7.4172937e-15
   4.0867425e+03   7.4222461e-15
   4.0882134e+03   7.3570912e-15
   4.0896842e+03   7.3596375e-15
   4.0911551e+03   7.3125560e-15
   4.0926259e+03   7.1967528e-15
   4.0940967e+03   7.4221939e-15
   4.0955676e+03   7.3480884e-15
   4.0970384e+03   7.3544867e-15
   4.0985093e+03   7.4677703e-15
   4.0999801e+03   7.6528936e-15
   4.1014510e+03   7.6690370e-15
   4.1029218e+03   7.6350239e-15
   4.1043927e+03   7.7569163e-15
   4.1058635e+03   7.7213629e-15
   4.1073344e+03   7.7590920e-15
   4.1088052e+03   7.7502521e-15
   4.1102760e+03   7.7857102e-15
   4.1117469e+03   7.8596384e-15
   4.1132177e+03   7.7257171e-15
   4.1146886e+03   7.7884459e-15
   4.1161594e+03   7.9613392e-15
   4.1176303e+03   7.9466498e-15
   4.1191011e+03   7.9234191e-15
   4.1205720e+03   8.1264154e-15
   4.1220428e+03   8.1245034e-15
   4.1235137e+03   8.0951061e-15
   4.1249845e+03   8.0673063e-15
   4.1264553e+03   7.9447941e-15
   4.1279262e+03   8.0817584e-15
   4.1293970e+03   8.1898732e-15
   4.1308679e+03   8.2003779e-15
   4.1323387e+03   8.1473745e-15
   4.1338096e+03   8.3703044e-15
   4.1352804e+03   8.3862115e-15
   4.1367513e+03   8.3016971e-15
   4.1382221e+03   8.2441703e-15
   4.1396930e+03   8.5089308e-15
   4.1411638e+03   8.3702075e-15
   4.1426346e+03   8.3029546e-15
   4.1441055e+03   8.4344934e-15
   4.1455763e+03   8.2532986e-15
   4.1470472e+03   8.4280402e-15
   4.1485180e+03   8.4207883e-15
   4.1499889e+03   8.3942802e-15
   4.1514597e+03   8.2986036e-15
   4.1529306e+03   8.4621544e-15
   4.1544014e+03   8.5095669e-15
   4.1558723e+03   8.4769362e-15
   4.1573431e+03   8.4427539e-15
   4.1588139e+03   8.4725088e-15
   4.1602848e+03   8.5174626e-15
   4.1617556e+03   8.4818717e-15
   4.1632265e+03   8.4222674e-15
   4.1646973e+03   8.2930659e-15
   4.1661682e+03   8.3938302e-15
   4.1676390e+03   8.5432679e-15
   4.1691099e+03   8.3211838e-15
   4.1705807e+03   8.5320471e-15
   4.1720516e+03   8.4058734e-15
   4.1735224e+03   8.4070415e-15
   4.1749932e+03   8.2553292e-15
   4.1764641e+03   8.2782959e-15
   4.1779349e+03   8.2946279e-15
   4.1794058e+03   8.2928594e-15
   4.1808766e+03   8.0991651e-15
   4.1823475e+03   8.0679419e-15
   4.1838183e+03   8.2003798e-15
   4.1852892e+03   8.2075204e-15
   4.1867600e+03   7.9363908e-15
   4.1882309e+03   8.1159632e-15
   4.1897017e+03   8.1829953e-15
   4.1911725e+03   8.1132159e-15
   4.1926434e+03   8.0471475e-15
   4.1941142e+03   8.0452497e-15
   4.1955851e+03   8.1266239e-15
   4.1970559e+03   7.8682499e-15
   4.1985268e+03   7.8661594e-15
   4.1999976e+03   7.9740524e-15
   4.2014685e+03   7.9055272e-15
   4.2029393e+03   7.8019452e-15
   4.2044102e+03   7.8525459e-15
   4.2058810e+03   7.8241768e-15
   4.2073518e+03   7.7048960e-15
   4.2088227e+03   7.6839573e-15
   4.2102935e+03   7.7190574e-15
   4.2117644e+03   7.5675164e-15
   4.2132352e+03   7.5127345e-15
   4.2147061e+03   7.3442447e-15
   4.2161769e+03   7.4990939e-15
   4.2176478e+03   7.5697362e-15
   4.2191186e+03   7.4351726e-15
   4.2205895e+03   7.5268605e-15
   4.2220603e+03   7.5972781e-15
   4.2235311e+03   7.2943895e-15
   4.2250020e+03   7.3953480e-15
   4.2264728e+03   7.3513112e-15
   4.2279437e+03   7.3470378e-15
   4.2294145e+03   7.2240530e-15
   4.2308854e+03   7.1266802e-15
   4.2323562e+03   7.2681170e-15
   4.2338271e+03   7.2284186e-15
   4.2352979e+03   7.2021468e-15
   4.2367688e+03   7.0369129e-15
   4.2382396e+03   6.9241315e-15
   4.2397104e+03   7.0073836e-15
   4.2411813e+03   7.1015396e-15
   4.2426521e+03   7.0435754e-15
   4.2441230e+03   7.1091383e-15
   4.2455938e+03   6.8900861e-15
   4.2470647e+03   7.0488197e-15
   4.2485355e+03   7.1148162e-15
   4.2500064e+03   6.9051857e-15
   4.2514772e+03   6.7661611e-15
   4.2529481e+03   6.8875730e-15
   4.2544189e+03   6.9895160e-15
   4.2558897e+03   6.8388636e-15
   4.2573606e+03   6.7638352e-15
   4.2588314e+03   6.8155485e-15
   4.2603023e+03   6.6890249e-15
   4.2617731e+03   6.8146067e-15
   4.2632440e+03   6.7924653e-15
   4.2647148e+03   6.6565781e-15
   4.2661857e+03   6.6814396e-15
   4.2676565e+03   6.7055836e-15
   4.2691274e+03   6.7613587e-15
   4.2705982e+03   6.6077042e-15
   4.2720690e+03   6.6010213e-15
   4.2735399e+03   6.5295919e-15
   4.2750107e+03   6.5065075e-15
   4.2764816e+03   6.6056335e-15
   4.2779524e+03   6.5426515e-15
   4.2794233e+03   6.4907075e-15
   4.2808941e+03   6.5061314e-15
   4.2823650e+03   6.4896208e-15
   4.2838358e+03   6.3247890e-15
   4.2853067e+03   6.4017411e-15
   4.2867775e+03   6.5469560e-15
   4.2882483e+03   6.4841015e-15
   4.2897192e+03   6.4548590e-15
   4.2911900e+03   6.2581911e-15
   4.2926609e+03   6.2598120e-15
   4.2941317e+03   6.3403027e-15
   4.2956026e+03   6.2993611e-15
   4.2970734e+03   6.3167134e-15
   4.2985443e+03   6.3033268e-15
   4.3000151e+03   6.2110807e-15
   4.3014860e+03   6.1207564e-15
   4.3029568e+03   6.2046950e-15
   4.3044276e+03   6.1858155e-15
   4.3058985e+03   6.1130880e-15
   4.3073693e+03   6.2187965e-15
   4.3088402e+03   6.2547694e-15
   4.3103110e+03   6.2235540e-15
   4.3117819e+03   6.1894744e-15
   4.3132527e+03   6.1043188e-15
   4.3147236e+03   6.1656986e-15
   4.3161944e+03   6.2674954e-15
   4.3176653e+03   6.2327729e-15
   4.3191361e+03   6.0611808e-15
   4.3206069e+03   6.1137876e-15
   4.3220778e+03   6.2748801e-15
   4.3235486e+03   6.1230527e-15
   4.3250195e+03   6.1350596e-15
   4.3264903e+03   6.1518285e-15
   4.3279612e+03   6.1426721e-15
   4.3294320e+03   6.1274211e-15
   4.3309029e+03   6.0526376e-15
   4.3323737e+03   6.1284673e-15
   4.3338446e+03   6.0301356e-15
   4.3353154e+03   6.1089632e-15
   4.3367862e+03   6.0710288e-15
   4.3382571e+03   6.0535288e-15
   4.3397279e+03   6.1377588e-15
   4.3411988e+03   6.1070146e-15
   4.3426696e+03   6.1559439e-15
   4.3441405e+03   6.2052044e-15
   4.3456113e+03   6.1606150e-15
   4.3470822e+03   6.1447365e-15
   4.3485530e+03   6.2766785e-15
   4.3500239e+03   6.2631458e-15
   4.3514947e+03   6.3579742e-15
   4.3529655e+03   6.2168884e-15
   4.3544364e+03   6.2604660e-15
   4.3559072e+03   6.0806492e-15
   4.3573781e+03   6.3070844e-15
   4.3588489e+03   6.2910828e-15
   4.3603198e+03   6.2975452e-15
   4.3617906e+03   6.2458061e-15
   4.3632615e+03   6.2466983e-15
   4.3647323e+03   6.3038724e-15
   4.3662032e+03   6.4173675e-15
   4.3676740e+03   6.3135258e-15
   4.3691448e+03   6.2869132e-15
   4.3706157e+03   6.3953092e-15
   4.3720865e+03   6.3744202e-15
   4.3735574e+03   6.2995760e-15
   4.3750282e+03   6.4060478e-15
   4.3764991e+03   6.2137252e-15
   4.3779699e+03   6.3276321e-15
   4.3794408e+03   6.4031875e-15
   4.3809116e+03   6.4246958e-15
   4.3823825e+03   6.2621889e-15
   4.3838533e+03   6.4010381e-15
   4.3853241e+03   6.4234548e-15
   4.3867950e+03   6.3396957e-15
   4.3882658e+03   6.4767466e-15
   4.3897367e+03   6.4109146e-15
   4.3912075e+03   6.3348529e-15
   4.3926784e+03   6.2246687e-15
   4.3941492e+03   6.4476898e-15
   4.3956201e+03   6.4543922e-15
   4.3970909e+03   6.3845706e-15
   4.3985618e+03   6.1400110e-15
   4.4000326e+03   6.3945898e-15
   4.4015034e+03   6.3439437e-15
   4.4029743e+03   6.3695827e-15
   4.4044451e+03   6.3177429e-15
   4.4059160e+03   6.4642824e-15
   4.4073868e+03   6.4583775e-15
   4.4088577e+03   6.3998299e-15
   4.4103285e+03   6.4213775e-15
   4.4117994e+03   6.3711642e-15
   4.4132702e+03   6.3013832e-15
   4.4147411e+03   6.4475802e-15
   4.4162119e+03   6.2218190e-15
   4.4176827e+03   6.2791023e-15
   4.4191536e+03   6.4463279e-15
   4.4206244e+03   6.4478816e-15
   4.4220953e+03   6.5617052e-15
   4.4235661e+03   6.4041776e-15
   4.4250370e+03   6.4291618e-15
   4.4265078e+03   6.2841866e-15
   4.4279787e+03   6.4181525e-15
   4.4294495e+03   6.3791770e-15
   4.4309204e+03   6.2856674e-15
   4.4323912e+03   6.3308756e-15
   4.4338620e+03   6.2487925e-15
   4.4353329e+03   6.4126147e-15
   4.4368037e+03   6.2132921e-15
   4.4382746e+03   6.2998116e-15
   4.4397454e+03   6.2995998e-15
   4.4412163e+03   6.2878233e-15
   4.4426871e+03   6.3081640e-15
   4.4441580e+03   6.3040243e-15
   4.4456288e+03   6.2414136e-15
   4.4470997e+03   6.1640916e-15
   4.4485705e+03   6.1893841e-15
   4.4500413e+03   6.2829852e-15
   4.4515122e+03   6.1966167e-15
   4.4529830e+03   6.1777142e-15
   4.4544539e+03   6.3260712e-15
   4.4559247e+03   6.1900447e-15
   4.4573956e+03   6.2572918e-15
   4.4588664e+03   6.2370473e-15
   4.4603373e+03   6.2694046e-15
   4.4618081e+03   6.1230768e-15
   4.4632790e+03   6.0458031e-15
   4.4647498e+03   6.1202261e-15
   4.4662206e+03   6.2002040e-15
   4.4676915e+03   6.0823799e-15
   4.4691623e+03   6.0154127e-15
   4.4706332e+03   6.1156335e-15
   4.4721040e+03   6.0989376e-15
   4.4735749e+03   6.0114640e-15
   4.4750457e+03   6.0096037e-15
   4.4765166e+03   6.0119741e-15
   4.4779874e+03   5.9762304e-15
   4.4794583e+03   5.9490977e-15
   4.4809291e+03   5.9759316e-15
   4.4823999e+03   6.0932574e-15
   4.4838708e+03   5.9701381e-15
   4.4853416e+03   5.9071427e-15
   4.4868125e+03   6.0706774e-15
   4.4882833e+03   5.9198681e-15
   4.4897542e+03   6.0594085e-15
   4.4912250e+03   5.9724701e-15
   4.4926959e+03   5.9585291e-15
   4.4941667e+03   5.8298566e-15
   4.4956376e+03   5.8468057e-15
   4.4971084e+03   5.8255491e-15
   4.4985792e+03   5.7923672e-15
   4.5000501e+03   5.7978984e-15
   4.5015209e+03   5.7925941e-15
   4.5029918e+03   5.6570765e-15
   4.5044626e+03   5.7345095e-15
   4.5059335e+03   5.8425794e-15
   4.5074043e+03   5.6278294e-15
   4.5088752e+03   5.6004696e-15
   4.5103460e+03   5.5996701e-15
   4.5118169e+03   5.6656749e-15
   4.5132877e+03   5.6503608e-15
   4.5147585e+03   5.6426898e-15
   4.5162294e+03   5.6215778e-15
   4.5177002e+03   5.6044166e-15
   4.5191711e+03   5.5978372e-15
   4.5206419e+03   5.5247475e-15
   4.5221128e+03   5.5283859e-15
   4.5235836e+03   5.5713353e-15
   4.5250545e+03   5.6243267e-15
   4.5265253e+03   5.5462448e-15
   4.5279962e+03   5.5832301e-15
   4.5294670e+03   5.6044419e-15
   4.5309378e+03   5.4407887e-15
   4.5324087e+03   5.5433957e-15
   4.5338795e+03   5.5385593e-15
   4.5353504e+03   5.4590691e-15
   4.5368212e+03   5.5261515e-15
   4.5382921e+03   5.4504984e-15
   4.5397629e+03   5.4971833e-15
   4.5412338e+03   5.4262542e-15
   4.5427046e+03   5.3016090e-15
   4.5441755e+03   5.4068618e-15
   4.5456463e+03   5.4413887e-15
   4.5471172e+03   5.3999887e-15
   4.5485880e+03   5.4031721e-15
   4.5500588e+03   5.2806605e-15
   4.5515297e+03   5.3325393e-15
   4.5530005e+03   5.3488326e-15
   4.5544714e+03   5.2078194e-15
   4.5559422e+03   5.3467060e-15
   4.5574131e+03   5.4168999e-15
   4.5588839e+03   5.3552969e-15
   4.5603548e+03   5.2999477e-15
   4.5618256e+03   5.2927174e-15
   4.5632965e+03   5.2706484e-15
   4.5647673e+03   5.2658293e-15
   4.5662381e+03   5.2607035e-15
   4.5677090e+03   5.2791754e-15
   4.5691798e+03   5.2077978e-15
   4.5706507e+03   5.2439902e-15
   4.5721215e+03   5.1897270e-15
   4.5735924e+03   5.2059538e-15
   4.5750632e+03   5.2725625e-15
   4.5765341e+03   5.2413219e-15
   4.5780049e+03   5.1831490e-15
   4.5794758e+03   5.2258252e-15
   4.5809466e+03   5.2230362e-15
   4.5824174e+03   5.2839077e-15
   4.5838883e+03   5.2551052e-15
   4.5853591e+03   5.1871824e-15
   4.5868300e+03   5.2191267e-15
   4.5883008e+03   5.2611326e-15
   4.5897717e+03   5.2055287e-15
   4.5912425e+03   5.2158997e-15
   4.5927134e+03   5.2970452e-15
   4.5941842e+03   5.2808874e-15
   4.5956551e+03   5.1984970e-15
   4.5971259e+03   5.1882959e-15
   4.5985967e+03   5.2067485e-15
   4.6000676e+03   5.0923919e-15
   4.6015384e+03   5.2297796e-15
   4.6030093e+03   5.1941312e-15
   4.6044801e+03   5.2149443e-15
   4.6059510e+03   5.2020343e-15
   4.6074218e+03   5.2453457e-15
   4.6088927e+03   5.2651155e-15
   4.6103635e+03   5.1673213e-15
   4.6118344e+03   5.2392354e-15
   4.6133052e+03   5.2357359e-15
   4.6147760e+03   5.2302975e-15
   4.6162469e+03   5.3036960e-15
   4.6177177e+03   5.2322425e-15
   4.6191886e+03   5.2303132e-15
   4.6206594e+03   5.3266970e-15
   4.6221303e+03   5.2181242e-15
   4.6236011e+03   5.2170034e-15
   4.6250720e+03   5.2159590e-15
   4.6265428e+03   5.2313101e-15
   4.6280137e+03   5.2579913e-15
   4.6294845e+03   5.3235402e-15
   4.6309553e+03   5.2263467e-15
   4.6324262e+03   5.2174076e-15
   4.6338970e+03   5.3704348e-15
   4.6353679e+03   5.3232043e-15
   4.6368387e+03   5.2923084e-15
   4.6383096e+03   5.3104657e-15
   4.6397804e+03   5.2675774e-15
   4.6412513e+03   5.2020320e-15
   4.6427221e+03   5.2232762e-15
   4.6441930e+03   5.2285571e-15
   4.6456638e+03   5.3708899e-15
   4.6471346e+03   5.3997928e-15
   4.6486055e+03   5.4383114e-15
   4.6500763e+03   5.3873446e-15
   4.6515472e+03   5.3766737e-15
   4.6530180e+03   5.3883428e-15
   4.6544889e+03   5.4782063e-15
   4.6559597e+03   5.5115661e-15
   4.6574306e+03   5.4264794e-15
   4.6589014e+03   5.4948177e-15
   4.6603723e+03   5.4325115e-15
   4.6618431e+03   5.5944307e-15
   4.6633139e+03   5.5509791e-15
   4.6647848e+03   5.6229308e-15
   4.6662556e+03   5.4961550e-15
   4.6677265e+03   5.4572186e-15
   4.6691973e+03   5.5878093e-15
   4.6706682e+03   5.5760150e-15
   4.6721390e+03   5.5390982e-15
   4.6736099e+03   5.6499784e-15
   4.6750807e+03   5.6714558e-15
   4.6765516e+03   5.7600436e-15
   4.6780224e+03   5.7481848e-15
   4.6794932e+03   5.6561836e-15
   4.6809641e+03   5.6898461e-15
   4.6824349e+03   5.6183656e-15
   4.6839058e+03   5.7260526e-15
   4.6853766e+03   5.7557130e-15
   4.6868475e+03   5.7872443e-15
   4.6883183e+03   5.8191719e-15
   4.6897892e+03   5.8216617e-15
   4.6912600e+03   5.8132463e-15
   4.6927309e+03   5.8301911e-15
   4.6942017e+03   5.8767137e-15
   4.6956725e+03   5.9207643e-15
   4.6971434e+03   5.9585814e-15
   4.6986142e+03   6.0543605e-15
   4.7000851e+03   5.9009888e-15
   4.7015559e+03   6.0090482e-15
   4.7030268e+03   5.9825001e-15
   4.7044976e+03   5.9977338e-15
   4.7059685e+03   6.0368753e-15
   4.7074393e+03   6.0427962e-15
   4.7089102e+03   6.0493579e-15
   4.7103810e+03   5.9716103e-15
   4.7118518e+03   6.1009650e-15
   4.7133227e+03   6.1014341e-15
   4.7147935e+03   6.1284171e-15
   4.7162644e+03   6.1344236e-15
   4.7177352e+03   6.1797292e-15
   4.7192061e+03   6.1771990e-15
   4.7206769e+03   6.0935095e-15
   4.7221478e+03   6.0756204e-15
   4.7236186e+03   6.1778013e-15
   4.7250895e+03   6.0483644e-15
   4.7265603e+03   6.1346619e-15
   4.7280311e+03   6.2049886e-15
   4.7295020e+03   6.1151154e-15
   4.7309728e+03   6.0663867e-15
   4.7324437e+03   6.1400960e-15
   4.7339145e+03   6.1469726e-15
   4.7353854e+03   6.0877486e-15
   4.7368562e+03   5.9461147e-15
   4.7383271e+03   5.9960281e-15
   4.7397979e+03   5.9989559e-15
   4.7412688e+03   6.0888036e-15
   4.7427396e+03   6.0460068e-15
   4.7442104e+03   6.0847072e-15
   4.7456813e+03   6.0354017e-15
   4.7471521e+03   6.0600776e-15
   4.7486230e+03   6.0389616e-15
   4.7500938e+03   5.9856694e-15
   4.7515647e+03   6.0294733e-15
   4.7530355e+03   6.0623480e-15
   4.7545064e+03   6.0493908e-15
   4.7559772e+03   6.0853916e-15
   4.7574481e+03   5.9279526e-15
   4.7589189e+03   5.9501038e-15
   4.7603897e+03   5.9848693e-15
   4.7618606e+03   5.9201478e-15
   4.7633314e+03   5.8727664e-15
   4.7648023e+03   5.9425404e-15
   4.7662731e+03   6.0446482e-15
   4.7677440e+03   5.9954406e-15
   4.7692148e+03   5.8052383e-15
   4.7706857e+03   5.9164187e-15
   4.7721565e+03   5.9382427e-15
   4.7736274e+03   5.9003169e-15
   4.7750982e+03   5.9292494e-15
   4.7765690e+03   5.9072443e-15
   4.7780399e+03   5.8400590e-15
   4.7795107e+03   5.9157880e-15
   4.7809816e+03   5.8409701e-15
   4.7824524e+03   5.7000288e-15
   4.7839233e+03   5.7681949e-15
   4.7853941e+03   5.6100897e-15
   4.7868650e+03   5.6711583e-15
   4.7883358e+03   5.6532239e-15
   4.7898067e+03   5.7817853e-15
   4.7912775e+03   5.5961681e-15
   4.7927483e+03   5.6632773e-15
   4.7942192e+03   5.5297022e-15
   4.7956900e+03   5.5611829e-15
   4.7971609e+03   5.5129510e-15
   4.7986317e+03   5.4956967e-15
   4.8001026e+03   5.4699573e-15
   4.8015734e+03   5.5018457e-15
   4.8030443e+03   5.5597961e-15
   4.8045151e+03   5.6048760e-15
   4.8059860e+03   5.4639763e-15
   4.8074568e+03   5.5174680e-15
   4.8089276e+03   5.4979229e-15
   4.8103985e+03   5.5390857e-15
   4.8118693e+03   5.4745421e-15
   4.8133402e+03   5.4792279e-15
   4.8148110e+03   5.5221596e-15
   4.8162819e+03   5.3776088e-15
   4.8177527e+03   5.5035835e-15
   4.8192236e+03   5.5307870e-15
   4.8206944e+03   5.4526022e-15
   4.8221653e+03   5.3893603e-15
   4.8236361e+03   5.3608244e-15
   4.8251069e+03   5.3263516e-15
   4.8265778e+03   5.2882161e-15
   4.8280486e+03   5.2682681e-15
   4.8295195e+03   5.3626800e-15
   4.8309903e+03   5.3610736e-15
   4.8324612e+03   5.2648503e-15
   4.8339320e+03   5.2493091e-15
   4.8354029e+03   5.2664963e-15
   4.8368737e+03   5.3671030e-15
   4.8383446e+03   5.3273592e-15
   4.8398154e+03   5.2493498e-15
   4.8412862e+03   5.1897615e-15
   4.8427571e+03   5.2261075e-15
   4.8442279e+03   5.1131489e-15
   4.8456988e+03   5.1362005e-15
   4.8471696e+03   5.1749442e-15
   4.8486405e+03   5.1345502e-15
   4.8501113e+03   5.1887997e-15
   4.8515822e+03   5.2264134e-15
   4.8530530e+03   5.2153312e-15
   4.8545239e+03   5.2126305e-15
   4.8559947e+03   5.0851623e-15
   4.8574655e+03   5.0967427e-15
   4.8589364e+03   5.1177730e-15
   4.8604072e+03   5.1429868e-15
   4.8618781e+03   5.1966626e-15
   4.8633489e+03   5.1234817e-15
   4.8648198e+03   5.1261137e-15
   4.8662906e+03   5.1978368e-15
   4.8677615e+03   5.1768226e-15
   4.8692323e+03   5.1032746e-15
   4.8707032e+03   5.1453427e-15
   4.8721740e+03   5.0893183e-15
   4.8736448e+03   5.1459999e-15
   4.8751157e+03   5.1114489e-15
   4.8765865e+03   5.1296146e-15
   4.8780574e+03   5.1497884e-15
   4.8795282e+03   5.1298211e-15
   4.8809991e+03   5.1344663e-15
   4.8824699e+03   5.1298486e-15
   4.8839408e+03   5.0425505e-15
   4.8854116e+03   5.1439342e-15
   4.8868825e+03   5.0773415e-15
   4.8883533e+03   5.1202518e-15
   4.8898241e+03   5.0230425e-15
   4.8912950e+03   5.1279488e-15
   4.8927658e+03   4.9821370e-15
   4.8942367e+03   5.0222485e-15
   4.8957075e+03   5.0850220e-15
   4.8971784e+03   5.1292584e-15
   4.8986492e+03   4.9901247e-15
   4.9001201e+03   4.9919201e-15
   4.9015909e+03   5.0547032e-15
   4.9030618e+03   4.9897743e-15
   4.9045326e+03   5.0066790e-15
   4.9060034e+03   4.8865608e-15
   4.9074743e+03   4.9752356e-15
   4.9089451e+03   4.9100717e-15
   4.9104160e+03   4.9503364e-15
   4.9118868e+03   5.0262127e-15
   4.9133577e+03   4.9463994e-15
   4.9148285e+03   4.9593161e-15
   4.9162994e+03   4.9894597e-15
   4.9177702e+03   5.0048929e-15
   4.9192411e+03   4.9472623e-15
   4.9207119e+03   4.9207872e-15
   4.9221827e+03   4.8604255e-15
   4.9236536e+03   4.9790890e-15
   4.9251244e+03   4.9219258e-15
   4.9265953e+03   4.9546701e-15
   4.9280661e+03   4.9734544e-15
   4.9295370e+03   4.9627820e-15
   4.9310078e+03   4.9893560e-15
   4.9324787e+03   4.9328494e-15
   4.9339495e+03   4.9608753e-15
   4.9354204e+03   4.9133962e-15
   4.9368912e+03   4.8952212e-15
   4.9383620e+03   4.8877493e-15
   4.9398329e+03   4.9897750e-15
   4.9413037e+03   4.9599410e-15
   4.9427746e+03   4.9591613e-15
   4.9442454e+03   4.9023303e-15
   4.9457163e+03   4.8332539e-15
   4.9471871e+03   4.8735785e-15
   4.9486580e+03   4.8821742e-15
   4.9501288e+03   4.9411255e-15
   4.9515997e+03   4.8879322e-15
   4.9530705e+03   4.8581352e-15
   4.9545413e+03   4.8071696e-15
   4.9560122e+03   4.8776731e-15
   4.9574830e+03   4.8851786e-15
   4.9589539e+03   4.8640552e-15
   4.9604247e+03   4.9737868e-15
   4.9618956e+03   4.8349361e-15
   4.9633664e+03   4.8440742e-15
   4.9648373e+03   4.8457080e-15
   4.9663081e+03   4.7741097e-15
   4.9677790e+03   4.7635056e-15
   4.9692498e+03   4.8646507e-15
   4.9707206e+03   4.8139244e-15
   4.9721915e+03   4.8830110e-15
   4.9736623e+03   4.8839426e-15
   4.9751332e+03   4.7762114e-15
   4.9766040e+03   4.7928603e-15
   4.9780749e+03   4.8488994e-15
   4.9795457e+03   4.7764173e-15
   4.9810166e+03   4.7789337e-15
   4.9824874e+03   4.7800040e-15
   4.9839583e+03   4.6385790e-15
   4.9854291e+03   4.7266194e-15
   4.9868999e+03   4.7532778e-15
   4.9883708e+03   4.6887764e-15
   4.9898416e+03   4.8237352e-15
   4.9913125e+03   4.6518138e-15
   4.9927833e+03   4.7094901e-15
   4.9942542e+03   4.7191325e-15
   4.9957250e+03   4.7225732e-15
   4.9971959e+03   4.7293537e-15
   4.9986667e+03   4.6779478e-15
   5.0001376e+03   4.6510931e-15
   5.0016084e+03   4.6771206e-15
   5.0030792e+03   4.5984004e-15
   5.0045501e+03   4.7445894e-15
   5.0060209e+03   4.7985110e-15
   5.0074918e+03   4.7908257e-15
   5.0089626e+03   4.8678037e-15
   5.0104335e+03   4.9640774e-15
   5.0119043e+03   4.8565510e-15
   5.0133752e+03   4.6455719e-15
   5.0148460e+03   4.6077386e-15
   5.0163169e+03   4.6328513e-15
   5.0177877e+03   4.4884343e-15
   5.0192585e+03   4.5464959e-15
   5.0207294e+03   4.5100037e-15
   5.0222002e+03   4.5563084e-15
   5.0236711e+03   4.5559099e-15
   5.0251419e+03   4.5634192e-15
   5.0266128e+03   4.5401905e-15
   5.0280836e+03   4.5216450e-15
   5.0295545e+03   4.4297326e-15
   5.0310253e+03   4.5535656e-15
   5.0324962e+03   4.4788240e-15
   5.0339670e+03   4.5354439e-15
   5.0354378e+03   4.3935109e-15
   5.0369087e+03   4.4285112e-15
   5.0383795e+03   4.4948196e-15
   5.0398504e+03   4.4098524e-15
   5.0413212e+03   4.3717614e-15
   5.0427921e+03   4.3900133e-15
   5.0442629e+03   4.4451111e-15
   5.0457338e+03   4.3791643e-15
   5.0472046e+03   4.4457964e-15
   5.0486755e+03   4.3461139e-15
   5.0501463e+03   4.3407009e-15
   5.0516171e+03   4.4491492e-15
   5.0530880e+03   4.3336176e-15
   5.0545588e+03   4.3698119e-15
   5.0560297e+03   4.3941196e-15
   5.0575005e+03   4.3628779e-15
   5.0589714e+03   4.3359675e-15
   5.0604422e+03   4.3396395e-15
   5.0619131e+03   4.2816562e-15
   5.0633839e+03   4.2909393e-15
   5.0648548e+03   4.2965158e-15
   5.0663256e+03   4.2442546e-15
   5.0677964e+03   4.2887619e-15
   5.0692673e+03   4.2723519e-15
   5.0707381e+03   4.2310015e-15
   5.0722090e+03   4.3477738e-15
   5.0736798e+03   4.2911135e-15
   5.0751507e+03   4.3038650e-15
   5.0766215e+03   4.2702564e-15
   5.0780924e+03   4.2489764e-15
   5.0795632e+03   4.2705566e-15
   5.0810341e+03   4.2450734e-15
   5.0825049e+03   4.2435935e-15
   5.0839757e+03   4.2134556e-15
   5.0854466e+03   4.1857118e-15
   5.0869174e+03   4.2106847e-15
   5.0883883e+03   4.1869122e-15
   5.0898591e+03   4.1906318e-15
   5.0913300e+03   4.2489952e-15
   5.0928008e+03   4.1574284e-15
   5.0942717e+03   4.1602766e-15
   5.0957425e+03   4.2096116e-15
   5.0972134e+03   4.1793209e-15
   5.0986842e+03   4.1943966e-15
   5.1001550e+03   4.2237411e-15
   5.1016259e+03   4.1925510e-15
   5.1030967e+03   4.1472366e-15
   5.1045676e+03   4.1696796e-15
   5.1060384e+03   4.1582007e-15
   5.1075093e+03   4.1088219e-15
   5.1089801e+03   4.0888750e-15
   5.1104510e+03   4.1649217e-15
   5.1119218e+03   4.1348980e-15
   5.1133927e+03   4.1450350e-15
   5.1148635e+03   4.0903651e-15
   5.1163343e+03   4.0454530e-15
   5.1178052e+03   4.0714245e-15
   5.1192760e+03   4.0355138e-15
   5.1207469e+03   4.0178010e-15
   5.1222177e+03   4.0181519e-15
   5.1236886e+03   4.0572453e-15
   5.1251594e+03   4.0562588e-15
   5.1266303e+03   3.9674850e-15
   5.1281011e+03   4.0014127e-15
   5.1295720e+03   4.0487002e-15
   5.1310428e+03   3.9882391e-15
   5.1325136e+03   4.0330637e-15
   5.1339845e+03   3.9630581e-15
   5.1354553e+03   3.9577025e-15
   5.1369262e+03   3.9764624e-15
   5.1383970e+03   3.9930539e-15
   5.1398679e+03   4.0133021e-15
   5.1413387e+03   4.0238614e-15
   5.1428096e+03   4.0251546e-15
   5.1442804e+03   3.9611427e-15
   5.1457513e+03   3.9213435e-15
   5.1472221e+03   3.9620522e-15
   5.1486929e+03   4.0212242e-15
   5.1501638e+03   3.9127166e-15
   5.1516346e+03   3.8724819e-15
   5.1531055e+03   3.9143066e-15
   5.1545763e+03   3.9098198e-15
   5.1560472e+03   3.9651118e-15
   5.1575180e+03   3.9882262e-15
   5.1589889e+03   4.0116749e-15
   5.1604597e+03   3.9729265e-15
   5.1619306e+03   4.0288170e-15
   5.1634014e+03   3.9900379e-15
   5.1648722e+03   3.8913378e-15
   5.1663431e+03   3.9125629e-15
   5.1678139e+03   3.9257097e-15
   5.1692848e+03   3.8603134e-15
   5.1707556e+03   3.8713879e-15
   5.1722265e+03   3.9047812e-15
   5.1736973e+03   3.8660941e-15
   5.1751682e+03   3.9278379e-15
   5.1766390e+03   3.9006867e-15
   5.1781099e+03   3.8676335e-15
   5.1795807e+03   3.8862526e-15
   5.1810515e+03   3.8822637e-15
   5.1825224e+03   3.9125054e-15
   5.1839932e+03   3.8899128e-15
   5.1854641e+03   3.9186235e-15
   5.1869349e+03   3.8905021e-15
   5.1884058e+03   3.8983430e-15
   5.1898766e+03   3.9389179e-15
   5.1913475e+03   3.9123084e-15
   5.1928183e+03   3.8825189e-15
   5.1942892e+03   3.8662275e-15
   5.1957600e+03   3.9154260e-15
   5.1972308e+03   3.8907491e-15
   5.1987017e+03   3.8893284e-15
   5.2001725e+03   3.9362919e-15
   5.2016434e+03   3.9531103e-15
   5.2031142e+03   3.8970819e-15
   5.2045851e+03   3.8613847e-15
   5.2060559e+03   3.9390608e-15
   5.2075268e+03   3.8873839e-15
   5.2089976e+03   3.8637469e-15
   5.2104685e+03   3.9439418e-15
   5.2119393e+03   3.9091422e-15
   5.2134101e+03   3.8648291e-15
   5.2148810e+03   3.9262338e-15
   5.2163518e+03   3.9331444e-15
   5.2178227e+03   3.8377670e-15
   5.2192935e+03   3.8241220e-15
   5.2207644e+03   3.9291825e-15
   5.2222352e+03   3.8799273e-15
   5.2237061e+03   3.8651746e-15
   5.2251769e+03   3.9333241e-15
   5.2266478e+03   3.9020942e-15
   5.2281186e+03   3.8949911e-15
   5.2295894e+03   3.8881920e-15
   5.2310603e+03   3.9048615e-15
   5.2325311e+03   3.8755240e-15
   5.2340020e+03   3.8399690e-15
   5.2354728e+03   3.8640245e-15
   5.2369437e+03   3.8494602e-15
   5.2384145e+03   3.8697273e-15
   5.2398854e+03   3.9041073e-15
   5.2413562e+03   3.8680559e-15
   5.2428271e+03   3.8607461e-15
   5.2442979e+03   3.8777847e-15
   5.2457687e+03   3.9013651e-15
   5.2472396e+03   3.9172258e-15
   5.2487104e+03   3.8963737e-15
   5.2501813e+03   3.8510203e-15
   5.2516521e+03   3.8614556e-15
   5.2531230e+03   3.8811769e-15
   5.2545938e+03   3.8367757e-15
   5.2560647e+03   3.7609253e-15
   5.2575355e+03   3.7995744e-15
   5.2590064e+03   3.8808571e-15
   5.2604772e+03   3.7980554e-15
   5.2619480e+03   3.8476340e-15
   5.2634189e+03   3.8524129e-15
   5.2648897e+03   3.7369689e-15
   5.2663606e+03   3.8006820e-15
   5.2678314e+03   3.8148381e-15
   5.2693023e+03   3.8400348e-15
   5.2707731e+03   3.7868301e-15
   5.2722440e+03   3.8255055e-15
   5.2737148e+03   3.8422121e-15
   5.2751857e+03   3.7827548e-15
   5.2766565e+03   3.7447736e-15
   5.2781273e+03   3.7483296e-15
   5.2795982e+03   3.7645368e-15
   5.2810690e+03   3.7918341e-15
   5.2825399e+03   3.8018257e-15
   5.2840107e+03   3.7533393e-15
   5.2854816e+03   3.7756980e-15
   5.2869524e+03   3.7374446e-15
   5.2884233e+03   3.7940668e-15
   5.2898941e+03   3.7734914e-15
   5.2913650e+03   3.7573393e-15
   5.2928358e+03   3.7127551e-15
   5.2943066e+03   3.6716739e-15
   5.2957775e+03   3.7787224e-15
   5.2972483e+03   3.7497835e-15
   5.2987192e+03   3.7234068e-15
   5.3001900e+03   3.6195881e-15
   5.3016609e+03   3.7270315e-15
   5.3031317e+03   3.7052145e-15
   5.3046026e+03   3.7081783e-15
   5.3060734e+03   3.6300169e-15
   5.3075443e+03   3.6451801e-15
   5.3090151e+03   3.6496654e-15
   5.3104859e+03   3.6390767e-15
   5.3119568e+03   3.6308412e-15
   5.3134276e+03   3.6830923e-15
   5.3148985e+03   3.5471181e-15
   5.3163693e+03   3.5667839e-15
   5.3178402e+03   3.7092192e-15
   5.3193110e+03   3.6031952e-15
   5.3207819e+03   3.5972041e-15
   5.3222527e+03   3.5922774e-15
   5.3237236e+03   3.5842063e-15
   5.3251944e+03   3.5180422e-15
   5.3266652e+03   3.6003642e-15
   5.3281361e+03   3.5207805e-15
   5.3296069e+03   3.5628599e-15
   5.3310778e+03   3.4767815e-15
   5.3325486e+03   3.4774926e-15
   5.3340195e+03   3.5764984e-15
   5.3354903e+03   3.5666329e-15
   5.3369612e+03   3.5889331e-15
   5.3384320e+03   3.5667638e-15
   5.3399029e+03   3.5979830e-15
   5.3413737e+03   3.5781340e-15
   5.3428445e+03   3.5238107e-15
   5.3443154e+03   3.4984606e-15
   5.3457862e+03   3.5829843e-15
   5.3472571e+03   3.5223328e-15
   5.3487279e+03   3.5272842e-15
   5.3501988e+03   3.4550816e-15
   5.3516696e+03   3.5228563e-15
   5.3531405e+03   3.4827757e-15
   5.3546113e+03   3.5406918e-15
   5.3560822e+03   3.4987367e-15
   5.3575530e+03   3.5441919e-15
   5.3590238e+03   3.4648379e-15
   5.3604947e+03   3.5045381e-15
   5.3619655e+03   3.4675671e-15
   5.3634364e+03   3.4568006e-15
   5.3649072e+03   3.4902368e-15
   5.3663781e+03   3.5114221e-15
   5.3678489e+03   3.4643716e-15
   5.3693198e+03   3.3965740e-15
   5.3707906e+03   3.5060552e-15
   5.3722615e+03   3.4175904e-15
   5.3737323e+03   3.4364859e-15
   5.3752031e+03   3.4765495e-15
   5.3766740e+03   3.4237735e-15
   5.3781448e+03   3.4791901e-15
   5.3796157e+03   3.4111804e-15
   5.3810865e+03   3.4416155e-15
   5.3825574e+03   3.4020327e-15
   5.3840282e+03   3.3809585e-15
   5.3854991e+03   3.4157638e-15
   5.3869699e+03   3.4098776e-15
   5.3884408e+03   3.3641192e-15
   5.3899116e+03   3.4147665e-15
   5.3913824e+03   3.4021508e-15
   5.3928533e+03   3.3904208e-15
   5.3943241e+03   3.4285431e-15
   5.3957950e+03   3.3638581e-15
   5.3972658e+03   3.3449940e-15
   5.3987367e+03   3.3926844e-15
   5.4002075e+03   3.3733072e-15
   5.4016784e+03   3.3263211e-15
   5.4031492e+03   3.4007632e-15
   5.4046201e+03   3.3564912e-15
   5.4060909e+03   3.4456884e-15
   5.4075617e+03   3.3565293e-15
   5.4090326e+03   3.3250679e-15
   5.4105034e+03   3.3280598e-15
   5.4119743e+03   3.3614354e-15
   5.4134451e+03   3.2064047e-15
   5.4149160e+03   3.3359027e-15
   5.4163868e+03   3.3487684e-15
   5.4178577e+03   3.4081737e-15
   5.4193285e+03   3.3590781e-15
   5.4207994e+03   3.2893040e-15
   5.4222702e+03   3.2610774e-15
   5.4237410e+03   3.3342526e-15
   5.4252119e+03   3.2932559e-15
   5.4266827e+03   3.2386512e-15
   5.4281536e+03   3.2673845e-15
   5.4296244e+03   3.2229689e-15
   5.4310953e+03   3.2565567e-15
   5.4325661e+03   3.2732212e-15
   5.4340370e+03   3.2718006e-15
   5.4355078e+03   3.2306944e-15
   5.4369787e+03   3.3052723e-15
   5.4384495e+03   3.3003406e-15
   5.4399203e+03   3.2289257e-15
   5.4413912e+03   3.2685517e-15
   5.4428620e+03   3.2504328e-15
   5.4443329e+03   3.2811881e-15
   5.4458037e+03   3.2583808e-15
   5.4472746e+03   3.2419007e-15
   5.4487454e+03   3.1626528e-15
   5.4502163e+03   3.2894807e-15
   5.4516871e+03   3.2412476e-15
   5.4531580e+03   3.1860236e-15
   5.4546288e+03   3.2468015e-15
   5.4560996e+03   3.2449850e-15
   5.4575705e+03   3.2329506e-15
   5.4590413e+03   3.1613706e-15
   5.4605122e+03   3.2057560e-15
   5.4619830e+03   3.2401123e-15
   5.4634539e+03   3.3129121e-15
   5.4649247e+03   3.2768924e-15
   5.4663956e+03   3.1900650e-15
   5.4678664e+03   3.2308817e-15
   5.4693373e+03   3.2297783e-15
   5.4708081e+03   3.1782997e-15
   5.4722789e+03   3.2842124e-15
   5.4737498e+03   3.2505860e-15
   5.4752206e+03   3.1644770e-15
   5.4766915e+03   3.1632705e-15
   5.4781623e+03   3.2140192e-15
   5.4796332e+03   3.2231769e-15
   5.4811040e+03   3.2188373e-15
   5.4825749e+03   3.1519838e-15
   5.4840457e+03   3.2143775e-15
   5.4855166e+03   3.2673545e-15
   5.4869874e+03   3.2183117e-15
   5.4884582e+03   3.1995882e-15
   5.4899291e+03   3.2070366e-15
   5.4913999e+03   3.1363184e-15
   5.4928708e+03   3.1453281e-15
   5.4943416e+03   3.1892886e-15
   5.4958125e+03   3.1610468e-15
   5.4972833e+03   3.2059296e-15
   5.4987542e+03   3.1557819e-15
   5.5002250e+03   3.1858580e-15
   5.5016959e+03   3.2187144e-15
   5.5031667e+03   3.1682887e-15
   5.5046375e+03   3.1700864e-15
   5.5061084e+03   3.1697928e-15
   5.5075792e+03   3.2067128e-15
   5.5090501e+03   3.1615277e-15
   5.5105209e+03   3.1749536e-15
   5.5119918e+03   3.1969798e-15
   5.5134626e+03   3.1854777e-15
   5.5149335e+03   3.1703687e-15
   5.5164043e+03   3.2014088e-15
   5.5178752e+03   3.1797810e-15
   5.5193460e+03   3.1263606e-15
   5.5208168e+03   3.1166274e-15
   5.5222877e+03   3.1392181e-15
   5.5237585e+03   3.1709828e-15
   5.5252294e+03   3.1812770e-15
   5.5267002e+03   3.1662468e-15
   5.5281711e+03   3.1581474e-15
   5.5296419e+03   3.1618542e-15
   5.5311128e+03   3.1665671e-15
   5.5325836e+03   3.1885531e-15
   5.5340545e+03   3.1559768e-15
   5.5355253e+03   3.1374404e-15
   5.5369961e+03   3.1302322e-15
   5.5384670e+03   3.1542214e-15
   5.5399378e+03   3.1571644e-15
   5.5414087e+03   3.1246623e-15
   5.5428795e+03   3.1243305e-15
   5.5443504e+03   3.1311903e-15
   5.5458212e+03   3.1294863e-15
   5.5472921e+03   3.1792783e-15
   5.5487629e+03   3.1620979e-15
   5.5502338e+03   3.1106098e-15
   5.5517046e+03   3.1294318e-15
   5.5531754e+03   3.1414947e-15
   5.5546463e+03   3.1176418e-15
   5.5561171e+03   3.0453400e-15
   5.5575880e+03   3.0481693e-15
   5.5590588e+03   3.0615339e-15
   5.5605297e+03   3.0881043e-15
   5.5620005e+03   3.0686406e-15
   5.5634714e+03   3.0524355e-15
   5.5649422e+03   3.0770661e-15
   5.5664131e+03   3.0663187e-15
   5.5678839e+03   3.0699210e-15
   5.5693547e+03   3.0457752e-15
   5.5708256e+03   3.0552481e-15
   5.5722964e+03   3.0651868e-15
   5.5737673e+03   2.9802967e-15
   5.5752381e+03   2.9990328e-15
   5.5767090e+03   3.1015556e-15
   5.5781798e+03   3.0947688e-15
   5.5796507e+03   3.1109929e-15
   5.5811215e+03   3.0780567e-15
   5.5825924e+03   3.0361022e-15
   5.5840632e+03   3.0679340e-15
   5.5855340e+03   3.0464306e-15
   5.5870049e+03   3.0371472e-15
   5.5884757e+03   3.0545781e-15
   5.5899466e+03   3.0075969e-15
   5.5914174e+03   2.9681168e-15
   5.5928883e+03   3.0515668e-15
   5.5943591e+03   3.0184006e-15
   5.5958300e+03   2.9642886e-15
   5.5973008e+03   3.0173485e-15
   5.5987717e+03   3.0303081e-15
   5.6002425e+03   2.9939972e-15
   5.6017133e+03   2.9306218e-15
   5.6031842e+03   2.9175744e-15
   5.6046550e+03   2.9389875e-15
   5.6061259e+03   2.9690616e-15
   5.6075967e+03   2.9817401e-15
   5.6090676e+03   3.0038760e-15
   5.6105384e+03   2.9427142e-15
   5.6120093e+03   2.9041376e-15
   5.6134801e+03   2.9737469e-15
   5.6149510e+03   2.9617931e-15
   5.6164218e+03   2.9683861e-15
   5.6178926e+03   2.9287684e-15
   5.6193635e+03   2.8448228e-15
   5.6208343e+03   2.8967150e-15
   5.6223052e+03   2.8918232e-15
   5.6237760e+03   2.9565148e-15
   5.6252469e+03   2.8998979e-15
   5.6267177e+03   2.8812394e-15
   5.6281886e+03   2.8787780e-15
   5.6296594e+03   2.9246166e-15
   5.6311303e+03   2.8662403e-15
   5.6326011e+03   2.8236868e-15
   5.6340719e+03   2.8683219e-15
   5.6355428e+03   2.8394439e-15
   5.6370136e+03   2.9254942e-15
   5.6384845e+03   2.8637618e-15
   5.6399553e+03   2.8656312e-15
   5.6414262e+03   2.8692072e-15
   5.6428970e+03   2.7848362e-15
   5.6443679e+03   2.8441509e-15
   5.6458387e+03   2.8461282e-15
   5.6473096e+03   2.8516430e-15
   5.6487804e+03   2.8032463e-15
   5.6502512e+03   2.8126578e-15
   5.6517221e+03   2.8316747e-15
   5.6531929e+03   2.8275696e-15
   5.6546638e+03   2.8448419e-15
   5.6561346e+03   2.8966267e-15
   5.6576055e+03   2.8320817e-15
   5.6590763e+03   2.7917195e-15
   5.6605472e+03   2.7920770e-15
   5.6620180e+03   2.7559352e-15
   5.6634889e+03   2.8125491e-15
   5.6649597e+03   2.7658361e-15
   5.6664305e+03   2.7835961e-15
   5.6679014e+03   2.8072137e-15
   5.6693722e+03   2.7727822e-15
   5.6708431e+03   2.7884303e-15
   5.6723139e+03   2.8101599e-15
   5.6737848e+03   2.7556364e-15
   5.6752556e+03   2.7779315e-15
   5.6767265e+03   2.7850910e-15
   5.6781973e+03   2.7571601e-15
   5.6796682e+03   2.7338285e-15
   5.6811390e+03   2.7171320e-15
   5.6826098e+03   2.6597637e-15
   5.6840807e+03   2.7582014e-15
   5.6855515e+03   2.7674576e-15
   5.6870224e+03   2.6876760e-15
   5.6884932e+03   2.7065342e-15
   5.6899641e+03   2.6916618e-15
   5.6914349e+03   2.8228340e-15
   5.6929058e+03   2.6882510e-15
   5.6943766e+03   2.7114196e-15
   5.6958475e+03   2.7151520e-15
   5.6973183e+03   2.7432178e-15
   5.6987891e+03   2.7254347e-15
   5.7002600e+03   2.7315881e-15
   5.7017308e+03   2.7010657e-15
   5.7032017e+03   2.7405504e-15
   5.7046725e+03   2.7293531e-15
   5.7061434e+03   2.7167876e-15
   5.7076142e+03   2.7284906e-15
   5.7090851e+03   2.7256386e-15
   5.7105559e+03   2.6936828e-15
   5.7120268e+03   2.7552646e-15
   5.7134976e+03   2.7309220e-15
   5.7149684e+03   2.7647261e-15
   5.7164393e+03   2.7429396e-15
   5.7179101e+03   2.6969287e-15
   5.7193810e+03   2.7234135e-15
   5.7208518e+03   2.7125718e-15
   5.7223227e+03   2.7463618e-15
   5.7237935e+03   2.7540721e-15
   5.7252644e+03   2.6782357e-15
   5.7267352e+03   2.7111015e-15
   5.7282061e+03   2.7136472e-15
   5.7296769e+03   2.7367378e-15
   5.7311477e+03   2.7654332e-15
   5.7326186e+03   2.6876953e-15
   5.7340894e+03   2.7084920e-15
   5.7355603e+03   2.7305245e-15
   5.7370311e+03   2.7308549e-15
   5.7385020e+03   2.7054240e-15
   5.7399728e+03   2.7280584e-15
   5.7414437e+03   2.7702434e-15
   5.7429145e+03   2.7395357e-15
   5.7443854e+03   2.7194050e-15
   5.7458562e+03   2.7156199e-15
   5.7473270e+03   2.7091325e-15
   5.7487979e+03   2.7236635e-15
   5.7502687e+03   2.7313788e-15
   5.7517396e+03   2.6823347e-15
   5.7532104e+03   2.6897293e-15
   5.7546813e+03   2.7363990e-15
   5.7561521e+03   2.7293784e-15
   5.7576230e+03   2.7338442e-15
   5.7590938e+03   2.7002055e-15
   5.7605647e+03   2.6773758e-15
   5.7620355e+03   2.7360678e-15
   5.7635063e+03   2.7113447e-15
   5.7649772e+03   2.6556958e-15
   5.7664480e+03   2.7020028e-15
   5.7679189e+03   2.7224108e-15
   5.7693897e+03   2.7006192e-15
   5.7708606e+03   2.7518431e-15
   5.7723314e+03   2.7340223e-15
   5.7738023e+03   2.6956611e-15
   5.7752731e+03   2.6776953e-15
   5.7767440e+03   2.6959956e-15
   5.7782148e+03   2.7396727e-15
   5.7796856e+03   2.7109278e-15
   5.7811565e+03   2.6772271e-15
   5.7826273e+03   2.6907096e-15
   5.7840982e+03   2.7026786e-15
   5.7855690e+03   2.6755818e-15
   5.7870399e+03   2.7427924e-15
   5.7885107e+03   2.7144002e-15
   5.7899816e+03   2.6623758e-15
   5.7914524e+03   2.7252867e-15
   5.7929233e+03   2.7101656e-15
   5.7943941e+03   2.7443959e-15
   5.7958649e+03   2.7084403e-15
   5.7973358e+03   2.6930329e-15
   5.7988066e+03   2.6963953e-15
   5.8002775e+03   2.6713488e-15
   5.8017483e+03   2.6636189e-15
   5.8032192e+03   2.6898415e-15
   5.8046900e+03   2.6910768e-15
   5.8061609e+03   2.6927751e-15
   5.8076317e+03   2.7146888e-15
   5.8091026e+03   2.6549606e-15
   5.8105734e+03   2.7331579e-15
   5.8120442e+03   2.6994020e-15
   5.8135151e+03   2.6750022e-15
   5.8149859e+03   2.7039248e-15
   5.8164568e+03   2.7276302e-15
   5.8179276e+03   2.6748701e-15
   5.8193985e+03   2.6632571e-15
   5.8208693e+03   2.6822828e-15
   5.8223402e+03   2.6575624e-15
   5.8238110e+03   2.6758352e-15
   5.8252819e+03   2.7475880e-15
   5.8267527e+03   2.6607143e-15
   5.8282235e+03   2.7026449e-15
   5.8296944e+03   2.6518944e-15
   5.8311652e+03   2.6468216e-15
   5.8326361e+03   2.6092998e-15
   5.8341069e+03   2.6321725e-15
   5.8355778e+03   2.6840769e-15
   5.8370486e+03   2.6299045e-15
   5.8385195e+03   2.6048416e-15
   5.8399903e+03   2.6286736e-15
   5.8414612e+03   2.6330837e-15
   5.8429320e+03   2.6148306e-15
   5.8444028e+03   2.6118045e-15
   5.8458737e+03   2.6196859e-15
   5.8473445e+03   2.6663297e-15
   5.8488154e+03   2.6193312e-15
   5.8502862e+03   2.6308019e-15
   5.8517571e+03   2.5595084e-15
   5.8532279e+03   2.5494320e-15
   5.8546988e+03   2.5405774e-15
   5.8561696e+03   2.6266205e-15
   5.8576405e+03   2.5824314e-15
   5.8591113e+03   2.5629557e-15
   5.8605821e+03   2.5643654e-15
   5.8620530e+03   2.5647491e-15
   5.8635238e+03   2.6210059e-15
   5.8649947e+03   2.6215230e-15
   5.8664655e+03   2.5669879e-15
   5.8679364e+03   2.5293632e-15
   5.8694072e+03   2.6018511e-15
   5.8708781e+03   2.5592270e-15
   5.8723489e+03   2.5380358e-15
   5.8738198e+03   2.5819049e-15
   5.8752906e+03   2.5869409e-15
   5.8767614e+03   2.5001816e-15
   5.8782323e+03   2.5683043e-15
   5.8797031e+03   2.5340799e-15
   5.8811740e+03   2.5569303e-15
   5.8826448e+03   2.5228503e-15
   5.8841157e+03   2.4982749e-15
   5.8855865e+03   2.5437715e-15
   5.8870574e+03   2.5392721e-15
   5.8885282e+03   2.5466435e-15
   5.8899991e+03   2.4607147e-15
   5.8914699e+03   2.4408341e-15
   5.8929407e+03   2.4418034e-15
   5.8944116e+03   2.5472613e-15
   5.8958824e+03   2.4935406e-15
   5.8973533e+03   2.4915653e-15
   5.8988241e+03   2.4730396e-15
   5.9002950e+03   2.4506525e-15
   5.9017658e+03   2.4963139e-15
   5.9032367e+03   2.5240326e-15
   5.9047075e+03   2.5276539e-15
   5.9061784e+03   2.5378642e-15
   5.9076492e+03   2.5134997e-15
   5.9091200e+03   2.5079138e-15
   5.9105909e+03   2.5350025e-15
   5.9120617e+03   2.5017400e-15
   5.9135326e+03   2.5232729e-15
   5.9150034e+03   2.5065773e-15
   5.9164743e+03   2.5709793e-15
   5.9179451e+03   2.4948046e-15
   5.9194160e+03   2.4668787e-15
   5.9208868e+03   2.5380781e-15
   5.9223577e+03   2.5265701e-15
   5.9238285e+03   2.4979370e-15
   5.9252993e+03   2.4520200e-15
   5.9267702e+03   2.5323741e-15
   5.9282410e+03   2.5322932e-15
   5.9297119e+03   2.5284106e-15
   5.9311827e+03   2.4974260e-15
   5.9326536e+03   2.4842704e-15
   5.9341244e+03   2.4656121e-15
   5.9355953e+03   2.5349756e-15
   5.9370661e+03   2.4921680e-15
   5.9385370e+03   2.5013212e-15
   5.9400078e+03   2.5237259e-15
   5.9414786e+03   2.5275106e-15
   5.9429495e+03   2.4949057e-15
   5.9444203e+03   2.4699335e-15
   5.9458912e+03   2.5685780e-15
   5.9473620e+03   2.5173280e-15
   5.9488329e+03   2.5053395e-15
   5.9503037e+03   2.5540507e-15
   5.9517746e+03   2.5373121e-15
   5.9532454e+03   2.5261402e-15
   5.9547163e+03   2.4960465e-15
   5.9561871e+03   2.5616378e-15
   5.9576579e+03   2.5440859e-15
   5.9591288e+03   2.4820372e-15
   5.9605996e+03   2.5681262e-15
   5.9620705e+03   2.5285086e-15
   5.9635413e+03   2.5518068e-15
   5.9650122e+03   2.5091516e-15
   5.9664830e+03   2.5365565e-15
   5.9679539e+03   2.5178537e-15
   5.9694247e+03   2.4847448e-15
   5.9708956e+03   2.5238743e-15
   5.9723664e+03   2.5329961e-15
   5.9738372e+03   2.5371592e-15
   5.9753081e+03   2.5374811e-15
   5.9767789e+03   2.5326443e-15
   5.9782498e+03   2.4887563e-15
   5.9797206e+03   2.4748560e-15
   5.9811915e+03   2.5076887e-15
   5.9826623e+03   2.4799216e-15
   5.9841332e+03   2.4742867e-15
   5.9856040e+03   2.4778698e-15
   5.9870749e+03   2.5260927e-15
   5.9885457e+03   2.5401808e-15
   5.9900165e+03   2.4894977e-15
   5.9914874e+03   2.4433865e-15
   5.9929582e+03   2.4957266e-15
   5.9944291e+03   2.5314439e-15
   5.9958999e+03   2.4425237e-15
   5.9973708e+03   2.4799649e-15
   5.9988416e+03   2.4989770e-15
   6.0003125e+03   2.4616145e-15
   6.0017833e+03   2.4649591e-15
   6.0032542e+03   2.4835073e-15
   6.0047250e+03   2.4777849e-15
   6.0061958e+03   2.4657568e-15
   6.0076667e+03   2.4491764e-15
   6.0091375e+03   2.4606331e-15
   6.0106084e+03   2.4217270e-15
   6.0120792e+03   2.4379656e-15
   6.0135501e+03   2.4366589e-15
   6.0150209e+03   2.4578158e-15
   6.0164918e+03   2.4351077e-15
   6.0179626e+03   2.4889467e-15
   6.0194335e+03   2.4311386e-15
   6.0209043e+03   2.4116119e-15
   6.0223751e+03   2.4222538e-15
   6.0238460e+03   2.3939721e-15
   6.0253168e+03   2.4018522e-15
   6.0267877e+03   2.4325016e-15
   6.0282585e+03   2.3833403e-15
   6.0297294e+03   2.4354736e-15
   6.0312002e+03   2.4655273e-15
   6.0326711e+03   2.4110553e-15
   6.0341419e+03   2.4081612e-15
   6.0356128e+03   2.3998767e-15
   6.0370836e+03   2.4062135e-15
   6.0385544e+03   2.3510899e-15
   6.0400253e+03   2.4261979e-15
   6.0414961e+03   2.4642126e-15
   6.0429670e+03   2.4148848e-15
   6.0444378e+03   2.4258832e-15
   6.0459087e+03   2.3754644e-15
   6.0473795e+03   2.3721204e-15
   6.0488504e+03   2.3831763e-15
   6.0503212e+03   2.3776862e-15
   6.0517921e+03   2.3806758e-15
   6.0532629e+03   2.4040405e-15
   6.0547337e+03   2.4208066e-15
   6.0562046e+03   2.4454118e-15
   6.0576754e+03   2.3653552e-15
   6.0591463e+03   2.4055492e-15
   6.0606171e+03   2.4096213e-15
   6.0620880e+03   2.4168262e-15
   6.0635588e+03   2.3700348e-15
   6.0650297e+03   2.3700942e-15
   6.0665005e+03   2.3687627e-15
   6.0679714e+03   2.3516230e-15
   6.0694422e+03   2.3433068e-15
   6.0709130e+03   2.3141291e-15
   6.0723839e+03   2.2883117e-15
   6.0738547e+03   2.3001262e-15
   6.0753256e+03   2.2773367e-15
   6.0767964e+03   2.3345035e-15
   6.0782673e+03   2.2814946e-15
   6.0797381e+03   2.3256165e-15
   6.0812090e+03   2.3380686e-15
   6.0826798e+03   2.4432172e-15
   6.0841507e+03   2.5860912e-15
   6.0856215e+03   2.3584435e-15
   6.0870923e+03   2.3150103e-15
   6.0885632e+03   2.3109050e-15
   6.0900340e+03   2.3648159e-15
   6.0915049e+03   2.3237228e-15
   6.0929757e+03   2.3488780e-15
   6.0944466e+03   2.2988055e-15
   6.0959174e+03   2.3071325e-15
   6.0973883e+03   2.2548511e-15
   6.0988591e+03   2.3660119e-15
   6.1003300e+03   2.3073277e-15
   6.1018008e+03   2.3482866e-15
   6.1032716e+03   2.2903644e-15
   6.1047425e+03   2.3103339e-15
   6.1062133e+03   2.2805266e-15
   6.1076842e+03   2.2729642e-15
   6.1091550e+03   2.3298473e-15
   6.1106259e+03   2.2613293e-15
   6.1120967e+03   2.2911862e-15
   6.1135676e+03   2.2929948e-15
   6.1150384e+03   2.2866103e-15
   6.1165093e+03   2.3193060e-15
   6.1179801e+03   2.2680762e-15
   6.1194509e+03   2.2458580e-15
   6.1209218e+03   2.2713137e-15
   6.1223926e+03   2.2278124e-15
   6.1238635e+03   2.2750416e-15
   6.1253343e+03   2.2596072e-15
   6.1268052e+03   2.2339011e-15
   6.1282760e+03   2.2107797e-15
   6.1297469e+03   2.2480324e-15
   6.1312177e+03   2.2611275e-15
   6.1326886e+03   2.2016292e-15
   6.1341594e+03   2.2276869e-15
   6.1356302e+03   2.2372163e-15
   6.1371011e+03   2.2486914e-15
   6.1385719e+03   2.2292513e-15
   6.1400428e+03   2.2388643e-15
   6.1415136e+03   2.2479323e-15
   6.1429845e+03   2.2084360e-15
   6.1444553e+03   2.2588584e-15
   6.1459262e+03   2.2466781e-15
   6.1473970e+03   2.2159730e-15
   6.1488679e+03   2.2110604e-15
   6.1503387e+03   2.1661787e-15
   6.1518095e+03   2.2166487e-15
   6.1532804e+03   2.2520914e-15
   6.1547512e+03   2.2105714e-15
   6.1562221e+03   2.1885380e-15
   6.1576929e+03   2.1794367e-15
   6.1591638e+03   2.1971996e-15
   6.1606346e+03   2.2140417e-15
   6.1621055e+03   2.1794487e-15
   6.1635763e+03   2.1785806e-15
   6.1650472e+03   2.2072248e-15
   6.1665180e+03   2.1818441e-15
   6.1679888e+03   2.1822006e-15
   6.1694597e+03   2.2081349e-15
   6.1709305e+03   2.1858662e-15
   6.1724014e+03   2.1902869e-15
   6.1738722e+03   2.1913796e-15
   6.1753431e+03   2.2158674e-15
   6.1768139e+03   2.1759315e-15
   6.1782848e+03   2.1155200e-15
   6.1797556e+03   2.1605411e-15
   6.1812265e+03   2.2044867e-15
   6.1826973e+03   2.1764411e-15
   6.1841681e+03   2.1438087e-15
   6.1856390e+03   2.1523258e-15
   6.1871098e+03   2.1587738e-15
   6.1885807e+03   2.1542215e-15
   6.1900515e+03   2.1535048e-15
   6.1915224e+03   2.1643147e-15
   6.1929932e+03   2.1572466e-15
   6.1944641e+03   2.0851320e-15
   6.1959349e+03   2.0988844e-15
   6.1974058e+03   2.1302280e-15
   6.1988766e+03   2.0824559e-15
   6.2003474e+03   2.0891587e-15
   6.2018183e+03   2.1321488e-15
   6.2032891e+03   2.1005753e-15
   6.2047600e+03   2.0959349e-15
   6.2062308e+03   2.0983207e-15
   6.2077017e+03   2.1347100e-15
   6.2091725e+03   2.1351625e-15
   6.2106434e+03   2.0883264e-15
   6.2121142e+03   2.1132615e-15
   6.2135851e+03   2.1160319e-15
   6.2150559e+03   2.0567863e-15
   6.2165267e+03   2.0536935e-15
   6.2179976e+03   2.0558672e-15
   6.2194684e+03   2.0274959e-15
   6.2209393e+03   2.0731393e-15
   6.2224101e+03   2.0951882e-15
   6.2238810e+03   2.0696695e-15
   6.2253518e+03   2.0672629e-15
   6.2268227e+03   2.0619201e-15
   6.2282935e+03   2.0554181e-15
   6.2297644e+03   2.0261793e-15
   6.2312352e+03   2.0302014e-15
   6.2327060e+03   2.0849313e-15
   6.2341769e+03   2.0963144e-15
   6.2356477e+03   2.0509692e-15
   6.2371186e+03   2.0666149e-15
   6.2385894e+03   2.0259988e-15
   6.2400603e+03   2.0596808e-15
   6.2415311e+03   2.0507930e-15
   6.2430020e+03   2.0190922e-15
   6.2444728e+03   2.0246305e-15
   6.2459437e+03   2.0508810e-15
   6.2474145e+03   2.0693382e-15
   6.2488853e+03   2.0144318e-15
   6.2503562e+03   2.0527034e-15
   6.2518270e+03   2.0575904e-15
   6.2532979e+03   2.0643983e-15
   6.2547687e+03   2.0084927e-15
   6.2562396e+03   2.0713210e-15
   6.2577104e+03   2.0714910e-15
   6.2591813e+03   2.0305544e-15
   6.2606521e+03   2.0011406e-15
   6.2621230e+03   2.0312464e-15
   6.2635938e+03   1.9932432e-15
   6.2650646e+03   2.0121624e-15
   6.2665355e+03   1.9885411e-15
   6.2680063e+03   1.9595966e-15
   6.2694772e+03   1.9822026e-15
   6.2709480e+03   1.9511255e-15
   6.2724189e+03   2.0188647e-15
   6.2738897e+03   1.9348816e-15
   6.2753606e+03   1.8545302e-15
   6.2768314e+03   1.8614273e-15
   6.2783023e+03   1.8342346e-15
   6.2797731e+03   1.8636601e-15
   6.2812439e+03   1.8986242e-15
   6.2827148e+03   1.9025489e-15
   6.2841856e+03   1.9485352e-15
   6.2856565e+03   1.9328102e-15
   6.2871273e+03   1.9544841e-15
   6.2885982e+03   1.9541684e-15
   6.2900690e+03   1.8980789e-15
   6.2915399e+03   1.9156060e-15
   6.2930107e+03   1.8955232e-15
   6.2944816e+03   1.8846487e-15
   6.2959524e+03   1.8748015e-15
   6.2974232e+03   1.8642009e-15
   6.2988941e+03   1.9811607e-15
   6.3003649e+03   1.7923230e-15
   6.3018358e+03   1.8596996e-15
   6.3033066e+03   1.9073526e-15
   6.3047775e+03   1.8621324e-15
   6.3062483e+03   1.8774253e-15
   6.3077192e+03   1.8630168e-15
   6.3091900e+03   1.9197854e-15
   6.3106609e+03   1.8922466e-15
   6.3121317e+03   1.9094028e-15
   6.3136025e+03   1.9208580e-15
   6.3150734e+03   1.9204753e-15
   6.3165442e+03   1.8814868e-15
   6.3180151e+03   1.8862469e-15
   6.3194859e+03   1.8901071e-15
   6.3209568e+03   1.8784173e-15
   6.3224276e+03   1.8870799e-15
   6.3238985e+03   1.8861732e-15
   6.3253693e+03   1.8877712e-15
   6.3268402e+03   1.8627127e-15
   6.3283110e+03   1.9760442e-15
   6.3297818e+03   1.9048670e-15
   6.3312527e+03   1.8555513e-15
   6.3327235e+03   1.8487164e-15
   6.3341944e+03   1.9067348e-15
   6.3356652e+03   1.9134412e-15
   6.3371361e+03   1.9148757e-15
   6.3386069e+03   1.8520428e-15
   6.3400778e+03   1.8956795e-15
   6.3415486e+03   1.8560980e-15
   6.3430195e+03   1.8816897e-15
   6.3444903e+03   1.9432609e-15
   6.3459611e+03   1.9196352e-15
   6.3474320e+03   1.8637802e-15
   6.3489028e+03   1.8471329e-15
   6.3503737e+03   1.8854665e-15
   6.3518445e+03   1.8530274e-15
   6.3533154e+03   1.8945574e-15
   6.3547862e+03   1.9034466e-15
   6.3562571e+03   1.8992041e-15
   6.3577279e+03   1.8593420e-15
   6.3591988e+03   1.8479650e-15
   6.3606696e+03   1.8682903e-15
   6.3621404e+03   1.8268940e-15
   6.3636113e+03   1.8772077e-15
   6.3650821e+03   1.8642860e-15
   6.3665530e+03   1.8644226e-15
   6.3680238e+03   1.8289102e-15
   6.3694947e+03   1.8017536e-15
   6.3709655e+03   1.8182821e-15
   6.3724364e+03   1.8260142e-15
   6.3739072e+03   1.8043395e-15
   6.3753781e+03   1.8102707e-15
   6.3768489e+03   1.8459868e-15
   6.3783197e+03   1.8602689e-15
   6.3797906e+03   1.8505052e-15
   6.3812614e+03   1.8120116e-15
   6.3827323e+03   1.8097875e-15
   6.3842031e+03   1.8388750e-15
   6.3856740e+03   1.8549200e-15
   6.3871448e+03   1.8331744e-15
   6.3886157e+03   1.8664330e-15
   6.3900865e+03   1.8542685e-15
   6.3915574e+03   1.8534119e-15
   6.3930282e+03   1.8528193e-15
   6.3944990e+03   1.7855052e-15
   6.3959699e+03   1.7965328e-15
   6.3974407e+03   1.7905822e-15
   6.3989116e+03   1.7938152e-15
   6.4003824e+03   1.7987161e-15
   6.4018533e+03   1.8195091e-15
   6.4033241e+03   1.7693393e-15
   6.4047950e+03   1.7578108e-15
   6.4062658e+03   1.7817355e-15
   6.4077367e+03   1.8332303e-15
   6.4092075e+03   1.7785942e-15
   6.4106783e+03   1.7729843e-15
   6.4121492e+03   1.7735490e-15
   6.4136200e+03   1.8178400e-15
   6.4150909e+03   1.8468499e-15
   6.4165617e+03   1.8272919e-15
   6.4180326e+03   1.8249201e-15
   6.4195034e+03   1.7703524e-15
   6.4209743e+03   1.8469345e-15
   6.4224451e+03   1.7910759e-15
   6.4239160e+03   1.7995974e-15
   6.4253868e+03   1.8020894e-15
   6.4268576e+03   1.7922142e-15
   6.4283285e+03   1.8055644e-15
   6.4297993e+03   1.8147469e-15
   6.4312702e+03   1.7864089e-15
   6.4327410e+03   1.7467574e-15
   6.4342119e+03   1.8033953e-15
   6.4356827e+03   1.8079249e-15
   6.4371536e+03   1.7833537e-15
   6.4386244e+03   1.7568793e-15
   6.4400953e+03   1.7265702e-15
   6.4415661e+03   1.7698952e-15
   6.4430369e+03   1.7515696e-15
   6.4445078e+03   1.7457894e-15
   6.4459786e+03   1.7363753e-15
   6.4474495e+03   1.7287623e-15
   6.4489203e+03   1.7460238e-15
   6.4503912e+03   1.7915143e-15
   6.4518620e+03   1.7737722e-15
   6.4533329e+03   1.7918325e-15
   6.4548037e+03   1.7597642e-15
   6.4562746e+03   1.7520671e-15
   6.4577454e+03   1.7265118e-15
   6.4592162e+03   1.7602430e-15
   6.4606871e+03   1.7757208e-15
   6.4621579e+03   1.7407786e-15
   6.4636288e+03   1.7576523e-15
   6.4650996e+03   1.7460015e-15
   6.4665705e+03   1.7370005e-15
   6.4680413e+03   1.6939624e-15
   6.4695122e+03   1.6755528e-15
   6.4709830e+03   1.7224375e-15
   6.4724539e+03   1.7208847e-15
   6.4739247e+03   1.7140862e-15
   6.4753955e+03   1.6903658e-15
   6.4768664e+03   1.7170073e-15
   6.4783372e+03   1.7289017e-15
   6.4798081e+03   1.6853724e-15
   6.4812789e+03   1.7103062e-15
   6.4827498e+03   1.6991435e-15
   6.4842206e+03   1.7469187e-15
   6.4856915e+03   1.7126310e-15
   6.4871623e+03   1.7105260e-15
   6.4886332e+03   1.7334063e-15
   6.4901040e+03   1.7871711e-15
   6.4915748e+03   1.7945551e-15
   6.4930457e+03   1.7573061e-15
   6.4945165e+03   1.7860082e-15
   6.4959874e+03   1.7222157e-15
   6.4974582e+03   1.7231693e-15
   6.4989291e+03   1.7037264e-15
   6.5003999e+03   1.6953084e-15
   6.5018708e+03   1.7093083e-15
   6.5033416e+03   1.7303432e-15
   6.5048125e+03   1.7249141e-15
   6.5062833e+03   1.6464646e-15
   6.5077541e+03   1.6842875e-15
   6.5092250e+03   1.7213947e-15
   6.5106958e+03   1.7698402e-15
   6.5121667e+03   1.7255865e-15
   6.5136375e+03   1.6704801e-15
   6.5151084e+03   1.6899027e-15
   6.5165792e+03   1.6895166e-15
   6.5180501e+03   1.7229687e-15
   6.5195209e+03   1.6808091e-15
   6.5209918e+03   1.7241373e-15
   6.5224626e+03   1.7161952e-15
   6.5239334e+03   1.7272761e-15
   6.5254043e+03   1.7130570e-15
   6.5268751e+03   1.6674836e-15
   6.5283460e+03   1.7126122e-15
   6.5298168e+03   1.6859234e-15
   6.5312877e+03   1.6516836e-15
   6.5327585e+03   1.6743907e-15
   6.5342294e+03   1.6746607e-15
   6.5357002e+03   1.6727672e-15
   6.5371711e+03   1.6946889e-15
   6.5386419e+03   1.6306195e-15
   6.5401127e+03   1.6765017e-15
   6.5415836e+03   1.6621020e-15
   6.5430544e+03   1.6550683e-15
   6.5445253e+03   1.6407601e-15
   6.5459961e+03   1.6083946e-15
   6.5474670e+03   1.7009158e-15
   6.5489378e+03   1.6792126e-15
   6.5504087e+03   1.6012092e-15
   6.5518795e+03   1.6206868e-15
   6.5533504e+03   1.6631431e-15
   6.5548212e+03   1.7467179e-15
   6.5562920e+03   1.7060312e-15
   6.5577629e+03   1.6654516e-15
   6.5592337e+03   1.6956752e-15
   6.5607046e+03   1.6630703e-15
   6.5621754e+03   1.7097679e-15
   6.5636463e+03   1.6835920e-15
   6.5651171e+03   1.6506537e-15
   6.5665880e+03   1.6972052e-15
   6.5680588e+03   1.7306046e-15
   6.5695297e+03   1.7001134e-15
   6.5710005e+03   1.6417457e-15
   6.5724713e+03   1.6625677e-15
   6.5739422e+03   1.6896779e-15
   6.5754130e+03   1.6929697e-15
   6.5768839e+03   1.6675180e-15
   6.5783547e+03   1.6833366e-15
   6.5798256e+03   1.6999897e-15
   6.5812964e+03   1.7074832e-15
   6.5827673e+03   1.6854140e-15
   6.5842381e+03   1.6909023e-15
   6.5857090e+03   1.6919802e-15
   6.5871798e+03   1.6916464e-15
   6.5886506e+03   1.6914027e-15
   6.5901215e+03   1.6966225e-15
   6.5915923e+03   1.7218393e-15
   6.5930632e+03   1.7082812e-15
   6.5945340e+03   1.7200640e-15
   6.5960049e+03   1.7176228e-15
   6.5974757e+03   1.7437342e-15
   6.5989466e+03   1.7343644e-15
   6.6004174e+03   1.7179014e-15
   6.6018883e+03   1.7071165e-15
   6.6033591e+03   1.7176448e-15
   6.6048299e+03   1.7091538e-15
   6.6063008e+03   1.6816888e-15
   6.6077716e+03   1.6858618e-15
   6.6092425e+03   1.6711948e-15
   6.6107133e+03   1.7086989e-15
   6.6121842e+03   1.6837007e-15
   6.6136550e+03   1.6751084e-15
   6.6151259e+03   1.7332834e-15
   6.6165967e+03   1.7115598e-15
   6.6180676e+03   1.7392907e-15
   6.6195384e+03   1.7119072e-15
   6.6210092e+03   1.6617897e-15
   6.6224801e+03   1.7205586e-15
   6.6239509e+03   1.7294369e-15
   6.6254218e+03   1.7401996e-15
   6.6268926e+03   1.7050540e-15
   6.6283635e+03   1.7076862e-15
   6.6298343e+03   1.7375149e-15
   6.6313052e+03   1.7244143e-15
   6.6327760e+03   1.7155893e-15
   6.6342469e+03   1.6903572e-15
   6.6357177e+03   1.7417305e-15
   6.6371885e+03   1.7462606e-15
   6.6386594e+03   1.7274805e-15
   6.6401302e+03   1.7451473e-15
   6.6416011e+03   1.7250854e-15
   6.6430719e+03   1.7357497e-15
   6.6445428e+03   1.7346720e-15
   6.6460136e+03   1.7843967e-15
   6.6474845e+03   1.7304243e-15
   6.6489553e+03   1.7273932e-15
   6.6504262e+03   1.7618806e-15
   6.6518970e+03   1.7321840e-15
   6.6533679e+03   1.7385769e-15
   6.6548387e+03   1.7750272e-15
   6.6563095e+03   1.7776008e-15
   6.6577804e+03   1.8083832e-15
   6.6592512e+03   1.7913366e-15
   6.6607221e+03   1.7513169e-15
   6.6621929e+03   1.8022850e-15
   6.6636638e+03   1.8222810e-15
   6.6651346e+03   1.7929236e-15
   6.6666055e+03   1.8121999e-15
   6.6680763e+03   1.8270409e-15
   6.6695472e+03   1.7892069e-15
   6.6710180e+03   1.7165002e-15
   6.6724888e+03   1.7748187e-15
   6.6739597e+03   1.7558289e-15
   6.6754305e+03   1.8050804e-15
   6.6769014e+03   1.8101707e-15
   6.6783722e+03   1.7046529e-15
   6.6798431e+03   1.7273250e-15
   6.6813139e+03   1.7413103e-15
   6.6827848e+03   1.7167965e-15
   6.6842556e+03   1.7489436e-15
   6.6857265e+03   1.7798343e-15
   6.6871973e+03   1.6986371e-15
   6.6886681e+03   1.7023982e-15
   6.6901390e+03   1.7314719e-15
   6.6916098e+03   1.7310741e-15
   6.6930807e+03   1.6835892e-15
   6.6945515e+03   1.7406912e-15
   6.6960224e+03   1.7291186e-15
   6.6974932e+03   1.7073284e-15
   6.6989641e+03   1.7040296e-15
   6.7004349e+03   1.7615011e-15
   6.7019058e+03   1.7909776e-15
   6.7033766e+03   1.7695278e-15
   6.7048474e+03   1.8138116e-15
   6.7063183e+03   1.7408744e-15
   6.7077891e+03   1.7193730e-15
   6.7092600e+03   1.7900026e-15
   6.7107308e+03   1.7071221e-15
   6.7122017e+03   1.7235653e-15
   6.7136725e+03   1.7042606e-15
   6.7151434e+03   1.7356421e-15
   6.7166142e+03   1.7281301e-15
   6.7180851e+03   1.7649181e-15
   6.7195559e+03   1.7072755e-15
   6.7210267e+03   1.7345801e-15
   6.7224976e+03   1.6813884e-15
   6.7239684e+03   1.7137643e-15
   6.7254393e+03   1.6889957e-15
   6.7269101e+03   1.7212339e-15
   6.7283810e+03   1.7217672e-15
   6.7298518e+03   1.7477261e-15
   6.7313227e+03   1.7413335e-15
   6.7327935e+03   1.7651058e-15
   6.7342644e+03   1.7938332e-15
   6.7357352e+03   1.7905767e-15
   6.7372060e+03   1.7234596e-15
   6.7386769e+03   1.7333396e-15
   6.7401477e+03   1.7334710e-15
   6.7416186e+03   1.7322177e-15
   6.7430894e+03   1.7718980e-15
   6.7445603e+03   1.8521696e-15
   6.7460311e+03   1.8684279e-15
   6.7475020e+03   1.8653015e-15
   6.7489728e+03   1.8591326e-15
   6.7504437e+03   1.8544843e-15
   6.7519145e+03   1.7724719e-15
   6.7533853e+03   1.7495871e-15
   6.7548562e+03   1.7343735e-15
   6.7563270e+03   1.7276578e-15
   6.7577979e+03   1.8181531e-15
   6.7592687e+03   2.0144404e-15
   6.7607396e+03   2.4512736e-15
   6.7622104e+03   2.7908151e-15
   6.7636813e+03   2.8556797e-15
   6.7651521e+03   2.5118063e-15
   6.7666230e+03   2.0799237e-15
   6.7680938e+03   1.8533957e-15
   6.7695646e+03   1.7485900e-15
   6.7710355e+03   1.7550976e-15
   6.7725063e+03   1.7433657e-15
   6.7739772e+03   1.7529932e-15
   6.7754480e+03   1.7534946e-15
   6.7769189e+03   1.7898081e-15
   6.7783897e+03   1.7795977e-15
   6.7798606e+03   1.8198213e-15
   6.7813314e+03   2.0229196e-15
   6.7828023e+03   2.1816383e-15
   6.7842731e+03   2.2043300e-15
   6.7857439e+03   2.1366977e-15
   6.7872148e+03   1.9779933e-15
   6.7886856e+03   1.8631828e-15
   6.7901565e+03   1.8263528e-15
   6.7916273e+03   1.7568209e-15
   6.7930982e+03   1.7272309e-15
   6.7945690e+03   1.7418660e-15
   6.7960399e+03   1.7118141e-15
   6.7975107e+03   1.7307489e-15
   6.7989816e+03   1.7555937e-15
   6.8004524e+03   1.7430196e-15
   6.8019232e+03   1.7380420e-15
   6.8033941e+03   1.7595302e-15
   6.8048649e+03   1.7236980e-15
   6.8063358e+03   1.7229764e-15
   6.8078066e+03   1.7446925e-15
   6.8092775e+03   1.7439507e-15
   6.8107483e+03   1.7311868e-15
   6.8122192e+03   1.7441541e-15
   6.8136900e+03   1.7976631e-15
   6.8151609e+03   1.7755454e-15
   6.8166317e+03   1.7385546e-15
   6.8181025e+03   1.7464644e-15
   6.8195734e+03   1.7761261e-15
   6.8210442e+03   1.7433174e-15
   6.8225151e+03   1.7486083e-15
   6.8239859e+03   1.8133085e-15
   6.8254568e+03   1.7916426e-15
   6.8269276e+03   1.7165862e-15
   6.8283985e+03   1.7452479e-15
   6.8298693e+03   1.7831455e-15
   6.8313402e+03   1.7391857e-15
   6.8328110e+03   1.7352485e-15
   6.8342818e+03   1.6602617e-15
   6.8357527e+03   1.6573825e-15
   6.8372235e+03   1.6941391e-15
   6.8386944e+03   1.7101467e-15
   6.8401652e+03   1.7301654e-15
   6.8416361e+03   1.6973434e-15
   6.8431069e+03   1.6631921e-15
   6.8445778e+03   1.6956148e-15
   6.8460486e+03   1.7309997e-15
   6.8475195e+03   1.6960049e-15
   6.8489903e+03   1.6600472e-15
   6.8504611e+03   1.6956568e-15
   6.8519320e+03   1.6969048e-15
   6.8534028e+03   1.7121887e-15
   6.8548737e+03   1.6914724e-15
   6.8563445e+03   1.6972593e-15
   6.8578154e+03   1.6979110e-15
   6.8592862e+03   1.6739500e-15
   6.8607571e+03   1.6901876e-15
   6.8622279e+03   1.6514554e-15
   6.8636988e+03   1.6525594e-15
%   6.8651696e+03   1.5755514e-15
%   6.8666404e+03   1.3456188e-15
%   6.8681113e+03   1.1882465e-15
%   6.8695821e+03   1.0955364e-15
%   6.8710530e+03   1.1478184e-15
%   6.8725238e+03   1.2157182e-15
%   6.8739947e+03   1.2310658e-15
%   6.8754655e+03   1.2804077e-15
%   6.8769364e+03   1.3554510e-15
%   6.8784072e+03   1.4521476e-15
%   6.8798781e+03   1.5101249e-15
   6.8813489e+03   1.5951692e-15
   6.8828197e+03   1.5744417e-15
   6.8842906e+03   1.4878634e-15
   6.8857614e+03   1.4738039e-15
   6.8872323e+03   1.4509619e-15
   6.8887031e+03   1.4052520e-15
   6.8901740e+03   1.4005131e-15
   6.8916448e+03   1.4051744e-15
   6.8931157e+03   1.4404361e-15
   6.8945865e+03   1.4213888e-15
   6.8960574e+03   1.4329673e-15
   6.8975282e+03   1.4636504e-15
   6.8989990e+03   1.4920500e-15
   6.9004699e+03   1.5132701e-15
   6.9019407e+03   1.4540203e-15
   6.9034116e+03   1.4272165e-15
   6.9048824e+03   1.4968153e-15
   6.9063533e+03   1.5316857e-15
   6.9078241e+03   1.5814789e-15
   6.9092950e+03   1.5536591e-15
   6.9107658e+03   1.5752016e-15
   6.9122367e+03   1.6035714e-15
   6.9137075e+03   1.5717431e-15
   6.9151783e+03   1.5739899e-15
   6.9166492e+03   1.5882937e-15
   6.9181200e+03   1.6143337e-15
   6.9195909e+03   1.6875386e-15
   6.9210617e+03   1.7636311e-15
   6.9225326e+03   1.6743651e-15
   6.9240034e+03   1.6330393e-15
   6.9254743e+03   1.5924402e-15
   6.9269451e+03   1.5625744e-15
   6.9284160e+03   1.5146592e-15
   6.9298868e+03   1.6026858e-15
   6.9313576e+03   1.5799030e-15
   6.9328285e+03   1.6286422e-15
   6.9342993e+03   1.6400086e-15
   6.9357702e+03   1.7897928e-15
   6.9372410e+03   1.7163068e-15
   6.9387119e+03   1.6863584e-15
   6.9401827e+03   1.5548417e-15
   6.9416536e+03   1.6061501e-15
   6.9431244e+03   1.5582141e-15
   6.9445953e+03   1.5881467e-15
   6.9460661e+03   1.6091558e-15
   6.9475369e+03   1.5766355e-15
   6.9490078e+03   1.5732894e-15
   6.9504786e+03   1.6050522e-15
   6.9519495e+03   1.6033438e-15
   6.9534203e+03   1.5300338e-15
   6.9548912e+03   1.5400707e-15
   6.9563620e+03   1.5665474e-15
   6.9578329e+03   1.5205947e-15
   6.9593037e+03   1.5672481e-15
   6.9607746e+03   1.5422169e-15
   6.9622454e+03   1.5651217e-15
   6.9637162e+03   1.5739216e-15
   6.9651871e+03   1.5725128e-15
   6.9666579e+03   1.5713654e-15
   6.9681288e+03   1.5657871e-15
   6.9695996e+03   1.5819067e-15
   6.9710705e+03   1.5666570e-15
   6.9725413e+03   1.5944500e-15
   6.9740122e+03   1.5662661e-15
   6.9754830e+03   1.5772233e-15
   6.9769539e+03   1.5497157e-15
   6.9784247e+03   1.6161091e-15
   6.9798955e+03   1.5536442e-15
   6.9813664e+03   1.5657818e-15
   6.9828372e+03   1.6059711e-15
   6.9843081e+03   1.6154620e-15
   6.9857789e+03   1.5404159e-15
   6.9872498e+03   1.5215894e-15
   6.9887206e+03   1.5890058e-15
   6.9901915e+03   1.5044960e-15
   6.9916623e+03   1.5538146e-15
   6.9931332e+03   1.5021232e-15
   6.9946040e+03   1.5059499e-15
   6.9960748e+03   1.5114407e-15
   6.9975457e+03   1.5394942e-15
   6.9990165e+03   1.5427929e-15
   7.0004874e+03   1.5444823e-15
   7.0019582e+03   1.5015556e-15
   7.0034291e+03   1.5437140e-15
   7.0048999e+03   1.5564925e-15
   7.0063708e+03   1.4795363e-15
   7.0078416e+03   1.5013365e-15
   7.0093125e+03   1.5386843e-15
   7.0107833e+03   1.5447429e-15
   7.0122541e+03   1.5356301e-15
   7.0137250e+03   1.5650570e-15
   7.0151958e+03   1.5259501e-15
   7.0166667e+03   1.5284029e-15
   7.0181375e+03   1.4956860e-15
   7.0196084e+03   1.4627970e-15
   7.0210792e+03   1.5067681e-15
   7.0225501e+03   1.5400469e-15
   7.0240209e+03   1.5102231e-15
   7.0254918e+03   1.4586725e-15
   7.0269626e+03   1.4419611e-15
   7.0284334e+03   1.4716152e-15
   7.0299043e+03   1.5032781e-15
   7.0313751e+03   1.4960540e-15
   7.0328460e+03   1.5296597e-15
   7.0343168e+03   1.4907016e-15
   7.0357877e+03   1.4892784e-15
   7.0372585e+03   1.4650575e-15
   7.0387294e+03   1.5131511e-15
   7.0402002e+03   1.5022156e-15
   7.0416711e+03   1.5091345e-15
   7.0431419e+03   1.5482420e-15
   7.0446127e+03   1.5199046e-15
   7.0460836e+03   1.5356930e-15
   7.0475544e+03   1.5050233e-15
   7.0490253e+03   1.4970848e-15
   7.0504961e+03   1.5193314e-15
   7.0519670e+03   1.4544109e-15
   7.0534378e+03   1.5049364e-15
   7.0549087e+03   1.4563908e-15
   7.0563795e+03   1.4847405e-15
   7.0578504e+03   1.4923541e-15
   7.0593212e+03   1.4784216e-15
   7.0607920e+03   1.5019378e-15
   7.0622629e+03   1.4746863e-15
   7.0637337e+03   1.4916728e-15
   7.0652046e+03   1.4685728e-15
   7.0666754e+03   1.4781588e-15
   7.0681463e+03   1.5241252e-15
   7.0696171e+03   1.4983772e-15
   7.0710880e+03   1.4655862e-15
   7.0725588e+03   1.4989941e-15
   7.0740297e+03   1.4864383e-15
   7.0755005e+03   1.5194668e-15
   7.0769713e+03   1.4902798e-15
   7.0784422e+03   1.4824393e-15
   7.0799130e+03   1.4879829e-15
   7.0813839e+03   1.4702065e-15
   7.0828547e+03   1.4655495e-15
   7.0843256e+03   1.4991353e-15
   7.0857964e+03   1.4826238e-15
   7.0872673e+03   1.4814583e-15
   7.0887381e+03   1.4688974e-15
   7.0902090e+03   1.4621189e-15
   7.0916798e+03   1.4710902e-15
   7.0931506e+03   1.4731601e-15
   7.0946215e+03   1.5060691e-15
   7.0960923e+03   1.4813818e-15
   7.0975632e+03   1.4369132e-15
   7.0990340e+03   1.4355793e-15
   7.1005049e+03   1.4854841e-15
   7.1019757e+03   1.5218438e-15
   7.1034466e+03   1.5178766e-15
   7.1049174e+03   1.4997672e-15
   7.1063883e+03   1.5017404e-15
   7.1078591e+03   1.4733433e-15
   7.1093299e+03   1.4853046e-15
   7.1108008e+03   1.5008033e-15
   7.1122716e+03   1.5353618e-15
   7.1137425e+03   1.5196503e-15
   7.1152133e+03   1.4567979e-15
   7.1166842e+03   1.4299296e-15
   7.1181550e+03   1.4794138e-15
   7.1196259e+03   1.4507198e-15
   7.1210967e+03   1.4726590e-15
   7.1225676e+03   1.4640763e-15
   7.1240384e+03   1.4392935e-15
   7.1255092e+03   1.4559598e-15
   7.1269801e+03   1.4642009e-15
   7.1284509e+03   1.4453017e-15
   7.1299218e+03   1.4142000e-15
   7.1313926e+03   1.4556869e-15
   7.1328635e+03   1.4702656e-15
   7.1343343e+03   1.4719082e-15
   7.1358052e+03   1.4647372e-15
   7.1372760e+03   1.4692791e-15
   7.1387469e+03   1.4991661e-15
   7.1402177e+03   1.5068460e-15
   7.1416885e+03   1.4944169e-15
   7.1431594e+03   1.5148886e-15
   7.1446302e+03   1.5053445e-15
   7.1461011e+03   1.5235912e-15
   7.1475719e+03   1.4684995e-15
   7.1490428e+03   1.4272916e-15
   7.1505136e+03   1.4615380e-15
   7.1519845e+03   1.4786034e-15
   7.1534553e+03   1.4055666e-15
   7.1549262e+03   1.4076522e-15
   7.1563970e+03   1.4411633e-15
   7.1578678e+03   1.4312767e-15
   7.1593387e+03   1.4703367e-15
   7.1608095e+03   1.4723901e-15
   7.1622804e+03   1.4579083e-15
   7.1637512e+03   1.4285051e-15
   7.1652221e+03   1.4326940e-15
   7.1666929e+03   1.4213079e-15
   7.1681638e+03   1.4189415e-15
   7.1696346e+03   1.4177342e-15
   7.1711055e+03   1.4237267e-15
   7.1725763e+03   1.3677849e-15
   7.1740471e+03   1.3389537e-15
   7.1755180e+03   1.3702242e-15
   7.1769888e+03   1.4346411e-15
   7.1784597e+03   1.4203590e-15
   7.1799305e+03   1.4045380e-15
   7.1814014e+03   1.3719055e-15
   7.1828722e+03   1.3165714e-15
   7.1843431e+03   1.2847470e-15
   7.1858139e+03   1.2539449e-15
   7.1872848e+03   1.2839171e-15
   7.1887556e+03   1.3261808e-15
   7.1902264e+03   1.2915663e-15
   7.1916973e+03   1.2555392e-15
   7.1931681e+03   1.2666170e-15
   7.1946390e+03   1.2863252e-15
   7.1961098e+03   1.3414567e-15
   7.1975807e+03   1.3467550e-15
   7.1990515e+03   1.3263542e-15
   7.2005224e+03   1.3086343e-15
   7.2019932e+03   1.3170045e-15
   7.2034641e+03   1.3403347e-15
   7.2049349e+03   1.3323312e-15
   7.2064057e+03   1.3769188e-15
   7.2078766e+03   1.4144071e-15
   7.2093474e+03   1.4099449e-15
   7.2108183e+03   1.4276031e-15
   7.2122891e+03   1.4400592e-15
   7.2137600e+03   1.4274785e-15
   7.2152308e+03   1.4377944e-15
   7.2167017e+03   1.4328016e-15
   7.2181725e+03   1.4099301e-15
   7.2196434e+03   1.3803529e-15
   7.2211142e+03   1.3664799e-15
   7.2225850e+03   1.3700084e-15
   7.2240559e+03   1.3852000e-15
   7.2255267e+03   1.3587802e-15
   7.2269976e+03   1.3258256e-15
   7.2284684e+03   1.4098660e-15
   7.2299393e+03   1.3533459e-15
   7.2314101e+03   1.3319648e-15
   7.2328810e+03   1.2892035e-15
   7.2343518e+03   1.2970955e-15
   7.2358227e+03   1.3023100e-15
   7.2372935e+03   1.3296903e-15
   7.2387643e+03   1.3654257e-15
   7.2402352e+03   1.3612592e-15
   7.2417060e+03   1.2916198e-15
   7.2431769e+03   1.3463291e-15
   7.2446477e+03   1.3690387e-15
   7.2461186e+03   1.3641164e-15
   7.2475894e+03   1.3797264e-15
   7.2490603e+03   1.3986421e-15
   7.2505311e+03   1.3605930e-15
   7.2520020e+03   1.3274344e-15
   7.2534728e+03   1.3205680e-15
   7.2549436e+03   1.3597289e-15
   7.2564145e+03   1.3571849e-15
   7.2578853e+03   1.3279903e-15
   7.2593562e+03   1.3916839e-15
   7.2608270e+03   1.3449892e-15
   7.2622979e+03   1.3156434e-15
   7.2637687e+03   1.3049853e-15
   7.2652396e+03   1.2952931e-15
   7.2667104e+03   1.3370697e-15
   7.2681813e+03   1.3430941e-15
   7.2696521e+03   1.3434149e-15
   7.2711229e+03   1.3178849e-15
   7.2725938e+03   1.2786725e-15
   7.2740646e+03   1.3116867e-15
   7.2755355e+03   1.3059606e-15
   7.2770063e+03   1.3844018e-15
   7.2784772e+03   1.3198524e-15
   7.2799480e+03   1.3813962e-15
   7.2814189e+03   1.3920296e-15
   7.2828897e+03   1.3890223e-15
   7.2843606e+03   1.4256363e-15
   7.2858314e+03   1.3935835e-15
   7.2873022e+03   1.3447915e-15
   7.2887731e+03   1.2894676e-15
   7.2902439e+03   1.3228376e-15
   7.2917148e+03   1.2895153e-15
   7.2931856e+03   1.2965592e-15
   7.2946565e+03   1.3082196e-15
   7.2961273e+03   1.3521853e-15
   7.2975982e+03   1.3838351e-15
   7.2990690e+03   1.2891689e-15
   7.3005399e+03   1.3140637e-15
   7.3020107e+03   1.2880316e-15
   7.3034815e+03   1.2928963e-15
   7.3049524e+03   1.3118326e-15
   7.3064232e+03   1.3130815e-15
   7.3078941e+03   1.3322457e-15
   7.3093649e+03   1.3328578e-15
   7.3108358e+03   1.3373339e-15
   7.3123066e+03   1.3571791e-15
   7.3137775e+03   1.3959465e-15
   7.3152483e+03   1.3845481e-15
   7.3167192e+03   1.3491269e-15
   7.3181900e+03   1.4186111e-15
   7.3196608e+03   1.4213411e-15
   7.3211317e+03   1.3813387e-15
   7.3226025e+03   1.4514143e-15
   7.3240734e+03   1.4258925e-15
   7.3255442e+03   1.4034064e-15
   7.3270151e+03   1.3919993e-15
   7.3284859e+03   1.4355712e-15
   7.3299568e+03   1.3533300e-15
   7.3314276e+03   1.3774199e-15
   7.3328985e+03   1.3718646e-15
   7.3343693e+03   1.3744163e-15
   7.3358401e+03   1.3407593e-15
   7.3373110e+03   1.3943248e-15
   7.3387818e+03   1.3854497e-15
   7.3402527e+03   1.3292478e-15
   7.3417235e+03   1.2593587e-15
   7.3431944e+03   1.3101853e-15
   7.3446652e+03   1.3160888e-15
   7.3461361e+03   1.3766431e-15
   7.3476069e+03   1.3002722e-15
   7.3490778e+03   1.3079215e-15
   7.3505486e+03   1.3221782e-15
   7.3520194e+03   1.3496068e-15
   7.3534903e+03   1.3068854e-15
   7.3549611e+03   1.3451423e-15
   7.3564320e+03   1.3598434e-15
   7.3579028e+03   1.3210186e-15
   7.3593737e+03   1.3292733e-15
   7.3608445e+03   1.3459968e-15
   7.3623154e+03   1.3566349e-15
   7.3637862e+03   1.3852463e-15
   7.3652571e+03   1.3983555e-15
   7.3667279e+03   1.3444979e-15
   7.3681987e+03   1.3330994e-15
   7.3696696e+03   1.3796028e-15
   7.3711404e+03   1.2763585e-15
   7.3726113e+03   1.3669955e-15
   7.3740821e+03   1.3420196e-15
   7.3755530e+03   1.3729798e-15
   7.3770238e+03   1.3015447e-15
   7.3784947e+03   1.2613608e-15
   7.3799655e+03   1.2242273e-15
   7.3814364e+03   1.2898308e-15
   7.3829072e+03   1.3132735e-15
   7.3843780e+03   1.2845657e-15
   7.3858489e+03   1.3277701e-15
   7.3873197e+03   1.3538564e-15
   7.3887906e+03   1.2897886e-15
   7.3902614e+03   1.3656575e-15
   7.3917323e+03   1.3604354e-15
   7.3932031e+03   1.2942653e-15
   7.3946740e+03   1.2981317e-15
   7.3961448e+03   1.3441729e-15
   7.3976157e+03   1.3195817e-15
   7.3990865e+03   1.2839811e-15
   7.4005573e+03   1.2864972e-15
   7.4020282e+03   1.2957520e-15
   7.4034990e+03   1.2525425e-15
   7.4049699e+03   1.2777547e-15
   7.4064407e+03   1.2487949e-15
   7.4079116e+03   1.3018533e-15
   7.4093824e+03   1.2842918e-15
   7.4108533e+03   1.3237213e-15
   7.4123241e+03   1.2984163e-15
   7.4137950e+03   1.3428520e-15
   7.4152658e+03   1.3001304e-15
   7.4167366e+03   1.3224722e-15
   7.4182075e+03   1.2935087e-15
   7.4196783e+03   1.3045229e-15
