   3730.75391       3.19080785E-17
   3733.51514       6.28005977E-17
   3741.79834       1.10946698E-16
   3744.55957       5.01778718E-16
   3747.32080       1.04154803E-15
   3750.08179       5.63323920E-16
   3761.12646       7.20383324E-17
   3766.64868       8.27985625E-17
   3769.40967       6.49554521E-16
   3772.17090       7.69000196E-16
   3774.93213       5.68549491E-17
   3777.69312       2.78466105E-16
   3780.45435       4.85071523E-16
   3783.21533       2.52255994E-16
   3785.97656       3.89904089E-16
   3788.73779       2.27598706E-16
   3791.49878       1.26605194E-16
   3794.26001       7.63956022E-17
   3797.02100       2.30582088E-16
   3799.78223       4.31651087E-16
   3802.54321       4.18485998E-16
   3805.30444       2.59115108E-16
   3808.06567       3.53256388E-16
   3810.82666       1.65678096E-16
   3813.58789       2.03089305E-16
   3819.11011       1.69558605E-16
   3821.87134       1.00078802E-16
   3824.63232       3.49471699E-17
   3827.39355       1.78025401E-16
   3830.15454       3.72933201E-16
   3832.91577       2.27786297E-16
   3835.67700       4.92001205E-16
   3838.43799       8.94525132E-16
   3841.19922       5.48015706E-16
   3846.72144       2.97099288E-17
   3849.48242       3.30879312E-16
   3852.24365       1.43026198E-16
   3855.00488       2.37032906E-16
   3857.76587       5.91701218E-16
   3860.52710       5.15674294E-16
   3863.28809       3.69635596E-16
   3866.04932       3.47537804E-16
   3868.81055       2.20806097E-16
   3871.57153       2.69177409E-16
   3874.33276       1.42523802E-16
   3877.09375       1.82523503E-16
   3879.85498       2.81845396E-16
   3882.61621       3.50400695E-16
   3885.37720       2.49307790E-16
   3888.13843       2.35787900E-16
   3890.89941       2.89658189E-16
   3893.66064       9.94736567E-17
   3896.42188       8.05387911E-17
   3899.18286       2.33158392E-16
   3901.94409       1.53180998E-16
   3904.70508       2.32395506E-16
   3907.46631       3.20296589E-16
   3910.22729       1.53545395E-16
   3912.98853       2.24263107E-17
   3915.74976       6.91819586E-17
   3918.51074       2.38390409E-16
   3921.27197       3.34256406E-16
   3924.03296       1.78088598E-16
   3926.79419       5.33098714E-17
   3929.55542       5.78375471E-17
   3932.31641       3.04894009E-16
   3935.07764       6.86829106E-17
   3937.83862       1.79603794E-16
   3940.59985       2.11528797E-16
   3943.36108       1.69647901E-16
   3946.12207       1.73889697E-16
   3948.88330       9.83440126E-17
   3951.64429       2.16829397E-16
   3954.40552       1.88189095E-16
   3957.16675       1.52427404E-16
   3959.92773       2.28880187E-16
   3962.68896       1.58565799E-16
   3965.44995       1.89169695E-16
   3968.21118       2.43640504E-16
   3970.97217       2.26939397E-16
   3973.73340       2.53933913E-16
   3976.49463       2.96769587E-16
   3979.25562       2.79641204E-16
   3982.01685       3.21650994E-16
   3984.77783       2.29823200E-16
   3987.53906       2.05794503E-16
   3990.30029       2.75380708E-16
   3993.06128       3.28919596E-16
   3995.82251       3.96970011E-16
   3998.58350       3.91663111E-16
   4001.34473       3.82110909E-16
   4004.10596       2.73113095E-16
   4006.86694       3.50099496E-16
   4009.62817       3.04152908E-16
   4012.38916       4.26268695E-16
   4015.15039       3.74225800E-16
   4017.91162       4.41758705E-16
   4020.67261       3.35167787E-16
   4023.43384       2.23660188E-16
   4026.19482       2.80950002E-16
   4028.95605       3.11516007E-16
   4031.71704       4.59008107E-16
   4034.47827       3.89723803E-16
   4037.23950       3.48531294E-16
   4040.00049       3.50895813E-16
   4042.76172       3.54881209E-16
   4045.52271       3.97179599E-16
   4048.28394       3.50987292E-16
   4051.04517       3.33057008E-16
   4053.80615       3.18474912E-16
   4056.56738       4.48007690E-16
   4059.32837       4.96043723E-16
   4062.08960       3.68839491E-16
   4064.85083       3.31806893E-16
   4067.61182       4.50612316E-16
   4070.37305       3.50340900E-16
   4073.13403       3.51979300E-16
   4075.89526       3.43060096E-16
   4078.65625       3.59248802E-16
   4081.41748       4.31577289E-16
   4084.17871       4.17597407E-16
   4086.93970       4.27557403E-16
   4089.70093       6.06642509E-16
   4092.46191       5.05583696E-16
   4095.22314       4.59804318E-16
   4097.98438       4.51450826E-16
   4100.74561       4.33382105E-16
   4103.50635       4.60340119E-16
   4106.26758       5.23648579E-16
   4109.02881       5.58645016E-16
   4111.79004       5.03786610E-16
   4114.55127       5.31408301E-16
   4117.31201       4.08275413E-16
   4120.07324       4.32892890E-16
   4122.83447       4.99595597E-16
   4125.59570       4.83973874E-16
   4128.35693       4.48356721E-16
   4131.11768       4.90335091E-16
   4133.87891       4.92803822E-16
   4136.64014       5.11545220E-16
   4139.40137       4.48483881E-16
   4142.16260       3.04922702E-16
   4144.92334       3.85931689E-16
   4147.68457       3.81925594E-16
   4150.44580       4.36592889E-16
   4153.20703       3.82864689E-16
   4155.96826       3.40465502E-16
   4158.72900       5.74381882E-16
   4161.49023       5.07725207E-16
   4164.25146       4.36609009E-16
   4167.01270       4.20753187E-16
   4169.77344       3.95919399E-16
   4172.53467       4.02361296E-16
   4175.29590       4.85505521E-16
   4178.05713       4.99705605E-16
   4180.81836       3.82184892E-16
   4183.57910       4.11307208E-16
   4186.34033       3.75619010E-16
   4189.10156       3.74172305E-16
   4191.86279       3.74532188E-16
   4194.62402       3.92230491E-16
   4197.38477       3.99562408E-16
   4200.14600       3.99153397E-16
   4202.90723       4.95904015E-16
   4205.66846       4.24193597E-16
   4208.42969       3.67124488E-16
   4211.19043       4.99058789E-16
   4213.95166       4.04369797E-16
   4216.71289       2.87465592E-16
   4219.47412       3.09421294E-16
   4222.23535       3.10787400E-16
   4224.99609       4.15076611E-16
   4227.75732       3.65549509E-16
   4230.51855       3.47036810E-16
   4233.27979       3.11018799E-16
   4236.04102       3.50690910E-16
   4238.80176       4.43420795E-16
   4241.56299       4.48069524E-16
   4244.32422       3.16437612E-16
   4247.08545       3.87021689E-16
   4249.84668       3.77383089E-16
   4252.60742       3.34057592E-16
   4255.36865       3.42362988E-16
   4258.12988       3.07725905E-16
   4260.89111       3.32555697E-16
   4263.65234       4.15418309E-16
   4266.41309       4.15649390E-16
   4269.17432       3.65904813E-16
   4271.93555       3.50702795E-16
   4274.69678       3.27088602E-16
   4277.45752       3.62827410E-16
   4280.21875       4.42981397E-16
   4282.97998       4.62709006E-16
   4285.74121       4.08970800E-16
   4288.50244       2.75758908E-16
   4291.26318       3.68305410E-16
   4294.02441       3.46816608E-16
   4296.78564       3.31425887E-16
   4299.54688       3.81288096E-16
   4302.30811       4.12936397E-16
   4305.06885       4.35416810E-16
   4307.83008       3.13643913E-16
   4310.59131       3.44533907E-16
   4313.35254       3.61193695E-16
   4316.11377       3.23386406E-16
   4318.87451       2.82691290E-16
   4321.63574       3.20803194E-16
   4324.39697       3.05474200E-16
   4327.15820       3.17641987E-16
   4329.91943       3.40800106E-16
   4332.68018       3.39114511E-16
   4335.44141       3.10289794E-16
   4338.20264       3.62642995E-16
   4340.96387       3.93551598E-16
   4343.72510       3.67715108E-16
   4346.48584       4.37064898E-16
   4349.24707       3.69532787E-16
   4352.00830       3.65693187E-16
   4354.76953       3.90543096E-16
   4357.53076       4.20643788E-16
   4360.29150       3.16896598E-16
   4363.05273       2.44488808E-16
   4365.81396       2.98351897E-16
   4368.57520       3.18373003E-16
   4371.33643       3.29642406E-16
   4374.09717       3.49844407E-16
   4376.85840       3.13831689E-16
   4379.61963       2.80755608E-16
   4382.38086       3.38080390E-16
   4385.14160       3.41737190E-16
   4387.90283       3.45654108E-16
   4390.66406       3.11182911E-16
   4393.42529       3.54169595E-16
   4396.18652       4.16746510E-16
   4398.94727       3.87489807E-16
   4401.70850       3.22106910E-16
   4404.46973       3.07128297E-16
   4407.23096       3.56740605E-16
   4409.99219       3.42183099E-16
   4412.75293       3.40260705E-16
   4415.51416       3.50935306E-16
   4418.27539       3.76024713E-16
   4421.03662       4.09706713E-16
   4423.79785       3.37465099E-16
   4426.55859       3.77326894E-16
   4429.31982       3.05196797E-16
   4432.08105       3.20391589E-16
   4434.84229       4.03354204E-16
   4437.60352       3.61861501E-16
   4440.36426       3.98707911E-16
   4443.12549       4.28168008E-16
   4445.88672       3.79567110E-16
   4448.64795       3.94916512E-16
   4451.40918       3.91875796E-16
   4454.16992       3.77632302E-16
   4456.93115       4.59110122E-16
   4459.69238       4.41681307E-16
   4462.45361       4.51311913E-16
   4465.21484       3.94402390E-16
   4467.97559       3.19225013E-16
   4470.73682       3.27606404E-16
   4473.49805       3.91503207E-16
   4476.25928       3.69282701E-16
   4479.02051       3.77645510E-16
   4481.78125       4.43711989E-16
   4484.54248       3.94606895E-16
   4487.30371       3.39807490E-16
   4490.06494       3.77938901E-16
   4492.82617       3.50872493E-16
   4495.58691       3.89397695E-16
   4498.34814       4.36209501E-16
   4501.10938       3.92891706E-16
   4503.87061       3.89032704E-16
   4506.63135       3.48619994E-16
   4509.39258       3.15938604E-16
   4512.15381       3.54232408E-16
   4514.91504       3.47649188E-16
   4517.67627       3.15574406E-16
   4520.43701       4.06854489E-16
   4523.19824       4.04730606E-16
   4525.95947       3.73963511E-16
   4528.72070       2.95912998E-16
   4531.48193       3.46741090E-16
   4534.24268       3.51190792E-16
   4537.00391       3.56512303E-16
   4539.76514       3.45435388E-16
   4542.52637       3.31627507E-16
   4545.28760       3.04847290E-16
   4548.04834       3.62626107E-16
   4550.80957       3.22629688E-16
   4553.57080       3.55931212E-16
   4556.33203       3.56966101E-16
   4559.09326       2.97855007E-16
   4561.85400       2.96241700E-16
   4564.61523       3.73546797E-16
   4567.37646       4.32321090E-16
   4570.13770       3.44269712E-16
   4572.89893       3.49685111E-16
   4575.65967       4.22119505E-16
   4578.42090       3.42111710E-16
   4581.18213       4.03840110E-16
   4583.94336       3.49002800E-16
   4586.70459       3.89796701E-16
   4589.46533       4.15645896E-16
   4592.22656       3.83132907E-16
   4594.98779       3.24026710E-16
   4597.74902       3.03323213E-16
   4600.51025       3.41071395E-16
   4603.27100       3.23061913E-16
   4606.03223       3.77819099E-16
   4608.79346       3.94221707E-16
   4611.55469       4.36313289E-16
   4614.31543       4.32888099E-16
   4617.07666       4.27583396E-16
   4619.83789       4.21126597E-16
   4622.59912       4.19938712E-16
   4625.36035       4.88876183E-16
   4628.12109       4.92433880E-16
   4630.88232       4.55088515E-16
   4633.64355       4.59532685E-16
   4636.40479       4.62504183E-16
   4639.16602       4.83023397E-16
   4641.92676       5.53866374E-16
   4644.68799       5.05905674E-16
   4647.44922       4.59226483E-16
   4650.21045       5.07592223E-16
   4652.97168       4.99724187E-16
   4655.73242       5.63864804E-16
   4658.49365       5.41077394E-16
   4661.25488       4.71472514E-16
   4664.01611       5.18788675E-16
   4666.77734       5.82121381E-16
   4669.53809       5.52655381E-16
   4672.29932       5.34954405E-16
   4675.06055       5.88416213E-16
   4677.82178       5.61790579E-16
   4680.58301       4.77796886E-16
   4683.34375       4.78351322E-16
   4686.10498       4.92774175E-16
   4688.86621       4.93381975E-16
   4691.62744       5.44384475E-16
   4694.38867       5.50582480E-16
   4697.14941       5.76713076E-16
   4699.91064       5.67108675E-16
   4702.67188       5.47024783E-16
   4705.43311       5.63439911E-16
   4708.19434       5.67996207E-16
   4710.95508       5.91211580E-16
   4713.71631       5.94586106E-16
   4716.47754       5.33747012E-16
   4719.23877       5.58586994E-16
   4721.99951       5.60995374E-16
   4724.76074       5.84422611E-16
   4727.52197       6.10669515E-16
   4730.28320       5.17867209E-16
   4733.04443       5.50797521E-16
   4735.80518       5.79625387E-16
   4738.56641       5.68958913E-16
   4741.32764       6.09089375E-16
   4744.08887       6.42596622E-16
   4746.85010       6.07223520E-16
   4749.61084       5.66162486E-16
   4752.37207       5.94052687E-16
   4755.13330       6.11532589E-16
   4757.89453       5.47177408E-16
   4760.65576       6.04656005E-16
   4763.41650       6.13129722E-16
   4766.17773       5.69512819E-16
   4768.93896       6.12550511E-16
   4771.70020       6.73721007E-16
   4774.46143       6.90916517E-16
   4777.22217       6.05158878E-16
   4779.98340       5.72130204E-16
   4782.74463       5.82732886E-16
   4785.50586       6.15627411E-16
   4788.26709       5.81973786E-16
   4791.02783       5.37544420E-16
   4793.78906       5.67885881E-16
   4796.55029       5.00757302E-16
   4799.31152       5.65453308E-16
   4802.07275       6.12469725E-16
   4804.83350       5.20501481E-16
   4807.59473       5.38211776E-16
   4810.35596       5.16727685E-16
   4813.11719       5.19396580E-16
   4815.87842       5.45369892E-16
   4818.63916       4.61372017E-16
   4821.40039       4.50942606E-16
   4824.16162       4.13687397E-16
   4826.92285       4.43647800E-16
   4829.68408       4.65509297E-16
   4832.44482       4.62936011E-16
   4835.20605       4.76590393E-16
   4837.96729       5.14092089E-16
   4840.72852       4.95447517E-16
   4843.48926       4.08369301E-16
   4846.25049       4.30730812E-16
   4849.01172       4.30127195E-16
   4851.77295       3.63535106E-16
   4854.53418       3.92606494E-16
   4857.29492       4.76608816E-16
   4860.05615       5.11847399E-16
   4862.81738       4.98403292E-16
   4865.57861       4.65228717E-16
   4868.33984       4.81244098E-16
   4871.10059       4.19943609E-16
   4873.86182       4.04375911E-16
   4876.62305       3.98119197E-16
   4879.38428       4.09019690E-16
   4882.14551       4.18738705E-16
   4884.90625       3.90869494E-16
   4887.66748       4.29212294E-16
   4890.42871       3.70837906E-16
   4893.18994       3.78329807E-16
   4895.95117       3.80717699E-16
   4898.71191       3.93730295E-16
   4901.47314       3.92135094E-16
   4904.23438       3.52937506E-16
   4906.99561       3.95179701E-16
   4909.75684       3.97599992E-16
   4912.51758       4.03516808E-16
   4915.27881       4.10270996E-16
   4918.04004       4.37707399E-16
   4920.80127       4.51533306E-16
   4923.56250       4.43599413E-16
   4926.32324       4.91777377E-16
   4929.08447       3.95166599E-16
   4931.84570       3.62557101E-16
   4934.60693       3.99608095E-16
   4937.36816       4.65041417E-16
   4940.12891       4.17758794E-16
   4942.89014       4.39151511E-16
   4945.65137       4.27306205E-16
   4948.41260       3.97341303E-16
   4951.17334       4.07603292E-16
   4953.93457       4.40217105E-16
   4956.69580       4.85702880E-16
   4959.45703       4.85706691E-16
   4962.21826       4.31716388E-16
   4964.97900       4.06482588E-16
   4967.74023       4.19332501E-16
   4970.50146       4.65717879E-16
   4973.26270       4.34610805E-16
   4976.02393       4.46554076E-16
   4978.78467       4.51292907E-16
   4981.54590       4.35270988E-16
   4984.30713       4.32634995E-16
   4987.06836       4.40080097E-16
   4989.82959       4.44492821E-16
   4992.59033       4.63308705E-16
   4995.35156       4.58437101E-16
   4998.11279       4.57151199E-16
   5000.87402       4.72076978E-16
   5003.63525       4.20535394E-16
   5006.39600       3.88809987E-16
   5009.15723       4.18735105E-16
   5011.91846       4.25624103E-16
   5014.67969       4.57751216E-16
   5017.44092       4.69787025E-16
   5020.20166       4.29878009E-16
   5022.96289       4.31833702E-16
   5025.72412       4.70899814E-16
   5028.48535       4.34474804E-16
   5031.24658       4.39054896E-16
   5034.00732       4.37871194E-16
   5036.76855       4.62211003E-16
   5039.52979       4.79447383E-16
   5042.29102       3.94969505E-16
   5045.05225       4.06407599E-16
   5047.81299       4.49982706E-16
   5050.57422       4.90932779E-16
   5053.33545       4.88201415E-16
   5056.09668       4.70467510E-16
   5058.85791       4.61417810E-16
   5061.61865       4.46741005E-16
   5064.37988       4.75581207E-16
   5067.14111       5.12305220E-16
   5069.90234       5.36102081E-16
   5072.66309       4.78740216E-16
   5075.42432       5.04643383E-16
   5078.18555       5.20580203E-16
   5080.94678       5.64750906E-16
   5083.70801       5.60613680E-16
   5086.46875       5.57978825E-16
   5089.22998       5.38986705E-16
   5091.99121       5.75100484E-16
   5094.75244       5.71162998E-16
   5097.51367       5.39376075E-16
   5100.27441       5.63171984E-16
   5103.03564       5.51007797E-16
   5105.79688       5.55174722E-16
   5108.55811       5.80942206E-16
   5111.31934       5.73590013E-16
   5114.08008       6.00861985E-16
   5116.84131       5.59808681E-16
   5119.60254       4.93998826E-16
   5122.36377       5.09282106E-16
   5125.12500       5.34811203E-16
   5127.88574       5.13040286E-16
   5130.64697       4.93224215E-16
   5133.40820       5.15044207E-16
   5136.16943       5.26842317E-16
   5138.93066       5.19029020E-16
   5141.69141       5.04882194E-16
   5144.45264       4.76376412E-16
   5147.21387       4.67211780E-16
   5149.97510       4.87732900E-16
   5152.73633       4.42478709E-16
   5155.49707       4.95649323E-16
   5158.25830       4.75256317E-16
   5161.01953       4.69152385E-16
   5163.78076       4.43931106E-16
   5166.54199       4.53479523E-16
   5169.30273       4.87587105E-16
   5172.06396       4.75187495E-16
   5174.82520       4.87675884E-16
   5177.58643       4.78565198E-16
   5180.34717       4.76087626E-16
   5183.10840       4.60686926E-16
   5185.86963       4.79060924E-16
   5188.63086       4.28454887E-16
   5191.39209       4.59240988E-16
   5194.15283       4.61752811E-16
   5196.91406       4.27087697E-16
   5199.67529       4.16725705E-16
   5202.43652       4.18166005E-16
   5205.19775       3.91277711E-16
   5207.95850       4.01834601E-16
   5210.71973       4.40420393E-16
   5213.48096       4.87119278E-16
   5216.24219       4.55013182E-16
   5219.00342       4.39466898E-16
   5221.76416       4.27591496E-16
   5224.52539       4.29827293E-16
   5227.28662       5.04985214E-16
   5230.04785       4.52557316E-16
   5232.80908       4.35302699E-16
   5235.56982       4.50441322E-16
   5238.33105       4.29320290E-16
   5241.09229       4.40089388E-16
   5243.85352       4.32992496E-16
   5246.61475       3.96084094E-16
   5249.37549       4.02547908E-16
   5252.13672       4.55472221E-16
   5254.89795       4.29384797E-16
   5257.65918       3.89592301E-16
   5260.42041       3.85974703E-16
   5263.18115       4.40433098E-16
   5265.94238       4.44191595E-16
   5268.70361       4.38238409E-16
   5271.46484       4.41712594E-16
   5274.22607       4.06609405E-16
   5276.98682       4.15796192E-16
   5279.74805       4.02991595E-16
   5282.50928       4.37393309E-16
   5285.27051       4.77291896E-16
   5288.03125       4.29174998E-16
   5290.79248       4.17341603E-16
   5293.55371       4.43792510E-16
   5296.31494       4.66385023E-16
   5299.07617       4.52575580E-16
   5301.83691       4.62817214E-16
   5304.59814       3.77988294E-16
   5307.35938       4.54172608E-16
   5310.12061       4.62271407E-16
   5312.88184       3.79200292E-16
   5315.64258       4.30101202E-16
   5318.40381       4.72819509E-16
   5321.16504       5.10775426E-16
   5323.92627       5.05589096E-16
   5326.68750       4.90122274E-16
   5329.44824       5.17934177E-16
   5332.20947       5.00317110E-16
   5334.97070       4.82638209E-16
   5337.73193       5.01072504E-16
   5340.49316       4.98345905E-16
   5343.25391       4.70218906E-16
   5346.01514       5.00172797E-16
   5348.77637       4.79471894E-16
   5351.53760       4.70418594E-16
   5354.29883       5.57897404E-16
   5357.05957       5.69775188E-16
   5359.82080       5.58799176E-16
   5362.58203       5.22745589E-16
   5365.34326       5.29437097E-16
   5368.10449       5.15043519E-16
   5370.86523       5.60266290E-16
   5373.62646       6.01682813E-16
   5376.38770       5.48565377E-16
   5379.14893       5.15034095E-16
   5381.91016       5.71005821E-16
   5384.67090       5.68023683E-16
   5387.43213       5.35731981E-16
   5390.19336       5.41649988E-16
   5392.95459       5.60405786E-16
   5395.71582       5.80246103E-16
   5398.47656       5.78683275E-16
   5401.23779       5.84128426E-16
   5403.99902       5.34194616E-16
   5406.76025       5.76982009E-16
   5409.52100       5.87252019E-16
   5412.28223       5.51852712E-16
   5415.04346       5.37106609E-16
   5417.80469       5.68614594E-16
   5420.56592       5.60674825E-16
   5423.32666       5.49143795E-16
   5426.08789       5.42053388E-16
   5428.84912       5.95961106E-16
   5431.61035       5.95632616E-16
   5434.37158       6.17842614E-16
   5437.13232       5.51406114E-16
   5439.89355       5.52243723E-16
   5442.65479       5.50781215E-16
   5445.41602       5.91485013E-16
   5448.17725       6.43136182E-16
   5450.93799       6.32925994E-16
   5453.69922       6.22543223E-16
   5456.46045       6.10102109E-16
   5459.22168       6.10989005E-16
   5461.98291       6.23061184E-16
   5464.74365       6.22435914E-16
   5467.50488       6.45961196E-16
   5470.26611       6.50031718E-16
   5473.02734       5.92313093E-16
   5475.78857       6.81531497E-16
   5478.54932       6.74562798E-16
   5481.31055       6.26688920E-16
   5484.07178       6.08771897E-16
   5486.83301       6.14994624E-16
   5489.59424       5.92616014E-16
   5492.35498       5.93843682E-16
   5495.11621       6.51493380E-16
   5497.87744       6.05058504E-16
   5500.63867       6.07097418E-16
   5503.39990       6.21911813E-16
   5506.16064       6.09972407E-16
   5508.92188       5.76342975E-16
   5511.68311       5.91258114E-16
   5514.44434       5.82754909E-16
   5517.20508       5.99489315E-16
   5519.96631       5.77527075E-16
   5522.72754       6.27528912E-16
   5525.48877       6.67198906E-16
   5528.25000       6.23780579E-16
   5531.01074       6.08618319E-16
   5533.77197       6.05154113E-16
   5536.53320       5.81889718E-16
   5539.29443       5.75912789E-16
   5542.05566       5.99931996E-16
   5544.81641       5.65251185E-16
   5547.57764       6.05458674E-16
   5550.33887       6.09558102E-16
   5553.10010       5.69904096E-16
   5555.86133       6.36015811E-16
   5558.62207       6.07230985E-16
   5561.38330       5.74491626E-16
   5564.14453       5.67025984E-16
   5566.90576       5.71547604E-16
   5569.66699       5.89750978E-16
   5572.42773       5.38099808E-16
   5575.18896       5.51948903E-16
   5577.95020       7.01338516E-16
   5580.71143       6.24238401E-16
   5583.47266       5.70549905E-16
   5586.23340       5.39233774E-16
   5588.99463       5.24707900E-16
   5591.75586       6.39946679E-16
   5594.51709       6.05397582E-16
   5597.27832       5.91129683E-16
   5600.03906       5.90155012E-16
   5602.80029       6.10809593E-16
   5605.56152       6.00916513E-16
   5608.32275       6.00962676E-16
   5611.08398       6.15671880E-16
   5613.84473       6.16926812E-16
   5616.60596       6.32206387E-16
   5619.36719       6.67274398E-16
   5622.12842       6.18582285E-16
   5624.88916       6.22045697E-16
   5627.65039       5.89968824E-16
   5630.41162       6.10106503E-16
   5633.17285       6.09223312E-16
   5635.93408       6.12171410E-16
   5638.69482       6.25265481E-16
   5641.45605       6.38388880E-16
   5644.21729       6.72366124E-16
   5646.97852       6.13570285E-16
   5649.73975       5.88387784E-16
   5652.50049       6.03874723E-16
   5655.26172       6.07269895E-16
   5658.02295       5.85246298E-16
   5660.78418       5.51812795E-16
   5663.54541       5.86259190E-16
   5666.30615       5.94443487E-16
   5669.06738       5.66366198E-16
   5671.82861       5.83398019E-16
   5674.58984       6.16863496E-16
   5677.35107       5.58936819E-16
   5680.11182       5.13885783E-16
   5682.87305       5.43406682E-16
   5685.63428       5.53192983E-16
   5688.39551       5.66003297E-16
   5691.15674       5.62948526E-16
   5693.91748       5.66223420E-16
   5696.67871       5.82569991E-16
   5699.43994       5.29726411E-16
   5702.20117       5.01416982E-16
   5704.96240       5.04790185E-16
   5707.72314       5.31358803E-16
   5710.48438       4.73752886E-16
   5713.24561       4.68898117E-16
   5716.00684       5.48134820E-16
   5718.76807       5.15198685E-16
   5721.52881       4.83497788E-16
   5724.29004       4.69904286E-16
   5727.05127       4.73840819E-16
   5729.81250       5.23258574E-16
   5732.57373       4.88506082E-16
   5735.33447       4.33349600E-16
   5738.09570       4.85292281E-16
   5740.85693       4.77914888E-16
   5743.61816       5.04154222E-16
   5746.37891       5.50491477E-16
   5749.14014       5.27892214E-16
   5751.90137       5.56370415E-16
   5754.66260       5.20125505E-16
   5757.42383       5.40593579E-16
   5760.18457       4.80523485E-16
   5762.94580       4.84481988E-16
   5765.70703       5.14888776E-16
   5768.46826       5.40037185E-16
   5771.22949       5.07279085E-16
   5773.99023       5.11551308E-16
   5776.75146       5.05779308E-16
   5779.51270       5.29241697E-16
   5782.27393       5.02921524E-16
   5785.03516       4.94742415E-16
   5787.79590       4.99892111E-16
   5790.55713       5.30928722E-16
   5793.31836       5.50851095E-16
   5796.07959       5.32355707E-16
   5798.84082       5.11100210E-16
   5801.60156       4.93011080E-16
   5804.36279       4.90219895E-16
   5807.12402       4.98366022E-16
   5809.88525       5.28411075E-16
   5812.64648       5.31462194E-16
   5815.40723       5.05970578E-16
   5818.16846       4.61342424E-16
   5820.92969       5.28227375E-16
   5823.69092       5.19638725E-16
   5826.45215       5.03835314E-16
   5829.21289       4.65911108E-16
   5831.97412       5.23543124E-16
   5834.73535       4.65591618E-16
   5837.49658       4.64457388E-16
   5840.25781       4.88104112E-16
   5843.01855       4.97593793E-16
   5845.77979       4.89381914E-16
   5848.54102       4.47790109E-16
   5851.30225       4.12371505E-16
   5854.06299       4.22556097E-16
   5856.82422       4.49159020E-16
   5859.58545       4.59499810E-16
   5862.34668       4.74745079E-16
   5865.10791       4.34369401E-16
   5867.86865       4.11028508E-16
   5870.62988       4.42852304E-16
   5873.39111       4.49703080E-16
   5876.15234       4.06366095E-16
   5878.91357       3.90704905E-16
   5881.67432       4.25521506E-16
   5884.43555       3.97508406E-16
   5887.19678       3.34323904E-16
   5889.95801       3.60142792E-16
   5892.71924       3.79613088E-16
   5895.47998       3.42310207E-16
   5898.24121       3.74920605E-16
   5901.00244       3.32876510E-16
   5903.76367       3.43554393E-16
   5906.52490       3.94408901E-16
   5909.28564       3.64991209E-16
   5912.04688       3.47394496E-16
   5914.80811       3.57211105E-16
   5917.56934       3.60512813E-16
   5920.33057       3.64817487E-16
   5923.09131       3.93478409E-16
   5925.85254       3.57713210E-16
   5928.61377       3.80708090E-16
   5931.37500       3.59941992E-16
   5934.13623       3.82883694E-16
   5936.89697       3.05540295E-16
   5939.65820       3.32119713E-16
   5942.41943       3.44342689E-16
   5945.18066       3.70903393E-16
   5947.94189       3.81733291E-16
   5950.70264       3.43981006E-16
   5953.46387       3.60497593E-16
   5956.22510       3.84771493E-16
   5958.98633       3.53647505E-16
   5961.74707       3.28436311E-16
   5964.50830       3.40041191E-16
   5967.26953       3.15796409E-16
   5970.03076       3.30512706E-16
   5972.79199       3.27791401E-16
   5975.55273       3.25381804E-16
   5978.31396       3.67517908E-16
   5981.07520       3.42157900E-16
   5983.83643       3.24348291E-16
   5986.59766       3.92917488E-16
   5989.35840       3.90263204E-16
   5992.11963       3.66579395E-16
   5994.88086       3.95318588E-16
   5997.64209       3.66729188E-16
   6000.40332       3.73584596E-16
   6003.16406       3.68390087E-16
   6005.92529       3.90745192E-16
   6008.68652       3.94782813E-16
   6011.44775       4.04751597E-16
   6014.20898       4.40426904E-16
   6016.96973       3.91449500E-16
   6019.73096       4.11901693E-16
   6022.49219       4.36189807E-16
   6025.25342       4.64010578E-16
   6028.01465       4.50248781E-16
   6030.77539       4.09771008E-16
   6033.53662       3.95560813E-16
   6036.29785       4.26223988E-16
   6039.05908       4.62675919E-16
   6041.82031       4.27044789E-16
   6044.58105       4.12603195E-16
   6047.34229       4.38731091E-16
   6050.10352       4.24398897E-16
   6052.86475       4.19756494E-16
   6055.62598       4.29923696E-16
   6058.38672       4.08549507E-16
   6061.14795       4.10797109E-16
   6063.90918       4.37393309E-16
   6066.67041       4.39544110E-16
   6069.43164       4.39867995E-16
   6072.19238       4.42697588E-16
   6074.95361       4.12107496E-16
   6077.71484       4.04606013E-16
   6080.47607       4.38478093E-16
   6083.23682       4.75526997E-16
   6085.99805       4.54860981E-16
   6088.75928       4.26038091E-16
   6091.52051       4.39156805E-16
   6094.28174       4.36556493E-16
   6097.04248       4.55591388E-16
   6099.80371       4.89049983E-16
   6102.56494       5.32670116E-16
   6105.32617       4.69972790E-16
   6108.08740       4.51385022E-16
   6110.84814       4.66956876E-16
   6113.60938       4.56488290E-16
   6116.37061       5.08170376E-16
   6119.13184       4.85857622E-16
   6121.89307       4.71630221E-16
   6124.65381       4.57284818E-16
   6127.41504       4.40970593E-16
   6130.17627       4.61516913E-16
   6132.93750       5.00907492E-16
   6135.69873       4.54229677E-16
   6138.45947       4.49420594E-16
   6141.22070       4.15527206E-16
   6143.98193       4.39935493E-16
   6146.74316       4.37213711E-16
   6149.50439       4.47686082E-16
   6152.26514       4.74274923E-16
   6155.02637       4.57348081E-16
   6157.78760       4.64551514E-16
   6160.54883       4.17040113E-16
   6163.31006       3.98237887E-16
   6166.07080       4.31832008E-16
   6168.83203       4.62706094E-16
   6171.59326       4.61247609E-16
   6174.35449       4.25225495E-16
   6177.11572       4.00305389E-16
   6179.87646       4.29019488E-16
   6182.63770       4.14900190E-16
   6185.39893       4.02191890E-16
   6188.16016       4.22836491E-16
   6190.92090       4.15016604E-16
   6193.68213       4.33412704E-16
   6196.44336       4.49431923E-16
   6199.20459       4.29784703E-16
   6201.96582       3.58523450E-16
   6204.72656       3.56263699E-16
   6207.48779       4.00130847E-16
   6210.24902       4.29307506E-16
   6213.01025       3.87507356E-16
   6215.77148       4.33096496E-16
   6218.53223       4.55849362E-16
   6221.29346       4.00567916E-16
   6224.05469       3.76382399E-16
   6226.81592       3.71444753E-16
   6229.57715       3.65923924E-16
   6232.33789       3.75510670E-16
   6235.09912       4.12425265E-16
   6237.86035       4.09700916E-16
   6240.62158       4.21447622E-16
   6243.38281       3.48948643E-16
   6246.14355       3.54057760E-16
   6248.90479       3.56031029E-16
   6251.66602       3.51375048E-16
   6254.42725       3.55525642E-16
   6257.18848       4.06920478E-16
   6259.94922       4.55354007E-16
   6262.71045       3.79643582E-16
   6265.47168       3.79178931E-16
   6268.23291       4.32849215E-16
   6270.99414       4.64497251E-16
   6273.75488       4.47598838E-16
   6276.51611       4.18324162E-16
   6279.27734       4.07453553E-16
   6282.03857       4.43921180E-16
   6284.79980       4.30455870E-16
   6287.56055       4.43500575E-16
   6290.32178       4.36385154E-16
   6293.08301       4.22712666E-16
   6295.84424       4.28815326E-16
   6298.60498       4.20395634E-16
   6301.36621       4.49314821E-16
   6304.12744       4.67182928E-16
   6306.88867       4.24595064E-16
   6309.64990       4.16378103E-16
   6312.41064       4.50182765E-16
   6315.17188       4.68142457E-16
   6317.93311       4.52823231E-16
   6320.69434       4.01934074E-16
   6323.45557       4.45414181E-16
   6326.21631       4.57866254E-16
   6328.97754       4.40011752E-16
   6331.73877       4.26454778E-16
   6334.50000       3.97410971E-16
   6337.26123       4.03932834E-16
   6340.02197       4.37045522E-16
   6342.78320       4.06836463E-16
   6345.54443       4.58217349E-16
   6348.30566       4.43307584E-16
   6351.06689       4.25161279E-16
   6353.82764       4.44984365E-16
   6356.58887       4.81313979E-16
   6359.35010       4.58579720E-16
   6362.11133       4.65067940E-16
   6364.87256       4.50094991E-16
   6367.63330       4.48869705E-16
   6370.39453       4.60152819E-16
   6373.15576       4.60275957E-16
   6375.91699       3.93820372E-16
   6378.67822       3.94221760E-16
   6381.43896       4.41288151E-16
   6384.20020       4.55315202E-16
   6386.96143       4.51588575E-16
   6389.72266       4.13425902E-16
   6392.48389       4.38973634E-16
   6395.24463       4.33552226E-16
   6398.00586       3.85734516E-16
   6400.76709       4.30931135E-16
   6403.52832       4.79471417E-16
   6406.28955       4.23497812E-16
   6409.05029       3.90754298E-16
   6411.81152       4.11602505E-16
   6414.57275       3.96891793E-16
   6417.33398       4.05848187E-16
   6420.09473       4.17699395E-16
   6422.85596       3.79282798E-16
   6425.61719       3.81768311E-16
   6428.37842       4.04541003E-16
   6431.13965       3.96743694E-16
   6433.90039       4.14439404E-16
   6436.66162       3.90921296E-16
   6439.42285       3.97702403E-16
   6442.18408       3.56267007E-16
   6444.94531       3.73859696E-16
   6447.70605       3.99006596E-16
   6450.46729       3.75867006E-16
   6453.22852       3.72686794E-16
   6455.98975       4.07434997E-16
   6458.75098       3.95927208E-16
   6461.51172       3.98583106E-16
   6464.27295       4.27132801E-16
   6467.03418       4.43970996E-16
   6469.79541       4.12335903E-16
   6472.55664       4.06584497E-16
   6475.31738       4.18189192E-16
   6478.07861       4.60987888E-16
   6480.83984       4.28803812E-16
   6483.60107       4.05561996E-16
   6486.36230       4.40802298E-16
   6489.12305       4.62370616E-16
   6491.88428       4.23599403E-16
   6494.64551       4.41223009E-16
   6497.40674       4.43136007E-16
   6500.16797       4.43641712E-16
   6502.92871       4.54815082E-16
   6505.68994       4.45449598E-16
   6508.45117       4.66464115E-16
   6511.21240       5.05484223E-16
   6513.97363       4.97454721E-16
   6516.73438       4.77295125E-16
   6519.49561       5.08149676E-16
   6522.25684       4.97875008E-16
   6525.01807       4.76950382E-16
   6527.77881       4.90465217E-16
   6530.54004       4.76654980E-16
   6533.30127       4.88332599E-16
   6536.06250       5.25658324E-16
   6538.82373       5.19680706E-16
   6541.58447       5.34039874E-16
   6544.34570       4.89796114E-16
   6547.10693       5.06580389E-16
   6549.86816       5.17210017E-16
   6552.62939       4.55357977E-16
   6555.39014       5.11954919E-16
   6558.15137       5.63130426E-16
   6560.91260       5.15952226E-16
   6563.67383       5.77446977E-16
   6566.43506       5.91915676E-16
   6569.19580       5.56484394E-16
   6571.95703       5.58640199E-16
   6574.71826       5.74373412E-16
   6577.47949       5.77997019E-16
   6580.24072       5.36088423E-16
   6583.00146       5.40492306E-16
   6585.76270       5.49306478E-16
   6588.52393       5.43101326E-16
   6591.28516       5.63989106E-16
   6594.04639       5.87000291E-16
   6596.80713       5.42847375E-16
   6599.56836       5.60272219E-16
   6602.32959       5.73803094E-16
   6605.09082       5.12696179E-16
   6607.85205       5.51663612E-16
   6610.61279       5.96846096E-16
   6613.37402       5.81167093E-16
   6616.13525       5.40903805E-16
   6618.89648       5.37993718E-16
   6621.65771       5.36588225E-16
   6624.41846       5.50206292E-16
   6627.17969       5.86583286E-16
   6629.94092       5.72492787E-16
   6632.70215       5.50776715E-16
   6635.46289       5.91586604E-16
   6638.22412       5.76670407E-16
   6640.98535       5.49422998E-16
   6643.74658       5.32002177E-16
   6646.50781       5.06664510E-16
   6649.26855       4.86158795E-16
   6652.02979       5.54721612E-16
   6654.79102       6.15083774E-16
   6657.55225       5.67523880E-16
   6660.31348       5.29544511E-16
   6663.07422       5.37103010E-16
   6665.83545       5.24302012E-16
   6668.59668       5.29735676E-16
   6671.35791       5.24496512E-16
   6674.11914       5.65623721E-16
   6676.87988       5.63351396E-16
   6679.64111       5.46750080E-16
   6682.40234       5.65253991E-16
   6685.16357       5.43550307E-16
   6687.92480       4.88339905E-16
   6690.68555       4.81165007E-16
   6693.44678       5.05842782E-16
   6696.20801       4.81927019E-16
   6698.96924       5.06891621E-16
   6701.73047       5.39823097E-16
   6704.49121       4.96249869E-16
   6707.25244       5.14702006E-16
   6710.01367       5.11473434E-16
   6712.77490       5.25998090E-16
   6715.53613       5.39161829E-16
   6718.29688       4.99137669E-16
   6721.05811       5.59875861E-16
   6723.81934       4.66468297E-16
   6726.58057       4.78306959E-16
   6729.34180       5.52664381E-16
   6732.10254       5.14328676E-16
   6734.86377       4.82606710E-16
   6737.62500       5.39521024E-16
   6740.38623       5.18368441E-16
   6743.14746       5.14464995E-16
   6745.90820       5.04428025E-16
   6748.66943       5.43567300E-16
   6751.43066       5.63289404E-16
   6754.19189       5.43882291E-16
   6756.95264       5.60348135E-16
   6759.71387       6.19491046E-16
   6762.47510       6.17404962E-16
   6765.23633       5.65229109E-16
   6767.99756       5.13146641E-16
   6770.75830       5.07976564E-16
   6773.51953       5.31779196E-16
   6776.28076       5.13963446E-16
   6779.04199       5.36304893E-16
   6781.80322       5.38537036E-16
   6784.56396       4.88066525E-16
   6787.32520       5.01844045E-16
   6790.08643       4.83597738E-16
   6792.84766       4.79314928E-16
   6795.60889       4.48212566E-16
   6798.36963       4.80073763E-16
   6801.13086       4.51046315E-16
   6803.89209       4.62249226E-16
   6806.65332       4.34254416E-16
   6809.41455       4.37661791E-16
   6812.17529       4.39285236E-16
   6814.93652       4.34647307E-16
   6817.69775       4.29726205E-16
   6820.45898       4.45628004E-16
   6823.22021       4.27156174E-16
   6825.98096       4.19739289E-16
   6828.74219       4.66679579E-16
   6831.50342       4.51958093E-16
   6834.26465       4.22791202E-16
   6837.02588       4.16261954E-16
   6839.78662       4.07244468E-16
   6842.54785       4.08950577E-16
   6845.30908       4.07339441E-16
   6848.07031       4.01805643E-16
   6850.83154       3.94244391E-16
   6853.59229       4.09200055E-16
   6856.35352       4.50775264E-16
   6859.11475       4.33757923E-16
   6861.87598       4.33279190E-16
   6864.63672       4.54053282E-16
   6867.39795       4.46839102E-16
   6870.15918       4.86630857E-16
   6872.92041       4.68170780E-16
   6875.68164       4.43921365E-16
   6878.44238       4.16383424E-16
   6881.20361       4.16928119E-16
   6883.96484       3.85058160E-16
   6886.72607       4.00116156E-16
   6889.48730       4.12605948E-16
   6892.24805       4.40316049E-16
   6895.00928       4.09638527E-16
   6897.77051       3.86887328E-16
   6900.53174       4.12321901E-16
   6903.29297       4.56730753E-16
   6906.05371       4.31694577E-16
   6908.81494       4.15361585E-16
   6911.57617       4.30548276E-16
   6914.33740       4.08237164E-16
   6917.09863       3.74024868E-16
   6919.85938       3.83922421E-16
   6922.62061       4.16069836E-16
   6925.38184       3.96971149E-16
   6928.14307       3.58356717E-16
   6930.90430       3.63771772E-16
   6933.66504       3.99809054E-16
   6936.42627       4.20498733E-16
   6939.18750       3.89466464E-16
   6941.94873       3.88100491E-16
   6944.70996       3.53916941E-16
   6947.47070       3.63824315E-16
   6950.23193       3.46109388E-16
   6952.99316       4.00164490E-16
   6955.75439       3.73587031E-16
   6958.51562       3.27793836E-16
   6961.27637       3.80789220E-16
   6964.03760       3.21268109E-16
   6966.79883       3.24619236E-16
   6969.56006       3.67347840E-16
   6972.32080       3.54325767E-16
   6975.08203       3.52366977E-16
   6977.84326       3.74487613E-16
   6980.60449       3.40052997E-16
   6983.36572       3.18302805E-16
   6986.12646       3.13675729E-16
   6988.88770       3.07805500E-16
   6991.64893       3.22355964E-16
   6994.41016       3.25297445E-16
   6997.17139       3.36187059E-16
   6999.93213       3.38436779E-16
   7002.69336       3.33988162E-16
   7005.45459       3.29595343E-16
   7008.21582       3.23589826E-16
   7010.97705       3.11899104E-16
   7013.73779       3.07396012E-16
   7016.49902       3.18081174E-16
   7019.26025       3.30296554E-16
   7022.02148       3.29825153E-16
   7024.78271       3.20526823E-16
   7027.54346       3.11889310E-16
   7030.30469       3.02311750E-16
   7033.06592       2.95952703E-16
   7035.82715       3.05587253E-16
   7038.58838       3.26286038E-16
   7041.34912       3.33807135E-16
   7044.11035       3.22078058E-16
   7046.87158       3.15947683E-16
   7049.63281       3.25128885E-16
   7052.39404       3.32117516E-16
   7055.15479       3.19444050E-16
   7057.91602       2.94417906E-16
   7060.67725       2.80754735E-16
   7063.43848       2.81871733E-16
   7066.19971       2.83887089E-16
   7068.96045       2.80866887E-16
   7071.72168       2.76434417E-16
   7074.48291       2.75449132E-16
   7077.24414       2.79525505E-16
   7080.00537       2.87655962E-16
   7082.76611       2.93408931E-16
   7085.52734       2.85793205E-16
   7088.28857       2.68807203E-16
   7091.04980       2.65761934E-16
   7093.81055       2.79467510E-16
   7096.57178       2.91155717E-16
   7099.33301       2.95116364E-16
   7102.09424       2.95634430E-16
   7104.85547       2.93583393E-16
   7107.61621       2.88957349E-16
   7110.37744       2.85055836E-16
   7113.13867       2.85905119E-16
   7115.89990       2.91623465E-16
   7118.66113       2.96666275E-16
   7121.42188       2.95243578E-16
   7124.18311       2.88997001E-16
   7126.94434       2.84824808E-16
   7129.70557       2.86242238E-16
   7132.46680       2.88792839E-16
   7135.22754       2.88654455E-16
   7137.98877       2.89815579E-16
   7140.75000       2.93414886E-16
   7143.51123       2.96260229E-16
   7146.27246       3.00436657E-16
   7149.03320       3.06976996E-16
   7151.79443       3.08286561E-16
   7154.55566       3.00669485E-16
   7157.31689       2.95954318E-16
   7160.07812       2.95978723E-16
   7162.83887       2.92703829E-16
   7165.60010       2.92974059E-16
   7168.36133       3.01698948E-16
   7171.12256       3.08855318E-16
   7173.88379       3.04541485E-16
   7176.64453       2.93028163E-16
   7179.40576       2.89091260E-16
   7182.16699       2.97301206E-16
   7184.92822       3.08750497E-16
   7187.68945       3.22776278E-16
   7190.45020       3.34172418E-16
   7193.21143       3.30249967E-16
   7195.97266       3.17031091E-16
   7198.73389       3.10974726E-16
   7201.49463       3.09888063E-16
   7204.25586       3.03005390E-16
   7207.01709       2.99662363E-16
   7209.77832       3.07747769E-16
   7212.53955       3.14511142E-16
   7215.30029       3.15242608E-16
   7218.06152       3.14486022E-16
   7220.82275       3.11211949E-16
   7223.58398       3.13792011E-16
   7226.34521       3.21493764E-16
   7229.10596       3.21007143E-16
   7231.86719       3.17822617E-16
   7234.62842       3.15965418E-16
   7237.38965       3.12977801E-16
   7240.15088       3.15999829E-16
   7242.91162       3.22763016E-16
   7245.67285       3.24701901E-16
   7248.43408       3.18086442E-16
   7251.19531       3.06566820E-16
   7253.95654       2.99907103E-16
   7256.71729       2.95077506E-16
   7259.47852       2.86157932E-16
   7262.23975       2.77049786E-16
   7265.00098       2.73580286E-16
   7267.76221       2.79727099E-16
   7270.52295       2.85576496E-16
   7273.28418       2.80336221E-16
   7276.04541       2.73550243E-16
   7278.80664       2.77089359E-16
   7281.56787       2.81551634E-16
   7284.32861       2.81354408E-16
   7287.08984       2.84198771E-16
   7289.85107       2.85649632E-16
   7292.61230       2.83098660E-16
   7295.37354       2.79568836E-16
   7298.13428       2.78278037E-16
   7300.89551       2.80875993E-16
   7303.65674       2.84608602E-16
   7306.41797       2.89494103E-16
   7309.17920       2.88639818E-16
   7311.93994       2.77078797E-16
   7314.70117       2.65810930E-16
   7317.46240       2.60351696E-16
   7320.22363       2.58506329E-16
   7322.98438       2.60864204E-16
   7325.74561       2.66310044E-16
   7328.50684       2.69828380E-16
   7331.26807       2.68966048E-16
   7334.02930       2.67153239E-16
   7336.79004       2.63557954E-16
   7339.55127       2.61369407E-16
   7342.31250       2.69552565E-16
   7345.07373       2.85124604E-16
   7347.83496       2.92414064E-16
   7350.59570       2.89817696E-16
   7353.35693       2.90808222E-16
   7356.11816       2.92204503E-16
   7358.87939       2.88588651E-16
   7361.64062       2.94784962E-16
   7364.40137       3.08384314E-16
   7367.16260       3.08809048E-16
   7369.92383       2.94670533E-16
   7372.68506       2.81077402E-16
   7375.44629       2.79678156E-16
   7378.20703       2.87734233E-16
   7380.96826       2.92345640E-16
   7383.72949       2.89477665E-16
   7386.49072       2.85599578E-16
   7389.25195       2.86561569E-16
   7392.01270       2.93200243E-16
   7394.77393       2.97321429E-16
   7397.53516       2.95871917E-16
   7400.29639       2.96363964E-16
   7403.05762       3.00393379E-16
   7405.81836       3.03634207E-16
   7408.57959       3.00017270E-16
   7411.34082       2.94112286E-16
   7414.10205       2.88698660E-16
   7416.86328       2.85224395E-16
   7419.62402       2.84725705E-16
   7422.38525       2.85182653E-16
   7425.14648       2.85629171E-16
   7427.90771       2.88627641E-16
   7430.66846       2.96930470E-16
   7433.42969       3.07288068E-16
   7436.19092       3.12198477E-16
   7438.95215       3.10602508E-16
   7441.71338       3.03011134E-16
   7444.47412       2.88089193E-16
   7447.23535       2.76372345E-16
   7449.99658       2.80538503E-16
   7452.75781       2.94119882E-16
   7455.51904       3.03134537E-16
   7458.27979       3.06479681E-16
   7461.04102       3.07294130E-16
   7463.80225       3.05625581E-16
   7466.56348       3.01561173E-16
   7469.32471       2.98931136E-16
   7472.08545       2.99967930E-16
   7474.84668       3.03610807E-16
   7477.60791       3.09847193E-16
   7480.36914       3.15707179E-16
   7483.13037       3.15557889E-16
   7485.89111       3.11415316E-16
   7488.65234       3.08552027E-16
   7491.41357       3.10393768E-16
   7494.17480       3.17804830E-16
   7496.93604       3.26884440E-16
   7499.69678       3.29434142E-16
   7502.45801       3.22458773E-16
   7505.21924       3.14160708E-16
   7507.98047       3.12994159E-16
   7510.74170       3.18109179E-16
   7513.50244       3.21060877E-16
   7516.26367       3.15223285E-16
   7519.02490       3.04221836E-16
   7521.78613       3.00025079E-16
   7524.54736       3.09454488E-16
   7527.30811       3.27452985E-16
   7530.06934       3.36571612E-16
   7532.83057       3.33741119E-16
   7535.59180       3.33733231E-16
   7538.35254       3.37167632E-16
   7541.11377       3.36538790E-16
   7543.87500       3.34298837E-16
   7546.63623       3.36339816E-16
   7549.39746       3.41043046E-16
   7552.15820       3.40645285E-16
   7554.91943       3.35257520E-16
   7557.68066       3.31713772E-16
   7560.44189       3.30191786E-16
   7563.20312       3.30293827E-16
   7565.96387       3.32814333E-16
   7568.72510       3.33245340E-16
   7571.48633       3.31573429E-16
   7574.24756       3.32684366E-16
   7577.00879       3.34993246E-16
   7579.76953       3.27843970E-16
   7582.53076       3.08015776E-16
   7585.29199       2.89133770E-16
   7588.05322       2.81093283E-16
   7590.81445       2.87967909E-16
   7593.57520       3.05305005E-16
   7596.33643       3.16619883E-16
   7599.09766       3.15266642E-16
   7601.85889       3.11211313E-16
   7604.62012       3.08662512E-16
   7607.38086       3.02634972E-16
   7610.14209       2.90063839E-16
   7612.90332       2.78586357E-16
   7615.66455       2.78951852E-16
   7618.42578       2.83849555E-16
   7621.18652       2.84190539E-16
   7623.94775       2.90591064E-16
   7626.70898       3.06192828E-16
   7629.47021       3.07245770E-16
   7632.23145       2.83214783E-16
   7634.99219       2.58971562E-16
   7637.75342       2.52909294E-16
   7640.51465       2.58501009E-16
   7643.27588       2.68471090E-16
   7646.03711       2.72816845E-16
   7648.79785       2.68249723E-16
   7651.55908       2.65427383E-16
   7654.32031       2.64950212E-16
   7657.08154       2.57704983E-16
   7659.84229       2.52825623E-16
   7662.60352       2.60882495E-16
   7665.36475       2.65548932E-16
   7668.12598       2.59401352E-16
   7670.88721       2.56554633E-16
   7673.64795       2.58549581E-16
   7676.40918       2.60810947E-16
   7679.17041       2.61133270E-16
   7681.93164       2.57736085E-16
   7684.69287       2.55958004E-16
   7687.45361       2.57760199E-16
   7690.21484       2.56229372E-16
   7692.97607       2.52053738E-16
   7695.73730       2.47274169E-16
   7698.49854       2.38682820E-16
   7701.25928       2.31347832E-16
   7704.02051       2.32247249E-16
   7706.78174       2.37893438E-16
   7709.54297       2.44407228E-16
   7712.30420       2.48537890E-16
   7715.06494       2.45567107E-16
   7717.82617       2.38715193E-16
   7720.58740       2.35953495E-16
   7723.34863       2.35175045E-16
   7726.10986       2.29983104E-16
   7728.87061       2.25427257E-16
   7731.63184       2.23311184E-16
   7734.39307       2.17921646E-16
   7737.15430       2.15374101E-16
   7739.91553       2.19860094E-16
   7742.67627       2.22835390E-16
   7745.43750       2.19215833E-16
   7748.19873       2.14083303E-16
   7750.95996       2.12239299E-16
   7753.72119       2.15294930E-16
   7756.48193       2.23060303E-16
   7759.24316       2.27049114E-16
   7762.00439       2.24638564E-16
   7764.76562       2.23461479E-16
   7767.52637       2.25119573E-16
   7770.28760       2.26252373E-16
   7773.04883       2.22794229E-16
   7775.81006       2.16935368E-16
   7778.57129       2.15958197E-16
   7781.33203       2.17327518E-16
   7784.09326       2.18382299E-16
   7786.85449       2.21751757E-16
   7789.61572       2.22787956E-16
   7792.37695       2.12501919E-16
   7795.13770       1.97438946E-16
   7797.89893       1.88099693E-16
   7800.66016       1.85681758E-16
   7803.42139       1.92043942E-16
   7806.18262       2.01694943E-16
   7808.94336       2.06102638E-16
   7811.70459       2.03078981E-16
   7814.46582       1.98817956E-16
   7817.22705       2.01987050E-16
   7819.98828       2.10032751E-16
   7822.74902       2.14822061E-16
   7825.51025       2.15489470E-16
   7828.27148       2.09394128E-16
   7831.03271       1.97146177E-16
   7833.79395       1.95132171E-16
   7836.55469       2.08791702E-16
   7839.31592       2.22534905E-16
   7842.07715       2.25731819E-16
   7844.83838       2.27195809E-16
   7847.59961       2.34045553E-16
   7850.36035       2.39956864E-16
   7853.12158       2.36505998E-16
   7855.88281       2.27169737E-16
   7858.64404       2.18057925E-16
   7861.40527       2.08542238E-16
   7864.16602       2.02540030E-16
   7866.92725       2.06447287E-16
   7869.68848       2.13024379E-16
   7872.44971       2.09700225E-16
   7875.21045       2.04102449E-16
   7877.97168       2.09971328E-16
   7880.73291       2.17761689E-16
   7883.49414       2.13876587E-16
   7886.25537       2.05360676E-16
   7889.01611       2.07565993E-16
   7891.77734       2.19040682E-16
   7894.53857       2.24872769E-16
   7897.29980       2.24103689E-16
   7900.06104       2.24710562E-16
   7902.82178       2.22847248E-16
   7905.58301       2.17158892E-16
   7908.34424       2.12888893E-16
   7911.10547       2.14150165E-16
   7913.86670       2.26304095E-16
   7916.62744       2.42255817E-16
   7919.38867       2.48295162E-16
   7922.14990       2.44656652E-16
   7924.91113       2.42642170E-16
   7927.67236       2.48381427E-16
   7930.43311       2.54022137E-16
   7933.19434       2.54063800E-16
   7935.95557       2.53177592E-16
   7938.71680       2.55406189E-16
   7941.47803       2.56509979E-16
   7944.23877       2.53639940E-16
   7947.00000       2.54833118E-16
   7949.76123       2.58987762E-16
   7952.52246       2.60402413E-16
   7955.28369       2.61760656E-16
   7958.04443       2.65220812E-16
   7960.80566       2.69708975E-16
   7963.56689       2.74278850E-16
   7966.32812       2.80987881E-16
   7969.08936       2.86904221E-16
   7971.85010       2.88009466E-16
   7974.61133       2.86874548E-16
   7977.37256       2.88268923E-16
   7980.13379       2.90425628E-16
   7982.89502       2.84541687E-16
   7985.65576       2.74857136E-16
   7988.41699       2.71013274E-16
   7991.17822       2.74761050E-16
   7993.93945       2.78856349E-16
   7996.70020       2.79214750E-16
   7999.46143       2.82165601E-16
   8002.22266       2.92351463E-16
   8004.98389       2.98394911E-16
   8007.74512       2.90309346E-16
   8010.50586       2.76614967E-16
   8013.26709       2.72161400E-16
   8016.02832       2.83777822E-16
   8018.78955       2.98382735E-16
   8021.55078       3.00524563E-16
   8024.31152       2.97025311E-16
   8027.07275       2.99906362E-16
   8029.83398       3.05292194E-16
   8032.59521       3.05435475E-16
   8035.35645       3.06943750E-16
   8038.11719       3.08990843E-16
   8040.87842       3.00463868E-16
   8043.63965       2.89610703E-16
   8046.40088       2.88130327E-16
   8049.16211       2.91405857E-16
   8051.92285       2.93543318E-16
   8054.68408       2.87524381E-16
   8057.44531       2.75225013E-16
   8060.20654       2.71672265E-16
   8062.96777       2.78634135E-16
   8065.72852       2.84776897E-16
   8068.48975       2.90554721E-16
   8071.25098       2.95522675E-16
   8074.01221       2.88149121E-16
   8076.77344       2.74670391E-16
   8079.53418       2.74966615E-16
   8082.29541       2.88052665E-16
   8085.05664       2.98255177E-16
   8087.81787       3.02662210E-16
   8090.57910       3.01533909E-16
   8093.33984       2.95949527E-16
   8096.10107       2.93312316E-16
   8098.86230       2.94397868E-16
   8101.62354       2.94711879E-16
   8104.38428       2.94387995E-16
   8107.14551       2.95357001E-16
   8109.90674       2.94503641E-16
   8112.66797       2.87017247E-16
   8115.42920       2.81359278E-16
   8118.18994       2.87273315E-16
   8120.95117       2.95114987E-16
   8123.71240       2.96335562E-16
   8126.47363       2.93050847E-16
   8129.23486       2.85468447E-16
   8131.99561       2.73774363E-16
   8134.75684       2.62282111E-16
   8137.51807       2.59922224E-16
   8140.27930       2.70890454E-16
   8143.04053       2.85727189E-16
   8145.80127       2.87654877E-16
   8148.56250       2.78480557E-16
   8151.32373       2.70333689E-16
   8154.08496       2.67707383E-16
   8156.84619       2.68488242E-16
   8159.60693       2.71704717E-16
   8162.36816       2.78508668E-16
   8165.12939       2.82538401E-16
   8167.89062       2.72842971E-16
   8170.65186       2.56605534E-16
   8173.41260       2.52064379E-16
   8176.17383       2.52824856E-16
   8178.93506       2.47227397E-16
   8181.69629       2.41281729E-16
   8184.45752       2.43876800E-16
   8187.21826       2.50810320E-16
   8189.97949       2.51520107E-16
   8192.74023       2.41672926E-16
   8195.50195       2.26089452E-16
   8198.26270       2.16662200E-16
   8201.02441       2.18326276E-16
   8203.78516       2.21389729E-16
   8206.54590       2.20778145E-16
   8209.30762       2.20260634E-16
   8212.06836       2.16001303E-16
   8214.83008       2.06991281E-16
   8217.59082       2.06025809E-16
   8220.35156       2.19949575E-16
   8223.11328       2.31880643E-16
   8225.87402       2.24134553E-16
   8228.63574       2.15509230E-16
   8231.39648       2.23205331E-16
   8234.15723       2.32481745E-16
   8236.91895       2.36078591E-16
   8239.67969       2.36998072E-16
   8242.44141       2.33423593E-16
   8245.20215       2.29236973E-16
   8247.96289       2.24408489E-16
   8250.72461       2.16368611E-16
   8253.48535       2.16295885E-16
   8256.24707       2.27393565E-16
   8259.00781       2.36613492E-16
   8261.76855       2.35657166E-16
   8264.53027       2.27486712E-16
   8267.29102       2.22809926E-16
   8270.05273       2.19345190E-16
   8272.81348       2.12539082E-16
   8275.57422       2.13484278E-16
   8278.33594       2.24731923E-16
   8281.09668       2.35739090E-16
   8283.85840       2.32970139E-16
   8286.61914       2.22107444E-16
   8289.37988       2.18567641E-16
   8292.14160       2.20300842E-16
   8294.90234       2.20466834E-16
   8297.66406       2.17997958E-16
   8300.42480       2.11792793E-16
   8303.18555       2.06797006E-16
   8305.94727       2.03501148E-16
   8308.70801       1.98764606E-16
   8311.46973       2.02527285E-16
   8314.23047       2.13058194E-16
   8316.99121       2.20304839E-16
   8319.75293       2.28639577E-16
   8322.51367       2.39983280E-16
   8325.27539       2.42904724E-16
   8328.03613       2.40769856E-16
   8330.79688       2.45672589E-16
   8333.55859       2.50541758E-16
   8336.31934       2.47234359E-16
   8339.08105       2.43134058E-16
   8341.84180       2.43570809E-16
   8344.60254       2.48339234E-16
   8347.36426       2.56075556E-16
   8350.12500       2.55403674E-16
   8352.88672       2.43243801E-16
   8355.64746       2.31727965E-16
   8358.40820       2.18754464E-16
   8361.16992       2.05245586E-16
   8363.93066       2.01737850E-16
   8366.69238       2.08836569E-16
   8369.45312       2.21463209E-16
   8372.21387       2.26339777E-16
   8374.97559       2.22721225E-16
   8377.73633       2.19313109E-16
   8380.49707       2.12623706E-16
   8383.25879       2.03861534E-16
   8386.01953       2.00663985E-16
   8388.78125       2.00148446E-16
   8391.54199       2.04167498E-16
   8394.30273       2.15958369E-16
   8397.06445       2.21927225E-16
   8399.82520       2.16125155E-16
   8402.58691       2.10049070E-16
   8405.34766       2.17250372E-16
   8408.10840       2.39951781E-16
   8410.87012       2.62422427E-16
   8413.63086       2.67319310E-16
   8416.39258       2.51706878E-16
   8419.15332       2.25328446E-16
   8421.91406       2.03722766E-16
   8424.67578       1.94182250E-16
   8427.43652       1.97714708E-16
   8430.19824       2.12473609E-16
   8432.95898       2.19988684E-16
   8435.71973       2.12406508E-16
   8438.48145       2.08499780E-16
   8441.24219       2.09777199E-16
   8444.00391       2.07204257E-16
   8446.76465       2.09731194E-16
   8449.52539       2.23624560E-16
   8452.28711       2.32910714E-16
   8455.04785       2.20697875E-16
   8457.80957       1.99638651E-16
   8460.57031       1.83923331E-16
   8463.33105       1.77449670E-16
   8466.09277       1.86865950E-16
   8468.85352       2.00517302E-16
   8471.61523       1.94071712E-16
   8474.37598       1.73626203E-16
   8477.13672       1.65255969E-16
   8479.89844       1.71340458E-16
   8482.65918       1.76363073E-16
   8485.42090       1.76175243E-16
   8488.18164       1.80951424E-16
   8490.94238       1.89170409E-16
   8493.70410       1.86861966E-16
   8496.46484       1.78540463E-16
   8499.22656       1.73399887E-16
   8501.98730       1.69364979E-16
   8504.74805       1.61387954E-16
   8507.50977       1.55433682E-16
   8510.27051       1.58320424E-16
   8513.03223       1.62395327E-16
   8515.79297       1.58772567E-16
   8518.55371       1.54390456E-16
   8521.31543       1.57336238E-16
   8524.07617       1.58439432E-16
   8526.83789       1.49701903E-16
   8529.59863       1.38820415E-16
   8532.35938       1.36560372E-16
   8535.12109       1.40207206E-16
   8537.88184       1.36234357E-16
   8540.64355       1.31680655E-16
   8543.40430       1.43506717E-16
   8546.16504       1.63229800E-16
   8548.92676       1.74275666E-16
   8551.68750       1.71241316E-16
   8554.44922       1.56453404E-16
   8557.20996       1.43769298E-16
   8559.97070       1.49141657E-16
   8562.73242       1.66638115E-16
   8565.49316       1.77165345E-16
   8568.25488       1.79378192E-16
   8571.01562       1.83605509E-16
   8573.77637       1.86740960E-16
   8576.53809       1.86144238E-16
   8579.29883       1.90157401E-16
   8582.06055       1.93330439E-16
   8584.82129       1.90750576E-16
   8587.58203       1.89941315E-16
   8590.34375       1.90570369E-16
   8593.10449       1.88991460E-16
   8595.86621       1.89107318E-16
   8598.62695       1.95438731E-16
   8601.38770       2.02904585E-16
   8604.14941       2.01892871E-16
   8606.91016       1.94083584E-16
   8609.67090       1.91948664E-16
   8612.43262       1.99430506E-16
   8615.19336       2.08189462E-16
   8617.95508       2.16597071E-16
   8620.71582       2.18848313E-16
   8623.47656       2.09639000E-16
   8626.23828       2.09468707E-16
   8628.99902       2.27128708E-16
   8631.76074       2.50721382E-16
   8634.52148       2.64709416E-16
   8637.28223       2.64327166E-16
   8640.04395       2.60857349E-16
   8642.80469       2.61353657E-16
   8645.56641       2.59293435E-16
   8648.32715       2.47768625E-16
   8651.08789       2.32915108E-16
   8653.84961       2.25855221E-16
   8656.61035       2.26456667E-16
   8659.37207       2.29534229E-16
   8662.13281       2.37679139E-16
   8664.89355       2.59420357E-16
   8667.65527       2.91293598E-16
   8670.41602       3.15565407E-16
   8673.17773       3.22914529E-16
   8675.93848       3.21254715E-16
   8678.69922       3.21221655E-16
   8681.46094       3.27044318E-16
   8684.22168       3.33883421E-16
   8686.98340       3.34813436E-16
   8689.74414       3.37745229E-16
   8692.50488       3.48437564E-16
   8695.26660       3.56146411E-16
   8698.02734       3.58474402E-16
   8700.78906       3.56814747E-16
   8703.54980       3.53704468E-16
   8706.31055       3.57701114E-16
   8709.07227       3.62844192E-16
   8711.83301       3.63864734E-16
   8714.59473       3.76441215E-16
   8717.35547       4.04025584E-16
   8720.11621       4.22175382E-16
   8722.87793       4.27924777E-16
   8725.63867       4.38145712E-16
   8728.40039       4.51663590E-16
   8731.16113       4.60460133E-16
   8733.92188       4.57377357E-16
   8736.68359       4.43600948E-16
   8739.44434       4.35664488E-16
   8742.20605       4.38202225E-16
   8744.96680       4.45089662E-16
   8747.72754       4.50730160E-16
   8750.48926       4.44488109E-16
   8753.25000       4.34151581E-16
   8756.01172       4.38469173E-16
   8758.77246       4.60064357E-16
   8761.53320       4.88707782E-16
   8764.29492       5.18408622E-16
   8767.05566       5.36231307E-16
   8769.81738       5.34089107E-16
   8772.57812       5.22043823E-16
   8775.33887       5.05326198E-16
   8778.10059       4.98736335E-16
   8780.86133       5.09515093E-16
   8783.62305       5.19109753E-16
   8786.38379       5.26839617E-16
   8789.14453       5.37806206E-16
   8791.90625       5.46107605E-16
   8794.66699       5.51294729E-16
   8797.42871       5.60377887E-16
   8800.18945       5.73278516E-16
   8802.95020       5.76810485E-16
   8805.71191       5.56758356E-16
   8808.47266       5.26552632E-16
   8811.23438       5.13751317E-16
   8813.99512       5.14187645E-16
   8816.75586       5.16984071E-16
   8819.51758       5.25844512E-16
   8822.27832       5.33406134E-16
