3066.319 9.994e-17
3068.269 1.037e-16
3070.218 5.481e-17
3072.169 1.096e-16
3074.120 6.576e-17
3076.072 1.378e-16
3078.024 1.234e-16
3079.977 9.660e-17
3081.931 5.415e-17
3083.885 5.632e-17
3085.839 5.849e-17
3087.795 4.545e-17
3089.751 4.548e-17
3091.707 1.080e-16
3093.664 5.317e-17
3095.622 1.066e-16
3097.580 7.365e-17
3099.538 1.108e-16
3101.498 1.056e-16
3103.458 9.218e-17
3105.418 8.047e-17
3107.379 1.131e-16
3109.341 6.633e-17
3111.303 1.003e-16
3113.266 8.223e-17
3115.229 7.840e-17
3117.193 9.074e-17
3119.158 9.293e-17
3121.123 8.188e-17
3123.089 8.809e-17
3125.055 1.114e-16
3127.022 7.503e-17
3128.989 6.701e-17
3130.957 8.588e-17
3132.925 6.049e-17
3134.895 8.115e-17
3136.865 8.097e-17
3138.835 7.001e-17
3140.805 9.591e-17
3142.777 6.903e-17
3144.749 6.796e-17
3146.721 7.259e-17
3148.694 9.805e-17
3150.668 8.397e-17
3152.642 8.860e-17
3154.617 8.592e-17
3156.592 8.482e-17
3158.568 8.746e-17
3160.545 7.651e-17
3162.522 7.679e-17
3164.499 9.154e-17
3166.477 9.401e-17
3168.456 7.798e-17
3170.436 8.251e-17
3172.415 1.067e-16
3174.396 9.244e-17
3176.377 8.608e-17
3178.358 9.066e-17
3180.340 8.958e-17
3182.323 9.173e-17
3184.306 8.638e-17
3186.290 9.897e-17
3188.274 8.461e-17
3190.258 9.312e-17
3192.244 9.135e-17
3194.230 7.921e-17
3196.216 9.433e-17
3198.203 8.901e-17
3200.191 9.105e-17
3202.179 8.537e-17
3204.168 1.038e-16
3206.157 1.027e-16
3208.146 9.536e-17
3210.137 8.627e-17
3212.127 8.752e-17
3214.119 8.127e-17
3216.111 9.753e-17
3218.103 8.929e-17
3220.096 1.060e-16
3222.089 8.688e-17
3224.084 8.786e-17
3226.078 8.162e-17
3228.073 8.076e-17
3230.069 1.069e-16
3232.065 9.516e-17
3234.062 1.088e-16
3236.059 9.462e-17
3238.057 1.044e-16
3240.055 8.870e-17
3242.054 1.004e-16
3244.053 1.070e-16
3246.053 1.029e-16
3248.054 8.639e-17
3250.055 9.404e-17
3252.056 8.127e-17
3254.058 9.262e-17
3256.061 7.631e-17
3258.064 9.831e-17
3260.067 8.173e-17
3262.072 1.010e-16
3264.076 9.111e-17
3266.081 9.282e-17
3268.087 8.699e-17
3270.093 8.017e-17
3272.100 9.649e-17
3274.107 8.684e-17
3276.115 7.852e-17
3278.123 8.958e-17
3280.132 8.462e-17
3282.142 8.435e-17
3284.152 7.401e-17
3286.162 6.987e-17
3288.173 8.763e-17
3290.184 8.872e-17
3292.196 9.689e-17
3294.209 7.733e-17
3296.221 8.582e-17
3298.235 8.825e-17
3300.249 9.878e-17
3302.263 9.323e-17
3304.278 8.827e-17
3306.294 9.694e-17
3308.310 9.891e-17
3310.326 8.912e-17
3312.343 9.798e-17
3314.361 8.760e-17
3316.379 9.162e-17
3318.398 8.994e-17
3320.416 9.114e-17
3322.436 9.211e-17
3324.456 9.471e-17
3326.477 8.894e-17
3328.498 9.065e-17
3330.519 9.163e-17
3332.541 9.538e-17
3334.564 8.574e-17
3336.587 7.709e-17
3338.611 8.735e-17
3340.635 8.569e-17
3342.659 8.744e-17
3344.684 8.651e-17
3346.710 8.483e-17
3348.736 9.064e-17
3350.762 8.754e-17
3352.789 9.479e-17
3354.817 8.324e-17
3356.845 9.565e-17
3358.873 8.776e-17
3360.902 8.785e-17
3362.932 9.419e-17
3364.962 9.391e-17
3366.992 9.334e-17
3369.023 9.358e-17
3371.055 8.707e-17
3373.086 8.506e-17
3375.119 9.415e-17
3377.152 9.135e-17
3379.185 9.668e-17
3381.219 8.905e-17
3383.253 8.955e-17
3385.288 9.474e-17
3387.323 9.347e-17
3389.359 8.665e-17
3391.395 8.718e-17
3393.432 9.219e-17
3395.469 9.163e-17
3397.507 9.626e-17
3399.545 9.437e-17
3401.584 9.249e-17
3403.623 9.039e-17
3405.662 8.648e-17
3407.702 9.183e-17
3409.743 9.729e-17
3411.784 8.632e-17
3413.825 8.065e-17
3415.867 9.351e-17
3417.910 1.007e-16
3419.952 8.857e-17
3421.996 8.318e-17
3424.040 8.690e-17
3426.084 8.691e-17
3428.129 8.810e-17
3430.174 8.553e-17
3432.220 8.743e-17
3434.265 9.022e-17
3436.312 8.509e-17
3438.359 7.729e-17
3440.407 8.789e-17
3442.455 9.425e-17
3444.503 8.154e-17
3446.552 8.990e-17
3448.601 9.309e-17
3450.651 8.599e-17
3452.701 8.748e-17
3454.752 9.391e-17
3456.803 9.061e-17
3458.855 9.602e-17
3460.907 9.232e-17
3462.959 9.361e-17
3465.012 8.668e-17
3467.066 9.487e-17
3469.120 8.742e-17
3471.174 8.606e-17
3473.229 8.559e-17
3475.284 8.906e-17
3477.340 9.005e-17
3479.396 9.418e-17
3481.452 8.602e-17
3483.510 8.888e-17
3485.567 9.217e-17
3487.625 9.222e-17
3489.683 9.144e-17
3491.742 9.445e-17
3493.801 8.287e-17
3495.861 8.933e-17
3497.921 8.569e-17
3499.981 8.616e-17
3502.043 9.789e-17
3504.104 9.149e-17
3506.166 9.437e-17
3508.228 9.065e-17
3510.291 9.295e-17
3512.354 9.121e-17
3514.418 9.058e-17
3516.482 8.789e-17
3518.546 9.455e-17
3520.611 9.158e-17
3522.677 8.515e-17
3524.742 8.918e-17
3526.808 8.985e-17
3528.875 9.197e-17
3530.942 9.182e-17
3533.010 9.256e-17
3535.077 9.148e-17
3537.146 9.064e-17
3539.215 9.036e-17
3541.284 9.116e-17
3543.353 1.027e-16
3545.423 9.670e-17
3547.494 9.040e-17
3549.565 8.727e-17
3551.636 8.799e-17
3553.708 9.731e-17
3555.780 9.739e-17
3557.852 9.752e-17
3559.925 9.250e-17
3561.999 9.023e-17
3564.073 8.922e-17
3566.147 9.177e-17
3568.221 8.922e-17
3570.296 8.606e-17
3572.372 9.256e-17
3574.448 9.512e-17
3576.524 9.524e-17
3578.601 9.214e-17
3580.678 9.065e-17
3582.756 8.790e-17
3584.834 9.206e-17
3586.912 8.564e-17
3588.990 9.137e-17
3591.070 8.904e-17
3593.149 8.864e-17
3595.229 8.662e-17
3597.310 9.177e-17
3599.390 9.415e-17
3601.471 9.303e-17
3603.553 8.750e-17
3605.635 8.972e-17
3607.718 9.196e-17
3609.800 9.248e-17
3611.883 9.182e-17
3613.967 9.852e-17
3616.051 9.122e-17
3618.135 9.686e-17
3620.220 9.291e-17
3622.305 9.433e-17
3624.391 9.183e-17
3626.477 9.302e-17
3628.563 9.208e-17
3630.650 8.786e-17
3632.737 8.845e-17
3634.825 9.113e-17
3636.913 8.922e-17
3639.001 8.522e-17
3641.090 9.197e-17
3643.179 8.641e-17
3645.268 8.601e-17
3647.358 9.110e-17
3649.448 9.279e-17
3651.539 9.122e-17
3653.630 8.507e-17
3655.721 9.651e-17
3657.813 9.204e-17
3659.905 9.346e-17
3661.998 9.536e-17
3664.091 9.492e-17
3666.184 9.241e-17
3668.278 9.019e-17
3670.372 9.165e-17
3672.466 8.638e-17
3674.561 8.995e-17
3676.656 9.070e-17
3678.752 9.123e-17
3680.848 9.119e-17
3682.944 8.826e-17
3685.041 8.667e-17
3687.138 9.245e-17
3689.235 8.944e-17
3691.333 8.533e-17
3693.431 8.513e-17
3695.530 8.783e-17
3697.629 8.779e-17
3699.728 8.904e-17
3701.828 8.492e-17
3703.927 9.187e-17
3706.028 8.593e-17
3708.129 8.730e-17
3710.230 8.667e-17
3712.331 8.589e-17
3714.433 8.508e-17
3716.535 8.828e-17
3718.638 8.821e-17
3720.741 8.354e-17
3722.844 8.630e-17
3724.948 8.447e-17
3727.052 8.832e-17
3729.156 8.632e-17
3731.261 8.467e-17
3733.366 8.463e-17
3735.471 8.101e-17
3737.577 8.810e-17
3739.683 8.794e-17
3741.790 7.972e-17
3743.896 8.680e-17
3746.004 8.505e-17
3748.111 8.511e-17
3750.219 8.827e-17
3752.327 8.498e-17
3754.436 8.965e-17
3756.545 8.007e-17
3758.654 8.805e-17
3760.764 8.403e-17
3762.874 8.814e-17
3764.984 9.192e-17
3767.095 8.667e-17
3769.206 9.019e-17
3771.317 9.046e-17
3773.429 8.712e-17
3775.541 8.813e-17
3777.654 8.972e-17
3779.766 8.965e-17
3781.879 8.402e-17
3783.993 9.162e-17
3786.106 8.812e-17
3788.220 8.918e-17
3790.335 9.193e-17
3792.450 8.479e-17
3794.565 9.001e-17
3796.680 9.175e-17
3798.796 8.807e-17
3800.912 8.715e-17
3803.028 8.758e-17
3805.145 9.236e-17
3807.262 8.757e-17
3809.380 8.960e-17
3811.497 9.557e-17
3813.615 9.246e-17
3815.734 8.832e-17
3817.852 8.990e-17
3819.971 8.849e-17
3822.091 9.020e-17
3824.211 8.968e-17
3826.331 9.126e-17
3828.451 9.610e-17
3830.572 9.587e-17
3832.693 9.858e-17
3834.814 9.453e-17
3836.936 1.302e-16
3839.057 1.869e-16
3841.180 2.494e-16
3843.302 2.208e-16
3845.425 1.656e-16
3847.548 9.849e-17
3849.672 8.830e-17
3851.796 8.628e-17
3853.920 9.366e-17
3856.044 1.015e-16
3858.169 1.027e-16
3860.294 9.221e-17
3862.420 8.943e-17
3864.545 8.881e-17
3866.671 8.950e-17
3868.798 8.954e-17
3870.924 9.600e-17
3873.051 9.255e-17
3875.179 9.676e-17
3877.306 9.503e-17
3879.434 9.349e-17
3881.562 9.139e-17
3883.691 8.665e-17
3885.820 8.619e-17
3887.948 8.751e-17
3890.078 8.749e-17
3892.207 8.669e-17
3894.338 9.856e-17
3896.468 9.459e-17
3898.598 9.596e-17
3900.729 9.598e-17
3902.861 9.433e-17
3904.992 9.155e-17
3907.124 9.055e-17
3909.256 8.590e-17
3911.388 8.140e-17
3913.521 7.729e-17
3915.654 8.060e-17
3917.787 8.170e-17
3919.921 8.440e-17
3922.054 9.045e-17
3924.189 9.351e-17
3926.323 9.746e-17
3928.458 9.288e-17
3930.593 9.049e-17
3932.728 8.946e-17
3934.863 8.652e-17
3936.999 8.550e-17
3939.135 9.171e-17
3941.272 9.022e-17
3943.409 8.918e-17
3945.546 8.227e-17
3947.683 8.356e-17
3949.820 7.638e-17
3951.958 7.893e-17
3954.096 7.920e-17
3956.235 8.189e-17
3958.373 8.487e-17
3960.512 8.956e-17
3962.652 9.444e-17
3964.791 9.615e-17
3966.931 1.011e-16
3969.071 1.003e-16
3971.211 9.723e-17
3973.352 9.972e-17
3975.493 1.037e-16
3977.634 1.018e-16
3979.775 1.006e-16
3981.917 1.044e-16
3984.059 1.067e-16
3986.201 1.081e-16
3988.343 1.047e-16
3990.486 1.037e-16
3992.629 9.959e-17
3994.773 1.064e-16
3996.916 9.994e-17
3999.060 9.898e-17
4001.204 1.026e-16
4003.348 1.010e-16
4005.493 1.082e-16
4007.638 1.107e-16
4009.783 1.057e-16
4011.928 1.009e-16
4014.074 1.028e-16
4016.220 1.107e-16
4018.366 1.112e-16
4020.513 1.200e-16
4022.659 1.176e-16
4024.806 1.213e-16
4026.954 1.275e-16
4029.101 1.318e-16
4031.249 1.323e-16
4033.397 1.309e-16
4035.545 1.285e-16
4037.694 1.284e-16
4039.842 1.322e-16
4041.991 1.314e-16
4044.140 1.353e-16
4046.290 1.325e-16
4048.440 1.277e-16
4050.590 1.219e-16
4052.740 1.160e-16
4054.890 1.192e-16
4057.041 1.321e-16
4059.192 1.338e-16
4061.343 1.397e-16
4063.495 1.433e-16
4065.646 1.429e-16
4067.798 1.467e-16
4069.950 1.429e-16
4072.103 1.498e-16
4074.256 1.480e-16
4076.408 1.487e-16
4078.562 1.491e-16
4080.715 1.415e-16
4082.869 1.420e-16
4085.023 1.368e-16
4087.177 1.348e-16
4089.331 1.405e-16
4091.486 1.339e-16
4093.640 1.370e-16
4095.795 1.358e-16
4097.951 1.403e-16
4100.106 1.457e-16
4102.262 1.517e-16
4104.418 1.530e-16
4106.574 1.523e-16
4108.730 1.494e-16
4110.887 1.518e-16
4113.044 1.539e-16
4115.201 1.533e-16
4117.358 1.555e-16
4119.516 1.544e-16
4121.674 1.555e-16
4123.832 1.489e-16
4125.990 1.553e-16
4128.148 1.549e-16
4130.307 1.554e-16
4132.466 1.497e-16
4134.625 1.496e-16
4136.785 1.525e-16
4138.944 1.517e-16
4141.104 1.519e-16
4143.264 1.495e-16
4145.424 1.477e-16
4147.584 1.544e-16
4149.745 1.483e-16
4151.906 1.490e-16
4154.067 1.478e-16
4156.229 1.450e-16
4158.390 1.520e-16
4160.552 1.452e-16
4162.714 1.489e-16
4164.876 1.489e-16
4167.038 1.467e-16
4169.201 1.379e-16
4171.364 1.477e-16
4173.526 1.428e-16
4175.690 1.435e-16
4177.853 1.426e-16
4180.017 1.452e-16
4182.181 1.457e-16
4184.345 1.394e-16
4186.509 1.418e-16
4188.673 1.379e-16
4190.838 1.336e-16
4193.003 1.391e-16
4195.168 1.368e-16
4197.333 1.355e-16
4199.498 1.375e-16
4201.665 1.348e-16
4203.830 1.323e-16
4205.996 1.401e-16
4208.163 1.337e-16
4210.329 1.331e-16
4212.496 1.300e-16
4214.663 1.253e-16
4216.830 1.278e-16
4218.997 1.224e-16
4221.164 1.156e-16
4223.332 1.206e-16
4225.499 1.306e-16
4227.667 1.251e-16
4229.836 1.214e-16
4232.004 1.088e-16
4234.173 1.113e-16
4236.342 1.115e-16
4238.511 1.150e-16
4240.680 1.142e-16
4242.849 1.287e-16
4245.019 1.199e-16
4247.189 1.187e-16
4249.358 1.183e-16
4251.528 1.161e-16
4253.699 1.143e-16
4255.869 1.146e-16
4258.040 1.178e-16
4260.211 1.131e-16
4262.382 1.207e-16
4264.553 1.166e-16
4266.724 1.168e-16
4268.896 1.115e-16
4271.067 1.129e-16
4273.239 1.172e-16
4275.412 1.138e-16
4277.584 1.107e-16
4279.756 1.129e-16
4281.929 1.160e-16
4284.102 1.133e-16
4286.275 1.118e-16
4288.448 1.113e-16
4290.621 1.159e-16
4292.795 1.098e-16
4294.968 1.121e-16
4297.142 1.136e-16
4299.316 1.089e-16
4301.491 1.063e-16
4303.665 1.074e-16
4305.839 1.081e-16
4308.014 1.091e-16
4310.189 1.065e-16
4312.364 1.101e-16
4314.539 1.100e-16
4316.715 1.087e-16
4318.890 1.089e-16
4321.066 1.131e-16
4323.242 1.093e-16
4325.417 1.133e-16
4327.594 1.097e-16
4329.770 1.140e-16
4331.947 1.093e-16
4334.123 1.108e-16
4336.300 1.118e-16
4338.477 1.129e-16
4340.654 1.160e-16
4342.832 1.152e-16
4345.009 1.167e-16
4347.187 1.164e-16
4349.365 1.169e-16
4351.542 1.100e-16
4353.721 1.116e-16
4355.899 1.126e-16
4358.078 1.144e-16
4360.256 1.085e-16
4362.435 1.153e-16
4364.614 1.123e-16
4366.792 1.160e-16
4368.972 1.134e-16
4371.151 1.139e-16
4373.331 1.165e-16
4375.510 1.154e-16
4377.690 1.173e-16
4379.870 1.097e-16
4382.050 1.144e-16
4384.230 1.150e-16
4386.411 1.143e-16
4388.591 1.144e-16
4390.772 1.162e-16
4392.953 1.168e-16
4395.134 1.150e-16
4397.315 1.148e-16
4399.496 1.138e-16
4401.677 1.095e-16
4403.859 1.099e-16
4406.041 1.144e-16
4408.223 1.137e-16
4410.404 1.121e-16
4412.586 1.137e-16
4414.769 1.145e-16
4416.951 1.159e-16
4419.134 1.108e-16
4421.316 1.120e-16
4423.499 1.129e-16
4425.682 1.151e-16
4427.865 1.107e-16
4430.048 1.089e-16
4432.231 1.073e-16
4434.415 1.107e-16
4436.599 1.104e-16
4438.782 1.088e-16
4440.966 1.078e-16
4443.150 1.084e-16
4445.334 1.083e-16
4447.519 1.130e-16
4449.703 1.158e-16
4451.888 1.162e-16
4454.072 1.132e-16
4456.257 1.109e-16
4458.442 1.122e-16
4460.627 1.112e-16
4462.812 1.117e-16
4464.997 1.124e-16
4467.183 1.073e-16
4469.368 1.212e-16
4471.554 1.453e-16
4473.740 1.475e-16
4475.925 1.316e-16
4478.111 1.112e-16
4480.298 1.060e-16
4482.484 1.093e-16
4484.670 1.094e-16
4486.857 1.126e-16
4489.043 1.126e-16
4491.230 1.145e-16
4493.417 1.160e-16
4495.604 1.182e-16
4497.791 1.195e-16
4499.979 1.172e-16
4502.166 1.151e-16
4504.353 1.102e-16
4506.541 1.110e-16
4508.729 1.130e-16
4510.916 1.114e-16
4513.104 1.105e-16
4515.292 1.100e-16
4517.480 1.061e-16
4519.668 1.073e-16
4521.857 1.102e-16
4524.045 1.081e-16
4526.234 1.108e-16
4528.422 1.124e-16
4530.611 1.128e-16
4532.800 1.125e-16
4534.989 1.111e-16
4537.178 1.082e-16
4539.368 1.113e-16
4541.557 1.140e-16
4543.747 1.106e-16
4545.936 1.103e-16
4548.126 1.130e-16
4550.315 1.090e-16
4552.505 1.101e-16
4554.695 1.086e-16
4556.885 1.118e-16
4559.075 1.100e-16
4561.266 1.162e-16
4563.456 1.107e-16
4565.646 1.107e-16
4567.837 1.115e-16
4570.028 1.097e-16
4572.218 1.078e-16
4574.409 1.099e-16
4576.600 1.107e-16
4578.792 1.144e-16
4580.982 1.106e-16
4583.174 1.164e-16
4585.365 1.115e-16
4587.557 1.119e-16
4589.748 1.168e-16
4591.940 1.145e-16
4594.131 1.124e-16
4596.323 1.131e-16
4598.515 1.126e-16
4600.707 1.131e-16
4602.899 1.152e-16
4605.091 1.169e-16
4607.284 1.173e-16
4609.476 1.134e-16
4611.668 1.221e-16
4613.861 1.187e-16
4616.054 1.236e-16
4618.247 1.197e-16
4620.440 1.218e-16
4622.632 1.195e-16
4624.825 1.268e-16
4627.018 1.212e-16
4629.211 1.244e-16
4631.405 1.241e-16
4633.598 1.261e-16
4635.792 1.251e-16
4637.985 1.333e-16
4640.179 1.328e-16
4642.372 1.304e-16
4644.566 1.320e-16
4646.760 1.336e-16
4648.954 1.336e-16
4651.148 1.320e-16
4653.342 1.320e-16
4655.536 1.330e-16
4657.730 1.312e-16
4659.924 1.328e-16
4662.119 1.317e-16
4664.313 1.336e-16
4666.508 1.337e-16
4668.703 1.347e-16
4670.897 1.350e-16
4673.092 1.352e-16
4675.287 1.363e-16
4677.481 1.404e-16
4679.677 1.422e-16
4681.872 1.379e-16
4684.067 1.386e-16
4686.262 1.400e-16
4688.458 1.405e-16
4690.653 1.373e-16
4692.848 1.353e-16
4695.043 1.424e-16
4697.239 1.423e-16
4699.435 1.423e-16
4701.630 1.436e-16
4703.826 1.452e-16
4706.022 1.469e-16
4708.218 1.449e-16
4710.414 1.437e-16
4712.610 1.469e-16
4714.806 1.514e-16
4717.002 1.488e-16
4719.199 1.500e-16
4721.395 1.474e-16
4723.591 1.409e-16
4725.788 1.453e-16
4727.984 1.461e-16
4730.181 1.465e-16
4732.377 1.479e-16
4734.574 1.461e-16
4736.771 1.447e-16
4738.968 1.472e-16
4741.165 1.489e-16
4743.362 1.476e-16
4745.559 1.490e-16
4747.756 1.471e-16
4749.953 1.467e-16
4752.150 1.457e-16
4754.348 1.444e-16
4756.545 1.440e-16
4758.742 1.476e-16
4760.940 1.454e-16
4763.137 1.452e-16
4765.334 1.453e-16
4767.532 1.434e-16
4769.730 1.444e-16
4771.928 1.436e-16
4774.126 1.415e-16
4776.323 1.414e-16
4778.521 1.423e-16
4780.719 1.419e-16
4782.917 1.435e-16
4785.115 1.406e-16
4787.313 1.402e-16
4789.511 1.368e-16
4791.709 1.357e-16
4793.908 1.392e-16
4796.106 1.306e-16
4798.304 1.346e-16
4800.503 1.349e-16
4802.701 1.347e-16
4804.899 1.327e-16
4807.098 1.324e-16
4809.297 1.307e-16
4811.496 1.300e-16
4813.694 1.297e-16
4815.893 1.331e-16
4818.092 1.257e-16
4820.291 1.262e-16
4822.489 1.256e-16
4824.688 1.285e-16
4826.887 1.266e-16
4829.086 1.277e-16
4831.285 1.228e-16
4833.484 1.229e-16
4835.684 1.213e-16
4837.883 1.209e-16
4840.082 1.190e-16
4842.281 1.227e-16
4844.480 1.204e-16
4846.680 1.195e-16
4848.879 1.201e-16
4851.079 1.176e-16
4853.278 1.189e-16
4855.477 1.165e-16
4857.677 1.171e-16
4859.877 1.174e-16
4862.076 1.180e-16
4864.276 1.177e-16
4866.476 1.186e-16
4868.675 1.201e-16
4870.876 1.187e-16
4873.075 1.165e-16
4875.275 1.199e-16
4877.475 1.178e-16
4879.675 1.151e-16
4881.875 1.187e-16
4884.075 1.143e-16
4886.275 1.171e-16
4888.475 1.162e-16
4890.675 1.130e-16
4892.875 1.131e-16
4895.075 1.151e-16
4897.275 1.174e-16
4899.476 1.124e-16
4901.676 1.159e-16
4903.877 1.097e-16
4906.077 1.124e-16
4908.277 1.067e-16
4910.477 1.096e-16
4912.678 1.088e-16
4914.878 1.132e-16
4917.079 1.069e-16
4919.279 1.131e-16
4921.480 1.102e-16
4923.681 1.089e-16
4925.881 1.096e-16
4928.082 1.099e-16
4930.283 1.096e-16
4932.483 1.103e-16
4934.684 1.113e-16
4936.885 1.103e-16
4939.085 1.106e-16
4941.286 1.117e-16
4943.487 1.127e-16
4945.688 1.135e-16
4947.889 1.119e-16
4950.090 1.120e-16
4952.291 1.072e-16
4954.492 1.095e-16
4956.692 1.150e-16
4958.894 1.147e-16
4961.095 1.180e-16
4963.295 1.119e-16
4965.497 1.174e-16
4967.698 1.179e-16
4969.899 1.155e-16
4972.100 1.181e-16
4974.301 1.158e-16
4976.502 1.156e-16
4978.704 1.140e-16
4980.905 1.116e-16
4983.106 1.126e-16
4985.307 1.078e-16
4987.509 1.117e-16
4989.710 1.125e-16
4991.911 1.115e-16
4994.113 1.122e-16
4996.314 1.143e-16
4998.515 1.078e-16
5000.717 1.112e-16
5002.918 1.040e-16
5005.120 1.194e-16
5007.321 2.032e-16
5009.523 2.201e-16
5011.724 2.008e-16
5013.925 1.410e-16
5016.127 1.035e-16
5018.329 1.058e-16
5020.530 1.066e-16
5022.731 1.061e-16
5024.933 1.081e-16
5027.135 1.093e-16
5029.336 1.096e-16
5031.538 1.126e-16
5033.740 1.128e-16
5035.941 1.115e-16
5038.143 1.075e-16
5040.345 1.122e-16
5042.546 1.127e-16
5044.748 1.160e-16
5046.950 1.152e-16
5049.151 1.156e-16
5051.353 1.150e-16
5053.555 1.142e-16
5055.756 1.159e-16
5057.958 1.123e-16
5060.160 1.137e-16
5062.362 1.129e-16
5064.564 1.159e-16
5066.766 1.138e-16
5068.967 1.122e-16
5071.169 1.128e-16
5073.371 1.111e-16
5075.573 1.119e-16
5077.774 1.161e-16
5079.977 1.204e-16
5082.178 1.186e-16
5084.380 1.182e-16
5086.582 1.148e-16
5088.784 1.144e-16
5090.986 1.214e-16
5093.188 1.217e-16
5095.390 1.227e-16
5097.592 1.200e-16
5099.793 1.228e-16
5101.996 1.218e-16
5104.197 1.235e-16
5106.399 1.235e-16
5108.601 1.320e-16
5110.803 1.334e-16
5113.005 1.329e-16
5115.207 1.246e-16
5117.409 1.219e-16
5119.611 1.253e-16
5121.813 1.257e-16
5124.015 1.229e-16
5126.217 1.272e-16
5128.419 1.253e-16
5130.621 1.249e-16
5132.823 1.223e-16
5135.025 1.230e-16
5137.227 1.239e-16
5139.429 1.250e-16
5141.631 1.223e-16
5143.833 1.221e-16
5146.035 1.242e-16
5148.237 1.253e-16
5150.439 1.219e-16
5152.641 1.210e-16
5154.843 1.218e-16
5157.045 1.458e-16
5159.247 1.515e-16
5161.449 1.454e-16
5163.651 1.342e-16
5165.853 1.223e-16
5168.055 1.202e-16
5170.257 1.164e-16
5172.459 1.166e-16
5174.661 1.158e-16
5176.863 1.162e-16
5179.065 1.152e-16
5181.267 1.119e-16
5183.469 1.150e-16
5185.671 1.111e-16
5187.873 1.091e-16
5190.075 1.048e-16
5192.277 1.040e-16
5194.479 1.058e-16
5196.681 1.099e-16
5198.883 1.096e-16
5201.085 1.074e-16
5203.287 1.095e-16
5205.489 1.077e-16
5207.691 1.038e-16
5209.893 1.064e-16
5212.095 1.048e-16
5214.297 1.073e-16
5216.499 1.033e-16
5218.701 1.060e-16
5220.903 1.050e-16
5223.105 1.058e-16
5225.307 1.061e-16
5227.509 1.058e-16
5229.711 1.005e-16
5231.913 1.025e-16
5234.115 9.794e-17
5236.316 1.035e-16
5238.519 1.024e-16
5240.721 1.007e-16
5242.922 9.991e-17
5245.124 1.021e-16
5247.326 1.030e-16
5249.528 1.047e-16
5251.730 1.030e-16
5253.932 1.034e-16
5256.134 1.042e-16
5258.336 1.038e-16
5260.538 1.055e-16
5262.739 1.018e-16
5264.941 1.035e-16
5267.143 1.052e-16
5269.345 1.042e-16
5271.547 1.060e-16
5273.748 1.070e-16
5275.951 1.093e-16
5278.152 1.091e-16
5280.354 1.070e-16
5282.556 1.083e-16
5284.758 1.029e-16
5286.959 1.111e-16
5289.161 1.109e-16
5291.363 1.039e-16
5293.565 1.099e-16
5295.767 1.122e-16
5297.968 1.089e-16
5300.170 1.076e-16
5302.372 1.074e-16
5304.574 1.137e-16
5306.775 1.115e-16
5308.977 1.147e-16
5311.179 1.158e-16
5313.380 1.143e-16
5315.582 1.187e-16
5317.784 1.170e-16
5319.985 1.168e-16
5322.187 1.140e-16
5324.389 1.150e-16
5326.590 1.110e-16
5328.792 1.165e-16
5330.994 1.123e-16
5333.195 1.177e-16
5335.397 1.161e-16
5337.599 1.181e-16
5339.800 1.201e-16
5342.002 1.168e-16
5344.203 1.181e-16
5346.405 1.177e-16
5348.606 1.200e-16
5350.808 1.219e-16
5353.010 1.173e-16
5355.211 1.237e-16
5357.413 1.256e-16
5359.614 1.242e-16
5361.815 1.249e-16
5364.017 1.244e-16
5366.219 1.253e-16
5368.420 1.213e-16
5370.622 1.222e-16
5372.823 1.276e-16
5375.024 1.246e-16
5377.226 1.263e-16
5379.427 1.251e-16
5381.629 1.255e-16
5383.830 1.272e-16
5386.032 1.229e-16
5388.233 1.182e-16
5390.434 1.241e-16
5392.636 1.248e-16
5394.837 1.246e-16
5397.039 1.236e-16
5399.240 1.250e-16
5401.441 1.238e-16
5403.643 1.258e-16
5405.844 1.239e-16
5408.045 1.285e-16
5410.246 1.264e-16
5412.448 1.262e-16
5414.649 1.284e-16
5416.850 1.300e-16
5419.051 1.301e-16
5421.252 1.250e-16
5423.454 1.241e-16
5425.655 1.230e-16
5427.856 1.231e-16
5430.058 1.243e-16
5432.259 1.229e-16
5434.460 1.257e-16
5436.661 1.233e-16
5438.862 1.298e-16
5441.064 1.272e-16
5443.265 1.288e-16
5445.466 1.296e-16
5447.667 1.334e-16
5449.868 1.345e-16
5452.069 1.305e-16
5454.270 1.330e-16
5456.471 1.323e-16
5458.672 1.296e-16
5460.873 1.293e-16
5463.075 1.293e-16
5465.275 1.344e-16
5467.477 1.356e-16
5469.678 1.318e-16
5471.879 1.326e-16
5474.080 1.308e-16
5476.281 1.300e-16
5478.482 1.300e-16
5480.683 1.313e-16
5482.884 1.276e-16
5485.085 1.329e-16
5487.286 1.268e-16
5489.487 1.268e-16
5491.688 1.242e-16
5493.889 1.262e-16
5496.090 1.286e-16
5498.291 1.270e-16
5500.492 1.257e-16
5502.692 1.270e-16
5504.893 1.266e-16
5507.094 1.267e-16
5509.295 1.230e-16
5511.496 1.263e-16
5513.697 1.258e-16
5515.898 1.261e-16
5518.099 1.286e-16
5520.299 1.283e-16
5522.501 1.258e-16
5524.701 1.242e-16
5526.902 1.268e-16
5529.103 1.261e-16
5531.304 1.240e-16
5533.504 1.253e-16
5535.706 1.272e-16
5537.906 1.239e-16
5540.107 1.199e-16
5542.308 1.258e-16
5544.509 1.216e-16
5546.709 1.238e-16
5548.910 1.227e-16
5551.111 1.257e-16
5553.311 1.230e-16
5555.513 1.233e-16
5557.713 1.229e-16
5559.914 1.216e-16
5562.115 1.251e-16
5564.315 1.214e-16
5566.516 1.225e-16
5568.717 1.202e-16
5570.918 1.178e-16
5573.119 1.309e-16
5575.319 1.297e-16
5577.520 1.229e-16
5579.721 1.171e-16
5581.921 1.169e-16
5584.122 1.183e-16
5586.323 1.174e-16
5588.523 1.233e-16
5590.724 1.146e-16
5592.925 1.204e-16
5595.126 1.185e-16
5597.326 1.179e-16
5599.527 1.163e-16
5601.728 1.177e-16
5603.929 1.170e-16
5606.129 1.209e-16
5608.330 1.163e-16
5610.531 1.199e-16
5612.731 1.185e-16
5614.932 1.208e-16
5617.133 1.122e-16
5619.333 1.215e-16
5621.534 1.143e-16
5623.735 1.190e-16
5625.935 1.227e-16
5628.136 1.219e-16
5630.337 1.172e-16
5632.538 1.147e-16
5634.738 1.141e-16
5636.939 1.198e-16
5639.140 1.202e-16
5641.340 1.169e-16
5643.541 1.211e-16
5645.742 1.195e-16
5647.942 1.198e-16
5650.143 1.198e-16
5652.344 1.227e-16
5654.544 1.165e-16
5656.745 1.215e-16
5658.946 1.165e-16
5659.011 1.159e-16
5660.156 1.164e-16
5661.302 1.140e-16
5662.447 1.169e-16
5663.593 1.198e-16
5664.739 1.242e-16
5665.885 1.180e-16
5667.031 1.183e-16
5668.177 1.233e-16
5669.323 1.230e-16
5670.469 1.195e-16
5671.615 1.163e-16
5672.761 1.187e-16
5673.908 1.175e-16
5675.054 1.197e-16
5676.200 1.188e-16
5677.347 1.117e-16
5678.493 1.163e-16
5679.640 1.104e-16
5680.786 1.200e-16
5681.933 1.242e-16
5683.080 1.169e-16
5684.226 1.180e-16
5685.373 1.201e-16
5686.520 1.175e-16
5687.667 1.171e-16
5688.814 1.210e-16
5689.960 1.185e-16
5691.108 1.172e-16
5692.255 1.189e-16
5693.402 1.162e-16
5694.549 1.143e-16
5695.696 1.123e-16
5696.844 1.147e-16
5697.991 1.074e-16
5699.138 1.116e-16
5700.286 1.213e-16
5701.433 1.149e-16
5702.581 1.199e-16
5703.729 1.163e-16
5704.876 1.155e-16
5706.024 1.180e-16
5707.171 1.182e-16
5708.319 1.141e-16
5709.467 1.226e-16
5710.615 1.154e-16
5711.763 1.124e-16
5712.911 1.192e-16
5714.059 1.111e-16
5715.207 1.120e-16
5716.355 1.188e-16
5717.503 1.122e-16
5718.651 1.135e-16
5719.800 1.138e-16
5720.948 1.128e-16
5722.097 1.114e-16
5723.245 1.132e-16
5724.394 1.115e-16
5725.542 1.106e-16
5726.691 1.095e-16
5727.839 1.120e-16
5728.988 1.051e-16
5730.137 1.083e-16
5731.286 1.085e-16
5732.434 1.082e-16
5733.583 1.071e-16
5734.732 1.068e-16
5735.881 1.032e-16
5737.030 1.043e-16
5738.179 1.022e-16
5739.328 1.028e-16
5740.477 1.063e-16
5741.627 1.092e-16
5742.776 1.032e-16
5743.925 1.053e-16
5745.075 1.048e-16
5746.224 1.023e-16
5747.373 1.001e-16
5748.523 1.026e-16
5749.672 1.019e-16
5750.822 1.016e-16
5751.972 1.056e-16
5753.122 1.046e-16
5754.271 1.075e-16
5755.421 1.080e-16
5756.571 1.026e-16
5757.721 1.065e-16
5758.871 1.043e-16
5760.020 9.578e-17
5761.171 1.130e-16
5762.321 1.023e-16
5763.471 1.011e-16
5764.621 1.056e-16
5765.771 1.073e-16
5766.921 1.055e-16
5768.072 1.035e-16
5769.222 1.036e-16
5770.373 1.079e-16
5771.523 1.044e-16
5772.673 1.060e-16
5773.824 1.057e-16
5774.975 1.067e-16
5776.125 1.032e-16
5777.276 1.032e-16
5778.426 1.051e-16
5779.577 1.122e-16
5780.728 1.114e-16
5781.879 1.114e-16
5783.030 1.076e-16
5784.181 1.064e-16
5785.332 1.066e-16
5786.483 1.041e-16
5787.634 1.035e-16
5788.785 1.066e-16
5789.936 1.070e-16
5791.087 1.093e-16
5792.239 1.086e-16
5793.390 1.039e-16
5794.542 1.034e-16
5795.693 1.047e-16
5796.844 1.026e-16
5797.996 1.036e-16
5799.147 1.020e-16
5800.299 1.066e-16
5801.450 1.069e-16
5802.602 1.042e-16
5803.754 1.061e-16
5804.905 1.067e-16
5806.057 1.053e-16
5807.209 1.089e-16
5808.361 1.114e-16
5809.513 1.024e-16
5810.665 1.106e-16
5811.817 1.070e-16
5812.969 1.029e-16
5814.121 1.058e-16
5815.273 1.072e-16
5816.425 1.066e-16
5817.578 1.087e-16
5818.730 1.089e-16
5819.882 1.069e-16
5821.035 1.039e-16
5822.187 1.117e-16
5823.339 1.072e-16
5824.492 1.089e-16
5825.645 1.047e-16
5826.797 1.030e-16
5827.950 1.088e-16
5829.102 1.019e-16
5830.255 1.086e-16
5831.408 1.010e-16
5832.560 1.031e-16
5833.713 1.026e-16
5834.866 1.062e-16
5836.020 1.029e-16
5837.172 1.072e-16
5838.325 1.017e-16
5839.479 1.029e-16
5840.631 1.001e-16
5841.785 1.006e-16
5842.938 1.029e-16
5844.091 1.057e-16
5845.244 1.023e-16
5846.398 9.978e-17
5847.551 1.038e-16
5848.704 1.035e-16
5849.858 1.032e-16
5851.011 1.029e-16
5852.165 1.037e-16
5853.318 9.754e-17
5854.472 9.791e-17
5855.626 9.786e-17
5856.779 9.812e-17
5857.933 9.646e-17
5859.087 9.674e-17
5860.241 9.422e-17
5861.395 9.300e-17
5862.548 9.263e-17
5863.702 9.267e-17
5864.856 8.904e-17
5866.010 9.175e-17
5867.164 9.428e-17
5868.318 9.568e-17
5869.472 9.745e-17
5870.627 9.333e-17
5871.781 9.186e-17
5872.935 9.214e-17
5874.089 9.204e-17
5875.244 8.867e-17
5876.398 8.966e-17
5877.553 8.905e-17
5878.707 8.651e-17
5879.861 9.157e-17
5881.016 9.077e-17
5882.171 8.189e-17
5883.325 9.039e-17
5884.480 8.711e-17
5885.635 8.295e-17
5886.790 8.255e-17
5887.944 8.262e-17
5889.099 8.420e-17
5890.254 8.998e-17
5891.409 8.662e-17
5892.564 8.931e-17
5893.719 8.804e-17
5894.874 8.448e-17
5896.029 8.941e-17
5897.184 9.042e-17
5898.339 9.092e-17
5899.495 8.734e-17
5900.649 8.684e-17
5901.805 8.399e-17
5902.960 8.810e-17
5904.116 7.912e-17
5905.271 8.743e-17
5906.426 8.600e-17
5907.582 8.415e-17
5908.737 8.553e-17
5909.893 8.591e-17
5911.048 8.119e-17
5912.204 8.721e-17
5913.360 8.589e-17
5914.516 7.852e-17
5915.671 8.259e-17
5916.827 8.079e-17
5917.983 8.342e-17
5919.139 8.059e-17
5920.294 8.174e-17
5921.451 7.968e-17
5922.606 8.346e-17
5923.763 8.189e-17
5924.918 8.201e-17
5926.075 7.725e-17
5927.231 7.862e-17
5928.387 8.326e-17
5929.543 7.712e-17
5930.700 7.821e-17
5931.856 8.013e-17
5933.012 8.222e-17
5934.168 8.151e-17
5935.325 8.067e-17
5936.481 7.845e-17
5937.638 8.132e-17
5938.794 7.829e-17
5939.951 7.954e-17
5941.107 7.790e-17
5942.264 7.735e-17
5943.421 7.603e-17
5944.578 8.010e-17
5945.734 7.928e-17
5946.891 7.850e-17
5948.048 7.969e-17
5949.205 7.747e-17
5950.362 8.333e-17
5951.519 8.093e-17
5952.676 7.911e-17
5953.833 7.982e-17
5954.990 7.800e-17
5956.147 7.964e-17
5957.304 8.121e-17
5958.461 7.663e-17
5959.618 7.507e-17
5960.775 7.972e-17
5961.933 7.394e-17
5963.090 7.658e-17
5964.248 8.238e-17
5965.405 8.335e-17
5966.562 7.762e-17
5967.720 7.607e-17
5968.877 7.747e-17
5970.035 7.835e-17
5971.192 8.386e-17
5972.350 7.607e-17
5973.508 7.993e-17
5974.666 8.096e-17
5975.823 8.392e-17
5976.981 8.322e-17
5978.139 8.728e-17
5979.296 8.778e-17
5980.455 8.169e-17
5981.612 8.495e-17
5982.770 8.684e-17
5983.928 8.361e-17
5985.086 8.347e-17
5986.245 8.839e-17
5987.402 8.352e-17
5988.560 8.280e-17
5989.719 8.843e-17
5990.877 8.158e-17
5992.035 8.142e-17
5993.193 8.585e-17
5994.352 8.354e-17
5995.510 8.701e-17
5996.668 9.039e-17
5997.827 8.929e-17
5998.986 8.634e-17
6000.144 9.038e-17
6001.303 9.190e-17
6002.461 9.880e-17
6003.620 8.936e-17
6004.778 9.128e-17
6005.937 8.918e-17
6007.096 9.194e-17
6008.255 8.812e-17
6009.414 9.308e-17
6010.572 9.275e-17
6011.731 9.459e-17
6012.890 9.402e-17
6014.049 9.083e-17
6015.208 9.123e-17
6016.367 8.951e-17
6017.526 9.525e-17
6018.685 8.822e-17
6019.844 9.486e-17
6021.003 9.358e-17
6022.163 9.622e-17
6023.322 9.466e-17
6024.481 9.588e-17
6025.641 9.738e-17
6026.800 9.862e-17
6027.959 9.386e-17
6029.119 9.353e-17
6030.278 9.608e-17
6031.438 9.278e-17
6032.597 9.714e-17
6033.756 9.791e-17
6034.916 nan
6036.076 nan
6037.235 9.725e-17
6038.395 9.756e-17
6039.555 1.009e-16
6040.714 1.002e-16
6041.874 9.788e-17
6043.034 1.012e-16
6044.194 1.036e-16
6045.354 1.020e-16
6046.514 1.007e-16
6047.674 1.010e-16
6048.834 1.018e-16
6049.994 1.082e-16
6051.154 1.091e-16
6052.314 1.155e-16
6053.474 1.109e-16
6054.634 1.203e-16
6055.794 1.203e-16
6056.955 1.136e-16
6058.115 1.113e-16
6059.275 1.095e-16
6060.436 1.075e-16
6061.596 1.074e-16
6062.757 1.042e-16
6063.917 1.013e-16
6065.078 1.045e-16
6066.238 1.022e-16
6067.399 9.744e-17
6068.559 9.699e-17
6069.720 9.596e-17
6070.881 9.883e-17
6072.042 9.779e-17
6073.202 9.886e-17
6074.363 1.036e-16
6075.524 1.028e-16
6076.685 9.945e-17
6077.845 1.019e-16
6079.006 1.054e-16
6080.167 1.069e-16
6081.328 1.092e-16
6082.489 1.114e-16
6083.650 1.064e-16
6084.811 1.093e-16
6085.973 1.119e-16
6087.134 1.101e-16
6088.295 1.081e-16
6089.456 1.036e-16
6090.617 1.123e-16
6091.779 1.062e-16
6092.940 1.094e-16
6094.101 1.050e-16
6095.263 1.080e-16
6096.424 1.053e-16
6097.585 1.057e-16
6098.747 1.091e-16
6099.909 1.064e-16
6101.070 1.051e-16
6102.232 1.059e-16
6103.394 1.053e-16
6104.555 1.096e-16
6105.717 1.046e-16
6106.878 1.081e-16
6108.041 1.048e-16
6109.202 1.096e-16
6110.364 1.014e-16
6111.526 1.041e-16
6112.688 1.065e-16
6113.850 1.058e-16
6115.012 1.082e-16
6116.174 1.066e-16
6117.336 1.061e-16
6118.498 1.019e-16
6119.660 1.042e-16
6120.822 1.029e-16
6121.984 1.038e-16
6123.146 1.006e-16
6124.309 1.042e-16
6125.471 1.036e-16
6126.633 1.027e-16
6127.795 1.094e-16
6128.958 1.028e-16
6130.120 1.034e-16
6131.283 1.027e-16
6132.445 1.051e-16
6133.608 1.055e-16
6134.770 1.042e-16
6135.933 1.095e-16
6137.095 1.050e-16
6138.258 1.007e-16
6139.421 9.960e-17
6140.583 1.024e-16
6141.746 1.058e-16
6142.909 1.031e-16
6144.072 1.013e-16
6145.234 1.012e-16
6146.398 9.952e-17
6147.560 1.034e-16
6148.723 9.718e-17
6149.886 1.017e-16
6151.049 1.020e-16
6152.212 1.003e-16
6153.376 9.919e-17
6154.539 9.827e-17
6155.702 9.659e-17
6156.865 1.045e-16
6158.028 1.007e-16
6159.191 9.904e-17
6160.355 9.938e-17
6161.518 1.004e-16
6162.681 9.710e-17
6163.845 9.744e-17
6165.008 1.040e-16
6166.171 9.373e-17
6167.335 9.984e-17
6168.498 9.439e-17
6169.662 9.505e-17
6170.826 9.864e-17
6171.989 9.949e-17
6173.153 9.894e-17
6174.316 9.665e-17
6175.480 9.700e-17
6176.644 9.589e-17
6177.808 1.016e-16
6178.971 9.395e-17
6180.135 9.535e-17
6181.299 1.014e-16
6182.463 9.923e-17
6183.627 9.212e-17
6184.791 9.621e-17
6185.955 9.889e-17
6187.119 9.682e-17
6188.283 9.299e-17
6189.447 9.325e-17
6190.611 9.369e-17
6191.775 9.526e-17
6192.940 9.561e-17
6194.104 9.451e-17
6195.268 9.432e-17
6196.432 9.561e-17
6197.597 9.593e-17
6198.761 9.284e-17
6199.925 9.716e-17
6201.090 9.455e-17
6202.254 9.602e-17
6203.418 9.295e-17
6204.583 9.362e-17
6205.748 9.375e-17
6206.912 9.471e-17
6208.077 9.246e-17
6209.241 9.293e-17
6210.406 9.280e-17
6211.571 9.131e-17
6212.735 9.659e-17
6213.900 9.788e-17
6215.065 9.393e-17
6216.230 9.173e-17
6217.395 8.959e-17
6218.560 9.464e-17
6219.725 8.920e-17
6220.890 9.074e-17
6222.055 9.367e-17
6223.220 9.476e-17
6224.385 9.138e-17
6225.550 9.322e-17
6226.715 9.677e-17
6227.880 9.806e-17
6229.045 9.462e-17
6230.210 9.023e-17
6231.376 9.340e-17
6232.541 9.019e-17
6233.707 9.453e-17
6234.872 9.074e-17
6236.037 9.697e-17
6237.203 9.040e-17
6238.368 9.456e-17
6239.533 9.226e-17
6240.699 9.483e-17
6241.864 9.177e-17
6243.030 9.349e-17
6244.195 9.392e-17
6245.361 9.424e-17
6246.527 9.186e-17
6247.692 9.483e-17
6248.858 9.754e-17
6250.024 9.170e-17
6251.190 9.338e-17
6252.355 9.857e-17
6253.521 9.741e-17
6254.688 1.004e-16
6255.854 9.410e-17
6257.019 9.592e-17
6258.185 9.563e-17
6259.351 9.963e-17
6260.517 9.729e-17
6261.683 9.728e-17
6262.850 9.759e-17
6264.016 9.706e-17
6265.182 9.424e-17
6266.348 9.782e-17
6267.514 9.703e-17
6268.680 9.600e-17
6269.847 9.689e-17
6271.013 1.010e-16
6272.179 9.736e-17
6273.346 9.552e-17
6274.512 9.912e-17
6275.679 9.684e-17
6276.845 9.512e-17
6278.012 9.380e-17
6279.178 9.288e-17
6280.345 9.432e-17
6281.511 9.824e-17
6282.678 9.807e-17
6283.845 9.835e-17
6285.012 9.820e-17
6286.178 9.385e-17
6287.345 9.937e-17
6288.512 9.837e-17
6289.679 9.650e-17
6290.846 9.948e-17
6292.012 9.857e-17
6293.179 9.948e-17
6294.346 9.624e-17
6295.513 9.951e-17
6296.680 9.991e-17
6297.847 9.491e-17
6299.014 9.861e-17
6300.182 1.069e-16
6301.349 9.978e-17
6302.516 1.042e-16
6303.683 1.046e-16
6304.850 1.042e-16
6306.018 1.047e-16
6307.185 1.016e-16
6308.352 9.895e-17
6309.520 1.017e-16
6310.687 1.088e-16
6311.855 1.037e-16
6313.022 1.035e-16
6314.190 1.010e-16
6315.357 1.054e-16
6316.524 1.084e-16
6317.692 1.019e-16
6318.859 1.036e-16
6320.027 1.023e-16
6321.195 1.052e-16
6322.363 1.018e-16
6323.530 1.056e-16
6324.698 1.041e-16
6325.866 1.016e-16
6327.034 1.023e-16
6328.202 1.030e-16
6329.370 1.028e-16
6330.538 1.046e-16
6331.706 1.026e-16
6332.873 1.050e-16
6334.042 1.049e-16
6335.209 1.067e-16
6336.377 1.079e-16
6337.545 1.055e-16
6338.714 1.017e-16
6339.882 1.033e-16
6341.050 1.007e-16
6342.218 1.072e-16
6343.387 1.041e-16
6344.555 1.017e-16
6345.723 1.025e-16
6346.892 1.026e-16
6348.060 1.080e-16
6349.229 1.004e-16
6350.397 1.039e-16
6351.565 1.033e-16
6352.734 1.033e-16
6353.902 1.031e-16
6355.071 1.014e-16
6356.240 1.091e-16
6357.408 1.029e-16
6358.577 1.066e-16
6359.746 1.015e-16
6360.914 1.024e-16
6362.083 1.054e-16
6363.252 1.014e-16
6364.421 1.032e-16
6365.589 1.029e-16
6366.758 1.055e-16
6367.927 1.039e-16
6369.096 1.028e-16
6370.265 1.012e-16
6371.434 1.055e-16
6372.604 1.041e-16
6373.773 1.036e-16
6374.941 1.048e-16
6376.111 1.010e-16
6377.280 1.025e-16
6378.449 1.006e-16
6379.618 1.053e-16
6380.788 1.060e-16
6381.957 9.991e-17
6383.126 1.032e-16
6384.295 1.052e-16
6385.465 1.034e-16
6386.634 1.028e-16
6387.804 1.039e-16
6388.973 1.046e-16
6390.143 1.038e-16
6391.312 1.025e-16
6392.481 1.040e-16
6393.651 1.006e-16
6394.821 1.053e-16
6395.990 1.056e-16
6397.160 1.062e-16
6398.330 1.056e-16
6399.499 1.037e-16
6400.669 1.068e-16
6401.839 1.030e-16
6403.009 1.065e-16
6404.179 1.045e-16
6405.349 1.033e-16
6406.519 1.090e-16
6407.689 1.040e-16
6408.858 1.031e-16
6410.029 1.054e-16
6411.199 1.030e-16
6412.369 1.052e-16
6413.539 1.052e-16
6414.709 1.070e-16
6415.879 1.043e-16
6417.049 1.064e-16
6418.220 1.039e-16
6419.390 1.058e-16
6420.560 1.091e-16
6421.730 1.052e-16
6422.901 1.072e-16
6424.071 1.080e-16
6425.242 1.098e-16
6426.412 1.063e-16
6427.583 1.077e-16
6428.753 1.037e-16
6429.923 1.040e-16
6431.094 1.105e-16
6432.265 1.093e-16
6433.435 1.082e-16
6434.606 1.086e-16
6435.777 1.052e-16
6436.947 1.090e-16
6438.118 1.068e-16
6439.289 1.075e-16
6440.459 1.050e-16
6441.630 1.071e-16
6442.801 1.065e-16
6443.972 1.103e-16
6445.143 1.091e-16
6446.314 1.062e-16
6447.485 1.086e-16
6448.656 1.072e-16
6449.827 1.090e-16
6450.998 1.108e-16
6452.169 1.107e-16
6453.341 1.131e-16
6454.512 1.117e-16
6455.683 1.112e-16
6456.854 1.082e-16
6458.025 1.116e-16
6459.197 1.076e-16
6460.368 1.125e-16
6461.540 1.136e-16
6462.711 1.122e-16
6463.882 1.114e-16
6465.054 1.123e-16
6466.225 1.112e-16
6467.396 1.081e-16
6468.568 1.094e-16
6469.740 1.110e-16
6470.911 1.152e-16
6472.083 1.132e-16
6473.254 1.080e-16
6474.426 1.076e-16
6475.598 1.106e-16
6476.770 1.106e-16
6477.941 1.121e-16
6479.113 1.157e-16
6480.285 1.117e-16
6481.457 1.136e-16
6482.629 1.111e-16
6483.801 1.099e-16
6484.973 1.120e-16
6486.145 1.098e-16
6487.317 1.140e-16
6488.489 1.121e-16
6489.661 1.171e-16
6490.833 1.210e-16
6492.005 1.190e-16
6493.177 1.165e-16
6494.350 1.146e-16
6495.522 1.149e-16
6496.694 1.140e-16
6497.866 1.142e-16
6499.039 1.177e-16
6500.211 1.159e-16
6501.383 1.170e-16
6502.556 1.143e-16
6503.729 1.144e-16
6504.901 1.152e-16
6506.073 1.182e-16
6507.246 1.116e-16
6508.418 1.146e-16
6509.591 1.160e-16
6510.764 1.169e-16
6511.936 1.159e-16
6513.109 1.148e-16
6514.282 1.171e-16
6515.454 1.137e-16
6516.627 1.162e-16
6517.800 1.162e-16
6518.973 1.178e-16
6520.145 1.167e-16
6521.318 1.160e-16
6522.491 1.216e-16
6523.665 1.181e-16
6524.837 1.175e-16
6526.010 1.145e-16
6527.184 1.169e-16
6528.356 1.164e-16
6529.530 1.173e-16
6530.703 1.163e-16
6531.876 1.142e-16
6533.049 1.126e-16
6534.222 1.139e-16
6535.395 1.180e-16
6536.569 1.135e-16
6537.742 1.156e-16
6538.916 1.136e-16
6540.089 1.178e-16
6541.262 1.146e-16
6542.435 1.121e-16
6543.609 1.197e-16
6544.783 1.134e-16
6545.956 1.156e-16
6547.130 1.195e-16
6548.303 1.150e-16
6549.477 1.130e-16
6550.650 1.121e-16
6551.824 1.129e-16
6552.998 1.137e-16
6554.172 1.142e-16
6555.345 1.159e-16
6556.519 1.153e-16
6557.693 1.123e-16
6558.867 1.157e-16
6560.041 1.142e-16
6561.215 1.135e-16
6562.389 1.112e-16
6563.562 1.134e-16
6564.737 1.096e-16
6565.911 1.112e-16
6567.084 1.116e-16
6568.259 1.117e-16
6569.433 1.139e-16
6570.607 1.133e-16
6571.781 1.112e-16
6572.956 1.116e-16
6574.130 1.119e-16
6575.304 1.148e-16
6576.478 1.158e-16
6577.653 1.110e-16
6578.827 1.114e-16
6580.002 1.082e-16
6581.176 1.086e-16
6582.350 1.095e-16
6583.525 1.097e-16
6584.699 1.114e-16
6585.873 1.075e-16
6587.048 1.046e-16
6588.223 1.031e-16
6589.398 1.077e-16
6590.572 1.051e-16
6591.747 1.087e-16
6592.921 1.060e-16
6594.096 1.044e-16
6595.271 1.096e-16
6596.446 1.066e-16
6597.621 1.075e-16
6598.795 1.059e-16
6599.971 1.083e-16
6601.145 1.063e-16
6602.320 1.064e-16
6603.496 1.086e-16
6604.670 1.053e-16
6605.846 1.050e-16
6607.020 1.084e-16
6608.196 1.127e-16
6609.371 1.057e-16
6610.546 1.080e-16
6611.721 1.103e-16
6612.896 1.082e-16
6614.072 1.099e-16
6615.247 1.088e-16
6616.422 1.071e-16
6617.598 1.084e-16
6618.773 1.086e-16
6619.948 1.067e-16
6621.124 1.062e-16
6622.299 1.069e-16
6623.475 1.104e-16
6624.650 1.100e-16
6625.826 1.091e-16
6627.002 1.088e-16
6628.177 1.116e-16
6629.352 1.102e-16
6630.528 1.097e-16
6631.704 1.086e-16
6632.880 1.100e-16
6634.056 1.065e-16
6635.231 1.099e-16
6636.407 1.102e-16
6637.583 1.086e-16
6638.759 1.129e-16
6639.935 1.100e-16
6641.111 1.098e-16
6642.287 1.126e-16
6643.462 1.116e-16
6644.639 1.102e-16
6645.815 1.066e-16
6646.991 1.085e-16
6648.167 1.097e-16
6649.343 1.089e-16
6650.519 1.083e-16
6651.695 1.115e-16
6652.872 1.099e-16
6654.048 1.075e-16
6655.224 1.087e-16
6656.400 1.113e-16
6657.577 1.123e-16
6658.753 1.139e-16
6659.930 1.100e-16
6661.106 1.092e-16
6662.283 1.143e-16
6663.459 1.126e-16
6664.636 1.098e-16
6665.812 1.112e-16
6666.989 1.124e-16
6668.166 1.099e-16
6669.342 1.113e-16
6670.519 1.117e-16
6671.695 1.117e-16
6672.872 1.104e-16
6674.049 1.103e-16
6675.226 1.127e-16
6676.403 1.110e-16
6677.580 1.080e-16
6678.756 1.118e-16
6679.933 1.112e-16
6681.110 1.086e-16
6682.287 1.088e-16
6683.464 1.088e-16
6684.641 1.055e-16
6685.818 1.096e-16
6686.995 1.069e-16
6688.172 1.070e-16
6689.350 1.018e-16
6690.527 1.041e-16
6691.704 1.031e-16
6692.881 1.037e-16
6694.059 1.006e-16
6695.236 1.025e-16
6696.413 1.043e-16
6697.590 1.062e-16
6698.768 1.037e-16
6699.945 1.038e-16
6701.123 1.045e-16
6702.300 1.012e-16
6703.477 1.080e-16
6704.655 1.073e-16
6705.833 1.060e-16
6707.010 1.039e-16
6708.188 1.036e-16
6709.366 1.043e-16
6710.543 1.061e-16
6711.721 1.055e-16
6712.899 1.029e-16
6714.077 1.018e-16
6715.254 1.024e-16
6716.432 1.061e-16
6717.610 1.042e-16
6718.788 1.043e-16
6719.966 1.037e-16
6721.144 1.052e-16
6722.322 1.051e-16
6723.500 1.038e-16
6724.678 1.053e-16
6725.856 1.037e-16
6727.034 1.031e-16
6728.212 1.032e-16
6729.390 1.036e-16
6730.568 1.044e-16
6731.747 1.029e-16
6732.925 1.021e-16
6734.103 1.050e-16
6735.282 1.038e-16
6736.460 1.017e-16
6737.638 1.060e-16
6738.816 1.009e-16
6739.995 1.055e-16
6741.173 1.072e-16
6742.352 1.094e-16
6743.530 1.206e-16
6744.709 1.378e-16
6745.888 1.542e-16
6747.066 1.519e-16
6748.245 1.537e-16
6749.423 1.430e-16
6750.602 1.302e-16
6751.781 1.179e-16
6752.959 1.064e-16
6754.138 1.018e-16
6755.317 1.021e-16
6756.496 1.225e-16
6757.675 1.914e-16
6758.854 3.175e-16
6760.033 4.720e-16
6761.211 5.728e-16
6762.391 5.995e-16
6763.569 5.675e-16
6764.748 4.575e-16
6765.928 3.261e-16
6767.107 2.211e-16
6768.286 1.560e-16
6769.465 1.218e-16
6770.644 1.077e-16
6771.823 9.746e-17
6773.002 9.732e-17
6774.182 9.623e-17
6775.361 9.921e-17
6776.541 1.013e-16
6777.720 1.042e-16
6778.899 1.233e-16
6780.079 1.702e-16
6781.258 2.212e-16
6782.438 2.578e-16
6783.617 2.695e-16
6784.796 2.584e-16
6785.976 2.240e-16
6787.156 1.786e-16
6788.335 1.409e-16
6789.515 1.173e-16
6790.695 1.079e-16
6791.874 1.010e-16
6793.054 1.005e-16
6794.234 9.637e-17
6795.414 9.665e-17
6796.593 9.216e-17
6797.773 9.317e-17
6798.953 9.540e-17
6800.133 9.424e-17
6801.313 9.496e-17
6802.493 9.263e-17
6803.673 9.231e-17
6804.853 9.495e-17
6806.033 9.163e-17
6807.213 9.298e-17
6808.393 9.219e-17
6809.574 9.287e-17
6810.753 9.167e-17
6811.934 9.336e-17
6813.114 9.256e-17
6814.294 9.296e-17
6815.475 9.557e-17
6816.655 9.191e-17
6817.835 9.338e-17
6819.016 8.996e-17
6820.196 9.262e-17
6821.377 9.250e-17
6822.557 9.239e-17
6823.737 9.154e-17
6824.918 9.011e-17
6826.099 9.075e-17
6827.279 8.727e-17
6828.459 9.433e-17
6829.640 9.262e-17
6830.821 9.209e-17
6832.002 8.832e-17
6833.183 9.045e-17
6834.363 8.799e-17
6835.544 9.084e-17
6836.725 9.027e-17
6837.906 8.820e-17
6839.086 8.947e-17
6840.267 8.756e-17
6841.448 8.877e-17
6842.629 8.959e-17
6843.810 8.948e-17
6844.991 8.930e-17
6846.172 8.823e-17
6847.354 8.918e-17
6848.534 8.921e-17
6849.715 8.682e-17
6850.896 8.964e-17
6852.078 8.747e-17
6853.259 8.686e-17
6854.440 8.751e-17
6855.622 8.787e-17
6856.803 8.921e-17
6857.984 8.861e-17
6859.166 8.616e-17
6860.347 8.688e-17
6861.528 8.807e-17
6862.710 8.948e-17
6863.891 8.509e-17
6865.073 8.662e-17
6866.254 8.929e-17
6867.436 8.325e-17
6868.618 8.620e-17
6869.799 8.675e-17
6870.981 8.763e-17
6872.163 8.810e-17
6873.344 8.677e-17
6874.526 8.864e-17
6875.708 8.842e-17
6876.889 8.729e-17
6878.071 9.242e-17
6879.253 9.025e-17
6880.435 8.895e-17
6881.617 8.820e-17
6882.799 9.336e-17
6883.981 8.803e-17
6885.163 8.425e-17
6886.345 8.837e-17
6887.527 8.790e-17
6888.709 8.690e-17
6889.891 8.637e-17
6891.073 8.846e-17
6892.255 8.737e-17
6893.438 8.613e-17
6894.620 8.610e-17
6895.802 8.972e-17
6896.984 8.354e-17
6898.167 8.542e-17
6899.349 8.666e-17
6900.531 8.462e-17
6901.714 8.492e-17
6902.896 8.303e-17
6904.079 8.367e-17
6905.261 8.661e-17
6906.443 8.381e-17
6907.626 8.754e-17
6908.809 8.577e-17
6909.991 8.636e-17
6911.174 8.597e-17
6912.356 8.424e-17
6913.539 8.390e-17
6914.722 8.743e-17
6915.905 9.847e-17
6917.087 1.187e-16
6918.270 1.409e-16
6919.453 1.525e-16
6920.636 1.603e-16
6921.819 1.558e-16
6923.002 1.411e-16
6924.185 1.189e-16
6925.368 1.097e-16
6926.550 9.351e-17
6927.733 8.848e-17
6928.917 8.619e-17
6930.100 8.599e-17
6931.283 1.015e-16
6932.466 1.189e-16
6933.649 1.283e-16
6934.833 1.377e-16
6936.016 1.379e-16
6937.199 1.325e-16
6938.382 1.184e-16
6939.565 1.048e-16
6940.748 9.130e-17
6941.932 8.939e-17
6943.115 8.351e-17
6944.299 8.141e-17
6945.482 8.218e-17
6946.666 8.153e-17
6947.849 7.872e-17
6949.033 7.992e-17
6950.216 8.027e-17
6951.400 8.348e-17
6952.583 8.341e-17
6953.767 8.100e-17
6954.951 8.137e-17
6956.135 7.754e-17
6957.318 7.979e-17
6958.502 7.917e-17
6959.686 8.106e-17
6960.870 8.288e-17
6962.054 8.170e-17
6963.237 7.989e-17
6964.421 8.037e-17
6965.605 8.042e-17
6966.789 8.098e-17
6967.973 8.115e-17
6969.157 8.338e-17
6970.341 8.190e-17
6971.525 7.869e-17
6972.709 7.956e-17
6973.894 8.038e-17
6975.078 8.048e-17
6976.262 8.025e-17
6977.446 7.772e-17
6978.630 7.836e-17
6979.815 8.094e-17
6980.999 8.028e-17
6982.183 8.167e-17
6983.368 7.745e-17
6984.552 7.970e-17
6985.736 7.847e-17
6986.921 7.756e-17
6988.105 7.825e-17
6989.290 7.695e-17
6990.474 7.884e-17
6991.659 7.977e-17
6992.843 7.766e-17
6994.028 7.678e-17
6995.212 7.608e-17
6996.397 7.797e-17
6997.582 7.986e-17
6998.767 7.642e-17
6999.951 8.000e-17
7001.136 7.899e-17
7002.321 7.810e-17
7003.506 7.814e-17
7004.690 7.839e-17
7005.876 7.902e-17
7007.060 7.741e-17
7008.245 7.654e-17
7009.430 7.892e-17
7010.615 8.026e-17
7011.800 8.327e-17
7012.985 7.971e-17
7014.170 7.836e-17
7015.355 7.817e-17
7016.541 8.345e-17
7017.726 7.773e-17
7018.911 7.675e-17
7020.096 7.916e-17
7021.282 8.087e-17
7022.467 7.792e-17
7023.652 8.005e-17
7024.837 7.783e-17
7026.023 7.370e-17
7027.208 7.887e-17
7028.394 7.978e-17
7029.579 7.830e-17
7030.764 7.789e-17
7031.950 7.868e-17
7033.135 7.798e-17
7034.321 7.796e-17
7035.507 7.577e-17
7036.692 7.986e-17
7037.878 7.833e-17
7039.064 7.634e-17
7040.249 7.964e-17
7041.435 7.942e-17
7042.621 7.657e-17
7043.807 7.905e-17
7044.992 7.527e-17
7046.178 7.710e-17
7047.364 7.602e-17
7048.550 7.538e-17
7049.736 7.506e-17
7050.921 7.775e-17
7052.107 7.718e-17
7053.293 7.694e-17
7054.480 7.521e-17
7055.666 7.712e-17
7056.852 7.616e-17
7058.038 7.850e-17
7059.224 7.683e-17
7060.410 7.570e-17
7061.596 7.947e-17
7062.783 7.375e-17
7063.969 7.428e-17
7065.155 7.328e-17
7066.341 7.452e-17
7067.528 7.444e-17
7068.714 7.218e-17
7069.900 7.240e-17
7071.087 7.401e-17
7072.273 7.219e-17
7073.459 7.333e-17
7074.646 7.483e-17
7075.833 7.451e-17
7077.019 7.339e-17
7078.206 7.351e-17
7079.392 7.116e-17
7080.579 7.445e-17
7081.766 7.412e-17
7082.952 7.014e-17
7084.139 7.250e-17
7085.326 7.328e-17
7086.512 7.363e-17
7087.699 7.101e-17
7088.886 6.933e-17
7090.073 7.372e-17
7091.260 6.949e-17
7092.447 7.123e-17
7093.633 6.849e-17
7094.820 7.256e-17
7096.007 7.366e-17
7097.194 7.213e-17
7098.381 7.336e-17
7099.568 6.930e-17
7100.755 7.528e-17
7101.943 7.106e-17
7103.130 7.181e-17
7104.317 7.387e-17
7105.504 7.314e-17
7106.691 6.942e-17
7107.879 7.184e-17
7109.066 7.251e-17
7110.253 7.273e-17
7111.440 7.146e-17
7112.628 7.374e-17
7113.815 7.414e-17
7115.003 7.188e-17
7116.190 7.107e-17
7117.377 7.400e-17
7118.565 7.142e-17
7119.752 7.601e-17
7120.940 7.377e-17
7122.128 7.278e-17
7123.315 7.343e-17
7124.503 7.424e-17
7125.690 7.173e-17
7126.878 7.445e-17
7128.066 7.059e-17
7129.254 7.267e-17
7130.441 7.219e-17
7131.629 7.672e-17
7132.817 7.552e-17
7134.005 7.514e-17
7135.193 7.373e-17
7136.381 7.380e-17
7137.568 7.546e-17
7138.756 7.797e-17
7139.944 7.189e-17
7141.132 7.811e-17
7142.320 7.279e-17
7143.509 7.282e-17
7144.697 7.526e-17
7145.885 7.273e-17
7147.073 7.363e-17
7148.261 7.383e-17
7149.449 7.494e-17
7150.637 7.569e-17
7151.826 7.324e-17
7153.014 7.632e-17
7154.202 7.245e-17
7155.391 7.486e-17
7156.579 7.483e-17
7157.767 7.679e-17
7158.956 7.485e-17
7160.144 7.463e-17
7161.333 7.306e-17
7162.521 7.549e-17
7163.709 7.781e-17
7164.898 7.391e-17
7166.086 7.774e-17
7167.275 7.596e-17
7168.464 7.855e-17
7169.652 7.701e-17
7170.841 7.824e-17
7172.030 7.939e-17
7173.218 7.653e-17
7174.407 8.065e-17
7175.596 7.798e-17
7176.785 8.069e-17
7177.974 8.153e-17
7179.163 8.262e-17
7180.351 8.278e-17
7181.540 7.973e-17
7182.729 8.063e-17
7183.918 7.863e-17
7185.107 8.411e-17
7186.296 7.994e-17
7187.485 8.091e-17
7188.674 8.042e-17
7189.863 8.172e-17
7191.052 8.257e-17
7192.241 8.238e-17
7193.431 8.111e-17
7194.620 8.034e-17
7195.809 8.440e-17
7196.998 8.238e-17
7198.188 8.390e-17
7199.377 8.772e-17
7200.566 8.406e-17
7201.755 8.594e-17
7202.945 8.417e-17
7204.134 8.213e-17
7205.324 8.180e-17
7206.513 8.292e-17
7207.703 8.591e-17
7208.892 8.290e-17
7210.082 8.463e-17
7211.271 8.385e-17
7212.460 8.473e-17
7213.650 8.311e-17
7214.840 8.396e-17
7216.029 8.355e-17
7217.219 8.405e-17
7218.409 8.314e-17
7219.599 8.632e-17
7220.788 8.257e-17
7221.978 8.523e-17
7223.168 8.664e-17
7224.358 8.689e-17
7225.547 8.402e-17
7226.737 8.723e-17
7227.927 8.709e-17
7229.117 8.538e-17
7230.307 8.544e-17
7231.497 8.653e-17
7232.688 8.550e-17
7233.877 8.209e-17
7235.067 8.287e-17
7236.257 8.359e-17
7237.448 8.536e-17
7238.638 8.451e-17
7239.828 8.183e-17
7241.018 8.391e-17
7242.208 8.444e-17
7243.398 8.386e-17
7244.589 8.499e-17
7245.779 8.929e-17
7246.969 8.896e-17
7248.160 8.935e-17
7249.350 8.353e-17
7250.541 8.530e-17
7251.731 8.475e-17
7252.921 8.702e-17
7254.112 8.586e-17
7255.302 8.487e-17
7256.493 8.660e-17
7257.683 8.347e-17
7258.874 8.804e-17
7260.065 8.695e-17
7261.255 8.859e-17
7262.446 8.414e-17
7263.636 8.360e-17
7264.827 8.559e-17
7266.018 8.472e-17
7267.208 8.476e-17
7268.399 8.672e-17
7269.590 8.569e-17
7270.781 8.085e-17
7271.972 8.037e-17
7273.163 8.181e-17
7274.354 8.049e-17
7275.544 8.718e-17
7276.735 8.798e-17
7277.926 8.517e-17
7279.117 8.524e-17
7280.309 8.699e-17
7281.499 8.348e-17
7282.690 8.507e-17
7283.882 8.234e-17
7285.073 8.539e-17
7286.264 8.319e-17
7287.455 8.181e-17
7288.646 8.415e-17
7289.837 8.029e-17
7291.029 8.201e-17
7292.220 8.320e-17
7293.411 8.179e-17
7294.602 8.298e-17
7295.794 8.728e-17
7296.985 8.732e-17
7298.177 8.550e-17
7299.368 8.444e-17
7300.560 8.571e-17
7301.751 8.404e-17
7302.942 8.251e-17
7304.134 8.605e-17
7305.326 8.425e-17
7306.517 8.333e-17
7307.708 8.182e-17
7308.900 8.633e-17
7310.092 8.469e-17
7311.284 8.328e-17
7312.476 8.192e-17
7313.667 8.419e-17
7314.859 8.508e-17
7316.051 8.973e-17
7317.242 8.944e-17
7318.434 8.972e-17
7319.626 8.902e-17
7320.818 8.891e-17
7322.010 8.627e-17
7323.202 8.959e-17
7324.394 8.916e-17
7325.585 8.504e-17
7326.777 8.474e-17
7327.970 8.393e-17
7329.162 8.886e-17
7330.354 8.715e-17
7331.546 9.092e-17
7332.738 8.942e-17
7333.930 8.737e-17
7335.122 8.568e-17
7336.314 8.364e-17
7337.506 8.385e-17
7338.699 8.643e-17
7339.891 8.527e-17
7341.083 9.041e-17
7342.275 9.436e-17
7343.468 8.901e-17
7344.660 9.356e-17
7345.852 9.114e-17
7347.045 9.148e-17
7348.237 8.997e-17
7349.430 9.288e-17
7350.622 9.553e-17
7351.815 9.477e-17
7353.007 9.680e-17
7354.200 1.002e-16
7355.392 9.571e-17
7356.585 9.665e-17
7357.777 9.592e-17
7358.970 9.270e-17
7360.163 9.521e-17
7361.355 9.721e-17
7362.548 9.558e-17
7363.741 9.488e-17
7364.934 9.630e-17
7366.127 9.441e-17
7367.319 9.461e-17
7368.512 9.856e-17
7369.705 9.979e-17
7370.898 1.002e-16
7372.090 1.017e-16
7373.283 9.939e-17
7374.477 1.004e-16
7375.669 1.001e-16
7376.862 1.015e-16
7378.055 1.015e-16
7379.248 1.034e-16
7380.441 1.033e-16
7381.634 1.013e-16
7382.828 1.014e-16
7384.020 1.033e-16
7385.214 1.019e-16
7386.407 1.032e-16
7387.600 1.008e-16
7388.793 1.035e-16
7389.987 1.036e-16
7391.180 1.050e-16
7392.373 1.076e-16
7393.566 1.110e-16
7394.760 1.079e-16
7395.953 1.105e-16
7397.146 1.103e-16
7398.340 1.082e-16
7399.533 1.051e-16
7400.727 1.086e-16
7401.920 1.070e-16
7403.114 1.087e-16
7404.307 1.107e-16
7405.501 1.100e-16
7406.694 1.112e-16
7407.888 1.110e-16
7409.082 1.130e-16
7410.275 1.124e-16
7411.469 1.128e-16
7412.663 1.118e-16
7413.856 1.132e-16
7415.050 1.160e-16
7416.244 1.169e-16
7417.438 1.147e-16
7418.631 1.152e-16
7419.825 1.154e-16
7421.019 1.104e-16
7422.213 1.111e-16
7423.407 1.136e-16
7424.601 1.137e-16
7425.794 1.169e-16
7426.988 1.126e-16
7428.183 1.167e-16
7429.377 1.160e-16
7430.570 1.186e-16
7431.765 1.179e-16
7432.958 1.187e-16
7434.153 1.155e-16
7435.347 1.196e-16
7436.541 1.206e-16
7437.735 1.176e-16
7438.929 1.174e-16
7440.123 1.230e-16
7441.318 1.211e-16
7442.512 1.184e-16
7443.706 1.200e-16
7444.900 1.218e-16
7446.095 1.182e-16
7447.289 1.183e-16
7448.483 1.203e-16
7449.678 1.215e-16
7450.872 1.221e-16
7452.067 1.221e-16
7453.261 1.216e-16
7454.456 1.213e-16
7455.650 1.222e-16
7456.845 1.253e-16
7458.039 1.242e-16
7459.234 1.224e-16
7460.428 1.261e-16
7461.623 1.258e-16
7462.817 1.290e-16
7464.012 1.287e-16
7465.207 1.289e-16
7466.401 1.351e-16
7467.596 1.361e-16
7468.791 1.346e-16
7469.986 1.337e-16
7471.180 1.336e-16
7472.375 1.374e-16
7473.570 1.380e-16
7474.765 1.373e-16
7475.960 1.393e-16
7477.155 1.376e-16
7478.350 1.381e-16
7479.544 1.393e-16
7480.739 1.387e-16
7481.935 1.395e-16
7483.129 1.412e-16
7484.324 1.423e-16
7485.520 1.452e-16
7486.714 1.475e-16
7487.910 1.479e-16
7489.105 1.505e-16
7490.300 1.473e-16
7491.495 1.508e-16
7492.690 1.564e-16
7493.885 1.551e-16
7495.081 1.524e-16
7496.276 1.576e-16
7497.471 1.583e-16
7498.666 1.566e-16
7499.861 1.571e-16
7501.057 1.540e-16
7502.252 1.546e-16
7503.447 1.526e-16
7504.643 1.502e-16
7505.838 1.532e-16
7507.034 1.516e-16
7508.229 1.536e-16
7509.425 1.546e-16
7510.620 1.551e-16
7511.815 1.589e-16
7513.011 1.562e-16
7514.207 1.571e-16
7515.402 1.580e-16
7516.598 1.612e-16
7517.793 1.603e-16
7518.989 1.609e-16
7520.185 1.607e-16
7521.380 1.616e-16
7522.576 1.622e-16
7523.772 1.698e-16
7524.968 1.701e-16
7526.163 1.684e-16
7527.359 1.689e-16
7528.555 1.707e-16
7529.751 1.685e-16
7530.946 1.636e-16
7532.143 1.659e-16
7533.338 1.609e-16
7534.534 1.582e-16
7535.730 1.602e-16
7536.926 1.612e-16
7538.122 1.581e-16
7539.318 1.540e-16
7540.514 1.566e-16
7541.710 1.593e-16
7542.906 1.562e-16
7544.102 1.559e-16
7545.298 1.564e-16
7546.494 1.550e-16
7547.690 1.605e-16
7548.887 1.558e-16
7550.083 1.558e-16
7551.279 1.564e-16
7552.475 1.511e-16
7553.671 1.542e-16
7554.868 1.582e-16
7556.064 1.530e-16
7557.260 1.528e-16
7558.457 1.553e-16
7559.653 1.563e-16
7560.849 1.514e-16
7562.045 1.502e-16
7563.242 1.510e-16
7564.439 1.462e-16
7565.635 1.456e-16
7566.832 1.464e-16
7568.028 1.455e-16
7569.224 1.428e-16
7570.421 1.398e-16
7571.617 1.404e-16
7572.814 1.444e-16
7574.010 1.403e-16
7575.207 1.421e-16
7576.404 1.390e-16
7577.600 1.373e-16
7578.797 1.301e-16
7579.994 1.291e-16
7581.190 1.322e-16
7582.387 1.334e-16
7583.583 1.283e-16
7584.780 1.289e-16
7585.977 1.299e-16
7587.174 1.276e-16
7588.371 1.258e-16
7589.567 1.249e-16
7590.764 1.194e-16
7591.961 1.234e-16
7593.158 1.219e-16
7594.355 1.187e-16
7595.552 1.167e-16
7596.749 1.142e-16
7597.946 1.172e-16
7599.143 1.192e-16
7600.340 1.251e-16
7601.537 1.175e-16
7602.734 1.154e-16
7603.931 1.177e-16
7605.128 1.186e-16
7606.325 1.161e-16
7607.523 1.192e-16
7608.720 1.121e-16
7609.917 1.139e-16
7611.114 1.111e-16
7612.311 1.104e-16
7613.508 1.081e-16
7614.706 1.081e-16
7615.903 1.096e-16
7617.100 1.105e-16
7618.297 1.104e-16
7619.495 1.097e-16
7620.692 1.093e-16
7621.889 1.088e-16
7623.086 9.844e-17
7624.284 1.021e-16
7625.481 1.040e-16
7626.679 1.016e-16
7627.877 1.021e-16
7629.074 1.045e-16
7630.271 1.057e-16
7631.469 1.080e-16
7632.666 1.028e-16
7633.864 1.024e-16
7635.061 9.970e-17
7636.259 9.732e-17
7637.457 9.651e-17
7638.654 9.571e-17
7639.852 1.000e-16
7641.049 9.616e-17
7642.247 9.571e-17
7643.445 9.389e-17
7644.643 9.844e-17
7645.840 9.432e-17
7647.038 9.459e-17
7648.236 9.356e-17
7649.434 9.338e-17
7650.631 9.088e-17
7651.829 9.439e-17
7653.027 9.215e-17
7654.225 9.076e-17
7655.422 8.880e-17
7656.621 9.154e-17
7657.818 9.192e-17
7659.016 9.259e-17
7660.214 8.830e-17
7661.412 8.879e-17
7662.610 8.995e-17
7663.808 9.168e-17
7665.006 8.967e-17
7666.204 8.695e-17
7667.402 8.724e-17
7668.600 8.829e-17
7669.798 8.484e-17
7670.997 8.117e-17
7672.194 8.204e-17
7673.393 8.289e-17
7674.591 8.438e-17
7675.789 8.478e-17
7676.987 8.088e-17
7678.185 8.255e-17
7679.384 8.378e-17
7680.582 8.235e-17
7681.780 8.248e-17
7682.979 8.229e-17
7684.177 8.145e-17
7685.375 7.986e-17
7686.573 8.022e-17
7687.771 8.043e-17
7688.970 8.072e-17
7690.168 7.963e-17
7691.367 7.688e-17
7692.565 8.022e-17
7693.764 7.509e-17
7694.962 7.577e-17
7696.161 7.875e-17
7697.359 7.893e-17
7698.558 7.926e-17
7699.756 7.868e-17
7700.955 7.538e-17
7702.153 7.476e-17
7703.352 7.756e-17
7704.550 7.636e-17
7705.749 7.415e-17
7706.948 7.149e-17
7708.146 7.456e-17
7709.345 7.619e-17
7710.543 7.266e-17
7711.742 7.381e-17
7712.941 7.541e-17
7714.140 7.361e-17
7715.338 7.688e-17
7716.537 7.925e-17
7717.736 7.502e-17
7718.935 8.024e-17
7720.133 7.553e-17
7721.333 7.025e-17
7722.531 7.285e-17
7723.730 7.267e-17
7724.929 7.097e-17
7726.128 7.354e-17
7727.327 7.387e-17
7728.526 7.292e-17
7729.725 7.321e-17
7730.924 7.364e-17
7732.123 7.261e-17
7733.321 7.296e-17
7734.520 7.176e-17
7735.720 7.062e-17
7736.918 7.181e-17
7738.118 7.058e-17
7739.317 7.142e-17
7740.516 7.026e-17
7741.715 6.697e-17
7742.914 7.208e-17
7744.113 7.073e-17
7745.312 6.803e-17
7746.512 6.543e-17
7747.711 6.857e-17
7748.910 6.812e-17
7750.109 6.407e-17
7751.309 7.006e-17
7752.508 7.283e-17
7753.707 7.160e-17
7754.906 7.207e-17
7756.105 7.083e-17
7757.305 6.818e-17
7758.504 6.769e-17
7759.704 7.128e-17
7760.903 7.025e-17
7762.102 7.177e-17
7763.302 7.103e-17
7764.501 6.829e-17
7765.700 6.633e-17
7766.900 7.154e-17
7768.099 6.743e-17
7769.299 6.982e-17
7770.498 7.044e-17
7771.698 6.810e-17
7772.898 7.018e-17
7774.097 6.562e-17
7775.296 6.955e-17
7776.496 6.893e-17
7777.696 7.052e-17
7778.895 6.672e-17
7780.095 7.034e-17
7781.294 6.922e-17
7782.494 6.850e-17
7783.694 6.933e-17
7784.894 6.819e-17
7786.093 6.842e-17
7787.293 6.791e-17
7788.493 6.707e-17
7789.692 6.788e-17
7790.892 6.613e-17
7792.092 6.975e-17
7793.292 7.072e-17
7794.491 6.855e-17
7795.691 7.298e-17
7796.891 6.986e-17
7798.091 7.164e-17
7799.291 6.691e-17
7800.491 7.063e-17
7801.690 6.885e-17
7802.890 6.545e-17
7804.090 6.406e-17
7805.290 7.094e-17
7806.490 6.866e-17
7807.690 6.969e-17
7808.890 6.839e-17
7810.090 6.572e-17
7811.290 6.964e-17
7812.490 6.654e-17
7813.690 6.768e-17
7814.890 6.587e-17
7816.090 6.370e-17
7817.290 6.404e-17
7818.490 6.545e-17
7819.690 6.613e-17
7820.891 6.805e-17
7822.091 6.780e-17
7823.291 7.130e-17
7824.491 6.791e-17
7825.691 6.980e-17
7826.892 7.070e-17
7828.092 6.878e-17
7829.292 6.512e-17
7830.492 6.565e-17
7831.692 6.612e-17
7832.893 6.940e-17
7834.093 6.884e-17
7835.293 6.612e-17
7836.493 6.418e-17
7837.694 6.840e-17
7838.894 6.889e-17
7840.094 6.785e-17
7841.295 6.995e-17
7842.495 7.059e-17
7843.695 7.194e-17
7844.896 7.109e-17
7846.096 7.024e-17
7847.297 6.944e-17
7848.497 6.272e-17
7849.698 6.727e-17
7850.898 6.937e-17
7852.099 6.453e-17
7853.299 7.194e-17
7854.499 6.855e-17
7855.700 6.913e-17
7856.901 6.795e-17
7858.101 7.002e-17
7859.302 6.780e-17
7860.502 6.882e-17
7861.703 7.024e-17
7862.904 6.993e-17
7864.105 6.619e-17
7865.305 6.444e-17
7866.505 6.473e-17
7867.706 6.585e-17
7868.907 6.729e-17
7870.107 6.670e-17
7871.308 6.850e-17
7872.509 7.044e-17
7873.709 7.000e-17
7874.910 6.860e-17
7876.111 6.585e-17
7877.312 6.836e-17
7878.513 7.166e-17
7879.713 7.157e-17
7880.914 7.192e-17
7882.115 6.870e-17
7883.316 6.957e-17
7884.517 6.848e-17
7885.718 6.623e-17
7886.918 6.424e-17
7888.120 6.776e-17
7889.320 7.016e-17
7890.521 6.981e-17
7891.722 6.936e-17
7892.923 7.061e-17
7894.124 7.020e-17
7895.325 6.940e-17
7896.526 6.859e-17
7897.727 7.007e-17
7898.928 6.867e-17
7900.129 6.908e-17
7901.330 6.863e-17
7902.531 7.374e-17
7903.732 7.008e-17
7904.933 7.154e-17
7906.134 7.338e-17
7907.335 7.207e-17
7908.537 7.065e-17
7909.737 7.552e-17
7910.939 6.902e-17
7912.140 7.474e-17
7913.341 7.480e-17
7914.542 7.871e-17
7915.743 8.036e-17
7916.944 7.527e-17
7918.145 7.820e-17
7919.347 7.644e-17
7920.548 7.726e-17
7921.749 7.662e-17
7922.951 7.621e-17
7924.152 7.943e-17
7925.353 7.816e-17
7926.554 7.730e-17
7927.755 7.376e-17
7928.957 7.786e-17
7930.158 7.991e-17
7931.359 8.132e-17
7932.561 8.086e-17
7933.762 8.225e-17
7934.963 8.117e-17
7936.165 7.962e-17
7937.366 7.854e-17
7938.568 8.007e-17
7939.769 8.041e-17
7940.971 8.221e-17
7942.172 8.006e-17
7943.373 8.001e-17
7944.575 8.170e-17
7945.776 8.229e-17
7946.978 8.607e-17
7948.179 8.087e-17
7949.381 8.540e-17
7950.583 8.165e-17
7951.784 8.472e-17
7952.985 8.461e-17
7954.187 8.793e-17
7955.389 8.671e-17
7956.590 8.882e-17
7957.792 9.057e-17
7958.993 8.602e-17
7960.195 8.404e-17
7961.396 8.241e-17
7962.598 8.938e-17
7963.800 9.098e-17
7965.002 9.102e-17
7966.203 9.324e-17
7967.405 1.013e-16
7968.606 9.380e-17
7969.808 9.657e-17
7971.010 9.606e-17
7972.211 9.494e-17
7973.413 9.720e-17
7974.615 9.382e-17
7975.816 9.534e-17
7977.019 9.407e-17
7978.220 9.911e-17
7979.422 9.865e-17
7980.623 9.959e-17
7981.826 1.012e-16
7983.027 9.723e-17
7984.229 9.864e-17
7985.431 9.747e-17
7986.633 9.805e-17
7987.834 9.768e-17
7989.037 9.888e-17
7990.238 9.712e-17
7991.440 1.001e-16
7992.642 1.036e-16
7993.844 1.026e-16
7995.046 1.057e-16
7996.248 1.045e-16
7997.450 1.036e-16
7998.652 1.022e-16
7999.854 1.017e-16
8001.056 1.014e-16
8002.258 9.845e-17
8003.459 1.011e-16
8004.662 9.968e-17
8005.863 9.955e-17
8007.065 9.572e-17
8008.268 1.001e-16
8009.470 9.648e-17
8010.671 9.802e-17
8011.873 9.815e-17
8013.076 9.678e-17
8014.278 9.757e-17
8015.480 1.013e-16
8016.682 1.004e-16
8017.884 9.970e-17
8019.086 9.915e-17
8020.288 9.945e-17
8021.490 9.786e-17
8022.692 9.822e-17
8023.895 9.864e-17
8025.097 9.698e-17
8026.299 1.032e-16
8027.501 1.013e-16
8028.704 1.007e-16
8029.906 1.026e-16
8031.108 9.949e-17
8032.310 9.863e-17
8033.512 9.630e-17
8034.714 9.793e-17
8035.917 9.664e-17
8037.119 9.492e-17
8038.321 9.585e-17
8039.523 9.514e-17
8040.726 9.610e-17
8041.928 9.350e-17
8043.130 9.608e-17
8044.333 9.300e-17
8045.535 9.325e-17
8046.737 9.338e-17
8047.940 9.512e-17
8049.142 9.287e-17
8050.344 9.302e-17
8051.546 9.452e-17
8052.749 8.988e-17
8053.951 9.351e-17
8055.154 9.199e-17
8056.356 9.309e-17
8057.559 8.750e-17
8058.761 8.382e-17
8059.963 8.793e-17
8061.166 8.809e-17
8062.368 8.686e-17
8063.571 9.223e-17
8064.773 8.744e-17
8065.976 8.573e-17
8067.178 8.821e-17
8068.380 8.486e-17
8069.583 8.482e-17
8070.785 8.376e-17
8071.988 8.177e-17
8073.190 8.039e-17
8074.393 8.083e-17
8075.596 7.960e-17
8076.798 7.985e-17
8078.001 8.136e-17
8079.203 8.155e-17
8080.406 7.846e-17
8081.608 7.969e-17
8082.811 7.972e-17
8084.013 8.039e-17
8085.216 8.156e-17
8086.418 7.867e-17
8087.621 8.052e-17
8088.824 8.236e-17
8090.026 7.858e-17
8091.229 7.829e-17
8092.432 7.836e-17
8093.634 7.749e-17
8094.837 7.941e-17
8096.040 8.089e-17
8097.242 8.009e-17
8098.445 7.778e-17
8099.648 7.719e-17
8100.850 7.860e-17
8102.053 8.027e-17
8103.256 7.775e-17
8104.458 7.849e-17
8105.661 7.899e-17
8106.864 7.919e-17
8108.066 7.450e-17
8109.270 7.568e-17
8110.472 7.842e-17
8111.675 7.795e-17
8112.878 7.952e-17
8114.081 7.819e-17
8115.283 7.812e-17
8116.486 7.709e-17
8117.689 7.725e-17
8118.892 7.565e-17
8120.094 7.495e-17
8121.297 7.647e-17
8122.500 7.786e-17
8123.703 7.818e-17
8124.906 7.454e-17
8126.108 7.482e-17
8127.311 7.725e-17
8128.514 7.816e-17
8129.717 7.830e-17
8130.920 7.481e-17
8132.123 7.604e-17
8133.326 7.574e-17
8134.529 7.604e-17
8135.731 7.629e-17
8136.935 7.608e-17
8138.137 7.650e-17
8139.340 7.557e-17
8140.543 7.322e-17
8141.746 7.941e-17
8142.949 7.651e-17
8144.152 7.523e-17
8145.355 7.715e-17
8146.558 7.725e-17
8147.761 7.556e-17
8148.964 7.609e-17
8150.167 7.720e-17
8151.370 7.635e-17
8152.573 7.697e-17
8153.776 7.266e-17
8154.979 7.325e-17
8156.182 7.297e-17
8157.385 7.482e-17
8158.588 7.407e-17
8159.791 7.175e-17
8160.994 7.407e-17
8162.197 7.423e-17
8163.400 7.379e-17
8164.603 7.663e-17
8165.806 7.470e-17
8167.009 7.357e-17
8168.212 7.591e-17
8169.416 7.626e-17
8170.618 7.517e-17
8171.821 7.566e-17
8173.024 7.359e-17
8174.227 7.607e-17
8175.431 7.600e-17
8176.634 7.333e-17
8177.837 7.321e-17
8179.040 7.210e-17
8180.243 7.067e-17
8181.446 7.356e-17
8182.649 7.399e-17
8183.852 7.137e-17
8185.056 7.169e-17
8186.259 7.280e-17
8187.462 7.049e-17
8188.665 7.281e-17
8189.868 7.080e-17
8191.072 6.967e-17
8192.274 7.247e-17
8193.478 7.176e-17
8194.681 7.232e-17
8195.885 7.523e-17
8197.088 7.292e-17
8198.291 7.295e-17
8199.494 7.420e-17
8200.697 7.527e-17
8201.900 7.230e-17
8203.103 7.500e-17
8204.307 7.377e-17
8205.510 7.599e-17
8206.713 7.407e-17
8207.917 7.362e-17
8209.120 7.596e-17
8210.323 7.091e-17
8211.526 7.224e-17
8212.729 7.362e-17
8213.933 7.297e-17
8215.136 7.422e-17
8216.340 7.310e-17
8217.543 7.437e-17
8218.746 7.512e-17
8219.949 7.388e-17
8221.152 7.235e-17
8222.355 7.109e-17
8223.560 7.037e-17
8224.763 7.026e-17
8225.966 7.013e-17
8227.169 6.690e-17
8228.372 6.613e-17
8229.576 6.696e-17
8230.779 6.673e-17
8231.982 6.969e-17
8233.185 6.840e-17
8234.390 6.882e-17
8235.593 6.977e-17
8236.796 7.286e-17
8237.999 7.171e-17
8239.202 7.237e-17
8240.406 7.072e-17
8241.609 7.006e-17
8242.812 6.819e-17
8244.016 7.104e-17
8245.220 7.422e-17
8246.423 7.160e-17
8247.626 7.022e-17
8248.830 7.132e-17
8250.033 7.225e-17
8251.236 7.230e-17
8252.440 6.851e-17
8253.644 7.033e-17
8254.847 6.870e-17
8256.050 6.948e-17
8257.254 6.794e-17
8258.457 7.188e-17
8259.660 6.773e-17
8260.864 6.784e-17
8262.067 6.784e-17
8263.271 6.913e-17
8264.475 7.137e-17
8265.678 7.150e-17
8266.881 7.375e-17
8268.085 6.999e-17
8269.288 7.021e-17
8270.491 6.860e-17
8271.695 6.707e-17
8272.898 6.945e-17
8274.102 6.445e-17
8275.306 6.909e-17
8276.509 6.430e-17
8277.712 6.481e-17
8278.916 6.778e-17
8280.119 7.071e-17
8281.323 6.852e-17
8282.526 6.785e-17
8283.729 6.918e-17
8284.934 6.804e-17
8286.137 6.594e-17
8287.340 6.661e-17
8288.544 6.793e-17
8289.747 6.730e-17
8290.951 7.015e-17
8292.154 6.861e-17
8293.357 6.669e-17
8294.561 6.397e-17
8295.765 6.176e-17
8296.969 6.347e-17
8298.172 6.769e-17
8299.376 6.862e-17
8300.579 7.079e-17
8301.782 7.318e-17
8302.986 6.860e-17
8304.190 6.700e-17
8305.394 6.741e-17
8306.597 6.489e-17
8307.801 6.775e-17
8309.004 6.832e-17
8310.207 6.925e-17
8311.411 6.957e-17
8312.614 7.052e-17
8313.818 6.888e-17
8315.022 6.994e-17
8316.226 6.908e-17
8317.429 6.525e-17
8318.633 6.653e-17
8319.836 6.366e-17
8321.040 6.735e-17
8322.243 6.604e-17
8323.447 6.712e-17
8324.650 6.540e-17
8325.853 6.637e-17
8327.058 6.650e-17
8328.261 6.868e-17
8329.465 6.791e-17
8330.668 6.603e-17
8331.872 6.699e-17
8333.075 6.793e-17
8334.279 6.696e-17
8335.482 6.673e-17
8336.686 6.750e-17
8337.890 6.622e-17
8339.094 6.217e-17
8340.297 5.625e-17
8341.501 5.467e-17
8342.704 5.635e-17
8343.908 6.824e-17
8345.111 6.973e-17
8346.315 7.501e-17
8347.519 8.006e-17
8348.723 7.544e-17
8349.926 6.937e-17
8351.130 6.479e-17
8352.334 6.869e-17
8353.537 6.550e-17
8354.740 6.739e-17
8355.944 7.235e-17
8357.148 7.100e-17
8358.352 6.641e-17
8359.556 6.404e-17
8360.759 6.581e-17
8361.963 6.578e-17
8363.166 6.582e-17
8364.370 6.692e-17
8365.573 6.669e-17
8366.777 6.723e-17
8367.980 6.800e-17
8369.185 6.798e-17
8370.388 6.531e-17
8371.592 6.884e-17
8372.795 6.812e-17
8373.999 6.750e-17
8375.202 6.689e-17
8376.406 6.690e-17
8377.610 6.668e-17
8378.814 6.586e-17
8380.018 6.426e-17
8381.221 6.398e-17
8382.425 6.745e-17
8383.628 6.924e-17
8384.832 7.176e-17
8386.035 6.838e-17
8387.239 6.890e-17
8388.443 6.812e-17
8389.647 6.777e-17
8390.851 6.577e-17
8392.054 6.995e-17
8393.258 6.910e-17
8394.461 6.265e-17
8395.665 5.917e-17
8396.868 5.974e-17
8398.072 6.298e-17
8399.275 6.988e-17
8400.479 7.141e-17
8401.684 7.485e-17
8402.887 7.704e-17
8404.091 7.401e-17
8405.294 7.106e-17
8406.498 6.509e-17
8407.701 6.708e-17
8408.905 7.007e-17
8410.108 6.682e-17
8411.312 6.487e-17
8412.517 6.305e-17
8413.720 6.276e-17
8414.924 6.832e-17
8416.127 6.931e-17
8417.331 7.020e-17
8418.534 7.311e-17
8419.738 6.927e-17
8420.941 6.945e-17
8422.146 7.033e-17
8423.350 6.731e-17
8424.553 6.868e-17
8425.757 6.466e-17
8426.960 5.728e-17
8428.164 6.295e-17
8429.367 6.660e-17
8430.571 6.498e-17
8431.774 6.762e-17
8432.978 7.008e-17
8434.183 7.701e-17
8435.386 7.287e-17
8436.590 6.761e-17
8437.793 6.580e-17
8438.997 6.904e-17
8440.200 6.690e-17
8441.404 6.743e-17
8442.607 6.595e-17
8443.811 6.354e-17
8445.015 6.479e-17
8446.219 6.817e-17
8447.423 6.856e-17
8448.626 6.280e-17
8449.830 6.161e-17
8451.033 6.059e-17
8452.237 6.500e-17
8453.440 6.588e-17
8454.645 6.582e-17
8455.848 6.912e-17
8457.052 6.482e-17
8458.256 6.254e-17
8459.459 6.329e-17
8460.663 6.031e-17
8461.866 5.805e-17
8463.070 5.938e-17
8464.273 6.046e-17
8465.478 6.261e-17
8466.681 6.552e-17
8467.885 6.831e-17
8469.088 7.000e-17
8470.292 6.650e-17
8471.495 6.334e-17
8472.699 6.381e-17
8473.902 6.290e-17
8475.106 6.340e-17
8476.310 6.395e-17
8477.514 6.372e-17
8478.718 6.335e-17
8479.921 6.125e-17
8481.124 6.447e-17
8482.328 5.960e-17
8483.532 6.050e-17
8484.735 6.081e-17
8485.940 6.032e-17
8487.143 5.907e-17
8488.347 6.041e-17
8489.550 5.879e-17
8490.754 5.892e-17
8491.957 5.496e-17
8493.161 5.834e-17
8494.364 5.884e-17
8495.568 5.877e-17
8496.772 5.794e-17
8497.976 5.856e-17
8499.179 5.803e-17
8500.383 5.815e-17
8501.586 5.154e-17
8502.790 5.213e-17
8503.993 5.561e-17
8505.197 5.598e-17
8506.400 5.701e-17
8507.603 6.175e-17
8508.808 6.041e-17
8510.011 5.741e-17
8511.215 5.494e-17
8512.418 5.675e-17
8513.622 5.642e-17
8514.825 5.741e-17
8516.029 5.636e-17
8517.232 5.573e-17
8518.436 5.577e-17
8519.640 5.409e-17
8520.844 5.473e-17
8522.047 5.392e-17
8523.250 5.450e-17
8524.454 5.405e-17
8525.657 5.445e-17
8526.861 5.427e-17
8528.065 5.573e-17
8529.269 5.391e-17
8530.472 5.265e-17
8531.676 5.594e-17
8532.879 5.519e-17
8534.082 5.630e-17
8535.286 5.243e-17
8536.489 5.362e-17
8537.693 5.338e-17
8538.897 5.344e-17
8540.101 5.692e-17
8541.304 5.562e-17
8542.507 5.580e-17
8543.711 5.511e-17
8544.914 5.163e-17
8546.118 5.054e-17
8547.321 5.559e-17
8548.524 5.473e-17
8549.728 5.486e-17
8550.932 5.689e-17
8552.135 5.652e-17
8553.339 5.412e-17
8554.542 5.600e-17
8555.746 5.320e-17
8556.949 5.215e-17
8558.152 5.452e-17
8559.356 5.430e-17
8560.560 5.417e-17
8561.763 5.050e-17
8562.967 5.403e-17
8564.170 5.223e-17
8565.373 5.474e-17
8566.577 5.606e-17
8567.780 5.371e-17
8568.984 5.502e-17
8570.188 5.612e-17
8571.391 5.522e-17
8572.594 5.404e-17
8573.798 5.693e-17
8575.001 5.435e-17
8576.205 5.796e-17
8577.408 5.689e-17
8578.611 5.492e-17
8579.815 5.631e-17
8581.019 5.732e-17
8582.222 5.558e-17
8583.425 5.313e-17
8584.629 5.625e-17
8585.832 5.803e-17
8587.035 5.335e-17
8588.238 5.534e-17
8589.442 5.719e-17
8590.646 5.430e-17
8591.849 5.611e-17
8593.053 5.596e-17
8594.256 5.697e-17
8595.459 5.460e-17
8596.662 5.692e-17
8597.866 5.906e-17
8599.069 5.819e-17
8600.272 6.042e-17
8601.476 5.909e-17
8602.680 5.847e-17
8603.883 5.926e-17
8605.086 6.071e-17
8606.289 6.187e-17
8607.492 5.983e-17
8608.696 6.271e-17
8609.899 6.237e-17
8611.103 6.515e-17
8612.306 6.422e-17
8613.510 6.580e-17
8614.713 6.571e-17
8615.916 6.741e-17
8617.119 6.537e-17
8618.322 6.660e-17
8619.525 6.478e-17
8620.729 6.806e-17
8621.933 6.696e-17
8623.136 6.745e-17
8624.339 6.947e-17
8625.542 6.909e-17
8626.745 6.890e-17
8627.949 7.125e-17
8629.152 7.050e-17
8630.355 7.008e-17
8631.559 7.134e-17
8632.762 7.148e-17
8633.965 7.302e-17
8635.168 7.284e-17
8636.371 7.203e-17
8637.574 7.033e-17
8638.778 7.286e-17
8639.981 7.280e-17
8641.185 7.323e-17
8642.388 7.097e-17
8643.591 7.302e-17
8644.794 7.544e-17
8645.997 7.078e-17
8647.200 7.632e-17
8648.403 7.488e-17
8649.606 7.629e-17
8650.810 7.522e-17
8652.014 7.577e-17
8653.216 7.471e-17
8654.420 7.897e-17
8655.623 7.903e-17
8656.826 7.759e-17
8658.029 7.971e-17
8659.232 8.130e-17
8660.435 7.952e-17
8661.639 7.776e-17
8662.842 8.159e-17
8664.045 8.391e-17
8665.248 8.407e-17
8666.451 8.639e-17
8667.654 8.804e-17
8668.857 8.853e-17
8670.060 8.581e-17
8671.264 8.767e-17
8672.467 9.063e-17
8673.669 8.846e-17
8674.872 9.241e-17
8676.075 8.960e-17
8677.278 8.830e-17
8678.481 9.271e-17
8679.685 9.325e-17
8680.888 9.371e-17
8682.091 9.404e-17
8683.294 8.942e-17
8684.497 9.550e-17
8685.700 9.535e-17
8686.903 9.709e-17
8688.106 9.881e-17
8689.309 9.757e-17
8690.512 9.929e-17
8691.715 1.001e-16
8692.918 9.967e-17
8694.121 1.019e-16
8695.324 1.036e-16
8696.527 1.035e-16
8697.730 1.054e-16
8698.933 1.079e-16
8700.136 1.090e-16
8701.339 1.075e-16
8702.542 1.100e-16
8703.745 1.088e-16
8704.947 1.114e-16
8706.150 1.086e-16
8707.353 1.123e-16
8708.557 1.116e-16
8709.760 1.091e-16
8710.962 1.156e-16
8712.165 1.132e-16
8713.368 1.130e-16
8714.571 1.154e-16
8715.773 1.151e-16
8716.977 1.182e-16
8718.180 1.208e-16
8719.383 1.211e-16
8720.585 1.234e-16
8721.788 1.227e-16
8722.991 1.242e-16
8724.194 1.237e-16
8725.397 1.255e-16
8726.600 1.272e-16
8727.803 1.287e-16
8729.005 1.305e-16
8730.208 1.303e-16
8731.411 1.309e-16
8732.613 1.333e-16
8733.816 1.389e-16
8735.020 1.365e-16
8736.222 1.406e-16
8737.425 1.434e-16
8738.628 1.451e-16
8739.830 1.433e-16
8741.033 1.455e-16
8742.235 1.471e-16
8743.439 1.527e-16
8744.642 1.506e-16
8745.844 1.537e-16
8747.047 1.526e-16
8748.249 1.548e-16
8749.452 1.575e-16
8750.655 1.600e-16
8751.857 1.598e-16
8753.060 1.550e-16
8754.263 1.581e-16
8755.466 1.539e-16
8756.668 1.537e-16
8757.871 1.536e-16
8759.073 1.582e-16
8760.276 1.635e-16
8761.478 1.650e-16
8762.682 1.691e-16
8763.884 1.659e-16
8765.087 1.631e-16
8766.289 1.699e-16
8767.492 1.730e-16
8768.694 1.703e-16
8769.897 1.785e-16
8771.100 1.797e-16
8772.302 1.774e-16
8773.505 1.693e-16
8774.707 1.700e-16
8775.910 1.689e-16
8777.112 1.681e-16
8778.315 1.825e-16
8779.518 1.882e-16
8780.720 1.910e-16
8781.923 1.994e-16
8783.125 1.926e-16
8784.327 1.910e-16
8785.530 1.916e-16
8786.732 1.875e-16
8787.935 1.927e-16
8789.138 1.907e-16
8790.340 1.926e-16
8791.543 1.947e-16
8792.745 1.960e-16
8793.947 1.958e-16
8795.149 1.968e-16
8796.353 1.942e-16
8797.555 1.962e-16
8798.757 1.946e-16
8799.960 1.970e-16
8801.162 1.939e-16
8802.364 1.948e-16
8803.566 1.916e-16
8804.770 1.939e-16
8805.972 1.954e-16
8807.174 1.963e-16
8808.376 2.016e-16
8809.578 2.041e-16
8810.781 2.046e-16
8811.983 2.050e-16
8813.185 2.074e-16
8814.388 2.096e-16
8815.590 2.092e-16
8816.793 2.096e-16
8817.995 2.116e-16
8819.197 2.155e-16
8820.399 2.134e-16
8821.602 2.116e-16
8822.804 2.060e-16
8824.006 1.897e-16
8825.208 2.071e-16
8826.411 2.186e-16
8827.613 2.205e-16
8828.815 2.244e-16
8830.018 2.384e-16
8831.220 2.416e-16
8832.422 2.248e-16
8833.624 2.159e-16
8834.826 2.237e-16
8836.028 2.257e-16
8837.230 2.279e-16
8838.433 2.258e-16
8839.635 2.341e-16
8840.837 2.362e-16
8842.039 2.307e-16
8843.241 2.292e-16
8844.443 2.247e-16
8845.646 2.281e-16
8846.848 2.269e-16
8848.050 2.253e-16
8849.252 2.282e-16
8850.454 2.270e-16
8851.656 2.259e-16
8852.858 2.287e-16
8854.060 2.330e-16
8855.262 2.284e-16
8856.464 2.292e-16
8857.666 2.279e-16
8858.868 2.300e-16
8860.070 2.289e-16
8861.272 2.306e-16
8862.475 2.317e-16
8863.677 2.281e-16
8864.878 2.272e-16
8866.080 2.312e-16
8867.282 2.363e-16
8868.484 2.331e-16
8869.686 2.402e-16
8870.888 2.421e-16
8872.090 2.425e-16
8873.292 2.368e-16
8874.494 2.333e-16
8875.695 2.385e-16
8876.897 2.352e-16
8878.100 2.345e-16
8879.302 2.342e-16
8880.503 2.363e-16
8881.705 2.281e-16
8882.907 2.116e-16
8884.108 2.209e-16
8885.310 2.348e-16
8886.513 2.364e-16
8887.714 2.459e-16
8888.916 2.505e-16
8890.118 2.603e-16
8891.319 2.402e-16
8892.522 2.379e-16
8893.724 2.392e-16
8894.925 2.421e-16
8896.127 2.361e-16
8897.328 2.387e-16
8898.530 2.351e-16
8899.732 2.330e-16
8900.934 2.341e-16
8902.136 2.351e-16
8903.337 2.369e-16
8904.539 2.447e-16
8905.740 2.443e-16
8906.942 2.487e-16
8908.144 2.430e-16
8909.346 2.339e-16
8910.547 2.369e-16
8911.749 2.350e-16
8912.950 2.341e-16
8914.152 2.348e-16
8915.353 2.247e-16
8916.556 2.035e-16
8917.757 2.114e-16
8918.959 2.273e-16
8920.160 2.250e-16
8921.361 2.287e-16
8922.564 2.381e-16
8923.765 2.501e-16
8924.967 2.272e-16
8926.168 2.203e-16
8927.369 2.164e-16
8928.571 2.160e-16
8929.772 2.180e-16
8930.974 2.171e-16
8932.176 2.176e-16
8933.377 2.225e-16
8934.578 2.206e-16
8935.780 2.226e-16
8936.981 2.239e-16
8938.183 2.262e-16
8939.384 2.217e-16
8940.586 2.168e-16
8941.787 2.198e-16
8942.988 2.217e-16
8944.190 2.249e-16
8945.392 2.245e-16
8946.593 2.332e-16
8947.794 2.310e-16
8948.995 2.233e-16
8950.196 2.208e-16
8951.397 2.203e-16
8952.600 2.187e-16
8953.801 2.139e-16
8955.002 2.044e-16
8956.203 2.068e-16
8957.404 2.123e-16
8958.605 2.114e-16
8959.807 2.138e-16
8961.008 2.228e-16
8962.210 2.205e-16
8963.411 2.146e-16
8964.612 2.074e-16
8965.814 2.084e-16
8967.015 2.039e-16
8968.216 2.028e-16
8969.417 2.006e-16
8970.618 1.995e-16
8971.819 1.999e-16
8973.021 1.954e-16
8974.222 1.937e-16
8975.423 1.914e-16
8976.624 1.884e-16
8977.825 1.910e-16
8979.026 1.860e-16
8980.228 1.870e-16
8981.428 1.884e-16
8982.629 1.838e-16
8983.830 1.803e-16
8985.031 1.789e-16
8986.232 1.763e-16
8987.434 1.822e-16
8988.635 1.789e-16
8989.836 1.830e-16
8991.036 1.783e-16
8992.237 1.803e-16
8993.439 1.795e-16
8994.640 1.754e-16
8995.841 1.760e-16
8997.041 1.708e-16
8998.242 1.612e-16
8999.443 1.604e-16
9000.645 1.649e-16
9001.845 1.653e-16
9003.046 1.674e-16
9004.247 1.691e-16
9005.448 1.711e-16
9006.648 1.614e-16
9007.850 1.622e-16
9009.051 1.606e-16
9010.251 1.569e-16
9011.452 1.567e-16
9012.653 1.570e-16
9013.853 1.555e-16
9015.055 1.522e-16
9016.256 1.545e-16
9017.456 1.508e-16
9018.657 1.509e-16
9019.857 1.473e-16
9021.059 1.516e-16
9022.260 1.506e-16
9023.460 1.477e-16
9024.661 1.479e-16
9025.861 1.454e-16
9027.062 1.424e-16
9028.263 1.433e-16
9029.464 1.423e-16
9030.664 1.404e-16
9031.865 1.418e-16
9033.065 1.412e-16
9034.267 1.346e-16
9035.467 1.323e-16
9036.668 1.346e-16
9037.868 1.348e-16
9039.068 1.352e-16
9040.270 1.308e-16
9041.470 1.346e-16
9042.670 1.330e-16
9043.871 1.302e-16
9045.071 1.254e-16
9046.272 1.239e-16
9047.473 1.249e-16
9048.673 1.250e-16
9049.874 1.251e-16
9051.074 1.256e-16
9052.274 1.261e-16
9053.476 1.273e-16
9054.676 1.245e-16
9055.876 1.238e-16
9057.076 1.228e-16
9058.277 1.187e-16
9059.478 1.171e-16
9060.678 1.181e-16
9061.878 1.135e-16
9063.078 1.129e-16
9064.279 1.166e-16
9065.479 1.146e-16
9066.680 1.129e-16
9067.880 1.154e-16
9069.080 1.117e-16
9070.280 1.124e-16
9071.480 1.102e-16
9072.682 1.090e-16
9073.882 1.071e-16
9075.082 1.071e-16
9076.282 1.052e-16
9077.482 1.054e-16
9078.683 1.054e-16
9079.883 1.060e-16
9081.083 1.067e-16
9082.283 1.052e-16
9083.483 1.053e-16
9084.684 1.056e-16
9085.884 1.056e-16
9087.084 1.078e-16
9088.284 1.020e-16
9089.484 1.012e-16
9090.685 9.996e-17
9091.885 9.955e-17
9093.085 1.014e-16
9094.285 1.004e-16
9095.484 1.017e-16
9096.685 9.987e-17
9097.885 1.004e-16
9099.085 9.640e-17
9100.285 9.777e-17
9101.485 9.783e-17
9102.685 9.807e-17
9103.885 9.634e-17
9105.085 9.657e-17
9106.285 9.753e-17
9107.485 9.559e-17
9108.685 9.437e-17
9109.885 9.537e-17
9111.085 9.407e-17
9112.285 9.440e-17
9113.484 9.661e-17
9114.685 9.606e-17
9115.885 9.319e-17
9117.085 9.231e-17
9118.284 9.524e-17
9119.484 9.239e-17
9120.685 9.296e-17
9121.884 9.264e-17
9123.084 9.239e-17
9124.283 9.432e-17
9125.483 9.039e-17
9126.684 9.278e-17
9127.883 9.144e-17
9129.083 8.995e-17
9130.282 9.188e-17
9131.482 9.188e-17
9132.682 9.248e-17
9133.882 9.222e-17
9135.081 8.833e-17
9136.281 8.871e-17
9137.480 8.689e-17
9138.681 8.575e-17
9139.880 8.925e-17
9141.080 8.666e-17
9142.279 8.418e-17
9143.479 8.583e-17
9144.679 8.623e-17
9145.878 8.600e-17
9147.078 8.334e-17
9148.277 8.629e-17
9149.478 8.260e-17
9150.677 8.607e-17
9151.876 8.326e-17
9153.076 8.416e-17
9154.275 8.518e-17
9155.475 8.812e-17
9156.675 8.718e-17
9157.874 8.629e-17
9159.073 8.536e-17
9160.272 8.558e-17
9161.473 8.641e-17
9162.672 8.732e-17
9163.871 8.401e-17
9165.070 8.769e-17
9166.271 8.433e-17
9167.470 8.506e-17
9168.669 8.393e-17
9169.868 8.277e-17
9171.067 8.531e-17
9172.267 8.511e-17
9173.467 8.349e-17
9174.666 8.437e-17
9175.865 8.470e-17
9177.065 8.342e-17
9178.264 8.287e-17
9179.463 8.436e-17
9180.662 8.502e-17
9181.861 8.283e-17
9183.060 8.252e-17
9184.260 8.141e-17
9185.459 8.269e-17
9186.658 8.254e-17
9187.857 8.443e-17
9189.057 8.345e-17
9190.256 8.469e-17
9191.455 8.066e-17
9192.654 8.397e-17
9193.853 8.147e-17
9195.053 8.089e-17
9196.252 8.012e-17
9197.451 8.014e-17
9198.649 8.213e-17
9199.849 8.187e-17
9201.048 8.140e-17
9202.247 8.478e-17
9203.446 8.232e-17
9204.646 8.352e-17
9205.844 7.972e-17
9207.043 7.959e-17
9208.242 8.313e-17
9209.441 8.028e-17
9210.641 8.135e-17
9211.839 8.553e-17
9213.038 8.155e-17
9214.237 8.161e-17
9215.435 8.092e-17
9216.635 7.877e-17
9217.834 7.774e-17
9219.032 8.108e-17
9220.231 8.040e-17
9221.431 8.107e-17
9222.629 7.893e-17
9223.828 7.978e-17
9225.027 7.847e-17
9226.226 7.851e-17
9227.425 7.852e-17
9228.623 7.756e-17
9229.822 8.070e-17
9231.021 7.956e-17
9232.220 7.707e-17
9233.418 7.777e-17
9234.617 7.680e-17
9235.815 7.684e-17
9237.015 7.493e-17
9238.213 7.455e-17
9239.412 7.642e-17
9240.610 7.488e-17
9241.810 7.588e-17
9243.008 7.350e-17
9244.207 7.333e-17
9245.405 7.468e-17
9246.603 7.438e-17
9247.803 7.238e-17
9249.001 7.251e-17
9250.199 7.258e-17
9251.398 7.219e-17
9252.597 7.114e-17
9253.795 7.375e-17
9254.994 7.283e-17
9256.192 7.152e-17
9257.391 7.225e-17
9258.589 7.287e-17
9259.788 7.070e-17
9260.986 7.073e-17
9262.185 7.052e-17
9263.383 7.068e-17
9264.581 7.257e-17
9265.780 7.016e-17
9266.978 6.969e-17
9268.177 7.115e-17
9269.375 7.066e-17
9270.573 6.876e-17
9271.772 7.205e-17
9272.970 7.109e-17
9274.169 6.963e-17
9275.367 6.984e-17
9276.565 6.907e-17
9277.764 6.851e-17
9278.962 7.124e-17
9280.160 6.948e-17
9281.358 6.846e-17
9282.557 6.529e-17
9283.755 6.736e-17
9284.953 6.659e-17
9286.151 6.856e-17
9287.350 6.761e-17
9288.548 7.190e-17
9289.745 7.040e-17
9290.943 6.880e-17
9292.142 7.025e-17
9293.340 7.017e-17
9294.538 6.644e-17
9295.736 6.813e-17
9296.935 6.823e-17
9298.132 6.857e-17
9299.330 6.665e-17
9300.528 6.743e-17
9301.727 6.351e-17
9302.925 6.143e-17
9304.122 5.593e-17
9305.320 6.129e-17
9306.519 6.227e-17
9307.717 6.242e-17
9308.914 7.039e-17
9310.112 5.374e-17
9311.310 6.060e-17
9312.508 7.067e-17
9313.706 6.986e-17
9314.904 7.030e-17
9316.102 8.546e-17
9317.300 9.470e-17
9318.498 6.990e-17
9319.695 5.788e-17
9320.894 5.028e-17
9322.091 6.138e-17
9323.289 7.044e-17
9324.486 7.426e-17
9325.685 7.509e-17
9326.882 9.416e-17
9328.080 8.470e-17
9329.277 6.702e-17
9330.476 6.689e-17
9331.673 6.554e-17
9332.871 6.642e-17
9334.068 6.274e-17
9335.267 5.915e-17
9336.464 6.322e-17
9337.661 6.483e-17
9338.859 6.178e-17
9340.057 6.922e-17
9341.255 7.346e-17
9342.452 7.992e-17
9343.649 9.458e-17
9344.848 1.065e-16
9346.045 1.054e-16
9347.242 1.000e-16
9348.440 9.171e-17
9349.638 8.167e-17
9350.835 7.469e-17
9352.032 6.701e-17
9353.229 6.664e-17
9354.428 6.714e-17
9355.625 6.143e-17
9356.822 6.265e-17
9358.020 6.841e-17
9359.217 6.713e-17
9360.415 6.486e-17
9361.612 6.678e-17
9362.810 6.435e-17
9364.007 6.404e-17
9365.204 6.422e-17
9366.401 6.228e-17
9367.599 5.883e-17
9368.796 5.965e-17
9369.993 6.010e-17
9371.190 5.090e-17
9372.388 5.126e-17
9373.585 5.163e-17
9374.782 5.199e-17
9375.979 6.412e-17
9377.177 7.479e-17
9378.374 9.435e-17
9379.571 1.364e-16
9380.769 8.842e-17
9381.966 6.792e-17
9383.163 6.404e-17
9384.360 5.951e-17
9385.557 6.600e-17
9386.754 6.891e-17
9387.951 6.745e-17
9389.148 6.550e-17
9390.346 6.815e-17
9391.543 6.376e-17
9392.739 6.178e-17
9393.936 6.252e-17
9395.134 6.078e-17
9396.331 6.223e-17
9397.527 6.254e-17
9398.725 5.649e-17
9399.922 5.930e-17
9401.119 6.416e-17
9402.315 6.380e-17
9403.513 6.579e-17
9404.710 6.963e-17
9405.906 7.029e-17
9407.103 6.544e-17
9408.300 6.228e-17
9409.497 6.300e-17
9410.694 6.345e-17
9411.891 6.348e-17
9413.088 6.373e-17
9414.284 6.219e-17
9415.481 6.153e-17
9416.678 5.265e-17
9417.875 5.787e-17
9419.071 6.107e-17
9420.269 6.373e-17
9421.465 6.057e-17
9422.662 7.127e-17
9423.858 7.010e-17
9425.055 6.087e-17
9426.252 6.525e-17
9427.448 6.405e-17
9428.646 6.356e-17
9429.842 6.621e-17
9431.038 6.450e-17
9432.235 6.450e-17
9433.432 6.499e-17
9434.628 6.378e-17
9435.825 6.083e-17
9437.022 5.787e-17
9438.218 5.492e-17
9439.414 6.514e-17
9440.611 7.300e-17
9441.808 8.382e-17
9443.004 1.247e-16
9444.200 8.803e-17
9445.397 7.065e-17
9446.594 6.807e-17
9447.790 6.740e-17
9448.986 6.552e-17
9450.183 6.505e-17
9451.379 6.262e-17
9452.575 6.317e-17
9453.772 6.213e-17
9454.968 4.862e-17
9456.165 5.171e-17
9457.361 6.276e-17
9458.558 6.095e-17
9459.754 7.054e-17
9460.950 7.862e-17
9462.147 8.484e-17
9463.343 7.101e-17
9464.539 6.780e-17
9465.735 6.870e-17
9466.931 6.960e-17
9468.127 6.756e-17
9469.323 6.945e-17
9470.520 6.984e-17
9471.716 6.772e-17
9472.912 4.830e-17
9474.108 3.820e-17
9475.305 6.020e-17
9476.500 7.221e-17
9477.696 6.289e-17
9478.893 7.816e-17
9480.089 1.088e-16
9481.285 9.755e-17
9482.480 7.583e-17
9483.677 7.237e-17
9484.873 7.313e-17
9486.069 7.298e-17
9487.265 7.173e-17
9488.461 7.232e-17
9489.657 7.098e-17
9490.853 7.029e-17
9492.049 6.930e-17
9493.245 7.022e-17
9494.440 7.283e-17
9495.637 7.072e-17
9496.832 7.534e-17
9498.028 7.121e-17
9499.225 6.209e-17
9500.420 6.601e-17
9501.616 7.660e-17
9502.811 8.054e-17
9504.008 7.575e-17
9505.203 8.553e-17
9506.399 8.765e-17
9507.595 8.226e-17
9508.791 8.195e-17
9509.986 8.075e-17
9511.182 8.048e-17
9512.378 7.895e-17
9513.573 7.815e-17
9514.770 7.121e-17
9515.965 5.698e-17
9517.160 6.310e-17
9518.356 7.299e-17
9519.552 7.296e-17
9520.747 7.994e-17
9521.943 9.353e-17
9523.139 1.029e-16
9524.334 8.738e-17
9525.529 7.640e-17
9526.726 7.733e-17
9527.921 8.045e-17
9529.116 7.953e-17
9530.311 7.659e-17
9531.507 7.472e-17
9532.703 7.841e-17
9533.898 7.590e-17
9535.094 7.865e-17
9536.289 7.733e-17
9537.484 7.636e-17
9538.680 7.469e-17
9539.875 7.629e-17
9541.070 7.453e-17
9542.266 7.575e-17
9543.461 7.683e-17
9544.656 7.997e-17
9545.853 7.634e-17
9547.048 7.641e-17
9548.243 7.695e-17
9549.439 7.040e-17
9550.633 7.267e-17
9551.828 7.690e-17
9553.023 7.592e-17
9554.219 7.790e-17
9555.414 8.447e-17
9556.609 7.952e-17
9557.805 7.761e-17
9559.000 7.596e-17
9560.195 7.573e-17
9561.390 7.394e-17
9562.585 7.242e-17
9563.780 6.193e-17
9564.976 5.950e-17
9566.171 7.465e-17
9567.365 7.721e-17
9568.560 7.422e-17
9569.756 8.377e-17
9570.951 9.202e-17
9572.146 8.089e-17
9573.341 7.286e-17
9574.536 7.275e-17
9575.730 7.316e-17
9576.926 6.898e-17
9578.120 6.950e-17
9579.315 7.230e-17
9580.511 7.307e-17
9581.705 7.178e-17
9582.900 7.014e-17
9584.095 6.913e-17
9585.290 6.745e-17
9586.485 6.782e-17
9587.680 6.607e-17
9588.874 6.731e-17
9590.069 6.918e-17
9591.264 6.961e-17
9592.459 7.080e-17
9593.653 6.856e-17
9594.849 6.916e-17
9596.043 6.839e-17
9597.238 6.735e-17
9598.433 6.683e-17
9599.627 6.694e-17
9600.822 6.664e-17
9602.017 6.509e-17
9603.211 6.320e-17
9604.406 6.224e-17
9605.601 6.497e-17
9606.795 6.713e-17
9607.990 6.484e-17
9609.185 6.481e-17
9610.379 6.787e-17
9611.573 6.639e-17
9612.768 6.423e-17
9613.963 6.490e-17
9615.157 6.301e-17
9616.352 6.266e-17
9617.546 5.820e-17
9618.740 5.987e-17
9619.935 6.177e-17
9621.130 5.742e-17
9622.324 6.355e-17
9623.519 6.578e-17
9624.713 6.667e-17
9625.907 6.363e-17
9627.102 6.382e-17
9628.296 6.320e-17
9629.490 6.300e-17
9630.685 6.113e-17
9631.879 6.080e-17
9633.073 6.299e-17
9634.268 6.034e-17
9635.462 5.879e-17
9636.656 6.245e-17
9637.851 6.256e-17
9639.044 6.000e-17
9640.238 6.460e-17
9641.433 6.083e-17
9642.627 5.927e-17
9643.821 5.827e-17
9645.016 6.299e-17
9646.209 6.062e-17
9647.403 6.301e-17
9648.598 6.480e-17
9649.792 6.105e-17
9650.985 6.079e-17
9652.180 6.300e-17
9653.374 6.137e-17
9654.568 6.003e-17
9655.762 6.272e-17
9656.956 6.073e-17
9658.150 6.229e-17
9659.344 6.019e-17
9660.538 6.199e-17
9661.731 6.056e-17
9662.926 6.266e-17
9664.120 6.138e-17
9665.314 6.005e-17
9666.508 6.258e-17
9667.701 6.025e-17
9668.896 6.164e-17
9670.089 6.622e-17
9671.283 6.542e-17
9672.477 6.450e-17
9673.671 6.440e-17
9674.864 6.370e-17
9676.059 6.321e-17
9677.252 6.093e-17
9678.445 5.934e-17
9679.640 5.789e-17
9680.833 6.030e-17
9682.027 6.247e-17
9683.221 6.496e-17
9684.414 6.699e-17
9685.608 6.682e-17
9686.802 6.483e-17
9687.995 6.207e-17
9689.189 6.428e-17
9690.383 6.142e-17
9691.576 6.410e-17
9692.770 6.329e-17
9693.963 6.446e-17
9695.157 5.690e-17
9696.351 5.288e-17
9697.544 5.721e-17
9698.737 5.743e-17
9699.931 6.237e-17
9701.124 5.931e-17
9702.317 7.182e-17
9703.511 6.946e-17
9704.705 6.288e-17
9705.898 6.311e-17
9707.092 6.040e-17
9708.285 6.164e-17
9709.478 6.451e-17
9710.672 6.337e-17
9711.865 6.324e-17
9713.059 6.357e-17
9714.252 6.540e-17
9715.445 6.099e-17
9716.638 5.016e-17
9717.831 5.266e-17
9719.024 5.768e-17
9720.218 6.709e-17
9721.411 6.745e-17
9722.604 7.496e-17
9723.798 7.353e-17
9724.990 6.724e-17
9726.184 5.951e-17
9727.377 6.120e-17
9728.570 5.996e-17
9729.764 6.044e-17
9730.956 6.529e-17
9732.149 6.041e-17
9733.343 5.924e-17
9734.535 5.444e-17
9735.728 5.519e-17
9736.922 5.632e-17
9738.114 6.165e-17
9739.308 6.280e-17
9740.501 6.325e-17
9741.693 6.363e-17
9742.887 6.183e-17
9744.080 6.021e-17
9745.272 5.976e-17
9746.466 6.019e-17
9747.658 6.065e-17
9748.852 6.144e-17
9750.044 6.278e-17
9751.237 6.013e-17
9752.430 6.011e-17
9753.623 6.299e-17
9754.815 6.151e-17
9756.008 5.885e-17
9757.201 6.021e-17
9758.394 6.044e-17
9759.586 6.051e-17
9760.779 6.040e-17
9761.972 5.756e-17
9763.165 5.925e-17
9764.357 6.005e-17
9765.550 5.907e-17
9766.742 5.995e-17
9767.935 6.040e-17
9769.128 6.187e-17
9770.320 6.179e-17
9771.513 6.168e-17
9772.706 5.946e-17
9773.898 6.303e-17
9775.091 6.182e-17
9776.283 5.903e-17
9777.476 6.398e-17
9778.668 5.998e-17
9779.860 6.120e-17
9781.054 5.866e-17
9782.246 6.031e-17
9783.439 6.012e-17
9784.631 5.618e-17
9785.823 5.008e-17
9787.016 3.641e-17
9788.208 2.632e-17
9789.400 4.781e-17
9790.593 5.692e-17
9791.785 6.628e-17
9792.978 7.657e-17
9794.170 9.174e-17
9795.361 7.529e-17
9796.554 5.864e-17
9797.746 5.809e-17
9798.939 6.155e-17
9800.131 5.617e-17
9801.323 5.998e-17
9802.516 6.665e-17
9803.707 6.502e-17
9804.899 6.087e-17
9806.092 6.018e-17
9807.284 5.964e-17
9808.476 5.571e-17
9809.668 6.043e-17
9810.860 6.081e-17
9812.052 5.955e-17
9813.244 5.864e-17
9814.436 6.180e-17
9815.628 6.083e-17
9816.820 6.594e-17
9818.013 8.130e-17
9819.204 1.065e-16
9820.397 1.363e-16
9821.588 1.428e-16
9822.780 1.383e-16
9823.972 1.259e-16
9825.164 1.075e-16
9826.355 8.412e-17
9827.548 6.772e-17
9828.739 5.985e-17
9829.932 5.795e-17
9831.123 5.872e-17
9832.315 6.185e-17
9833.507 5.978e-17
9834.698 6.190e-17
9835.891 6.199e-17
9837.082 6.492e-17
9838.273 6.394e-17
9839.466 6.403e-17
9840.657 5.950e-17
9841.849 5.516e-17
9843.041 5.651e-17
9844.232 5.281e-17
9845.424 4.875e-17
9846.615 4.884e-17
9847.807 5.578e-17
9848.999 5.271e-17
9850.190 5.717e-17
9851.382 6.473e-17
9852.573 6.164e-17
9853.765 5.758e-17
9854.956 5.756e-17
9856.147 6.017e-17
9857.339 5.443e-17
9858.531 5.692e-17
9859.723 5.586e-17
9860.914 5.487e-17
9862.105 5.489e-17
9863.297 5.259e-17
9864.488 5.389e-17
9865.680 5.544e-17
9866.870 4.954e-17
9868.061 3.809e-17
9869.253 2.569e-17
9870.444 4.627e-17
9871.636 6.213e-17
9872.827 6.442e-17
9874.019 7.126e-17
9875.210 8.593e-17
9876.400 7.603e-17
9877.592 5.858e-17
9878.783 5.759e-17
9879.975 5.591e-17
9881.165 5.428e-17
9882.356 5.256e-17
9883.548 5.494e-17
9884.739 5.758e-17
9885.930 5.327e-17
9887.121 5.715e-17
9888.311 5.495e-17
9889.503 5.161e-17
9890.694 4.690e-17
9891.885 4.027e-17
9893.076 4.883e-17
9894.267 5.367e-17
9895.458 5.410e-17
9896.648 6.121e-17
9897.840 6.612e-17
9899.030 6.251e-17
9900.222 5.840e-17
9901.412 5.756e-17
9902.603 5.723e-17
9903.794 5.651e-17
9904.985 5.515e-17
9906.176 5.802e-17
9907.366 5.304e-17
9908.558 5.356e-17
9909.748 4.603e-17
9910.939 3.042e-17
9912.130 2.785e-17
9913.320 4.067e-17
9914.511 5.186e-17
9915.701 5.892e-17
9916.893 7.571e-17
9918.083 8.296e-17
9919.273 6.964e-17
9920.464 5.859e-17
9921.654 5.512e-17
9922.846 5.471e-17
9924.036 5.538e-17
9925.227 5.616e-17
9926.417 5.513e-17
9927.607 5.500e-17
9928.798 5.227e-17
9929.988 5.104e-17
9931.179 5.523e-17
9932.369 5.168e-17
9933.560 5.364e-17
9934.750 5.486e-17
9935.940 5.411e-17
9937.131 5.154e-17
9938.321 4.435e-17
9939.512 4.765e-17
9940.702 4.713e-17
9941.893 4.211e-17
9943.082 3.163e-17
9944.272 4.508e-17
9945.463 5.502e-17
9946.653 5.393e-17
9947.844 6.337e-17
9949.033 7.117e-17
9950.224 6.748e-17
9951.414 6.018e-17
9952.604 4.200e-17
9953.794 3.982e-17
9954.984 4.718e-17
9956.175 4.632e-17
9957.364 4.623e-17
9958.555 4.767e-17
9959.744 6.311e-17
9960.935 6.213e-17
9962.125 5.769e-17
9963.315 5.790e-17
9964.505 7.122e-17
9965.694 6.971e-17
9966.885 5.562e-17
9968.074 5.002e-17
9969.265 4.783e-17
9970.454 4.946e-17
9971.645 5.291e-17
9972.834 5.291e-17
9974.023 5.177e-17
9975.214 5.576e-17
9976.403 5.808e-17
9977.593 5.462e-17
9978.783 5.259e-17
9979.973 5.413e-17
9981.162 5.313e-17
9982.353 5.498e-17
9983.542 5.247e-17
9984.731 5.073e-17
9985.921 5.041e-17
9987.110 5.311e-17
9988.301 5.126e-17
9989.490 5.287e-17
9990.680 5.335e-17
9991.869 5.406e-17
9993.059 5.278e-17
9994.248 5.328e-17
9995.438 5.316e-17
9996.627 4.751e-17
9997.816 5.057e-17
9999.006 5.545e-17
10000.196 5.480e-17
10001.385 5.526e-17
10002.574 5.512e-17
10003.764 5.557e-17
10004.953 5.477e-17
10006.143 5.078e-17
10007.332 4.631e-17
10008.521 4.620e-17
10009.710 4.608e-17
10010.900 4.596e-17
10012.089 4.585e-17
10013.278 5.596e-17
10014.467 7.392e-17
10015.657 8.433e-17
10016.846 8.784e-17
10018.035 6.747e-17
10019.224 5.596e-17
10020.413 5.038e-17
10021.602 4.490e-17
10022.791 4.228e-17
10023.981 5.075e-17
10025.170 5.601e-17
10026.359 5.514e-17
10027.548 5.696e-17
10028.737 6.969e-17
10029.926 5.643e-17
10031.115 5.411e-17
10032.304 5.379e-17
10033.492 5.682e-17
10034.681 5.021e-17
10035.870 5.387e-17
10037.059 5.576e-17
10038.248 5.201e-17
10039.437 4.892e-17
10040.626 5.053e-17
10041.814 4.725e-17
10043.003 5.260e-17
10044.192 5.392e-17
10045.381 5.059e-17
10046.569 5.939e-17
10047.758 5.629e-17
10048.947 5.258e-17
10050.135 5.095e-17
10051.324 5.227e-17
10052.513 5.228e-17
10053.701 5.368e-17
10054.890 5.141e-17
10056.078 4.641e-17
10057.267 4.603e-17
10058.456 4.500e-17
10059.644 4.578e-17
10060.833 4.884e-17
10062.021 5.396e-17
10063.209 5.441e-17
10064.398 5.911e-17
10065.586 5.309e-17
10066.775 5.358e-17
10067.963 5.153e-17
10069.151 4.815e-17
10070.340 5.503e-17
10071.528 5.166e-17
10072.716 5.635e-17
10073.905 5.523e-17
10075.093 5.546e-17
10076.281 5.431e-17
10077.469 4.556e-17
10078.657 3.484e-17
10079.846 2.340e-17
10081.034 4.253e-17
10082.222 4.726e-17
10083.410 5.561e-17
10084.598 7.331e-17
10085.786 7.746e-17
10086.974 6.594e-17
10088.162 5.203e-17
10089.350 5.506e-17
10090.538 4.979e-17
10091.726 5.298e-17
10092.914 5.337e-17
10094.102 4.753e-17
10095.290 5.216e-17
10096.478 5.064e-17
10097.666 5.129e-17
10098.854 5.135e-17
10100.042 3.985e-17
10101.229 4.584e-17
10102.417 5.529e-17
10103.605 5.152e-17
10104.793 5.367e-17
10105.980 6.247e-17
10107.168 6.143e-17
10108.356 5.865e-17
10109.543 5.544e-17
10110.731 5.410e-17
10111.919 5.321e-17
10113.106 5.286e-17
10114.294 5.337e-17
10115.482 4.884e-17
10116.669 5.354e-17
10117.857 5.027e-17
10119.044 4.437e-17
10120.232 3.101e-17
10121.419 1.933e-17
10122.606 4.264e-17
10123.794 4.967e-17
10124.981 5.555e-17
10126.169 7.453e-17
10127.356 8.366e-17
10128.543 6.709e-17
10129.731 6.127e-17
10130.918 5.399e-17
10132.105 5.600e-17
10133.293 5.141e-17
10134.480 5.825e-17
10135.667 5.164e-17
10136.854 5.528e-17
10138.041 5.507e-17
10139.228 5.512e-17
10140.416 5.505e-17
10141.603 5.103e-17
10142.790 5.281e-17
10143.977 5.240e-17
10145.164 5.670e-17
10146.351 5.304e-17
10147.538 5.606e-17
10148.725 5.079e-17
10149.912 4.862e-17
10151.099 5.856e-17
10152.286 5.752e-17
10153.473 5.491e-17
10154.659 6.457e-17
10155.846 6.256e-17
10157.033 5.824e-17
10158.220 5.721e-17
10159.407 5.670e-17
10160.593 5.268e-17
10161.780 5.256e-17
10162.967 5.113e-17
10164.154 5.495e-17
10165.340 5.489e-17
10166.527 4.817e-17
10167.713 3.891e-17
10168.900 2.767e-17
10170.087 2.836e-17
10171.273 5.206e-17
10172.460 5.728e-17
10173.646 6.270e-17
10174.833 8.533e-17
10176.019 7.094e-17
10177.206 5.484e-17
10178.392 5.556e-17
10179.578 5.585e-17
10180.765 5.610e-17
10181.951 5.273e-17
10183.137 5.037e-17
10184.324 5.383e-17
10185.510 4.112e-17
10186.696 4.104e-17
10187.883 3.922e-17
10189.069 5.026e-17
10190.255 6.154e-17
10191.441 7.015e-17
10192.627 6.275e-17
10193.813 6.559e-17
10195.000 6.033e-17
10196.186 5.216e-17
10197.372 5.305e-17
10198.558 5.090e-17
10199.744 4.761e-17
10200.930 5.357e-17
10202.116 4.425e-17
10203.302 4.717e-17
10204.487 5.143e-17
10205.673 4.568e-17
10206.859 4.808e-17
10208.045 2.943e-17
10209.231 4.000e-17
10210.417 4.897e-17
10211.602 6.186e-17
10212.788 7.786e-17
10213.974 8.585e-17
10215.160 8.034e-17
10216.345 6.561e-17
10217.531 5.466e-17
10218.717 5.774e-17
10219.902 5.197e-17
10221.088 5.137e-17
10222.273 4.721e-17
10223.459 4.463e-17
10224.644 5.296e-17
10225.830 5.256e-17
10227.015 5.632e-17
10228.201 5.254e-17
10229.386 7.148e-17
10230.571 6.083e-17
10231.757 6.494e-17
10232.942 6.384e-17
10234.127 6.938e-17
10235.313 6.102e-17
10236.498 5.211e-17
10237.683 6.055e-17
10238.868 5.704e-17
10240.054 5.408e-17
10241.239 5.923e-17
10242.424 5.115e-17
10243.609 5.270e-17
10244.794 4.431e-17
10245.979 4.394e-17
10247.164 4.678e-17
10248.349 4.767e-17
10249.534 4.694e-17
10250.719 4.640e-17
10251.904 4.848e-17
10253.089 4.326e-17
10254.274 4.651e-17
10255.459 4.126e-17
10256.644 4.526e-17
10257.828 4.455e-17
10259.013 5.164e-17
10260.198 5.234e-17
10261.383 5.548e-17
10262.567 5.591e-17
10263.752 5.403e-17
