3277.7265625  -1.342449E-18
3279.67313598682  5.606227E-17
3281.61970947363  2.815256E-17
3283.56628296045  6.857468E-17
3285.51285644726  1.350164E-16
3287.45942993408  2.066670E-16
3289.4060034209  1.755578E-16
3291.35257690771  1.085708E-16
3293.29915039453  7.862154E-17
3295.24572388134  9.699261E-17
3297.19229736816  1.250769E-16
3299.13887085498  6.733352E-17
3301.08544434179  1.715731E-16
3303.03201782861  2.016468E-16
3304.97859131542  2.081650E-16
3306.92516480224  8.558280E-17
3308.87173828906  1.349482E-16
3310.81831177587  9.346326E-17
3312.76488526269  1.326152E-16
3314.7114587495  1.596840E-16
3316.65803223632  1.444614E-16
3318.60460572313  8.744218E-17
3320.55117920995  1.646020E-16
3322.49775269677  1.347130E-16
3324.44432618358  7.334007E-17
3326.3908996704  8.816317E-17
3328.33747315721  4.903074E-17
3330.28404664403  3.906489E-17
3332.23062013084  1.142061E-16
3334.17719361766  1.053459E-16
3336.12376710448  1.253886E-16
3338.07034059129  1.195671E-16
3340.01691407811  1.581756E-16
3341.96348756492  1.076461E-16
3343.91006105174  1.162019E-16
3345.85663453856  1.397671E-16
3347.80320802537  1.414899E-16
3349.74978151219  1.449652E-16
3351.696354999  8.423239E-17
3353.64292848582  7.688114E-17
3355.58950197264  8.746805E-17
3357.53607545945  1.941079E-16
3359.48264894627  1.347716E-16
3361.42922243308  2.362884E-17
3363.3757959199  4.304578E-18
3365.32236940671  1.188239E-17
3367.26894289353  5.557087E-17
3369.21551638035  1.013272E-16
3371.16208986716  1.311820E-16
3373.10866335398  6.010662E-17
3375.05523684079  3.020435E-17
3377.00181032761  1.516885E-16
3378.94838381442  2.331217E-16
3380.89495730124  1.478828E-16
3382.84153078806  1.179898E-16
3384.78810427487  1.318024E-16
3386.73467776169  9.677764E-17
3388.6812512485  7.770586E-17
3390.62782473532  1.441322E-16
3392.57439822214  1.631963E-16
3394.52097170895  2.419901E-16
3396.46754519577  1.761547E-16
3398.41411868258  4.980200E-17
3400.3606921694  1.067945E-16
3402.30726565621  1.163853E-16
3404.25383914303  6.874097E-17
3406.20041262984  8.042207E-17
3408.14698611666  1.154733E-16
3410.09355960348  8.131911E-17
3412.04013309029  1.919498E-16
3413.98670657711  1.550942E-16
3415.93328006392  1.206623E-16
3417.87985355074  1.269888E-16
3419.82642703756  1.950927E-16
3421.77300052437  1.165362E-16
3423.71957401119  1.538528E-16
3425.666147498  1.511932E-16
3427.61272098482  5.647303E-17
3429.55929447163  3.750888E-17
3431.50586795845  5.436854E-17
3433.45244144527  1.630111E-16
3435.39901493208  1.169809E-16
3437.3455884189  1.609793E-16
3439.29216190571  1.343212E-16
3441.23873539253  7.701120E-17
3443.18530887935  8.040773E-17
3445.13188236616  1.170454E-16
3447.07845585298  1.419388E-16
3449.02502933979  2.097728E-16
3450.97160282661  1.569186E-16
3452.91817631343  1.143521E-16
3454.86474980024  1.682405E-16
3456.81132328706  6.499999E-17
3458.75789677387  7.365542E-17
3460.70447026069  1.540640E-16
3462.6510437475  1.460150E-16
3464.59761723432  9.108763E-17
3466.54419072114  1.610322E-16
3468.49076420795  8.356077E-17
3470.43733769477  5.847939E-17
3472.38391118158  1.007164E-16
3474.3304846684  8.927101E-17
3476.27705815521  4.899399E-17
3478.22363164203  1.104727E-16
3480.17020512885  6.490644E-17
3482.11677861566  1.202511E-16
3484.06335210248  1.094931E-16
3486.00992558929  9.383159E-17
3487.95649907611  7.840943E-17
3489.90307256292  1.275113E-16
3491.84964604974  1.575923E-16
3493.79621953656  1.279138E-16
3495.74279302337  1.137813E-16
3497.68936651019  6.661745E-17
3499.635939997  1.211820E-16
3501.58251348382  1.098746E-16
3503.52908697063  1.257731E-16
3505.47566045745  1.229315E-16
3507.42223394427  1.130568E-16
3509.36880743108  3.580532E-17
3511.3153809179  9.548189E-18
3513.26195440471  6.607551E-17
3515.20852789153  9.506470E-17
3517.15510137835  1.407017E-16
3519.10167486516  1.971237E-16
3521.04824835198  1.517066E-16
3522.99482183879  1.515994E-16
3524.94139532561  1.781491E-16
3526.88796881242  1.238014E-16
3528.83454229924  1.447792E-16
3530.78111578606  1.339760E-16
3532.72768927287  1.316821E-16
3534.67426275969  2.275157E-16
3536.6208362465  1.772521E-16
3538.56740973332  1.305872E-16
3540.51398322014  1.112866E-16
3542.46055670695  1.219280E-16
3544.40713019377  1.688984E-16
3546.35370368058  1.510603E-16
3548.3002771674  1.059936E-16
3550.24685065421  1.286063E-16
3552.19342414103  1.021069E-16
3554.13999762785  7.578488E-17
3556.08657111466  5.235512E-17
3558.03314460148  9.180785E-17
3559.97971808829  1.342240E-16
3561.92629157511  8.016110E-17
3563.87286506193  1.292539E-16
3565.81943854874  2.009724E-16
3567.76601203556  1.443892E-16
3569.71258552237  1.655663E-16
3571.65915900919  1.487761E-16
3573.605732496  1.419253E-16
3575.55230598282  1.684372E-16
3577.49887946964  1.580341E-16
3579.44545295645  1.269694E-16
3581.39202644327  5.286853E-17
3583.33859993008  7.218257E-17
3585.2851734169  9.873364E-17
3587.23174690372  1.025996E-16
3589.17832039053  1.565103E-16
3591.12489387735  1.326406E-16
3593.07146736416  1.203828E-16
3595.01804085098  1.103852E-16
3596.96461433779  1.555717E-16
3598.91118782461  1.198744E-16
3600.85776131143  8.960441E-17
3602.80433479824  1.079794E-16
3604.75090828506  1.116489E-16
3606.69748177187  1.588499E-16
3608.64405525869  1.534464E-16
3610.5906287455  1.304786E-16
3612.53720223232  1.555320E-16
3614.48377571914  8.347034E-17
3616.43034920595  5.470058E-17
3618.37692269277  1.209459E-16
3620.32349617958  1.085660E-16
3622.2700696664  9.960355E-17
3624.21664315321  1.267032E-16
3626.16321664003  1.377932E-16
3628.10979012685  2.022307E-16
3630.05636361366  1.439398E-16
3632.00293710048  1.182576E-16
3633.94951058729  1.490399E-16
3635.89608407411  1.855397E-16
3637.84265756093  1.608235E-16
3639.78923104774  1.337221E-16
3641.73580453456  1.712380E-16
3643.68237802137  1.153028E-16
3645.62895150819  1.569944E-16
3647.575524995  1.271168E-16
3649.52209848182  1.227144E-16
3651.46867196864  1.473494E-16
3653.41524545545  1.699593E-16
3655.36181894227  1.150776E-16
3657.30839242908  1.352877E-16
3659.2549659159  1.756544E-16
3661.20153940272  1.109351E-16
3663.14811288953  2.411639E-17
3665.09468637635  6.111349E-17
3667.04125986316  1.107974E-16
3668.98783334998  6.623397E-17
3670.93440683679  6.607266E-17
3672.88098032361  1.325569E-16
3674.82755381043  1.341581E-16
3676.77412729724  1.222375E-16
3678.72070078406  1.824966E-16
3680.66727427087  1.730643E-16
3682.61384775769  1.572132E-16
3684.56042124451  2.073949E-16
3686.50699473132  1.668338E-16
3688.45356821814  1.329474E-16
3690.40014170495  1.150464E-16
3692.34671519177  1.271986E-16
3694.29328867858  1.185649E-16
3696.2398621654  9.909497E-17
3698.18643565222  8.612041E-17
3700.13300913903  7.492141E-17
3702.07958262585  4.259791E-17
3704.02615611266  1.133511E-16
3705.97272959948  1.854532E-16
3707.9193030863  1.534361E-16
3709.86587657311  6.345512E-17
3711.81245005993  8.980043E-17
3713.75902354674  1.671028E-16
3715.70559703356  9.505654E-17
3717.65217052037  4.782104E-17
3719.59874400719  1.002734E-16
3721.54531749401  1.497532E-16
3723.49189098082  1.040111E-16
3725.43846446764  1.305477E-16
3727.38503795445  1.504822E-16
3729.33161144127  1.223059E-16
3731.27818492808  1.369707E-16
3733.2247584149  1.393240E-16
3735.17133190172  1.291840E-16
3737.11790538853  1.220964E-16
3739.06447887535  1.084385E-16
3741.01105236216  1.085646E-16
3742.95762584898  1.024119E-16
3744.9041993358  1.031804E-16
3746.85077282261  8.907373E-17
3748.79734630943  1.360414E-16
3750.74391979624  8.450627E-17
3752.69049328306  6.751011E-17
3754.63706676987  9.011826E-17
3756.58364025669  7.826575E-17
3758.5302137435  8.939297E-17
3760.47678723032  1.331629E-16
3762.42336071714  1.070344E-16
3764.36993420395  5.894459E-17
3766.31650769077  1.372815E-16
3768.26308117758  1.422978E-16
3770.2096546644  1.729261E-16
3772.15622815122  1.386948E-16
3774.10280163803  1.098052E-16
3776.04937512485  1.188825E-16
3777.99594861166  9.829285E-17
3779.94252209848  1.116433E-16
3781.88909558529  1.265551E-16
3783.83566907211  1.118288E-16
3785.78224255893  1.659483E-16
3787.72881604574  1.306361E-16
3789.67538953256  1.419966E-16
3791.62196301937  9.279219E-17
3793.56853650619  7.825827E-17
3795.51510999301  1.198801E-16
3797.46168347982  1.124717E-16
3799.40825696664  1.290866E-16
3801.35483045345  1.433966E-16
3803.30140394027  1.630181E-16
3805.24797742709  1.564078E-16
3807.1945509139  1.180984E-16
3809.14112440072  1.335913E-16
3811.08769788753  1.579188E-16
3813.03427137435  1.330982E-16
3814.98084486116  1.183783E-16
3816.92741834798  1.099472E-16
3818.8739918348  8.683430E-17
3820.82056532161  4.518628E-17
3822.76713880843  6.632208E-17
3824.71371229524  9.308948E-17
3826.66028578206  1.208737E-16
3828.60685926887  7.303896E-17
3830.55343275569  7.679814E-17
3832.50000624251  6.177580E-17
3834.44657972932  9.440856E-17
3836.39315321614  1.567495E-16
3838.33972670295  1.546958E-16
3840.28630018977  1.912378E-16
3842.23287367658  1.924246E-16
3844.1794471634  1.678291E-16
3846.12602065022  1.407818E-16
3848.07259413703  6.880762E-17
3850.01916762385  3.788357E-17
3851.96574111066  8.277212E-17
3853.91231459748  1.145488E-16
3855.8588880843  1.016158E-16
3857.80546157111  9.301160E-17
3859.75203505793  1.195574E-16
3861.69860854474  1.184581E-16
3863.64518203156  1.217003E-16
3865.59175551838  1.010947E-16
3867.53832900519  1.276828E-16
3869.48490249201  1.119442E-16
3871.43147597882  8.269215E-17
3873.37804946564  9.338137E-17
3875.32462295245  9.308025E-17
3877.27119643927  8.508419E-17
3879.21776992608  8.841353E-17
3881.1643434129  1.012163E-16
3883.11091689972  8.502824E-17
3885.05749038653  9.505467E-17
3887.00406387335  8.665402E-17
3888.95063736016  9.741341E-17
3890.89721084698  9.478799E-17
3892.8437843338  9.077508E-17
3894.79035782061  1.140339E-16
3896.73693130743  1.180896E-16
3898.68350479424  9.658259E-17
3900.63007828106  9.953959E-17
3902.57665176787  9.059591E-17
3904.52322525469  8.011901E-17
3906.46979874151  1.176925E-16
3908.41637222832  1.353450E-16
3910.36294571514  8.813277E-17
3912.30951920195  6.556070E-17
3914.25609268877  4.464831E-17
3916.20266617558  6.301366E-17
3918.1492396624  7.165693E-17
3920.09581314922  8.985224E-17
3922.04238663603  4.777381E-17
3923.98896012285  6.168069E-17
3925.93553360966  6.596102E-17
3927.88210709648  8.543037E-17
3929.8286805833  9.910210E-17
3931.77525407011  9.751595E-17
3933.72182755693  7.475796E-17
3935.66840104374  8.856210E-17
3937.61497453056  9.630652E-17
3939.56154801738  9.376700E-17
3941.50812150419  1.039703E-16
3943.45469499101  1.071755E-16
3945.40126847782  1.197850E-16
3947.34784196464  9.356093E-17
3949.29441545145  7.982067E-17
3951.24098893827  5.624864E-17
3953.18756242509  8.437966E-17
3955.1341359119  6.714975E-17
3957.08070939872  6.251121E-17
3959.02728288553  9.382850E-17
3960.97385637235  1.088971E-16
3962.92042985917  8.214216E-17
3964.86700334598  6.997818E-17
3966.8135768328  9.779697E-17
3968.76015031961  1.220877E-16
3970.70672380643  1.173398E-16
3972.65329729324  1.317093E-16
3974.59987078006  1.391649E-16
3976.54644426688  1.316430E-16
3978.49301775369  1.644408E-16
3980.43959124051  1.472458E-16
3982.38616472732  1.081509E-16
3984.33273821414  9.858092E-17
3986.27931170095  1.159232E-16
3988.22588518777  1.120015E-16
3990.17245867459  1.258244E-16
3992.1190321614  1.318419E-16
3994.06560564822  7.925425E-17
3996.01217913503  1.277733E-16
3997.95875262185  1.314634E-16
3999.90532610866  1.209937E-16
4001.85189959548  1.347405E-16
4003.7984730823  9.406879E-17
4005.74504656911  1.290608E-16
4007.69162005593  1.183943E-16
4009.63819354274  1.220143E-16
4011.58476702956  1.301049E-16
4013.53134051637  1.709121E-16
4015.47791400319  1.394842E-16
4017.42448749001  1.307018E-16
4019.37106097682  1.995256E-16
4021.31763446364  2.489452E-16
4023.26420795045  1.976954E-16
4025.21078143727  1.709498E-16
4027.15735492409  1.567592E-16
4029.1039284109  1.619065E-16
4031.05050189772  2.028820E-16
4032.99707538453  2.201596E-16
4034.94364887135  2.005941E-16
4036.89022235817  1.761986E-16
4038.83679584498  1.963174E-16
4040.7833693318  1.855048E-16
4042.72994281861  1.756217E-16
4044.67651630543  1.810845E-16
4046.62308979224  1.997364E-16
4048.56966327906  1.926693E-16
4050.51623676588  1.642686E-16
4052.46281025269  1.657556E-16
4054.40938373951  1.642761E-16
4056.35595722632  2.001870E-16
4058.30253071314  1.991986E-16
4060.24910419995  2.281388E-16
4062.19567768677  2.080877E-16
4064.14225117359  2.580175E-16
4066.0888246604  2.484951E-16
4068.03539814722  1.894209E-16
4069.98197163403  1.877817E-16
4071.92854512085  1.913824E-16
4073.87511860766  1.864325E-16
4075.82169209448  1.893143E-16
4077.7682655813  1.609939E-16
4079.71483906811  2.287683E-16
4081.66141255493  2.616351E-16
4083.60798604174  2.661487E-16
4085.55455952856  1.903101E-16
4087.50113301538  2.215461E-16
4089.44770650219  2.355404E-16
4091.39427998901  2.125911E-16
4093.34085347582  1.926730E-16
4095.28742696264  1.925962E-16
4097.23400044946  2.098123E-16
4099.18057393627  1.922218E-16
4101.12714742309  1.724730E-16
4103.0737209099  2.056606E-16
4105.02029439672  1.932137E-16
4106.96686788353  2.328455E-16
4108.91344137035  2.419621E-16
4110.86001485717  2.301871E-16
4112.80658834398  2.405776E-16
4114.7531618308  2.234917E-16
4116.69973531761  2.126384E-16
4118.64630880443  2.273623E-16
4120.59288229125  2.174767E-16
4122.53945577806  1.877378E-16
4124.48602926488  1.869422E-16
4126.43260275169  1.902409E-16
4128.37917623851  2.227309E-16
4130.32574972532  2.077148E-16
4132.27232321214  1.986374E-16
4134.21889669896  2.045498E-16
4136.16547018577  2.297848E-16
4138.11204367259  2.308920E-16
4140.0586171594  1.906258E-16
4142.00519064622  1.895503E-16
4143.95176413303  2.083339E-16
4145.89833761985  1.922571E-16
4147.84491110667  2.415999E-16
4149.79148459348  2.771073E-16
4151.7380580803  2.358638E-16
4153.68463156711  2.110454E-16
4155.63120505393  2.028680E-16
4157.57777854074  2.143291E-16
4159.52435202756  2.237006E-16
4161.47092551438  2.380444E-16
4163.41749900119  2.006044E-16
4165.36407248801  2.263868E-16
4167.31064597482  2.224172E-16
4169.25721946164  2.308753E-16
4171.20379294846  2.326717E-16
4173.15036643527  2.155822E-16
4175.09693992209  1.946875E-16
4177.0435134089  1.767794E-16
4178.99008689572  1.902341E-16
4180.93666038253  2.003532E-16
4182.88323386935  1.824860E-16
4184.82980735617  1.409149E-16
4186.77638084298  1.287953E-16
4188.7229543298  1.918075E-16
4190.66952781661  1.882296E-16
4192.61610130343  1.401923E-16
4194.56267479025  1.478766E-16
4196.50924827706  1.885513E-16
4198.45582176388  1.837180E-16
4200.40239525069  1.539724E-16
4202.34896873751  1.691203E-16
4204.29554222432  1.810105E-16
4206.24211571114  1.739843E-16
4208.18868919796  1.827385E-16
4210.13526268477  1.994575E-16
4212.08183617159  1.650000E-16
4214.0284096584  1.988275E-16
4215.97498314522  1.698387E-16
4217.92155663203  1.665505E-16
4219.86813011885  1.958875E-16
4221.81470360567  1.772823E-16
4223.76127709248  1.539819E-16
4225.7078505793  1.659585E-16
4227.65442406612  1.900557E-16
4229.60099755293  1.356644E-16
4231.54757103975  1.223366E-16
4233.49414452656  1.135691E-16
4235.44071801338  1.067696E-16
4237.38729150019  1.506803E-16
4239.33386498701  1.678548E-16
4241.28043847382  1.407875E-16
4243.22701196064  1.252129E-16
4245.17358544746  1.215313E-16
4247.12015893427  1.625024E-16
4249.06673242109  1.466383E-16
4251.0133059079  1.367869E-16
4252.95987939472  1.572616E-16
4254.90645288154  1.568669E-16
4256.85302636835  1.633861E-16
4258.79959985517  1.514203E-16
4260.74617334198  1.403466E-16
4262.6927468288  1.345163E-16
4264.63932031561  1.227283E-16
4266.58589380243  1.335190E-16
4268.53246728925  1.214632E-16
4270.47904077606  1.426970E-16
4272.42561426288  1.210447E-16
4274.37218774969  1.001739E-16
4276.31876123651  1.341826E-16
4278.26533472332  1.234785E-16
4280.21190821014  1.338714E-16
4282.15848169696  1.605902E-16
4284.10505518377  1.228728E-16
4286.05162867059  1.133649E-16
4287.9982021574  1.222084E-16
4289.94477564422  1.081082E-16
4291.89134913104  1.290984E-16
4293.83792261785  1.302523E-16
4295.78449610467  1.228143E-16
4297.73106959148  8.878882E-17
4299.6776430783  1.267085E-16
4301.62421656511  1.361751E-16
4303.57079005193  1.208405E-16
4305.51736353875  1.053849E-16
4307.46393702556  1.307140E-16
4309.41051051238  1.335925E-16
4311.35708399919  1.062006E-16
4313.30365748601  1.320220E-16
4315.25023097283  1.051622E-16
4317.19680445964  1.303808E-16
4319.14337794646  1.206014E-16
4321.08995143327  1.347069E-16
4323.03652492009  1.304412E-16
4324.9830984069  1.170726E-16
4326.92967189372  1.398138E-16
4328.87624538054  1.453303E-16
4330.82281886735  1.518201E-16
4332.76939235417  1.330719E-16
4334.71596584098  1.290714E-16
4336.6625393278  1.349453E-16
4338.60911281461  1.408652E-16
4340.55568630143  1.526997E-16
4342.50225978825  1.542165E-16
4344.44883327506  1.438162E-16
4346.39540676188  1.083486E-16
4348.34198024869  1.337220E-16
4350.28855373551  1.251187E-16
4352.23512722232  1.304009E-16
4354.18170070914  1.256369E-16
4356.12827419596  1.232232E-16
4358.07484768277  1.384798E-16
4360.02142116959  1.561297E-16
4361.9679946564  1.642272E-16
4363.91456814322  1.630685E-16
4365.86114163004  1.350271E-16
4367.80771511685  1.233947E-16
4369.75428860367  1.411943E-16
4371.70086209048  1.219083E-16
4373.6474355773  1.540484E-16
4375.59400906411  1.457572E-16
4377.54058255093  1.188094E-16
4379.48715603775  1.259156E-16
4381.43372952456  1.263755E-16
4383.38030301138  1.411244E-16
4385.32687649819  1.386596E-16
4387.27344998501  1.389662E-16
4389.22002347183  1.419411E-16
4391.16659695864  1.299379E-16
4393.11317044546  1.364226E-16
4395.05974393227  1.257208E-16
4397.00631741909  1.404645E-16
4398.95289090591  1.141312E-16
4400.89946439272  1.107109E-16
4402.84603787954  1.207123E-16
4404.79261136635  1.356389E-16
4406.73918485317  1.394831E-16
4408.68575833998  1.140986E-16
4410.6323318268  1.310467E-16
4412.57890531361  1.334281E-16
4414.52547880043  1.557733E-16
4416.47205228725  1.177154E-16
4418.41862577406  1.349001E-16
4420.36519926088  1.492841E-16
4422.31177274769  1.689550E-16
4424.25834623451  1.666107E-16
4426.20491972132  1.347804E-16
4428.15149320814  1.212089E-16
4430.09806669496  1.435044E-16
4432.04464018177  1.433585E-16
4433.99121366859  1.274032E-16
4435.93778715541  1.435523E-16
4437.88436064222  1.575674E-16
4439.83093412904  1.253837E-16
4441.77750761585  1.497014E-16
4443.72408110267  1.560206E-16
4445.67065458948  1.563307E-16
4447.6172280763  1.271984E-16
4449.56380156312  1.377921E-16
4451.51037504993  1.345319E-16
4453.45694853675  1.302521E-16
4455.40352202356  1.104143E-16
4457.35009551038  1.201603E-16
4459.2966689972  1.285018E-16
4461.24324248401  9.825847E-17
4463.18981597083  1.458121E-16
4465.13638945764  1.609597E-16
4467.08296294446  8.485157E-17
4469.02953643127  1.228345E-16
4470.97610991809  1.728873E-16
4472.92268340491  1.671462E-16
4474.86925689172  1.628897E-16
4476.81583037854  1.281222E-16
4478.76240386535  1.319286E-16
4480.70897735217  1.297649E-16
4482.65555083898  1.446271E-16
4484.6021243258  1.254673E-16
4486.54869781262  1.033793E-16
4488.49527129943  1.175652E-16
4490.44184478625  1.432226E-16
4492.38841827306  1.319813E-16
4494.33499175988  1.296764E-16
4496.28156524669  1.414114E-16
4498.22813873351  1.456516E-16
4500.17471222033  1.388511E-16
4502.12128570714  1.199421E-16
4504.06785919396  1.294809E-16
4506.01443268077  1.635143E-16
4507.96100616759  1.496027E-16
4509.9075796544  1.430258E-16
4511.85415314122  1.182070E-16
4513.80072662804  1.349894E-16
4515.74730011485  1.663613E-16
4517.69387360167  1.489416E-16
4519.64044708848  1.177053E-16
4521.5870205753  9.647059E-17
4523.53359406212  1.225487E-16
4525.48016754893  1.316976E-16
4527.42674103575  1.493911E-16
4529.37331452256  1.431862E-16
4531.31988800938  1.046381E-16
4533.2664614962  9.603262E-17
4535.21303498301  1.202234E-16
4537.15960846983  1.240846E-16
4539.10618195664  1.179672E-16
4541.05275544346  1.439482E-16
4542.99932893027  1.480292E-16
4544.94590241709  1.486076E-16
4546.89247590391  1.345494E-16
4548.83904939072  1.205944E-16
4550.78562287754  1.296383E-16
4552.73219636435  1.569189E-16
4554.67876985117  1.497799E-16
4556.62534333798  1.266323E-16
4558.5719168248  1.559358E-16
4560.51849031162  1.411018E-16
4562.46506379843  1.113816E-16
4564.41163728525  1.393709E-16
4566.35821077206  1.518512E-16
4568.30478425888  1.408945E-16
4570.25135774569  1.282983E-16
4572.19793123251  1.268458E-16
4574.14450471933  1.075884E-16
4576.09107820614  9.168453E-17
4578.03765169296  1.137450E-16
4579.98422517978  1.320394E-16
4581.93079866659  1.368701E-16
4583.87737215341  1.363027E-16
4585.82394564022  1.493796E-16
4587.77051912704  1.711436E-16
4589.71709261385  1.906384E-16
4591.66366610067  1.363041E-16
4593.61023958749  1.227268E-16
4595.5568130743  1.303534E-16
4597.50338656112  1.406150E-16
4599.44996004793  1.287660E-16
4601.39653353475  1.189585E-16
4603.34310702156  1.493478E-16
4605.28968050838  1.365722E-16
4607.2362539952  1.477796E-16
4609.18282748201  1.505331E-16
4611.12940096883  1.675098E-16
4613.07597445564  1.686573E-16
4615.02254794246  1.508276E-16
4616.96912142927  1.334250E-16
4618.91569491609  1.456592E-16
4620.86226840291  1.871600E-16
4622.80884188972  2.041387E-16
4624.75541537654  1.558700E-16
4626.70198886335  1.431628E-16
4628.64856235017  1.622562E-16
4630.59513583699  1.658744E-16
4632.5417093238  1.655860E-16
4634.48828281062  1.632026E-16
4636.43485629743  1.506452E-16
4638.38142978425  1.592452E-16
4640.32800327106  1.609935E-16
4642.27457675788  1.610004E-16
4644.2211502447  1.529743E-16
4646.16772373151  1.701819E-16
4648.11429721833  2.097386E-16
4650.06087070514  1.823637E-16
4652.00744419196  1.688541E-16
4653.95401767877  1.712561E-16
4655.90059116559  1.872193E-16
4657.84716465241  1.859347E-16
4659.79373813922  1.802958E-16
4661.74031162604  2.117977E-16
4663.68688511285  2.109445E-16
4665.63345859967  1.883530E-16
4667.58003208649  1.588095E-16
4669.5266055733  1.914037E-16
4671.47317906012  2.015950E-16
4673.41975254693  2.073868E-16
4675.36632603375  2.094207E-16
4677.31289952056  2.121752E-16
4679.25947300738  2.132759E-16
4681.2060464942  2.039849E-16
4683.15261998101  1.942738E-16
4685.09919346783  2.134054E-16
4687.04576695464  2.148795E-16
4688.99234044146  2.065413E-16
4690.93891392827  2.251683E-16
4692.88548741509  1.981164E-16
4694.83206090191  2.236731E-16
4696.77863438872  2.268374E-16
4698.72520787554  2.084794E-16
4700.67178136235  2.117774E-16
4702.61835484917  2.103510E-16
4704.56492833599  2.125004E-16
4706.5115018228  2.009605E-16
4708.45807530962  2.110293E-16
4710.40464879643  2.287856E-16
4712.35122228325  2.430873E-16
4714.29779577006  2.269984E-16
4716.24436925688  2.379492E-16
4718.1909427437  2.378295E-16
4720.13751623051  2.211604E-16
4722.08408971733  2.182634E-16
4724.03066320414  2.200576E-16
4725.97723669096  2.269946E-16
4727.92381017778  2.281551E-16
4729.87038366459  2.218217E-16
4731.81695715141  2.155147E-16
4733.76353063822  2.158718E-16
4735.71010412504  2.210792E-16
4737.65667761185  2.157484E-16
4739.60325109867  2.257633E-16
4741.54982458549  2.253506E-16
4743.4963980723  2.039315E-16
4745.44297155912  2.306341E-16
4747.38954504593  2.335807E-16
4749.33611853275  2.289516E-16
4751.28269201957  2.327632E-16
4753.22926550638  2.283999E-16
4755.1758389932  1.914407E-16
4757.12241248001  1.954176E-16
4759.06898596683  2.193035E-16
4761.01555945364  2.179493E-16
4762.96213294046  2.091066E-16
4764.90870642728  2.235270E-16
4766.85527991409  1.826826E-16
4768.80185340091  1.886837E-16
4770.74842688772  2.117745E-16
4772.69500037454  2.037765E-16
4774.64157386135  1.943782E-16
4776.58814734817  2.198918E-16
4778.53472083498  2.336431E-16
4780.4812943218  2.126763E-16
4782.42786780862  2.069255E-16
4784.37444129543  2.219050E-16
4786.32101478225  2.240678E-16
4788.26758826907  2.136371E-16
4790.21416175588  2.308989E-16
4792.1607352427  2.241535E-16
4794.10730872951  2.035367E-16
4796.05388221633  1.961661E-16
4798.00045570314  2.130691E-16
4799.94702918996  2.239744E-16
4801.89360267678  1.925488E-16
4803.84017616359  1.957097E-16
4805.78674965041  1.906086E-16
4807.73332313722  1.893815E-16
4809.67989662404  1.924287E-16
4811.62647011085  2.079434E-16
4813.57304359767  1.964310E-16
4815.51961708449  1.849099E-16
4817.4661905713  1.643363E-16
4819.41276405812  1.823434E-16
4821.35933754493  1.838150E-16
4823.30591103175  1.546836E-16
4825.25248451857  1.684382E-16
4827.19905800538  1.597281E-16
4829.1456314922  1.397520E-16
4831.09220497901  1.840536E-16
4833.03877846583  1.851417E-16
4834.98535195264  1.931917E-16
4836.93192543946  1.820704E-16
4838.87849892628  1.905609E-16
4840.82507241309  1.467434E-16
4842.77164589991  1.548351E-16
4844.71821938672  1.485232E-16
4846.66479287354  1.587479E-16
4848.61136636036  1.739740E-16
4850.55793984717  1.859582E-16
4852.50451333399  1.814410E-16
4854.4510868208  1.678101E-16
4856.39766030762  1.504057E-16
4858.34423379443  1.643737E-16
4860.29080728125  1.671638E-16
4862.23738076806  1.931837E-16
4864.18395425488  1.966903E-16
4866.1305277417  1.700852E-16
4868.07710122851  1.634534E-16
4870.02367471533  1.666230E-16
4871.97024820214  1.715777E-16
4873.91682168896  1.619333E-16
4875.86339517578  1.693702E-16
4877.80996866259  1.749258E-16
4879.75654214941  1.707990E-16
4881.70311563622  1.467236E-16
4883.64968912304  1.578576E-16
4885.59626260986  1.505051E-16
4887.54283609667  1.667682E-16
4889.48940958349  1.577781E-16
4891.4359830703  1.562891E-16
4893.38255655712  1.494488E-16
4895.32913004394  1.684371E-16
4897.27570353075  1.467446E-16
4899.22227701757  1.195969E-16
4901.16885050438  1.440304E-16
4903.1154239912  1.777141E-16
4905.06199747801  1.858153E-16
4907.00857096483  1.730653E-16
4908.95514445164  1.475928E-16
4910.90171793846  1.377365E-16
4912.84829142528  1.398801E-16
4914.79486491209  1.431806E-16
4916.74143839891  1.520300E-16
4918.68801188572  1.527407E-16
4920.63458537254  1.404759E-16
4922.58115885935  1.634457E-16
4924.52773234617  1.505971E-16
4926.47430583299  1.499069E-16
4928.4208793198  1.416116E-16
4930.36745280662  1.255501E-16
4932.31402629343  1.434128E-16
4934.26059978025  1.651180E-16
4936.20717326707  1.494907E-16
4938.15374675388  1.544599E-16
4940.1003202407  1.339912E-16
4942.04689372751  1.454880E-16
4943.99346721433  1.670885E-16
4945.94004070115  1.482936E-16
4947.88661418796  1.367460E-16
4949.83318767478  1.490492E-16
4951.77976116159  1.259169E-16
4953.72633464841  1.347396E-16
4955.67290813522  1.450592E-16
4957.61948162204  1.567432E-16
4959.56605510886  1.403324E-16
4961.51262859567  1.688881E-16
4963.45920208249  1.663265E-16
4965.4057755693  1.484342E-16
4967.35234905612  1.392274E-16
4969.29892254294  1.503183E-16
4971.24549602975  1.554645E-16
4973.19206951657  1.388465E-16
4975.13864300338  1.362717E-16
4977.0852164902  1.363051E-16
4979.03178997701  1.382444E-16
4980.97836346383  1.428369E-16
4982.92493695065  1.766785E-16
4984.87151043746  1.563657E-16
4986.81808392428  1.442994E-16
4988.76465741109  1.441052E-16
4990.71123089791  1.520164E-16
4992.65780438472  1.687407E-16
4994.60437787154  1.550527E-16
4996.55095135836  1.472401E-16
4998.49752484517  1.500774E-16
5000.44409833199  1.689889E-16
5002.3906718188  1.449086E-16
5004.33724530562  1.240144E-16
5006.28381879244  1.387498E-16
5008.23039227925  1.618761E-16
5010.17696576607  1.877424E-16
5012.12353925288  1.894405E-16
5014.0701127397  1.670379E-16
5016.01668622651  1.367590E-16
5017.96325971333  1.390473E-16
5019.90983320015  1.286988E-16
5021.85640668696  1.420031E-16
5023.80298017378  1.638397E-16
5025.74955366059  1.474553E-16
5027.69612714741  1.444037E-16
5029.64270063423  1.479064E-16
5031.58927412104  1.328374E-16
5033.53584760786  1.291159E-16
5035.48242109467  1.589846E-16
5037.42899458149  1.501753E-16
5039.3755680683  1.332441E-16
5041.32214155512  1.564116E-16
5043.26871504193  1.501235E-16
5045.21528852875  1.385780E-16
5047.16186201557  1.454720E-16
5049.10843550238  1.396296E-16
5051.0550089892  1.546762E-16
5053.00158247601  1.430871E-16
5054.94815596283  1.198961E-16
5056.89472944965  1.417901E-16
5058.84130293646  1.641346E-16
5060.78787642328  1.732309E-16
5062.73444991009  1.528070E-16
5064.68102339691  1.359097E-16
5066.62759688373  1.566402E-16
5068.57417037054  1.488214E-16
5070.52074385736  1.538699E-16
5072.46731734417  1.496965E-16
5074.41389083099  1.362528E-16
5076.3604643178  1.386338E-16
5078.30703780462  1.265747E-16
5080.25361129144  1.464797E-16
5082.20018477825  1.775040E-16
5084.14675826507  1.742380E-16
5086.09333175188  1.628849E-16
5088.0399052387  1.657695E-16
5089.98647872552  1.568078E-16
5091.93305221233  1.559604E-16
5093.87962569915  1.637085E-16
5095.82619918596  1.603994E-16
5097.77277267278  1.668083E-16
5099.71934615959  1.691152E-16
5101.66591964641  1.862973E-16
5103.61249313323  1.636312E-16
5105.55906662004  1.573745E-16
5107.50564010686  1.704225E-16
5109.45221359367  1.720655E-16
5111.39878708049  1.827448E-16
5113.34536056731  1.923134E-16
5115.29193405412  1.728413E-16
5117.23850754094  1.774103E-16
5119.18508102775  1.773417E-16
5121.13165451457  1.651183E-16
5123.07822800138  1.782123E-16
5125.0248014882  1.787573E-16
5126.97137497502  1.827419E-16
5128.91794846183  1.734665E-16
5130.86452194865  2.006846E-16
5132.81109543546  1.826149E-16
5134.75766892228  1.642844E-16
5136.70424240909  1.862254E-16
5138.65081589591  1.880255E-16
5140.59738938273  1.744565E-16
5142.54396286954  1.483415E-16
5144.49053635636  1.692201E-16
5146.43710984317  1.729503E-16
5148.38368332999  1.854845E-16
5150.3302568168  1.811974E-16
5152.27683030362  1.523964E-16
5154.22340379044  1.484007E-16
5156.16997727725  1.756632E-16
5158.11655076407  1.927210E-16
5160.06312425088  1.995636E-16
5162.0096977377  1.767758E-16
5163.95627122452  1.582471E-16
5165.90284471133  1.511785E-16
5167.84941819815  1.620662E-16
5169.79599168496  1.471496E-16
5171.74256517178  1.414399E-16
5173.6891386586  1.475003E-16
5175.63571214541  1.511567E-16
5177.58228563223  1.608545E-16
5179.52885911904  1.474714E-16
5181.47543260586  1.453455E-16
5183.42200609267  1.488704E-16
5185.36857957949  1.525012E-16
5187.3151530663  1.366286E-16
5189.26172655312  1.552173E-16
5191.20830003994  1.363362E-16
5193.15487352675  1.235923E-16
5195.10144701357  1.236269E-16
5197.04802050038  1.424514E-16
5198.9945939872  1.346860E-16
5200.94116747402  1.349684E-16
5202.88774096083  1.320527E-16
5204.83431444765  1.289174E-16
5206.78088793446  1.338548E-16
5208.72746142128  1.271045E-16
5210.67403490809  1.120416E-16
5212.62060839491  1.215941E-16
5214.56718188173  1.302105E-16
5216.51375536854  1.277342E-16
5218.46032885536  1.273470E-16
5220.40690234217  1.299319E-16
5222.35347582899  1.249533E-16
5224.30004931581  1.038166E-16
5226.24662280262  1.237396E-16
5228.19319628944  1.361855E-16
5230.13976977625  1.417723E-16
5232.08634326307  1.308641E-16
5234.03291674989  1.336187E-16
5235.9794902367  1.260875E-16
5237.92606372352  1.323721E-16
5239.87263721033  1.225664E-16
5241.81921069715  1.275356E-16
5243.76578418396  1.119080E-16
5245.71235767078  1.112222E-16
5247.6589311576  1.149238E-16
5249.60550464441  1.343203E-16
5251.55207813123  1.463760E-16
5253.49865161804  1.594477E-16
5255.44522510486  1.240047E-16
5257.39179859167  1.206904E-16
5259.33837207849  1.153236E-16
5261.28494556531  1.193449E-16
5263.23151905212  1.274000E-16
5265.17809253894  1.423793E-16
5267.12466602575  1.402769E-16
5269.07123951257  1.408578E-16
5271.01781299938  1.361141E-16
5272.9643864862  1.558972E-16
5274.91095997302  1.632420E-16
5276.85753345983  1.356698E-16
5278.80410694665  1.325553E-16
5280.75068043346  1.310989E-16
5282.69725392028  1.328038E-16
5284.6438274071  1.411774E-16
5286.59040089391  1.492861E-16
5288.53697438073  1.234956E-16
5290.48354786754  1.330340E-16
5292.43012135436  1.419503E-16
5294.37669484117  1.354208E-16
5296.32326832799  1.571291E-16
5298.26984181481  1.530485E-16
5300.21641530162  1.369627E-16
5302.16298878844  1.419151E-16
5304.10956227525  1.643220E-16
5306.05613576207  1.710850E-16
5308.00270924888  1.562250E-16
5309.9492827357  1.430386E-16
5311.89585622252  1.522732E-16
5313.84242970933  1.814898E-16
5315.78900319615  1.764951E-16
5317.73557668296  1.758562E-16
5319.68215016978  1.587762E-16
5321.6287236566  1.508492E-16
5323.57529714341  1.582928E-16
5325.52187063023  1.549651E-16
5327.46844411704  1.622252E-16
5329.41501760386  1.682540E-16
5331.36159109067  1.848860E-16
5333.30816457749  1.559582E-16
5335.25473806431  1.594154E-16
5337.20131155112  1.626377E-16
5339.14788503794  1.572825E-16
5341.09445852475  1.520282E-16
5343.04103201157  1.758742E-16
5344.98760549839  1.795995E-16
5346.9341789852  1.710055E-16
5348.88075247202  1.622471E-16
5350.82732595883  1.649598E-16
5352.77389944565  1.710284E-16
5354.72047293246  1.660768E-16
5356.66704641928  1.632249E-16
5358.61361990609  1.657203E-16
5360.56019339291  1.944695E-16
5362.50676687973  1.942961E-16
5364.45334036654  1.724919E-16
5366.39991385336  1.626577E-16
5368.34648734017  1.765219E-16
5370.29306082699  1.791881E-16
5372.23963431381  1.783253E-16
5374.18620780062  1.892371E-16
5376.13278128744  1.716295E-16
5378.07935477425  1.633060E-16
5380.02592826107  1.701946E-16
5381.97250174789  1.814428E-16
5383.9190752347  1.714873E-16
5385.86564872152  1.750506E-16
5387.81222220833  1.573968E-16
5389.75879569515  1.752834E-16
5391.70536918196  1.880606E-16
5393.65194266878  1.799475E-16
5395.5985161556  1.721512E-16
5397.54508964241  1.518309E-16
5399.49166312923  1.610795E-16
5401.43823661604  1.615974E-16
5403.38481010286  1.886630E-16
5405.33138358968  1.893946E-16
5407.27795707649  1.758605E-16
5409.22453056331  1.671842E-16
5411.17110405012  1.728986E-16
5413.11767753694  1.828890E-16
5415.06425102375  1.954891E-16
5417.01082451057  1.787245E-16
5418.95739799739  1.696861E-16
5420.9039714842  1.712084E-16
5422.85054497102  1.690864E-16
5424.79711845783  1.709777E-16
5426.74369194465  1.815540E-16
5428.69026543146  1.781683E-16
5430.63683891828  1.596049E-16
5432.5834124051  1.926885E-16
5434.52998589191  1.875248E-16
5436.47655937873  1.868775E-16
5438.42313286554  1.861251E-16
5440.36970635236  1.826174E-16
5442.31627983918  2.037435E-16
5444.26285332599  1.883528E-16
5446.20942681281  1.710626E-16
5448.15600029962  1.801602E-16
5450.10257378644  1.671540E-16
5452.04914727325  1.810129E-16
5453.99572076007  1.915061E-16
5455.94229424689  1.923764E-16
5457.8888677337  1.754957E-16
5459.83544122052  1.740762E-16
5461.78201470733  1.875583E-16
5463.72858819415  1.931277E-16
5465.67516168097  1.916150E-16
5467.62173516778  1.887299E-16
5469.5683086546  1.671279E-16
5471.51488214141  1.740767E-16
5473.46145562823  1.901475E-16
5475.40802911504  1.661030E-16
5477.35460260186  1.745375E-16
5479.30117608868  1.797272E-16
5481.24774957549  1.864263E-16
5483.19432306231  1.867756E-16
5485.14089654912  1.869248E-16
5487.08747003594  1.890024E-16
5489.03404352276  1.926836E-16
5490.98061700957  1.968649E-16
5492.92719049639  1.696310E-16
5494.8737639832  1.705479E-16
5496.82033747002  1.690642E-16
5498.76691095683  1.698352E-16
5500.71348444365  1.747301E-16
5502.66005793046  1.625970E-16
5504.60663141728  1.766364E-16
5506.5532049041  1.855220E-16
5508.49977839091  1.706227E-16
5510.44635187773  1.856369E-16
5512.39292536454  1.896356E-16
5514.33949885136  1.607484E-16
5516.28607233818  1.855594E-16
5518.23264582499  2.150653E-16
5520.17921931181  1.827714E-16
5522.12579279862  1.789414E-16
5524.07236628544  1.924546E-16
5526.01893977226  2.001389E-16
5527.96551325907  1.826566E-16
5529.91208674589  1.914789E-16
5531.8586602327  1.928551E-16
5533.80523371952  1.925317E-16
5535.75180720633  1.666877E-16
5537.69838069315  1.748874E-16
5539.64495417996  1.939883E-16
5541.59152766678  1.649441E-16
5543.5381011536  1.770691E-16
5545.48467464041  1.762697E-16
5547.43124812723  1.868049E-16
5549.37782161404  1.876493E-16
5551.32439510086  1.789735E-16
5553.27096858768  1.889678E-16
5555.21754207449  1.798356E-16
5557.16411556131  1.695547E-16
5559.11068904812  1.597449E-16
5561.05726253494  1.685494E-16
5563.00383602176  1.815184E-16
5564.95040950857  1.903646E-16
5566.89698299539  1.827669E-16
5568.8435564822  1.936323E-16
5570.79012996902  2.009905E-16
5572.73670345583  1.908171E-16
5574.68327694265  2.001578E-16
5576.62985042947  2.079977E-16
5578.57642391628  1.946815E-16
5580.5229974031  1.580901E-16
5582.46957088991  1.248457E-16
5584.41614437673  1.530422E-16
5586.36271786355  1.496322E-16
5588.30929135036  1.604031E-16
5590.25586483718  1.703497E-16
5592.20243832399  1.564233E-16
5594.14901181081  1.626531E-16
5596.09558529762  1.712660E-16
5598.04215878444  1.700943E-16
5599.98873227126  1.688201E-16
5601.93530575807  1.690956E-16
5603.88187924489  1.476917E-16
5605.8284527317  1.708955E-16
5607.77502621852  1.830452E-16
5609.72159970533  1.550997E-16
5611.66817319215  1.733059E-16
5613.61474667897  2.011969E-16
5615.56132016578  1.762631E-16
5617.5078936526  1.694136E-16
5619.45446713941  1.770235E-16
5621.40104062623  1.632657E-16
5623.34761411305  1.756364E-16
5625.29418759986  1.849850E-16
5627.24076108668  1.836767E-16
5629.18733457349  1.804108E-16
5631.13390806031  1.873059E-16
5633.08048154712  2.039420E-16
5635.02705503394  1.882760E-16
5636.97362852076  1.915785E-16
5638.92020200757  1.782716E-16
5640.86677549439  1.563847E-16
5642.8133489812  1.709521E-16
5644.75992246802  1.981050E-16
5646.70649595483  1.852367E-16
5648.65306944165  1.883195E-16
5650.59964292847  1.874247E-16
5652.54621641528  1.890446E-16
5654.4927899021  1.824313E-16
5656.43936338891  2.045165E-16
5658.38593687573  1.969314E-16
5660.33251036254  2.092745E-16
5662.27908384936  1.803917E-16
5664.22565733618  1.948224E-16
5666.17223082299  1.997777E-16
5668.11880430981  1.933619E-16
5670.06537779662  1.750569E-16
5672.01195128344  1.782264E-16
5673.95852477026  1.955204E-16
5675.90509825707  1.844280E-16
5677.85167174389  1.947439E-16
5679.7982452307  1.953788E-16
5681.74481871752  1.975382E-16
5683.69139220433  1.981631E-16
5685.63796569115  1.844842E-16
5687.58453917797  1.834434E-16
5689.53111266478  1.887357E-16
5691.4776861516  1.729532E-16
5693.42425963841  1.800099E-16
5695.37083312523  1.774524E-16
5697.31740661205  1.902903E-16
5699.26398009886  1.752338E-16
5701.21055358568  1.825032E-16
5703.15712707249  1.715753E-16
5705.10370055931  1.499446E-16
5707.05027404612  1.701075E-16
5708.99684753294  1.793978E-16
5710.94342101976  1.820395E-16
5712.88999450657  1.821224E-16
5714.83656799339  1.685442E-16
5716.7831414802  1.661167E-16
5718.72971496702  1.819533E-16
5720.67628845384  1.864529E-16
5722.62286194065  1.618863E-16
5724.56943542747  1.704161E-16
5726.51600891428  1.654817E-16
5728.4625824011  1.481365E-16
5730.40915588792  1.473034E-16
5732.35572937473  1.496854E-16
5734.30230286155  1.526842E-16
5736.24887634836  1.579018E-16
5738.19544983518  1.593162E-16
5740.14202332199  1.506022E-16
5742.08859680881  1.499203E-16
5744.03517029562  1.557164E-16
5745.98174378244  1.404180E-16
5747.92831726926  1.590165E-16
5749.87489075607  1.766524E-16
5751.82146424289  1.778052E-16
5753.76803772971  1.651660E-16
5755.71461121652  1.441832E-16
5757.66118470334  1.374849E-16
5759.60775819015  1.420156E-16
5761.55433167697  1.692166E-16
5763.50090516378  1.617545E-16
5765.4474786506  1.481379E-16
5767.39405213741  1.499925E-16
5769.34062562423  1.633085E-16
5771.28719911105  1.546841E-16
5773.23377259786  1.271596E-16
5775.18034608468  1.294269E-16
5777.12691957149  1.373437E-16
5779.07349305831  1.513589E-16
5781.02006654513  1.547345E-16
5782.96664003194  1.477828E-16
5784.91321351876  1.608175E-16
5786.85978700557  1.582880E-16
5788.80636049239  1.631784E-16
5790.7529339792  1.647151E-16
5792.69950746602  1.444439E-16
5794.64608095284  1.498427E-16
5796.59265443965  1.692378E-16
5798.53922792647  1.633623E-16
5800.48580141328  1.561832E-16
5802.4323749001  1.629814E-16
5804.37894838691  1.727891E-16
5806.32552187373  1.700782E-16
5808.27209536055  1.507276E-16
5810.21866884736  1.553700E-16
5812.16524233418  1.484885E-16
5814.11181582099  1.592723E-16
5816.05838930781  1.669052E-16
5818.00496279463  1.691136E-16
5819.95153628144  1.597163E-16
5821.89810976826  1.582184E-16
5823.84468325507  1.816045E-16
5825.79125674189  1.712778E-16
5827.7378302287  1.673200E-16
5829.68440371552  1.598167E-16
5831.63097720234  1.557071E-16
5833.57755068915  1.489554E-16
5835.52412417597  1.467240E-16
5837.47069766278  1.483826E-16
5839.4172711496  1.688228E-16
5841.36384463642  1.554614E-16
5843.31041812323  1.211759E-16
5845.25699161005  1.145215E-16
5847.20356509686  1.451482E-16
5849.15013858368  1.717036E-16
5851.09671207049  1.585130E-16
5853.04328555731  1.361613E-16
5854.98985904412  1.396065E-16
5856.93643253094  1.452467E-16
5858.88300601776  1.344296E-16
5860.82957950457  1.238490E-16
5862.77615299139  1.341184E-16
5864.7227264782  1.231972E-16
5866.66929996502  1.125589E-16
5868.61587345184  1.480089E-16
5870.56244693865  1.372191E-16
5872.50902042547  1.133641E-16
5874.45559391228  1.102654E-16
5876.4021673991  1.137245E-16
5878.34874088592  1.066023E-16
5880.29531437273  1.093177E-16
5882.24188785955  9.296157E-17
5884.18846134636  9.381376E-17
5886.13503483318  8.989127E-17
5888.08160831999  7.366698E-17
5890.02818180681  7.933203E-17
5891.97475529362  9.507758E-17
5893.92132878044  9.730121E-17
5895.86790226726  9.859823E-17
5897.81447575407  9.183159E-17
5899.76104924089  9.629837E-17
5901.70762272771  1.006060E-16
5903.65419621452  8.673076E-17
5905.60076970134  8.384154E-17
5907.54734318815  1.008898E-16
5909.49391667497  9.271254E-17
5911.44049016178  8.000835E-17
5913.3870636486  7.224386E-17
5915.33363713541  6.737220E-17
5917.28021062223  7.474745E-17
5919.22678410905  7.635103E-17
5921.17335759586  8.321332E-17
5923.11993108268  8.706757E-17
5925.06650456949  7.244400E-17
5927.01307805631  6.998894E-17
5928.95965154313  8.407858E-17
5930.90622502994  7.333177E-17
5932.85279851676  9.196702E-17
5934.79937200357  7.622307E-17
5936.74594549039  8.241884E-17
5938.69251897721  7.339770E-17
5940.63909246402  7.440584E-17
5942.58566595084  9.825268E-17
5944.53223943765  9.030801E-17
5946.47881292447  6.752883E-17
5948.42538641128  6.072339E-17
5950.3719598981  8.677169E-17
5952.31853338492  8.965404E-17
5954.26510687173  9.179005E-17
5956.21168035855  9.735457E-17
5958.15825384536  8.654842E-17
5960.10482733218  7.199615E-17
5962.05140081899  8.159342E-17
5963.99797430581  5.738039E-17
5965.94454779263  9.227861E-17
5967.89112127944  1.016013E-16
5969.83769476626  9.849988E-17
5971.78426825307  1.094136E-16
5973.73084173989  9.260303E-17
5975.6774152267  9.781431E-17
5977.62398871352  1.157162E-16
5979.57056220034  1.076094E-16
5981.51713568715  1.026828E-16
5983.46370917397  1.110248E-16
5985.41028266078  1.216073E-16
5987.3568561476  1.139006E-16
5989.30342963442  9.541563E-17
5991.25000312123  8.741388E-17
5993.19657660805  1.070692E-16
5995.14315009486  1.238737E-16
5997.08972358168  1.235522E-16
5999.03629706849  1.284857E-16
6000.98287055531  1.325944E-16
6002.92944404213  1.288087E-16
6004.87601752894  1.430867E-16
6006.82259101576  1.195426E-16
6008.76916450257  1.259565E-16
6010.71573798939  1.262887E-16
6012.6623114762  1.439795E-16
6014.60888496302  1.439333E-16
6016.55545844984  1.373853E-16
6018.50203193665  1.323012E-16
6020.44860542347  1.469583E-16
6022.39517891029  1.481854E-16
6024.3417523971  1.423398E-16
6026.28832588392  1.455822E-16
6028.23489937073  1.238244E-16
6030.18147285755  1.277411E-16
6032.12804634436  1.414999E-16
6034.07461983118  1.453754E-16
6036.02119331799  1.535073E-16
6037.96776680481  1.655513E-16
6039.91434029163  1.674721E-16
6041.86091377844  1.515625E-16
6043.80748726526  1.466865E-16
6045.75406075207  1.646814E-16
6047.70063423889  1.834225E-16
6049.64720772571  1.750137E-16
6051.59378121252  1.553282E-16
6053.54035469934  1.584228E-16
6055.48692818615  1.756427E-16
6057.43350167297  1.765105E-16
6059.38007515979  1.671715E-16
6061.3266486466  1.554849E-16
6063.27322213342  1.476252E-16
6065.21979562023  1.465938E-16
6067.16636910705  1.609485E-16
6069.11294259386  1.519417E-16
6071.05951608068  1.484873E-16
6073.00608956749  1.649473E-16
6074.95266305431  1.578846E-16
6076.89923654113  1.612108E-16
6078.84581002794  1.660031E-16
6080.79238351476  1.516687E-16
6082.73895700158  1.684480E-16
6084.68553048839  1.779187E-16
6086.63210397521  1.780351E-16
6088.57867746202  1.798748E-16
6090.52525094884  1.571218E-16
6092.47182443565  1.480758E-16
6094.41839792247  1.650530E-16
6096.36497140929  1.744825E-16
6098.3115448961  1.700384E-16
6100.25811838292  1.450329E-16
6102.20469186973  1.601787E-16
6104.15126535655  1.768427E-16
6106.09783884336  1.628973E-16
6108.04441233018  1.610122E-16
6109.990985817  1.788112E-16
6111.93755930381  1.763101E-16
6113.88413279063  1.707704E-16
6115.83070627744  1.391261E-16
6117.77727976426  1.210613E-16
6119.72385325108  1.583741E-16
6121.67042673789  1.794878E-16
6123.61700022471  1.730293E-16
6125.56357371152  1.707262E-16
6127.51014719834  1.588596E-16
6129.45672068515  1.490163E-16
6131.40329417197  1.603229E-16
6133.34986765878  1.507384E-16
6135.2964411456  1.485009E-16
6137.24301463242  1.538711E-16
6139.18958811923  1.667954E-16
6141.13616160605  1.645692E-16
6143.08273509286  1.543468E-16
6145.02930857968  1.432852E-16
6146.9758820665  1.497730E-16
6148.92245555331  1.480752E-16
6150.86902904013  1.354182E-16
6152.81560252694  1.371871E-16
6154.76217601376  1.406712E-16
6156.70874950057  1.450157E-16
6158.65532298739  1.424349E-16
6160.60189647421  1.387383E-16
6162.54846996102  1.346413E-16
6164.49504344784  1.555494E-16
6166.44161693465  1.489615E-16
6168.38819042147  1.410977E-16
6170.33476390829  1.377746E-16
6172.2813373951  1.314626E-16
6174.22791088192  1.208352E-16
6176.17448436873  1.143168E-16
6178.12105785555  1.195106E-16
6180.06763134237  1.344817E-16
6182.01420482918  1.376716E-16
6183.960778316  1.219795E-16
6185.90735180281  1.171957E-16
6187.85392528963  1.151536E-16
6189.80049877644  1.160237E-16
6191.74707226326  1.279030E-16
6193.69364575008  1.263687E-16
6195.64021923689  1.236835E-16
6197.58679272371  1.310991E-16
6199.53336621052  1.213855E-16
6201.47993969734  1.035155E-16
6203.42651318415  1.210557E-16
6205.37308667097  1.299707E-16
6207.31966015779  1.183451E-16
6209.2662336446  1.264800E-16
6211.21280713142  9.944734E-17
6213.15938061823  1.110006E-16
6215.10595410505  1.111675E-16
6217.05252759187  1.125461E-16
6218.99910107868  1.128955E-16
6220.94567456549  1.090606E-16
6222.89224805231  1.078283E-16
6224.83882153913  1.179268E-16
6226.78539502594  1.196648E-16
6228.73196851276  1.178733E-16
6230.67854199958  1.109931E-16
6232.62511548639  9.991132E-17
6234.57168897321  1.022697E-16
6236.51826246002  9.244468E-17
6238.46483594684  8.658547E-17
6240.41140943365  1.097282E-16
6242.35798292047  1.221823E-16
6244.30455640728  1.215512E-16
6246.2511298941  1.174067E-16
6248.19770338092  1.129672E-16
6250.14427686773  1.244461E-16
6252.09085035455  1.231720E-16
6254.03742384136  1.262297E-16
6255.98399732818  1.285594E-16
6257.930570815  1.207783E-16
6259.87714430181  1.205231E-16
6261.82371778863  1.287336E-16
6263.77029127544  1.243034E-16
6265.71686476226  1.244883E-16
6267.66343824908  1.175506E-16
6269.61001173589  1.205945E-16
6271.55658522271  1.148074E-16
6273.50315870952  1.196552E-16
6275.44973219634  1.238188E-16
6277.39630568315  1.239260E-16
6279.34287916997  1.230327E-16
6281.28945265679  1.205641E-16
6283.2360261436  1.248325E-16
6285.18259963042  1.364841E-16
6287.12917311723  1.300903E-16
6289.07574660405  1.316313E-16
6291.02232009087  1.256515E-16
6292.96889357768  1.278564E-16
6294.9154670645  1.284813E-16
6296.86204055131  1.118533E-16
6298.80861403813  1.333064E-16
6300.75518752494  1.397332E-16
6302.70176101176  1.282215E-16
6304.64833449858  1.154713E-16
6306.59490798539  1.203890E-16
6308.54148147221  1.374512E-16
6310.48805495902  1.372068E-16
6312.43462844584  1.228745E-16
6314.38120193265  1.154923E-16
6316.32777541947  1.191384E-16
6318.27434890629  1.270791E-16
6320.2209223931  1.277409E-16
6322.16749587992  1.348792E-16
6324.11406936673  1.323955E-16
6326.06064285355  1.258398E-16
6328.00721634037  1.195229E-16
6329.95378982718  1.252335E-16
6331.900363314  1.381302E-16
6333.84693680081  1.188649E-16
6335.79351028763  1.262564E-16
6337.74008377445  1.343117E-16
6339.68665726126  1.288538E-16
6341.63323074808  1.365861E-16
6343.57980423489  1.387880E-16
6345.52637772171  1.336797E-16
6347.47295120852  1.455891E-16
6349.41952469534  1.402570E-16
6351.36609818215  1.265924E-16
6353.31267166897  1.374805E-16
6355.25924515579  1.362724E-16
6357.2058186426  1.211883E-16
6359.15239212942  1.266833E-16
6361.09896561623  1.349492E-16
6363.04553910305  1.293626E-16
6364.99211258987  1.223139E-16
6366.93868607668  1.341821E-16
6368.8852595635  1.242750E-16
6370.83183305031  1.235355E-16
6372.77840653713  1.346200E-16
6374.72498002395  1.262604E-16
6376.67155351076  1.319986E-16
6378.61812699758  1.318230E-16
6380.56470048439  1.333236E-16
6382.51127397121  1.093815E-16
6384.45784745802  1.195774E-16
6386.40442094484  1.320094E-16
6388.35099443166  1.286554E-16
6390.29756791847  1.253869E-16
6392.24414140529  1.258467E-16
6394.1907148921  1.244085E-16
6396.13728837892  1.425945E-16
6398.08386186573  1.531917E-16
6400.03043535255  1.401010E-16
6401.97700883937  1.323058E-16
6403.92358232618  1.373304E-16
6405.870155813  1.345541E-16
6407.81672929981  1.246271E-16
6409.76330278663  1.268856E-16
6411.70987627344  1.302925E-16
6413.65644976026  1.179484E-16
6415.60302324708  1.420889E-16
6417.54959673389  1.463036E-16
6419.49617022071  1.529614E-16
6421.44274370752  1.508600E-16
6423.38931719434  1.503940E-16
6425.33589068116  1.451598E-16
6427.28246416797  1.237118E-16
6429.22903765479  1.241472E-16
6431.1756111416  1.333888E-16
6433.12218462842  1.264148E-16
6435.06875811524  1.201785E-16
6437.01533160205  1.377474E-16
6438.96190508887  1.431855E-16
6440.90847857568  1.324611E-16
6442.8550520625  1.429636E-16
6444.80162554931  1.423257E-16
6446.74819903613  1.344124E-16
6448.69477252294  1.333934E-16
6450.64134600976  1.251585E-16
6452.58791949658  1.316315E-16
6454.53449298339  1.516337E-16
6456.48106647021  1.441366E-16
6458.42763995703  1.338265E-16
6460.37421344384  1.268098E-16
6462.32078693066  1.332368E-16
6464.26736041747  1.311615E-16
6466.21393390429  1.395256E-16
6468.1605073911  1.344096E-16
6470.10708087792  1.204709E-16
6472.05365436473  1.431585E-16
6474.00022785155  1.342793E-16
6475.94680133837  1.260088E-16
6477.89337482518  1.235019E-16
6479.839948312  1.448691E-16
6481.78652179881  1.380905E-16
6483.73309528563  1.378370E-16
6485.67966877245  1.424554E-16
6487.62624225926  1.230150E-16
6489.57281574608  1.299020E-16
6491.51938923289  1.322448E-16
6493.46596271971  1.347757E-16
6495.41253620652  1.381190E-16
6497.35910969334  1.435197E-16
6499.30568318016  1.492870E-16
6501.25225666697  1.542661E-16
6503.19883015379  1.454604E-16
6505.1454036406  1.551573E-16
6507.09197712742  1.535693E-16
6509.03855061423  1.543522E-16
6510.98512410105  1.404454E-16
6512.93169758787  1.434365E-16
6514.87827107468  1.497372E-16
6516.8248445615  1.453431E-16
6518.77141804832  1.336051E-16
6520.71799153513  1.351717E-16
6522.66456502195  1.360890E-16
6524.61113850876  1.397839E-16
6526.55771199558  1.423874E-16
6528.50428548239  1.457157E-16
6530.45085896921  1.480550E-16
6532.39743245602  1.488020E-16
6534.34400594284  1.520463E-16
6536.29057942966  1.442424E-16
6538.23715291647  1.408516E-16
6540.18372640329  1.519732E-16
6542.1302998901  1.498118E-16
6544.07687337692  1.391426E-16
6546.02344686374  1.362172E-16
6547.97002035055  1.434706E-16
6549.91659383737  1.498598E-16
6551.86316732418  1.512832E-16
6553.809740811  1.357061E-16
6555.75631429781  1.315371E-16
6557.70288778463  1.338558E-16
6559.64946127145  1.528657E-16
6561.59603475826  1.577185E-16
6563.54260824508  1.486700E-16
6565.48918173189  1.382917E-16
6567.43575521871  1.333280E-16
6569.38232870553  1.428175E-16
6571.32890219234  1.509798E-16
6573.27547567916  1.326967E-16
6575.22204916597  1.230169E-16
6577.16862265279  1.314691E-16
6579.1151961396  1.218682E-16
6581.06176962642  1.297007E-16
6583.00834311324  1.335250E-16
6584.95491660005  1.296541E-16
6586.90149008687  1.299757E-16
6588.84806357368  1.387521E-16
6590.7946370605  1.380573E-16
6592.74121054731  1.364200E-16
6594.68778403413  1.283508E-16
6596.63435752095  1.228577E-16
6598.58093100776  1.364325E-16
6600.52750449458  1.364668E-16
6602.47407798139  1.327322E-16
6604.42065146821  1.226686E-16
6606.36722495503  1.220084E-16
6608.31379844184  1.184033E-16
6610.26037192866  1.141846E-16
6612.20694541547  1.188534E-16
6614.15351890229  1.307738E-16
6616.1000923891  1.395043E-16
6618.04666587592  1.338399E-16
6619.99323936274  1.328822E-16
6621.93981284955  1.419448E-16
6623.88638633637  1.348297E-16
6625.83295982318  1.272036E-16
6627.77953331  1.324028E-16
6629.72610679681  1.247771E-16
6631.67268028363  1.309437E-16
6633.61925377045  1.393239E-16
6635.56582725726  1.264096E-16
6637.51240074408  1.172072E-16
6639.45897423089  1.206710E-16
6641.40554771771  1.257335E-16
6643.35212120453  1.312350E-16
6645.29869469134  1.343446E-16
6647.24526817816  1.306265E-16
6649.19184166497  1.277480E-16
6651.13841515179  1.243650E-16
6653.08498863861  1.293372E-16
6655.03156212542  1.313903E-16
6656.97813561224  1.392538E-16
6658.92470909905  1.374164E-16
6660.87128258587  1.387674E-16
6662.81785607268  1.478886E-16
6664.7644295595  1.481037E-16
6666.71100304631  1.263361E-16
6668.65757653313  1.308483E-16
6670.60415001995  1.453788E-16
6672.55072350676  1.315166E-16
6674.49729699358  1.083055E-16
6676.4438704804  1.161634E-16
6678.39044396721  1.272968E-16
6680.33701745402  1.318049E-16
6682.28359094084  1.255546E-16
6684.23016442766  1.292313E-16
6686.17673791447  1.220715E-16
6688.12331140129  1.170225E-16
6690.0698848881  1.246422E-16
6692.01645837492  1.255716E-16
6693.96303186174  1.301451E-16
6695.90960534855  1.328492E-16
6697.85617883537  1.300813E-16
6699.80275232218  1.356414E-16
6701.749325809  1.377308E-16
6703.69589929581  1.140527E-16
6705.64247278263  1.092861E-16
6707.58904626945  1.176846E-16
6709.53561975626  1.240192E-16
6711.48219324308  1.255884E-16
6713.42876672989  1.166190E-16
6715.37534021671  1.031502E-16
6717.32191370353  1.119107E-16
6719.26848719034  1.114934E-16
6721.21506067716  1.142195E-16
6723.16163416398  1.153763E-16
6725.10820765079  1.139497E-16
6727.05478113761  1.237219E-16
6729.00135462442  1.313849E-16
6730.94792811124  1.197587E-16
6732.89450159805  1.264920E-16
6734.84107508487  1.353846E-16
6736.78764857168  1.275218E-16
6738.7342220585  1.314805E-16
6740.68079554532  1.149120E-16
6742.62736903213  1.063086E-16
6744.57394251895  1.153383E-16
6746.52051600576  1.186509E-16
6748.46708949258  1.240682E-16
6750.41366297939  1.167101E-16
6752.36023646621  9.799927E-17
6754.30680995303  1.084278E-16
6756.25338343984  1.000698E-16
6758.19995692666  9.813622E-17
6760.14653041347  1.505606E-16
6762.09310390029  2.049013E-16
6764.03967738711  2.229444E-16
6765.98625087392  2.130584E-16
6767.93282436074  1.763800E-16
6769.87939784755  1.217532E-16
6771.82597133437  1.039513E-16
6773.77254482118  9.141141E-17
6775.719118308  1.013593E-16
6777.66569179481  1.049563E-16
6779.61226528163  9.789006E-17
6781.55883876845  1.098716E-16
6783.50541225526  1.320757E-16
6785.45198574208  1.338883E-16
6787.3985592289  1.337123E-16
6789.34513271571  1.150647E-16
6791.29170620253  9.781594E-17
6793.23827968934  8.918039E-17
6795.18485317616  1.021429E-16
6797.13142666297  1.064213E-16
6799.07800014979  1.123326E-16
6801.02457363661  1.046695E-16
6802.97114712342  9.732185E-17
6804.91772061024  8.720317E-17
6806.86429409705  9.308365E-17
6808.81086758387  8.490399E-17
6810.75744107069  8.941269E-17
6812.7040145575  1.020871E-16
6814.65058804432  1.095170E-16
6816.59716153113  1.128163E-16
6818.54373501795  1.083395E-16
6820.49030850476  9.943219E-17
6822.43688199158  1.093448E-16
6824.38345547839  1.072883E-16
6826.33002896521  1.112428E-16
6828.27660245203  1.092256E-16
6830.22317593884  8.156964E-17
6832.16974942566  8.786888E-17
6834.11632291248  1.149492E-16
6836.06289639929  1.036241E-16
6838.00946988611  9.479315E-17
6839.95604337292  9.807062E-17
6841.90261685974  8.929748E-17
6843.84919034655  9.742691E-17
6845.79576383337  1.015563E-16
6847.74233732018  9.070710E-17
6849.688910807  8.451331E-17
6851.63548429382  9.582382E-17
6853.58205778063  1.054978E-16
6855.52863126745  8.885731E-17
6857.47520475426  8.953347E-17
6859.42177824108  9.960524E-17
6861.36835172789  1.094787E-16
6863.31492521471  9.259790E-17
6865.26149870153  9.058814E-17
6867.20807218834  9.814262E-17
6869.15464567516  8.467567E-17
6871.10121916198  9.328376E-17
6873.04779264879  1.102290E-16
6874.99436613561  8.666437E-17
6876.94093962242  8.799539E-17
6878.88751310924  8.488561E-17
6880.83408659605  9.274525E-17
6882.78066008287  9.769790E-17
6884.72723356968  9.036705E-17
6886.6738070565  8.473131E-17
6888.62038054332  7.677346E-17
6890.56695403013  8.581014E-17
6892.51352751695  9.807116E-17
6894.46010100376  9.765692E-17
6896.40667449058  7.641315E-17
6898.3532479774  9.050398E-17
6900.29982146421  7.684616E-17
6902.24639495103  8.486377E-17
6904.19296843784  8.687034E-17
6906.13954192466  9.086148E-17
6908.08611541147  8.859613E-17
6910.03268889829  9.018434E-17
6911.97926238511  8.334991E-17
6913.92583587192  8.394402E-17
6915.87240935874  8.484746E-17
6917.81898284556  9.745520E-17
6919.76555633237  1.148879E-16
6921.71212981919  1.012343E-16
6923.658703306  1.104030E-16
6925.60527679282  9.230305E-17
6927.55185027963  1.031077E-16
6929.49842376645  1.019395E-16
6931.44499725326  8.778527E-17
6933.39157074008  9.571885E-17
6935.3381442269  1.147589E-16
6937.28471771371  1.132507E-16
6939.23129120053  9.473956E-17
6941.17786468734  8.803632E-17
6943.12443817416  8.036631E-17
6945.07101166097  8.997323E-17
6947.01758514779  9.916764E-17
6948.96415863461  8.438910E-17
6950.91073212142  6.664186E-17
6952.85730560824  5.805218E-17
6954.80387909506  9.060460E-17
6956.75045258187  1.054741E-16
6958.69702606869  9.108579E-17
6960.6435995555  8.430626E-17
6962.59017304232  6.991464E-17
6964.53674652913  6.686141E-17
6966.48332001595  9.484504E-17
6968.42989350276  9.567377E-17
6970.37646698958  8.107732E-17
6972.3230404764  7.465519E-17
6974.26961396321  7.465274E-17
6976.21618745003  8.379438E-17
6978.16276093684  7.027588E-17
6980.10933442366  8.203712E-17
6982.05590791048  9.729193E-17
6984.00248139729  9.073912E-17
6985.94905488411  8.298150E-17
6987.89562837092  8.607557E-17
6989.84220185774  7.931024E-17
6991.78877534455  6.606785E-17
6993.73534883137  6.789566E-17
6995.68192231819  8.203560E-17
6997.628495805  9.153536E-17
6999.57506929182  8.572696E-17
7001.52164277863  8.362065E-17
7003.46821626545  7.887672E-17
7005.41478975227  8.391457E-17
7007.36136323908  8.516674E-17
7009.3079367259  8.700509E-17
7011.25451021271  7.553600E-17
7013.20108369953  8.092091E-17
7015.14765718634  8.489482E-17
7017.09423067316  5.829320E-17
7019.04080415997  7.530605E-17
7020.98737764679  8.180994E-17
7022.93395113361  6.108275E-17
7024.88052462042  6.978756E-17
7026.82709810724  7.475614E-17
7028.77367159405  7.830571E-17
7030.72024508087  7.613115E-17
7032.66681856769  9.341928E-17
7034.6133920545  9.437231E-17
7036.55996554132  8.519601E-17
7038.50653902813  6.964100E-17
7040.45311251495  7.117218E-17
7042.39968600177  7.508882E-17
7044.34625948858  7.933955E-17
7046.2928329754  7.656715E-17
7048.23940646221  7.451383E-17
7050.18597994903  8.334188E-17
7052.13255343584  7.923983E-17
7054.07912692266  6.901715E-17
7056.02570040948  7.322152E-17
7057.97227389629  7.272230E-17
7059.91884738311  6.487643E-17
7061.86542086992  6.481195E-17
7063.81199435674  6.766370E-17
7065.75856784355  6.805945E-17
7067.70514133037  7.165391E-17
7069.65171481719  6.553970E-17
7071.598288304  7.489800E-17
7073.54486179082  7.638680E-17
7075.49143527764  6.279072E-17
7077.43800876445  6.659623E-17
7079.38458225127  7.204660E-17
7081.33115573808  6.915987E-17
7083.2777292249  5.897135E-17
7085.22430271171  6.023006E-17
7087.17087619853  6.801506E-17
7089.11744968534  6.923525E-17
7091.06402317216  4.360940E-17
7093.01059665898  5.174925E-17
7094.95717014579  5.811621E-17
7096.90374363261  6.967737E-17
7098.85031711942  6.944147E-17
7100.79689060624  4.812205E-17
7102.74346409306  5.377129E-17
7104.69003757987  5.419888E-17
7106.63661106669  5.902744E-17
7108.5831845535  7.014242E-17
7110.52975804032  5.644477E-17
7112.47633152713  6.127591E-17
7114.42290501395  6.213118E-17
7116.36947850077  6.741730E-17
7118.31605198758  7.316087E-17
7120.2626254744  6.496684E-17
7122.20919896121  4.769588E-17
7124.15577244803  5.875996E-17
7126.10234593484  6.579449E-17
7128.04891942166  6.762407E-17
7129.99549290848  6.078842E-17
7131.94206639529  6.020214E-17
7133.88863988211  7.015491E-17
7135.83521336892  6.079837E-17
7137.78178685574  6.724049E-17
7139.72836034256  6.481806E-17
7141.67493382937  5.515697E-17
7143.62150731619  4.993316E-17
7145.568080803  7.220835E-17
7147.51465428982  8.526040E-17
7149.46122777663  8.904450E-17
7151.40780126345  7.081041E-17
7153.35437475027  6.708958E-17
7155.30094823708  7.350876E-17
7157.2475217239  7.720045E-17
7159.19409521071  7.574523E-17
7161.14066869753  7.984397E-17
7163.08724218435  7.125262E-17
7165.03381567116  7.412234E-17
7166.98038915798  7.343931E-17
7168.92696264479  7.286921E-17
7170.87353613161  7.414952E-17
7172.82010961842  7.762033E-17
7174.76668310524  6.936414E-17
7176.71325659205  7.716232E-17
7178.65983007887  8.988498E-17
7180.60640356569  8.620275E-17
7182.5529770525  8.065466E-17
7184.49955053932  6.753406E-17
7186.44612402613  7.660074E-17
7188.39269751295  8.811885E-17
7190.33927099977  8.191869E-17
7192.28584448658  9.263520E-17
7194.2324179734  7.820514E-17
7196.17899146021  7.775443E-17
7198.12556494703  8.454148E-17
7200.07213843384  8.445511E-17
7202.01871192066  8.303132E-17
7203.96528540748  8.517116E-17
7205.91185889429  8.891004E-17
7207.85843238111  9.286715E-17
7209.80500586792  1.013501E-16
7211.75157935474  9.394527E-17
7213.69815284155  8.553334E-17
7215.64472632837  8.072463E-17
7217.59129981519  9.050825E-17
7219.537873302  1.023098E-16
7221.48444678882  8.738495E-17
7223.43102027564  7.178422E-17
7225.37759376245  8.063891E-17
7227.32416724927  9.083432E-17
7229.27074073608  8.706740E-17
7231.2173142229  8.165740E-17
7233.16388770971  8.557704E-17
7235.11046119653  9.052888E-17
7237.05703468334  8.014654E-17
7239.00360817016  7.782901E-17
7240.95018165698  8.173359E-17
7242.89675514379  7.873535E-17
7244.84332863061  8.126099E-17
7246.78990211742  9.154713E-17
7248.73647560424  9.025499E-17
7250.68304909106  8.823863E-17
7252.62962257787  8.344938E-17
7254.57619606469  8.477772E-17
7256.5227695515  8.275409E-17
7258.46934303832  8.635793E-17
7260.41591652514  8.607072E-17
7262.36249001195  8.672699E-17
7264.30906349877  8.883979E-17
7266.25563698558  9.271275E-17
7268.2022104724  8.685219E-17
7270.14878395922  9.113227E-17
7272.09535744603  8.870949E-17
7274.04193093284  8.961718E-17
7275.98850441966  8.695227E-17
7277.93507790648  7.675805E-17
7279.88165139329  8.470713E-17
7281.82822488011  9.350094E-17
7283.77479836692  8.867288E-17
7285.72137185374  8.642292E-17
7287.66794534056  9.105195E-17
7289.61451882737  9.052778E-17
7291.56109231419  7.592040E-17
7293.507665801  8.140306E-17
7295.45423928782  8.273257E-17
7297.40081277464  9.237428E-17
7299.34738626145  8.565164E-17
7301.29395974827  8.572702E-17
7303.24053323508  8.478928E-17
7305.1871067219  8.580922E-17
7307.13368020871  8.813480E-17
7309.08025369553  8.616206E-17
7311.02682718235  9.042510E-17
7312.97340066916  9.090147E-17
7314.91997415598  9.138286E-17
7316.86654764279  8.659810E-17
7318.81312112961  9.183896E-17
7320.75969461642  9.150659E-17
7322.70626810324  8.216116E-17
7324.65284159006  1.016259E-16
7326.59941507687  9.827758E-17
7328.54598856369  9.925412E-17
7330.4925620505  1.020020E-16
7332.43913553732  1.114721E-16
7334.38570902413  1.025830E-16
7336.33228251095  1.051989E-16
7338.27885599777  1.046225E-16
7340.22542948458  1.074284E-16
7342.1720029714  1.034215E-16
7344.11857645821  9.077749E-17
7346.06514994503  9.235589E-17
7348.01172343185  1.025111E-16
7349.95829691866  8.231362E-17
7351.90487040548  1.134549E-16
7353.85144389229  1.167663E-16
7355.79801737911  1.117936E-16
7357.74459086593  1.187642E-16
7359.69116435274  1.301015E-16
7361.63773783956  1.197258E-16
7363.58431132637  1.105961E-16
7365.53088481319  1.159439E-16
7367.4774583  1.255493E-16
7369.42403178682  9.726168E-17
7371.37060527364  9.209118E-17
7373.31717876045  1.135753E-16
7375.26375224727  1.380858E-16
7377.21032573408  1.242896E-16
7379.1568992209  1.071987E-16
7381.10347270771  1.082991E-16
7383.05004619453  1.065974E-16
7384.99661968135  1.115027E-16
7386.94319316816  1.316233E-16
7388.88976665498  1.342148E-16
7390.83634014179  1.262162E-16
7392.78291362861  1.305785E-16
7394.72948711543  1.435494E-16
7396.67606060224  1.552004E-16
7398.62263408906  1.540615E-16
7400.56920757587  1.484309E-16
7402.51578106269  1.425858E-16
7404.4623545495  1.488071E-16
7406.40892803632  1.490442E-16
7408.35550152314  1.489682E-16
7410.30207500995  1.449890E-16
7412.24864849677  1.486980E-16
7414.19522198358  1.542303E-16
7416.1417954704  1.463227E-16
7418.08836895721  1.480081E-16
7420.03494244403  1.469388E-16
7421.98151593085  1.395709E-16
7423.92808941766  1.426607E-16
7425.87466290448  1.579414E-16
7427.8212363913  1.484578E-16
7429.76780987811  1.577131E-16
7431.71438336493  1.705887E-16
7433.66095685174  1.592733E-16
7435.60753033856  1.465128E-16
7437.55410382537  1.460781E-16
7439.50067731219  1.563848E-16
7441.447250799  1.751263E-16
7443.39382428582  1.686038E-16
7445.34039777264  1.579009E-16
7447.28697125945  1.647727E-16
7449.23354474627  1.693831E-16
7451.18011823308  1.652116E-16
7453.1266917199  1.613172E-16
7455.07326520671  1.578347E-16
7457.01983869353  1.693795E-16
7458.96641218035  1.801366E-16
7460.91298566716  1.709608E-16
7462.85955915398  1.831284E-16
7464.80613264079  1.719964E-16
7466.75270612761  1.677451E-16
7468.69927961443  1.760020E-16
7470.64585310124  1.882209E-16
7472.59242658806  1.940446E-16
7474.53900007487  1.897630E-16
7476.48557356169  1.898862E-16
7478.4321470485  1.781070E-16
7480.37872053532  1.848991E-16
7482.32529402214  2.130224E-16
7484.27186750895  2.202025E-16
7486.21844099577  2.207507E-16
7488.16501448258  2.017397E-16
7490.1115879694  1.923945E-16
7492.05816145622  2.189888E-16
7494.00473494303  2.304430E-16
7495.95130842985  2.206538E-16
7497.89788191666  2.174671E-16
7499.84445540348  2.085167E-16
7501.79102889029  2.103539E-16
7503.73760237711  2.127651E-16
7505.68417586393  2.267831E-16
7507.63074935074  2.388187E-16
7509.57732283756  2.366718E-16
7511.52389632437  2.217912E-16
7513.47046981119  2.150462E-16
7515.41704329801  2.160918E-16
7517.36361678482  2.205136E-16
7519.31019027164  2.239687E-16
7521.25676375845  2.242638E-16
7523.20333724527  2.452476E-16
7525.14991073208  2.461166E-16
7527.0964842189  2.346735E-16
7529.04305770572  2.327623E-16
7530.98963119253  2.327083E-16
7532.93620467935  2.404048E-16
7534.88277816616  2.355995E-16
7536.82935165298  2.272688E-16
7538.7759251398  2.228472E-16
7540.72249862661  2.381826E-16
7542.66907211342  2.293073E-16
7544.61564560024  2.252554E-16
7546.56221908706  2.227367E-16
7548.50879257387  2.201834E-16
7550.45536606069  2.276285E-16
7552.40193954751  2.167433E-16
7554.34851303432  2.231935E-16
7556.29508652114  2.238687E-16
7558.24166000795  2.025669E-16
7560.18823349477  2.109631E-16
7562.13480698158  2.165744E-16
7564.0813804684  2.111899E-16
7566.02795395522  2.097976E-16
7567.97452744203  1.924962E-16
7569.92110092885  1.762372E-16
7571.86767441566  1.994291E-16
7573.81424790248  1.926095E-16
7575.7608213893  1.739268E-16
7577.70739487611  1.814497E-16
7579.65396836293  1.846150E-16
7581.60054184974  1.810923E-16
7583.54711533656  1.829869E-16
7585.49368882337  1.867490E-16
7587.44026231019  1.698416E-16
7589.38683579701  1.751756E-16
7591.33340928382  1.878638E-16
7593.27998277064  1.825299E-16
7595.22655625745  1.885523E-16
7597.17312974427  1.926635E-16
7599.11970323108  2.015734E-16
7601.0662767179  1.637244E-16
7603.01285020472  1.499656E-16
7604.95942369153  1.491481E-16
7606.90599717835  1.809008E-16
7608.85257066516  1.724887E-16
7610.79914415198  1.421348E-16
7612.7457176388  1.397919E-16
7614.69229112561  1.730629E-16
7616.63886461243  1.805922E-16
7618.58543809924  1.670566E-16
7620.53201158606  1.478652E-16
7622.47858507288  1.522284E-16
7624.42515855969  1.385726E-16
7626.37173204651  1.406065E-16
7628.31830553332  1.381492E-16
7630.26487902014  1.462245E-16
7632.21145250695  1.420033E-16
7634.15802599377  1.428554E-16
7636.10459948059  1.480087E-16
7638.0511729674  1.666238E-16
7639.99774645422  1.410947E-16
7641.94431994103  1.290661E-16
7643.89089342785  1.303430E-16
7645.83746691466  9.851361E-17
7647.78404040148  1.033920E-16
7649.7306138883  1.088126E-16
7651.67718737511  1.078202E-16
7653.62376086193  9.701037E-17
7655.57033434874  9.473423E-17
7657.51690783556  9.850985E-17
7659.46348132237  9.884117E-17
7661.41005480919  9.706063E-17
7663.35662829601  9.127288E-17
7665.30320178282  9.619360E-17
7667.24977526964  9.806243E-17
7669.19634875645  9.501692E-17
7671.14292224327  8.868219E-17
7673.08949573008  8.018607E-17
7675.0360692169  7.734630E-17
7676.98264270372  8.709126E-17
7678.92921619053  9.787203E-17
7680.87578967735  9.797800E-17
7682.82236316416  8.532621E-17
7684.76893665098  7.612985E-17
7686.7155101378  8.286859E-17
7688.66208362461  8.496722E-17
7690.60865711143  7.554656E-17
7692.55523059824  8.273824E-17
7694.50180408506  6.189644E-17
7696.44837757187  4.603453E-17
7698.39495105869  8.030331E-17
7700.34152454551  6.563697E-17
7702.28809803232  5.470581E-17
7704.23467151914  6.080325E-17
7706.18124500595  6.280103E-17
7708.12781849277  6.276625E-17
7710.07439197959  6.995959E-17
7712.0209654664  8.204105E-17
7713.96753895322  7.840783E-17
7715.91411244003  7.141079E-17
7717.86068592685  6.479016E-17
7719.80725941366  7.609511E-17
7721.75383290048  7.976108E-17
7723.7004063873  6.446547E-17
7725.64697987411  6.013270E-17
7727.59355336093  7.016205E-17
7729.54012684774  7.659704E-17
7731.48670033456  5.724294E-17
7733.43327382137  4.129225E-17
7735.37984730819  5.991130E-17
7737.32642079501  7.590876E-17
7739.27299428182  5.976226E-17
7741.21956776864  5.182055E-17
7743.16614125545  5.698147E-17
7745.11271474227  5.409777E-17
7747.05928822909  6.571084E-17
7749.0058617159  4.723812E-17
7750.95243520272  5.702695E-17
7752.89900868953  7.188577E-17
7754.84558217635  5.713933E-17
7756.79215566317  5.262732E-17
7758.73872914998  5.382786E-17
7760.6853026368  5.231480E-17
7762.63187612361  3.989983E-17
7764.57844961043  5.142360E-17
7766.52502309724  5.427598E-17
7768.47159658406  5.700517E-17
7770.41817007087  6.590356E-17
7772.36474355769  6.520778E-17
7774.31131704451  6.140155E-17
7776.25789053132  5.784263E-17
7778.20446401814  5.002136E-17
7780.15103750496  5.305614E-17
7782.09761099177  5.608874E-17
7784.04418447859  5.853546E-17
7785.9907579654  5.903545E-17
7787.93733145222  5.787613E-17
7789.88390493903  5.579244E-17
7791.83047842585  5.306308E-17
7793.77705191267  7.180480E-17
7795.72362539948  6.673464E-17
7797.6701988863  4.166484E-17
7799.61677237311  6.230539E-17
7801.56334585993  5.669643E-17
7803.50991934674  5.984834E-17
7805.45649283356  5.174367E-17
7807.40306632037  5.733901E-17
7809.34963980719  6.164961E-17
7811.29621329401  5.353716E-17
7813.24278678082  5.295302E-17
7815.18936026764  6.792034E-17
7817.13593375445  7.486993E-17
7819.08250724127  7.067536E-17
7821.02908072809  3.377260E-17
7822.9756542149  5.613128E-17
7824.92222770172  6.287479E-17
7826.86880118853  7.219536E-17
7828.81537467535  6.615278E-17
7830.76194816216  6.627942E-17
7832.70852164898  6.632825E-17
7834.6550951358  6.394634E-17
7836.60166862261  6.195018E-17
7838.54824210943  5.754123E-17
7840.49481559624  6.902615E-17
7842.44138908306  6.805106E-17
7844.38796256988  7.148319E-17
7846.33453605669  7.609588E-17
7848.28110954351  7.633747E-17
7850.22768303032  6.132437E-17
7852.17425651714  6.571698E-17
7854.12083000395  6.148860E-17
7856.06740349077  7.167576E-17
7858.01397697759  6.526382E-17
7859.9605504644  6.192807E-17
7861.90712395122  4.787746E-17
7863.85369743803  5.124451E-17
7865.80027092485  6.085249E-17
7867.74684441167  5.366301E-17
7869.69341789848  5.122409E-17
7871.6399913853  6.195466E-17
7873.58656487211  7.023828E-17
7875.53313835893  6.911229E-17
7877.47971184574  5.774040E-17
7879.42628533256  6.533164E-17
7881.37285881938  6.542636E-17
7883.31943230619  6.206911E-17
7885.26600579301  6.624983E-17
7887.21257927982  5.922407E-17
7889.15915276664  5.965349E-17
7891.10572625346  6.318469E-17
7893.05229974027  7.177656E-17
7894.99887322709  7.065762E-17
7896.9454467139  7.395347E-17
7898.89202020072  6.141140E-17
7900.83859368753  6.938644E-17
7902.78516717435  8.513445E-17
7904.73174066117  7.825913E-17
7906.67831414798  6.525720E-17
7908.6248876348  8.269454E-17
7910.57146112161  8.731638E-17
7912.51803460843  7.399135E-17
7914.46460809524  8.047349E-17
7916.41118158206  8.503943E-17
7918.35775506888  8.619563E-17
7920.30432855569  8.213958E-17
7922.25090204251  8.273725E-17
7924.19747552932  7.773546E-17
7926.14404901614  9.082056E-17
7928.09062250296  9.905901E-17
7930.03719598977  1.009723E-16
7931.98376947659  9.488413E-17
7933.9303429634  9.820789E-17
7935.87691645022  9.734891E-17
7937.82348993703  9.603313E-17
7939.77006342385  9.459427E-17
7941.71663691067  1.041431E-16
7943.66321039748  9.925909E-17
7945.6097838843  9.871245E-17
7947.55635737111  1.131149E-16
7949.50293085793  1.180825E-16
7951.44950434474  1.178956E-16
7953.39607783156  1.121579E-16
7955.34265131838  9.986860E-17
7957.28922480519  1.114239E-16
7959.23579829201  1.264819E-16
7961.18237177882  1.283976E-16
7963.12894526564  1.231512E-16
7965.07551875245  1.067717E-16
7967.02209223927  1.212874E-16
7968.96866572609  1.118493E-16
7970.9152392129  1.269122E-16
7972.86181269972  1.375166E-16
7974.80838618654  1.451557E-16
7976.75495967335  1.365215E-16
7978.70153316017  1.477481E-16
7980.64810664698  1.282896E-16
7982.5946801338  1.301050E-16
7984.54125362061  1.407045E-16
7986.48782710743  1.383777E-16
7988.43440059425  1.449867E-16
7990.38097408106  1.515430E-16
7992.32754756788  1.512130E-16
7994.27412105469  1.382913E-16
7996.22069454151  1.328753E-16
7998.16726802832  1.264097E-16
8000.11384151514  1.331470E-16
8002.06041500196  1.465001E-16
8004.00698848877  1.544621E-16
8005.95356197559  1.473300E-16
8007.9001354624  1.522882E-16
8009.84670894922  1.539259E-16
8011.79328243603  1.636862E-16
8013.73985592285  1.631050E-16
8015.68642940967  1.555679E-16
8017.63300289648  1.397817E-16
8019.5795763833  1.359992E-16
8021.52614987011  1.552552E-16
8023.47272335693  1.713425E-16
8025.41929684375  1.399365E-16
8027.36587033056  1.388671E-16
8029.31244381738  1.345732E-16
8031.25901730419  1.489443E-16
8033.20559079101  1.542456E-16
8035.15216427782  1.376195E-16
8037.09873776464  1.424323E-16
8039.04531125145  1.404674E-16
8040.99188473827  1.265640E-16
8042.93845822509  1.224968E-16
8044.8850317119  1.181549E-16
8046.83160519872  1.255589E-16
8048.77817868553  1.347960E-16
8050.72475217235  1.223329E-16
8052.67132565917  1.058151E-16
8054.61789914598  1.120105E-16
8056.5644726328  1.345069E-16
8058.51104611961  1.154223E-16
8060.45761960643  1.471925E-16
8062.40419309325  1.179328E-16
8064.35076658006  1.005327E-16
8066.29734006688  1.180563E-16
8068.24391355369  1.170368E-16
8070.19048704051  1.112722E-16
8072.13706052732  1.076586E-16
8074.08363401414  1.112557E-16
8076.03020750095  1.103152E-16
8077.97678098777  9.677139E-17
8079.92335447459  9.813904E-17
8081.8699279614  1.080049E-16
8083.81650144822  1.007782E-16
8085.76307493503  1.013677E-16
8087.70964842185  1.050940E-16
8089.65622190867  1.079325E-16
8091.60279539548  1.035358E-16
8093.5493688823  7.665582E-17
8095.49594236911  6.896263E-17
8097.44251585593  9.783576E-17
8099.38908934275  9.803475E-17
8101.33566282956  1.017019E-16
8103.28223631638  9.305229E-17
8105.22880980319  1.001684E-16
8107.17538329001  8.344697E-17
8109.12195677683  8.562755E-17
8111.06853026364  8.311749E-17
8113.01510375046  7.511277E-17
8114.96167723727  7.571534E-17
8116.90825072409  7.994907E-17
8118.8548242109  7.805313E-17
8120.80139769772  8.824796E-17
8122.74797118453  9.174582E-17
8124.69454467135  9.968336E-17
8126.64111815817  9.275199E-17
8128.58769164498  9.100194E-17
8130.5342651318  6.479414E-17
8132.48083861862  6.310419E-17
8134.42741210543  6.276525E-17
8136.37398559225  6.404332E-17
8138.32055907906  5.706232E-17
8140.26713256588  5.777984E-17
8142.21370605269  5.075240E-17
8144.16027953951  4.917655E-17
8146.10685302633  4.850699E-17
8148.05342651314  5.256502E-17
8149.99999999996  4.944399E-17
