3397.74409942199  3.944239E-15
3401.10747007884  4.062797E-15
3404.47084073569  4.053787E-15
3407.83421139254  4.309892E-15
3411.19758204939  4.672165E-15
3414.56095270624  4.602745E-15
3417.92432336309  4.279163E-15
3421.28769401994  4.421477E-15
3424.65106467678  4.559654E-15
3428.01443533363  4.747763E-15
3431.37780599048  4.858060E-15
3434.74117664733  4.988552E-15
3438.10454730418  5.263551E-15
3441.46791796103  5.326723E-15
3444.83128861788  5.002983E-15
3448.19465927473  5.350700E-15
3451.55802993157  5.432055E-15
3454.92140058842  5.401750E-15
3458.28477124527  5.837127E-15
3461.64814190212  5.543586E-15
3465.01151255897  5.763749E-15
3468.37488321582  5.742661E-15
3471.73825387267  6.145575E-15
3475.10162452952  5.963298E-15
3478.46499518636  6.352767E-15
3481.82836584321  6.591588E-15
3485.19173650006  6.627134E-15
3488.55510715691  6.805435E-15
3491.91847781376  7.130483E-15
3495.28184847061  7.400959E-15
3498.64521912746  7.376905E-15
3502.00858978431  7.491248E-15
3505.37196044116  7.545454E-15
3508.735331098  7.887763E-15
3512.09870175485  8.151843E-15
3515.4620724117  8.081622E-15
3518.82544306855  8.160747E-15
3522.1888137254  8.163211E-15
3525.55218438225  7.982926E-15
3528.9155550391  8.542503E-15
3532.27892569595  8.446349E-15
3535.6422963528  8.339833E-15
3539.00566700964  7.958663E-15
3542.36903766649  8.162641E-15
3545.73240832334  8.003755E-15
3549.09577898019  7.796180E-15
3552.45914963704  7.956324E-15
3555.82252029389  8.053499E-15
3559.18589095074  7.980761E-15
3562.54926160759  8.043427E-15
3565.91263226443  7.608153E-15
3569.27600292128  7.542535E-15
3572.63937357813  7.767664E-15
3576.00274423498  7.515828E-15
3579.36611489183  7.362628E-15
3582.72948554868  6.977603E-15
3586.09285620553  6.993200E-15
3589.45622686238  7.088740E-15
3592.81959751922  7.168819E-15
3596.18296817607  7.038145E-15
3599.54633883292  7.159100E-15
3602.90970948977  7.327257E-15
3606.27308014662  7.351438E-15
3609.63645080347  7.276329E-15
3612.99982146032  7.082868E-15
3616.36319211717  7.354893E-15
3619.72656277401  7.210155E-15
3623.08993343086  7.288857E-15
3626.45330408771  7.353224E-15
3629.81667474456  7.227454E-15
3633.18004540141  6.964628E-15
3636.54341605826  6.995815E-15
3639.90678671511  7.078412E-15
3643.27015737196  6.732747E-15
3646.63352802881  6.625498E-15
3649.99689868565  6.846992E-15
3653.3602693425  6.938529E-15
3656.72363999935  6.825253E-15
3660.0870106562  6.823090E-15
3663.45038131305  6.586499E-15
3666.8137519699  6.778817E-15
3670.17712262675  6.825664E-15
3673.5404932836  6.742561E-15
3676.90386394044  6.874414E-15
3680.26723459729  6.809990E-15
3683.63060525414  6.752840E-15
3686.99397591099  6.816933E-15
3690.35734656784  6.767574E-15
3693.72071722469  6.633208E-15
3697.08408788154  6.593594E-15
3700.44745853839  6.791082E-15
3703.81082919523  6.592266E-15
3707.17419985208  6.676823E-15
3710.53757050893  6.575280E-15
3713.90094116578  6.630348E-15
3717.26431182263  6.462978E-15
3720.62768247948  6.918702E-15
3723.99105313633  6.850957E-15
3727.35442379318  6.905865E-15
3730.71779445003  6.747427E-15
3734.08116510687  6.833792E-15
3737.44453576372  6.606483E-15
3740.80790642057  6.649852E-15
3744.17127707742  6.621409E-15
3747.53464773427  6.746285E-15
3750.89801839112  6.555255E-15
3754.26138904797  6.642567E-15
3757.62475970482  6.478239E-15
3760.98813036167  6.358222E-15
3764.35150101851  6.512595E-15
3767.71487167536  6.564224E-15
3771.07824233221  6.567550E-15
3774.44161298906  6.563275E-15
3777.80498364591  6.430711E-15
3781.16835430276  6.548665E-15
3784.53172495961  6.462860E-15
3787.89509561645  6.722155E-15
3791.2584662733  6.739622E-15
3794.62183693015  6.634421E-15
3797.985207587  6.564962E-15
3801.34857824385  6.580809E-15
3804.7119489007  6.584107E-15
3808.07531955755  6.552754E-15
3811.4386902144  6.520154E-15
3814.80206087125  6.312843E-15
3818.16543152809  6.402736E-15
3821.52880218494  6.423108E-15
3824.89217284179  6.462962E-15
3828.25554349864  6.409121E-15
3831.61891415549  6.379249E-15
3834.98228481234  6.523185E-15
3838.34565546919  6.571102E-15
3841.70902612604  6.629135E-15
3845.07239678288  6.574455E-15
3848.43576743973  6.380962E-15
3851.79913809658  6.406373E-15
3855.16250875343  6.405786E-15
3858.52587941028  6.228792E-15
3861.88925006713  6.255014E-15
3865.25262072398  6.179186E-15
3868.61599138083  6.195181E-15
3871.97936203768  6.051774E-15
3875.34273269452  5.938046E-15
3878.70610335137  5.966659E-15
3882.06947400822  5.924251E-15
3885.43284466507  5.949878E-15
3888.79621532192  5.867958E-15
3892.15958597877  5.931200E-15
3895.52295663562  5.870832E-15
3898.88632729246  5.897368E-15
3902.24969794931  5.822731E-15
3905.61306860616  5.961495E-15
3908.97643926301  5.924124E-15
3912.33980991986  5.845379E-15
3915.70318057671  5.815438E-15
3919.06655123356  5.831371E-15
3922.42992189041  5.755259E-15
3925.79329254726  5.794738E-15
3929.1566632041  5.708925E-15
3932.52003386095  5.570406E-15
3935.8834045178  5.549941E-15
3939.24677517465  5.676041E-15
3942.6101458315  5.635453E-15
3945.97351648835  5.690302E-15
3949.3368871452  5.848430E-15
3952.70025780205  5.754291E-15
3956.0636284589  5.738740E-15
3959.42699911574  5.708534E-15
3962.79036977259  5.641500E-15
3966.15374042944  5.843471E-15
3969.51711108629  5.663919E-15
3972.88048174314  5.758764E-15
3976.24385239999  5.771820E-15
3979.60722305684  5.710799E-15
3982.97059371369  5.727378E-15
3986.33396437053  5.767833E-15
3989.69733502738  5.674992E-15
3993.06070568423  5.726664E-15
3996.42407634108  5.663550E-15
3999.78744699793  5.632553E-15
4003.15081765478  5.721503E-15
4006.51418831163  5.712998E-15
4009.87755896848  5.679762E-15
4013.24092962532  5.835150E-15
4016.60430028217  5.768224E-15
4019.96767093902  5.726383E-15
4023.33104159587  5.721652E-15
4026.69441225272  5.773823E-15
4030.05778290957  5.778737E-15
4033.42115356642  5.789629E-15
4036.78452422327  5.718734E-15
4040.14789488012  5.688196E-15
4043.51126553696  5.677055E-15
4046.87463619381  5.492216E-15
4050.23800685066  5.472360E-15
4053.60137750751  5.412437E-15
4056.96474816436  5.479354E-15
4060.32811882121  5.391917E-15
4063.69148947806  5.477502E-15
4067.05486013491  5.613856E-15
4070.41823079176  5.547959E-15
4073.7816014486  5.593348E-15
4077.14497210545  5.528574E-15
4080.5083427623  5.625262E-15
4083.87171341915  5.447571E-15
4087.235084076  5.421602E-15
4090.59845473285  5.411482E-15
4093.9618253897  5.344138E-15
4097.32519604655  5.402314E-15
4100.68856670339  5.424264E-15
4104.05193736024  5.430911E-15
4107.41530801709  5.537465E-15
4110.77867867394  5.482292E-15
4114.14204933079  5.529027E-15
4117.50541998764  5.477245E-15
4120.86879064449  5.488839E-15
4124.23216130133  5.635150E-15
4127.59553195818  5.701988E-15
4130.95890261503  5.641393E-15
4134.32227327188  5.698875E-15
4137.68564392873  5.732785E-15
4141.04901458558  5.683563E-15
4144.41238524243  5.659065E-15
4147.77575589928  5.728069E-15
4151.13912655613  5.708907E-15
4154.50249721298  5.714143E-15
4157.86586786982  5.677202E-15
4161.22923852667  5.653650E-15
4164.59260918352  5.558116E-15
4167.95597984037  5.450773E-15
4171.31935049722  5.410796E-15
4174.68272115407  5.362480E-15
4178.04609181092  5.336198E-15
4181.40946246777  5.229680E-15
4184.77283312461  5.275310E-15
4188.13620378146  5.229571E-15
4191.49957443831  5.034126E-15
4194.86294509516  5.026485E-15
4198.22631575201  4.979297E-15
4201.58968640886  4.957347E-15
4204.95305706571  4.945163E-15
4208.31642772255  4.917955E-15
4211.6797983794  4.927120E-15
4215.04316903625  4.772644E-15
4218.4065396931  4.803618E-15
4221.76991034995  4.793904E-15
4225.1332810068  4.748310E-15
4228.49665166365  4.770996E-15
4231.8600223205  4.844558E-15
4235.22339297735  4.693990E-15
4238.58676363419  4.662328E-15
4241.95013429104  4.688240E-15
4245.31350494789  4.567915E-15
4248.67687560474  4.557449E-15
4252.04024626159  4.534211E-15
4255.40361691844  4.582352E-15
4258.76698757529  4.593193E-15
4262.13035823214  4.490441E-15
4265.49372888899  4.465540E-15
4268.85709954583  4.440116E-15
4272.22047020268  4.357177E-15
4275.58384085953  4.370195E-15
4278.94721151638  4.359698E-15
4282.31058217323  4.319860E-15
4285.67395283008  4.326023E-15
4289.03732348693  4.342333E-15
4292.40069414378  4.414761E-15
4295.76406480062  4.375027E-15
4299.12743545747  4.373946E-15
4302.49080611432  4.382678E-15
4305.85417677117  4.422753E-15
4309.21754742802  4.428190E-15
4312.58091808487  4.391624E-15
4315.94428874172  4.430427E-15
4319.30765939857  4.432384E-15
4322.67103005542  4.464248E-15
4326.03440071226  4.508340E-15
4329.39777136911  4.461360E-15
4332.76114202596  4.444683E-15
4336.12451268281  4.494254E-15
4339.48788333966  4.545333E-15
4342.85125399651  4.531849E-15
4346.21462465336  4.575236E-15
4349.57799531021  4.535225E-15
4352.94136596705  4.490090E-15
4356.3047366239  4.499974E-15
4359.66810728075  4.506814E-15
4363.0314779376  4.522507E-15
4366.39484859445  4.524220E-15
4369.7582192513  4.542949E-15
4373.12158990815  4.599651E-15
4376.484960565  4.531366E-15
4379.84833122185  4.543101E-15
4383.21170187869  4.604606E-15
4386.57507253554  4.541301E-15
4389.93844319239  4.575875E-15
4393.30181384924  4.590460E-15
4396.66518450609  4.505100E-15
4400.02855516294  4.530201E-15
4403.39192581979  4.609644E-15
4406.75529647663  4.562948E-15
4410.11866713348  4.563361E-15
4413.48203779033  4.567064E-15
4416.84540844718  4.558514E-15
4420.20877910403  4.536448E-15
4423.57214976088  4.534521E-15
4426.93552041773  4.540244E-15
4430.29889107458  4.532721E-15
4433.66226173143  4.483007E-15
4437.02563238827  4.468773E-15
4440.38900304512  4.396621E-15
4443.75237370197  4.346049E-15
4447.11574435882  4.330964E-15
4450.47911501567  4.332379E-15
4453.84248567252  4.281497E-15
4457.20585632937  4.240020E-15
4460.56922698622  4.255193E-15
4463.93259764306  4.263453E-15
4467.29596829991  4.200659E-15
4470.65933895676  4.207030E-15
4474.02270961361  4.115716E-15
4477.38608027046  4.115030E-15
4480.74945092731  4.111715E-15
4484.11282158416  4.069244E-15
4487.47619224101  4.043949E-15
4490.83956289786  4.021646E-15
4494.2029335547  3.991972E-15
4497.56630421155  3.932721E-15
4500.9296748684  3.943616E-15
4504.29304552525  3.916432E-15
4507.6564161821  3.956009E-15
4511.01978683895  3.968030E-15
4514.3831574958  3.916375E-15
4517.74652815265  3.849854E-15
4521.10989880949  3.886815E-15
4524.47326946634  3.920841E-15
4527.83664012319  3.863722E-15
4531.20001078004  3.942451E-15
4534.56338143689  3.905273E-15
4537.92675209374  3.908437E-15
4541.29012275059  3.891627E-15
4544.65349340744  3.854492E-15
4548.01686406429  3.844225E-15
4551.38023472113  3.827113E-15
4554.74360537798  3.784766E-15
4558.10697603483  3.819796E-15
4561.47034669168  3.812174E-15
4564.83371734853  3.733186E-15
4568.19708800538  3.721673E-15
4571.56045866223  3.740157E-15
4574.92382931908  3.703400E-15
4578.28719997592  3.671473E-15
4581.65057063277  3.709660E-15
4585.01394128962  3.650210E-15
4588.37731194647  3.678809E-15
4591.74068260332  3.666474E-15
4595.10405326017  3.663744E-15
4598.46742391702  3.681769E-15
4601.83079457387  3.721411E-15
4605.19416523071  3.746304E-15
4608.55753588756  3.715054E-15
4611.92090654441  3.711399E-15
4615.28427720126  3.797259E-15
4618.64764785811  3.789616E-15
4622.01101851496  3.781593E-15
4625.37438917181  3.823502E-15
4628.73775982866  3.808705E-15
4632.1011304855  3.803162E-15
4635.46450114235  3.825185E-15
4638.8278717992  3.825632E-15
4642.19124245605  3.862267E-15
4645.5546131129  3.879569E-15
4648.91798376975  3.883727E-15
4652.2813544266  3.943742E-15
4655.64472508345  3.930613E-15
4659.00809574029  3.920392E-15
4662.37146639714  3.996989E-15
4665.73483705399  3.980225E-15
4669.09820771084  3.984467E-15
4672.46157836769  4.024115E-15
4675.82494902454  4.065537E-15
4679.18831968139  4.064556E-15
4682.55169033824  4.098241E-15
4685.91506099509  4.102699E-15
4689.27843165193  4.141279E-15
4692.64180230878  4.166129E-15
4696.00517296563  4.184107E-15
4699.36854362248  4.217861E-15
4702.73191427933  4.208065E-15
4706.09528493618  4.248945E-15
4709.45865559303  4.230340E-15
4712.82202624988  4.224451E-15
4716.18539690673  4.263357E-15
4719.54876756357  4.236487E-15
4722.91213822042  4.281279E-15
4726.27550887727  4.242462E-15
4729.63887953412  4.194449E-15
4733.00225019097  4.185171E-15
4736.36562084782  4.213623E-15
4739.72899150467  4.197414E-15
4743.09236216152  4.152758E-15
4746.45573281836  4.118176E-15
4749.81910347521  4.104481E-15
4753.18247413206  4.082017E-15
4756.54584478891  4.096837E-15
4759.90921544576  4.089666E-15
4763.27258610261  4.013595E-15
4766.63595675946  3.974365E-15
4769.99932741631  3.963452E-15
4773.36269807316  3.975199E-15
4776.72606873  3.945845E-15
4780.08943938685  3.865364E-15
4783.4528100437  3.838622E-15
4786.81618070055  3.828556E-15
4790.1795513574  3.813179E-15
4793.54292201425  3.785764E-15
4796.9062926711  3.725664E-15
4800.26966332794  3.708386E-15
4803.63303398479  3.701319E-15
4806.99640464164  3.689904E-15
4810.35977529849  3.646090E-15
4813.72314595534  3.621295E-15
4817.08651661219  3.640612E-15
4820.44988726904  3.636999E-15
4823.81325792589  3.632633E-15
4827.17662858274  3.620881E-15
4830.53999923958  3.574922E-15
4833.90336989643  3.560896E-15
4837.26674055328  3.557635E-15
4840.63011121013  3.539892E-15
4843.99348186698  3.548897E-15
4847.35685252383  3.515807E-15
4850.72022318068  3.504062E-15
4854.08359383752  3.530619E-15
4857.44696449437  3.489316E-15
4860.81033515122  3.508312E-15
4864.17370580807  3.509890E-15
4867.53707646492  3.495809E-15
4870.90044712177  3.496356E-15
4874.26381777862  3.518434E-15
4877.62718843547  3.508578E-15
4880.99055909232  3.440405E-15
4884.35392974917  3.436361E-15
4887.71730040601  3.489023E-15
4891.08067106286  3.477937E-15
4894.44404171971  3.478185E-15
4897.80741237656  3.437269E-15
4901.17078303341  3.445437E-15
4904.53415369026  3.433945E-15
4907.89752434711  3.432252E-15
4911.26089500396  3.430175E-15
4914.6242656608  3.429425E-15
4917.98763631765  3.362123E-15
4921.3510069745  3.413006E-15
4924.71437763135  3.417736E-15
4928.0777482882  3.376610E-15
4931.44111894505  3.405159E-15
4934.8044896019  3.402791E-15
4938.16786025875  3.424404E-15
4941.5312309156  3.402660E-15
4944.89460157245  3.394428E-15
4948.25797222929  3.381720E-15
4951.62134288614  3.350213E-15
4954.98471354299  3.372710E-15
4958.34808419984  3.357033E-15
4961.71145485669  3.331276E-15
4965.07482551354  3.334902E-15
4968.43819617039  3.344537E-15
4971.80156682723  3.323061E-15
4975.16493748408  3.353586E-15
4978.52830814093  3.337562E-15
4981.89167879778  3.311409E-15
4985.25504945463  3.309410E-15
4988.61842011148  3.348151E-15
4991.98179076833  3.322361E-15
4995.34516142518  3.270284E-15
4998.70853208202  3.281280E-15
5002.07190273887  3.284560E-15
5005.43527339572  3.292241E-15
5008.79864405257  3.255463E-15
5012.16201470942  3.256048E-15
5015.52538536627  3.238433E-15
5018.88875602312  3.199706E-15
5022.25212667997  3.176970E-15
5025.61549733682  3.188330E-15
5028.97886799366  3.158759E-15
5032.34223865051  3.144247E-15
5035.70560930736  3.131508E-15
5039.06897996421  3.105251E-15
5042.43235062106  3.107766E-15
5045.79572127791  3.086926E-15
5049.15909193476  3.042151E-15
5052.52246259161  3.024379E-15
5055.88583324846  2.986064E-15
5059.2492039053  2.986185E-15
5062.61257456215  3.008613E-15
5065.975945219  2.991347E-15
5069.33931587585  2.986735E-15
5072.7026865327  2.988418E-15
5076.06605718955  3.013939E-15
5079.4294278464  3.016931E-15
5082.79279850324  2.973062E-15
5086.15616916009  2.983984E-15
5089.51953981694  2.976096E-15
5092.88291047379  2.950326E-15
5096.24628113064  2.958733E-15
5099.60965178749  2.959738E-15
5102.97302244434  2.917087E-15
5106.33639310119  2.917414E-15
5109.69976375804  2.916321E-15
5113.06313441489  2.886003E-15
5116.42650507173  2.881275E-15
5119.78987572858  2.888306E-15
5123.15324638543  2.872904E-15
5126.51661704228  2.871512E-15
5129.87998769913  2.863395E-15
5133.24335835598  2.830332E-15
5136.60672901283  2.846636E-15
5139.97009966967  2.856544E-15
5143.33347032652  2.835976E-15
5146.69684098337  2.856443E-15
5150.06021164022  2.847751E-15
5153.42358229707  2.814816E-15
5156.78695295392  2.834394E-15
5160.15032361077  2.850679E-15
5163.51369426762  2.828020E-15
5166.87706492447  2.814291E-15
5170.24043558132  2.811987E-15
5173.60380623816  2.811374E-15
5176.96717689501  2.803933E-15
5180.33054755186  2.816639E-15
5183.69391820871  2.864483E-15
5187.05728886556  2.836473E-15
5190.42065952241  2.817477E-15
5193.78403017926  2.848604E-15
5197.1474008361  2.825418E-15
5200.51077149295  2.824463E-15
5203.8741421498  2.826884E-15
5207.23751280665  2.856064E-15
5210.6008834635  2.859307E-15
5213.96425412035  2.860890E-15
5217.3276247772  2.847392E-15
5220.69099543405  2.840556E-15
5224.0543660909  2.837095E-15
5227.41773674774  2.813519E-15
5230.78110740459  2.801072E-15
5234.14447806144  2.809855E-15
5237.50784871829  2.800659E-15
5240.87121937514  2.795544E-15
5244.23459003199  2.787446E-15
5247.59796068884  2.808979E-15
5250.96133134569  2.784175E-15
5254.32470200254  2.784504E-15
5257.68807265938  2.782575E-15
5261.05144331623  2.800004E-15
5264.41481397308  2.791584E-15
5267.77818462993  2.754551E-15
5271.14155528678  2.761851E-15
5274.50492594363  2.752445E-15
5277.86829660048  2.736771E-15
5281.23166725733  2.744738E-15
5284.59503791417  2.735864E-15
5287.95840857102  2.715706E-15
5291.32177922787  2.712317E-15
5294.68514988472  2.706585E-15
5298.04852054157  2.685005E-15
5301.41189119842  2.669767E-15
5304.77526185527  2.653636E-15
5308.13863251212  2.625683E-15
5311.50200316896  2.635740E-15
5314.86537382581  2.638900E-15
5318.22874448266  2.604849E-15
5321.59211513951  2.589431E-15
5324.95548579636  2.575852E-15
5328.31885645321  2.573565E-15
5331.68222711006  2.580312E-15
5335.04559776691  2.597500E-15
5338.40896842375  2.602058E-15
5341.7723390806  2.563788E-15
5345.13570973745  2.533250E-15
5348.4990803943  2.532884E-15
5351.86245105115  2.528067E-15
5355.225821708  2.536763E-15
5358.58919236485  2.533020E-15
5361.9525630217  2.501417E-15
5365.31593367855  2.491509E-15
5368.67930433539  2.489214E-15
5372.04267499224  2.513076E-15
5375.40604564909  2.510929E-15
5378.76941630594  2.474765E-15
5382.13278696279  2.461231E-15
5385.49615761964  2.465397E-15
5388.85952827649  2.460543E-15
5392.22289893334  2.445955E-15
5395.58626959018  2.436168E-15
5398.94964024703  2.456736E-15
5402.31301090388  2.434054E-15
5405.67638156073  2.434230E-15
5409.03975221758  2.432227E-15
5412.40312287443  2.410074E-15
5415.76649353128  2.414352E-15
5419.12986418813  2.386388E-15
5422.49323484497  2.392347E-15
5425.85660550182  2.389269E-15
5429.21997615867  2.385897E-15
5432.58334681552  2.379372E-15
5435.94671747237  2.373793E-15
5439.31008812922  2.336842E-15
5442.67345878607  2.321879E-15
5446.03682944292  2.323446E-15
5449.40020009977  2.337130E-15
5452.76357075661  2.332211E-15
5456.12694141346  2.315686E-15
5459.49031207031  2.314058E-15
5462.85368272716  2.308725E-15
5466.21705338401  2.312682E-15
5469.58042404086  2.290576E-15
5472.94379469771  2.278197E-15
5476.30716535456  2.268667E-15
5479.6705360114  2.287937E-15
5483.03390666825  2.308676E-15
5486.3972773251  2.250558E-15
5489.76064798195  2.224455E-15
5493.1240186388  2.251769E-15
5496.48738929565  2.284391E-15
5499.8507599525  2.247444E-15
5503.21413060935  2.252964E-15
5506.5775012662  2.234508E-15
5509.94087192304  2.262350E-15
5513.30424257989  2.249626E-15
5516.66761323674  2.260920E-15
5520.03098389359  2.252309E-15
5523.39435455044  2.240735E-15
5526.75772520729  2.238334E-15
5530.12109586414  2.197991E-15
5533.48446652098  2.214635E-15
5536.84783717783  2.203686E-15
5540.21120783468  2.182815E-15
5543.57457849153  2.187949E-15
5546.93794914838  2.185820E-15
5550.30131980523  2.177926E-15
5553.66469046208  2.185681E-15
5557.02806111893  2.178308E-15
5560.39143177578  2.171227E-15
5563.75480243262  2.163452E-15
5567.11817308947  2.159108E-15
5570.48154374632  2.165373E-15
5573.84491440317  2.154806E-15
5577.20828506002  2.143319E-15
5580.57165571687  2.141079E-15
5583.93502637372  2.129591E-15
5587.29839703057  2.119995E-15
5590.66176768741  2.115325E-15
5594.02513834426  2.099822E-15
5597.38850900111  2.092131E-15
5600.75187965796  2.103252E-15
5604.11525031481  2.082700E-15
5607.47862097166  2.066718E-15
5610.84199162851  2.067529E-15
5614.20536228536  2.059334E-15
5617.56873294221  2.060187E-15
5620.93210359905  2.044245E-15
5624.2954742559  2.021569E-15
5627.65884491275  2.015158E-15
5631.0222155696  1.986506E-15
5634.38558622645  1.966721E-15
5637.7489568833  1.947730E-15
5641.11232754015  1.949149E-15
5644.475698197  1.944573E-15
5647.83906885384  1.953143E-15
5651.20243951069  1.928198E-15
5654.56581016754  1.924238E-15
5657.92918082439  1.934147E-15
5661.29255148124  1.930978E-15
5664.65592213809  1.924735E-15
5668.01929279494  1.914082E-15
5671.38266345179  1.903422E-15
5674.74603410864  1.905696E-15
5678.10940476548  1.920573E-15
5681.47277542233  1.898583E-15
5684.83614607918  1.872782E-15
5688.19951673603  1.909212E-15
5691.56288739288  1.915614E-15
5694.92625804973  1.912035E-15
5698.28962870658  1.923992E-15
5701.65299936343  1.914433E-15
5705.01637002027  1.930799E-15
5708.37974067712  1.929926E-15
5711.74311133397  1.927302E-15
5715.10648199082  1.905584E-15
5718.46985264767  1.941477E-15
5721.83322330452  1.944963E-15
5725.19659396137  1.917721E-15
5728.55996461822  1.918954E-15
5731.92333527507  1.908779E-15
5735.28670593191  1.928850E-15
5738.65007658876  1.908118E-15
5742.01344724561  1.886467E-15
5745.37681790246  1.911012E-15
5748.74018855931  1.921955E-15
5752.10355921616  1.913416E-15
5755.46692987301  1.927950E-15
5758.83030052986  1.929325E-15
5762.1936711867  1.932368E-15
5765.55704184355  1.949846E-15
5768.9204125004  1.922176E-15
5772.28378315725  1.911652E-15
5775.6471538141  1.919182E-15
5779.01052447095  1.905275E-15
5782.3738951278  1.909499E-15
5785.73726578464  1.886632E-15
5789.10063644149  1.878516E-15
5792.46400709834  1.867026E-15
5795.82737775519  1.888040E-15
5799.19074841204  1.874930E-15
5802.55411906889  1.890104E-15
5805.91748972574  1.883239E-15
5809.28086038259  1.868063E-15
5812.64423103944  1.889423E-15
5816.00760169629  1.881967E-15
5819.37097235313  1.866420E-15
5822.73434300998  1.863584E-15
5826.09771366683  1.870471E-15
5829.46108432368  1.887256E-15
5832.82445498053  1.869558E-15
5836.18782563738  1.838437E-15
5839.55119629423  1.839905E-15
5842.91456695107  1.847955E-15
5846.27793760792  1.845688E-15
5849.64130826477  1.844420E-15
5853.00467892162  1.848288E-15
5856.36804957847  1.834606E-15
5859.73142023532  1.839086E-15
5863.09479089217  1.817760E-15
5866.45816154902  1.799374E-15
5869.82153220587  1.822388E-15
5873.18490286271  1.806568E-15
5876.54827351956  1.817172E-15
5879.91164417641  1.799208E-15
5883.27501483326  1.807711E-15
5886.63838549011  1.798531E-15
5890.00175614696  1.790091E-15
5893.36512680381  1.762141E-15
5896.72849746066  1.763276E-15
5900.09186811751  1.778321E-15
5903.45523877435  1.787537E-15
5906.8186094312  1.799550E-15
5910.18198008805  1.804568E-15
5913.5453507449  1.800210E-15
5916.90872140175  1.806661E-15
5920.2720920586  1.824113E-15
5923.63546271545  1.807591E-15
5926.9988333723  1.794943E-15
5930.36220402915  1.806141E-15
5933.72557468599  1.797423E-15
5937.08894534284  1.790251E-15
5940.45231599969  1.792251E-15
5943.81568665654  1.808648E-15
5947.17905731339  1.782443E-15
5950.54242797024  1.789193E-15
5953.90579862709  1.820521E-15
5957.26916928393  1.817563E-15
5960.63253994078  1.803827E-15
5963.99591059763  1.804127E-15
5967.35928125448  1.802142E-15
5970.72265191133  1.787438E-15
5974.08602256818  1.783979E-15
5977.44939322503  1.777604E-15
5980.81276388187  1.753308E-15
5984.17613453872  1.740194E-15
5987.53950519557  1.746358E-15
5990.90287585242  1.762468E-15
5994.26624650927  1.767764E-15
5997.62961716612  1.740767E-15
6000.99298782297  1.711005E-15
6004.35635847982  1.732590E-15
6007.71972913667  1.723740E-15
6011.08309979352  1.720109E-15
6014.44647045036  1.735253E-15
6017.80984110721  1.720274E-15
6021.17321176406  1.720829E-15
6024.53658242091  1.702467E-15
6027.89995307776  1.684110E-15
6031.26332373461  1.693903E-15
6034.62669439146  1.693948E-15
6037.9900650483  1.671501E-15
6041.35343570515  1.655169E-15
6044.716806362  1.665874E-15
6048.08017701885  1.679904E-15
6051.4435476757  1.676249E-15
6054.80691833255  1.666683E-15
6058.1702889894  1.651524E-15
6061.53365964625  1.648144E-15
6064.8970303031  1.667055E-15
6068.26040095995  1.648621E-15
6071.62377161679  1.633485E-15
6074.98714227364  1.642995E-15
6078.35051293049  1.622770E-15
6081.71388358734  1.631124E-15
6085.07725424419  1.630080E-15
6088.44062490104  1.621834E-15
6091.80399555789  1.608821E-15
6095.16736621474  1.612346E-15
6098.53073687158  1.605790E-15
6101.89410752843  1.594486E-15
6105.25747818528  1.603412E-15
6108.62084884213  1.599023E-15
6111.98421949898  1.587506E-15
6115.34759015583  1.599810E-15
6118.71096081268  1.594851E-15
6122.07433146953  1.583356E-15
6125.43770212638  1.592145E-15
6128.80107278322  1.567396E-15
6132.16444344007  1.575007E-15
6135.52781409692  1.541915E-15
6138.89118475377  1.569358E-15
6142.25455541062  1.561698E-15
6145.61792606747  1.560640E-15
6148.98129672432  1.559007E-15
6152.34466738117  1.558843E-15
6155.70803803801  1.555230E-15
6159.07140869486  1.552888E-15
6162.43477935171  1.556974E-15
6165.79815000856  1.551002E-15
6169.16152066541  1.556099E-15
6172.52489132226  1.553998E-15
6175.88826197911  1.527479E-15
6179.25163263596  1.519497E-15
6182.6150032928  1.516634E-15
6185.97837394965  1.521908E-15
6189.3417446065  1.522298E-15
6192.70511526335  1.515378E-15
6196.0684859202  1.537069E-15
6199.43185657705  1.506194E-15
6202.7952272339  1.505951E-15
6206.15859789075  1.521706E-15
6209.52196854759  1.511336E-15
6212.88533920444  1.491857E-15
6216.24870986129  1.488155E-15
6219.61208051814  1.502223E-15
6222.97545117499  1.485035E-15
6226.33882183184  1.465530E-15
6229.70219248869  1.458291E-15
6233.06556314554  1.450596E-15
6236.42893380239  1.455896E-15
6239.79230445923  1.451517E-15
6243.15567511608  1.463788E-15
6246.51904577293  1.480615E-15
6249.88241642978  1.448722E-15
6253.24578708663  1.443705E-15
6256.60915774348  1.440173E-15
6259.97252840033  1.420230E-15
6263.33589905718  1.419546E-15
6266.69926971402  1.417355E-15
6270.06264037087  1.405505E-15
6273.42601102772  1.405719E-15
6276.78938168457  1.388574E-15
6280.15275234142  1.352924E-15
6283.51612299827  1.355418E-15
6286.87949365512  1.359626E-15
6290.24286431197  1.359194E-15
6293.60623496881  1.377266E-15
6296.96960562566  1.368265E-15
6300.33297628251  1.353609E-15
6303.69634693936  1.349758E-15
6307.05971759621  1.346949E-15
6310.42308825306  1.330772E-15
6313.78645890991  1.346218E-15
6317.14982956676  1.342952E-15
6320.51320022361  1.345023E-15
6323.87657088045  1.368622E-15
6327.2399415373  1.353130E-15
6330.60331219415  1.345109E-15
6333.966682851  1.330780E-15
6337.33005350785  1.339212E-15
6340.6934241647  1.330274E-15
6344.05679482155  1.321494E-15
6347.4201654784  1.339847E-15
6350.78353613525  1.340082E-15
6354.14690679209  1.346710E-15
6357.51027744894  1.340447E-15
6360.87364810579  1.335573E-15
6364.23701876264  1.328336E-15
6367.60038941949  1.320862E-15
6370.96376007634  1.309164E-15
6374.32713073319  1.308098E-15
6377.69050139004  1.322845E-15
6381.05387204688  1.303236E-15
6384.41724270373  1.301897E-15
6387.78061336058  1.311911E-15
6391.14398401743  1.314595E-15
6394.50735467428  1.307383E-15
6397.87072533113  1.309917E-15
6401.23409598798  1.304826E-15
6404.59746664483  1.284792E-15
6407.96083730167  1.287623E-15
6411.32420795852  1.291636E-15
6414.68757861537  1.289801E-15
6418.05094927222  1.291517E-15
6421.41431992907  1.306842E-15
6424.77769058592  1.301437E-15
6428.14106124277  1.283973E-15
6431.50443189961  1.282180E-15
6434.86780255646  1.272857E-15
6438.23117321331  1.281082E-15
6441.59454387016  1.292444E-15
6444.95791452701  1.266596E-15
6448.32128518386  1.260022E-15
6451.68465584071  1.263160E-15
6455.04802649756  1.257318E-15
6458.41139715441  1.270687E-15
6461.77476781126  1.269678E-15
6465.1381384681  1.257477E-15
6468.50150912495  1.255684E-15
6471.8648797818  1.249694E-15
6475.22825043865  1.238386E-15
6478.5916210955  1.240673E-15
6481.95499175235  1.234696E-15
6485.3183624092  1.231976E-15
6488.68173306605  1.221008E-15
6492.04510372289  1.227511E-15
6495.40847437974  1.226812E-15
6498.77184503659  1.233090E-15
6502.13521569344  1.245912E-15
6505.49858635029  1.254103E-15
6508.86195700714  1.260214E-15
6512.22532766399  1.246146E-15
6515.58869832084  1.224706E-15
6518.95206897769  1.222561E-15
6522.31543963453  1.212966E-15
6525.67881029138  1.205055E-15
6529.04218094823  1.215936E-15
6532.40555160508  1.205434E-15
6535.76892226193  1.207446E-15
6539.13229291878  1.207220E-15
6542.49566357563  1.219337E-15
6545.85903423248  1.206307E-15
6549.22240488932  1.198892E-15
6552.58577554617  1.203099E-15
6555.94914620302  1.200337E-15
6559.31251685987  1.200813E-15
6562.67588751672  1.205649E-15
6566.03925817357  1.210377E-15
6569.40262883042  1.204115E-15
6572.76599948727  1.199347E-15
6576.12937014411  1.215338E-15
6579.49274080096  1.214177E-15
6582.85611145781  1.221584E-15
6586.21948211466  1.212483E-15
6589.58285277151  1.212692E-15
6592.94622342836  1.228939E-15
6596.30959408521  1.208509E-15
6599.67296474206  1.214289E-15
6603.0363353989  1.225854E-15
6606.39970605576  1.227621E-15
6609.7630767126  1.222448E-15
6613.12644736945  1.213962E-15
6616.4898180263  1.218513E-15
6619.85318868315  1.214145E-15
6623.21655934  1.237838E-15
6626.57992999685  1.225120E-15
6629.9433006537  1.223358E-15
6633.30667131054  1.233207E-15
6636.67004196739  1.234093E-15
6640.03341262424  1.223209E-15
6643.39678328109  1.223687E-15
6646.76015393794  1.228515E-15
6650.12352459479  1.233905E-15
6653.48689525164  1.227182E-15
6656.85026590849  1.233790E-15
6660.21363656533  1.246090E-15
6663.57700722218  1.234013E-15
6666.94037787903  1.236786E-15
6670.30374853588  1.245073E-15
6673.66711919273  1.221299E-15
6677.03048984958  1.219932E-15
6680.39386050643  1.216105E-15
6683.75723116328  1.211255E-15
6687.12060182012  1.197612E-15
6690.48397247697  1.204436E-15
6693.84734313382  1.199561E-15
6697.21071379067  1.203779E-15
6700.57408444752  1.210317E-15
6703.93745510437  1.214376E-15
6707.30082576122  1.202468E-15
6710.66419641807  1.184290E-15
6714.02756707492  1.185520E-15
6717.39093773176  1.182436E-15
6720.75430838861  1.185549E-15
6724.11767904546  1.196198E-15
6727.48104970231  1.198333E-15
6730.84442035916  1.202382E-15
6734.20779101601  1.187570E-15
6737.57116167286  1.196034E-15
6740.93453232971  1.212490E-15
6744.29790298655  1.214085E-15
6747.6612736434  1.219651E-15
6751.02464430025  1.234371E-15
6754.3880149571  1.219488E-15
6757.75138561395  1.226730E-15
6761.1147562708  1.298353E-15
6764.47812692765  1.329156E-15
6767.8414975845  1.293539E-15
6771.20486824134  1.255940E-15
6774.56823889819  1.211460E-15
6777.93160955504  1.205586E-15
6781.29498021189  1.225326E-15
6784.65835086874  1.225006E-15
6788.02172152559  1.225738E-15
6791.38509218244  1.212751E-15
6794.74846283929  1.200862E-15
6798.11183349614  1.190311E-15
6801.47520415299  1.184783E-15
6804.83857480983  1.183876E-15
6808.20194546668  1.179494E-15
6811.56531612353  1.177055E-15
6814.92868678038  1.179255E-15
6818.29205743723  1.188252E-15
6821.65542809408  1.172444E-15
6825.01879875093  1.177948E-15
6828.38216940777  1.167421E-15
6831.74554006463  1.150674E-15
6835.10891072147  1.145779E-15
6838.47228137832  1.135597E-15
6841.83565203517  1.124461E-15
6845.19902269202  1.124234E-15
6848.56239334887  1.121381E-15
6851.92576400572  1.111312E-15
6855.28913466257  1.111729E-15
6858.65250531941  1.122082E-15
6862.01587597626  1.126201E-15
6865.37924663311  1.114380E-15
%6868.74261728996  1.044185E-15
%6872.10598794681  1.015587E-15
%6875.46935860366  1.024455E-15
%6878.83272926051  1.101667E-15
%6882.19609991736  1.147663E-15
%6885.55947057421  1.143615E-15
6888.92284123105  1.088951E-15
6892.2862118879  1.055416E-15
6895.64958254475  1.081413E-15
6899.0129532016  1.078044E-15
6902.37632385845  1.048421E-15
6905.7396945153  1.055774E-15
6909.10306517215  1.053197E-15
6912.46643582899  1.061113E-15
6915.82980648584  1.083564E-15
6919.19317714269  1.113829E-15
6922.55654779954  1.086022E-15
6925.91991845639  1.070220E-15
6929.28328911324  1.062040E-15
6932.64665977009  1.076053E-15
6936.01003042694  1.079003E-15
6939.37340108378  1.039143E-15
6942.73677174063  1.024398E-15
6946.10014239748  1.042053E-15
6949.46351305433  1.025705E-15
6952.82688371118  9.983553E-16
6956.19025436803  1.002342E-15
6959.55362502488  1.014129E-15
6962.91699568173  1.007090E-15
6966.28036633858  1.018580E-15
6969.64373699542  1.023590E-15
6973.00710765227  1.016963E-15
6976.37047830912  1.000732E-15
6979.73384896597  1.001189E-15
6983.09721962282  1.008395E-15
6986.46059027967  1.015826E-15
6989.82396093652  1.017979E-15
6993.18733159337  1.018060E-15
6996.55070225022  1.009370E-15
6999.91407290707  1.003943E-15
7003.27744356392  1.007783E-15
7006.64081422076  9.969652E-16
7010.00418487761  9.919473E-16
7013.36755553446  1.004922E-15
7016.73092619131  9.889878E-16
7020.09429684816  9.751643E-16
7023.457667505  9.790194E-16
7026.82103816186  9.956021E-16
7030.1844088187  1.001400E-15
7033.54777947555  9.865314E-16
7036.9111501324  9.843361E-16
7040.27452078925  9.825826E-16
7043.6378914461  9.580416E-16
7047.00126210295  9.658163E-16
7050.3646327598  9.710499E-16
7053.72800341665  9.519379E-16
7057.09137407349  9.655863E-16
7060.45474473034  9.772909E-16
7063.81811538719  9.748597E-16
7067.18148604404  9.691291E-16
7070.54485670089  9.745172E-16
7073.90822735774  9.679123E-16
7077.27159801459  9.598014E-16
7080.63496867144  9.659665E-16
7083.99833932828  9.726432E-16
7087.36170998513  9.764738E-16
7090.72508064198  9.605699E-16
7094.08845129883  9.621565E-16
7097.45182195568  9.663363E-16
7100.81519261253  9.518422E-16
7104.17856326938  9.661348E-16
7107.54193392623  9.662577E-16
7110.90530458307  9.493320E-16
7114.26867523992  9.609072E-16
7117.63204589677  9.648917E-16
7120.99541655362  9.569136E-16
7124.35878721047  9.607791E-16
7127.72215786732  9.599605E-16
7131.08552852417  9.615206E-16
7134.44889918102  9.607810E-16
7137.81226983786  9.572444E-16
7141.17564049471  9.542564E-16
7144.53901115156  9.441508E-16
7147.90238180841  9.474786E-16
7151.26575246526  9.575703E-16
7154.62912312211  9.655658E-16
7157.99249377896  9.637727E-16
7161.35586443581  9.820224E-16
7164.71923509265  9.799673E-16
7168.0826057495  9.680498E-16
7171.44597640635  9.745772E-16
7174.8093470632  9.256445E-16
7178.17271772005  9.092117E-16
7181.5360883769  9.372350E-16
7184.89945903375  9.554837E-16
7188.2628296906  9.325039E-16
7191.62620034745  9.231328E-16
7194.9895710043  9.391651E-16
7198.35294166115  9.503190E-16
7201.71631231799  9.374231E-16
7205.07968297484  9.053636E-16
7208.44305363169  8.956812E-16
7211.80642428854  9.157186E-16
7215.16979494539  9.306510E-16
7218.53316560224  9.420307E-16
7221.89653625909  9.282578E-16
7225.25990691593  8.854747E-16
7228.62327757278  9.014719E-16
7231.98664822963  9.019473E-16
7235.35001888648  9.049678E-16
7238.71338954333  8.828750E-16
7242.07676020018  8.898136E-16
7245.44013085703  9.114466E-16
7248.80350151388  9.177866E-16
7252.16687217073  9.206401E-16
7255.53024282757  9.290735E-16
7258.89361348442  9.378403E-16
7262.25698414127  9.224131E-16
7265.62035479812  9.308277E-16
7268.98372545497  9.310144E-16
7272.34709611182  9.266691E-16
7275.71046676867  9.142631E-16
7279.07383742551  9.133721E-16
7282.43720808236  8.874353E-16
7285.80057873921  8.783949E-16
7289.16394939606  8.885430E-16
7292.52732005291  8.938150E-16
7295.89069070976  8.949132E-16
7299.25406136661  8.992600E-16
7302.61743202346  9.000121E-16
7305.9808026803  8.703617E-16
7309.34417333715  8.842338E-16
7312.707543994  9.155914E-16
7316.07091465085  8.930338E-16
7319.4342853077  9.066843E-16
7322.79765596455  9.041316E-16
7326.1610266214  8.814380E-16
7329.52439727825  9.017262E-16
7332.8877679351  9.146693E-16
7336.25113859195  9.123829E-16
7339.61450924879  9.300869E-16
7342.97787990564  9.214780E-16
7346.34125056249  9.100560E-16
7349.70462121934  9.115174E-16
7353.06799187619  9.165032E-16
7356.43136253304  9.154258E-16
7359.79473318989  9.096687E-16
7363.15810384673  8.994326E-16
7366.52147450358  8.746652E-16
7369.88484516043  8.763099E-16
7373.24821581728  8.832299E-16
7376.61158647413  8.749919E-16
7379.97495713098  8.788541E-16
7383.33832778783  8.812844E-16
7386.70169844468  8.715697E-16
7390.06506910153  8.683095E-16
7393.42843975838  8.694773E-16
7396.79181041522  8.610450E-16
7400.15518107207  8.812654E-16
7403.51855172892  8.834118E-16
7406.88192238577  8.599643E-16
7410.24529304262  8.562150E-16
7413.60866369947  8.577901E-16
7416.97203435632  8.514850E-16
7420.33540501316  8.542120E-16
7423.69877567001  8.504254E-16
7427.06214632686  8.372471E-16
7430.42551698371  8.408789E-16
7433.78888764056  8.355729E-16
7437.15225829741  8.305225E-16
7440.51562895426  8.368384E-16
7443.87899961111  8.391658E-16
7447.24237026796  8.352175E-16
7450.6057409248  8.295598E-16
7453.96911158165  8.234558E-16
7457.3324822385  8.379630E-16
7460.69585289535  8.386884E-16
7464.0592235522  8.152029E-16
7467.42259420905  8.241153E-16
7470.7859648659  8.189650E-16
7474.14933552274  8.193921E-16
7477.51270617959  8.199175E-16
7480.87607683644  8.154495E-16
7484.23944749329  8.232668E-16
7487.60281815014  8.147102E-16
7490.96618880699  8.099519E-16
7494.32955946384  8.011868E-16
7497.69293012069  8.003888E-16
7501.05630077754  7.996358E-16
7504.41967143439  7.895308E-16
7507.78304209123  8.031667E-16
7511.14641274808  7.897100E-16
7514.50978340493  7.965452E-16
7517.87315406178  8.024474E-16
7521.23652471863  7.853786E-16
7524.59989537548  7.887059E-16
7527.96326603233  7.859764E-16
7531.32663668918  7.891173E-16
7534.69000734602  7.851103E-16
7538.05337800287  7.724450E-16
7541.41674865972  7.785223E-16
7544.78011931657  7.867311E-16
7548.14348997342  7.781925E-16
7551.50686063027  7.715487E-16
7554.87023128712  7.771280E-16
7558.23360194396  7.774302E-16
7561.59697260081  7.748181E-16
7564.96034325766  7.651867E-16
7568.32371391451  7.634758E-16
7571.68708457136  7.602659E-16
7575.05045522821  7.639276E-16
7578.41382588506  7.664984E-16
7581.77719654191  7.439814E-16
7585.14056719876  7.406874E-16
7588.50393785561  7.316210E-16
%7591.86730851245  6.935135E-16
%7595.2306791693  6.148876E-16
%7598.59404982615  4.748946E-16
%7601.957420483  3.285921E-16
%7605.32079113985  2.376168E-16
%7608.6841617967  2.395947E-16
%7612.04753245355  3.464429E-16
%7615.41090311039  4.935847E-16
%7618.77427376724  6.122875E-16
%7622.13764442409  6.196214E-16
%7625.50101508094  5.492624E-16
%7628.86438573779  5.136225E-16
%7632.22775639464  4.790886E-16
%7635.59112705149  4.973682E-16
%7638.95449770834  5.145084E-16
%7642.31786836519  5.477917E-16
%7645.68123902204  5.508870E-16
%7649.04460967888  5.889342E-16
%7652.40798033573  6.171787E-16
%7655.77135099258  6.040833E-16
%7659.13472164943  6.265467E-16
7662.49809230628  6.642870E-16
7665.86146296313  6.522440E-16
7669.22483361998  6.586014E-16
7672.58820427682  6.699661E-16
7675.95157493367  6.758160E-16
7679.31494559052  6.697503E-16
7682.67831624737  6.508827E-16
7686.04168690422  6.601268E-16
7689.40505756107  6.685599E-16
7692.76842821792  6.605855E-16
7696.13179887477  6.528145E-16
7699.49516953162  6.594667E-16
7702.85854018846  6.716454E-16
7706.22191084531  6.647497E-16
7709.58528150216  6.552619E-16
7712.94865215901  6.573814E-16
7716.31202281586  6.442322E-16
7719.67539347271  6.514258E-16
7723.03876412956  6.560074E-16
7726.40213478641  6.681980E-16
7729.76550544325  6.457412E-16
7733.1288761001  6.296555E-16
7736.49224675695  6.330212E-16
7739.8556174138  6.209378E-16
7743.21898807065  6.246383E-16
7746.5823587275  6.193685E-16
7749.94572938435  6.262537E-16
7753.30910004119  6.481551E-16
7756.67247069804  6.403395E-16
7760.03584135489  6.241708E-16
7763.39921201174  6.260675E-16
7766.76258266859  6.331065E-16
7770.12595332544  6.458159E-16
7773.48932398229  6.396459E-16
7776.85269463914  6.236008E-16
7780.21606529599  6.326888E-16
7783.57943595284  6.339604E-16
7786.94280660968  6.430463E-16
7790.30617726653  6.354748E-16
7793.66954792338  6.228099E-16
7797.03291858023  6.229458E-16
7800.39628923708  6.152316E-16
7803.75965989393  6.187471E-16
7807.12303055078  6.326628E-16
7810.48640120762  6.352534E-16
7813.84977186447  6.217086E-16
7817.21314252132  6.091460E-16
7820.57651317817  6.144532E-16
7823.93988383502  6.200063E-16
7827.30325449187  6.268745E-16
7830.66662514872  6.176862E-16
7834.02999580557  6.236216E-16
7837.39336646242  6.250615E-16
7840.75673711927  6.117356E-16
7844.12010777611  6.159458E-16
7847.48347843296  6.264800E-16
7850.84684908981  6.275343E-16
7854.21021974666  6.266926E-16
7857.57359040351  6.174942E-16
7860.93696106036  6.162346E-16
7864.30033171721  6.166571E-16
7867.66370237406  6.198066E-16
7871.0270730309  6.227301E-16
7874.39044368775  6.128130E-16
7877.7538143446  6.083245E-16
7881.11718500145  6.218428E-16
7884.4805556583  6.238696E-16
7887.84392631515  6.108281E-16
7891.207296972  6.077319E-16
7894.57066762885  6.091102E-16
7897.9340382857  6.091805E-16
7901.29740894254  6.122797E-16
7904.66077959939  6.098798E-16
7908.02415025624  6.060524E-16
7911.38752091309  6.184843E-16
7914.75089156994  6.190696E-16
7918.11426222679  6.100689E-16
7921.47763288364  5.980351E-16
7924.84100354048  5.904981E-16
7928.20437419733  6.020889E-16
7931.56774485418  6.160876E-16
7934.93111551103  6.127647E-16
7938.29448616788  6.023883E-16
7941.65785682473  6.000285E-16
7945.02122748158  6.078737E-16
7948.38459813843  6.219099E-16
7951.74796879527  6.250574E-16
7955.11133945212  6.286307E-16
7958.47471010897  6.175012E-16
7961.83808076582  6.048735E-16
7965.20145142267  6.147525E-16
7968.56482207952  6.160951E-16
7971.92819273637  6.159371E-16
7975.29156339322  6.309733E-16
7978.65493405007  6.310399E-16
7982.01830470692  6.188268E-16
7985.38167536376  6.142137E-16
7988.74504602061  6.170465E-16
7992.10841667746  6.303358E-16
7995.47178733431  6.312586E-16
7998.83515799116  6.254821E-16
8002.19852864801  6.219918E-16
8005.56189930486  6.076637E-16
8008.9252699617  6.181092E-16
8012.28864061855  6.245121E-16
8015.6520112754  6.226171E-16
8019.01538193225  6.256790E-16
8022.3787525891  6.245372E-16
8025.74212324595  6.196083E-16
8029.1054939028  6.118261E-16
8032.46886455965  6.081906E-16
8035.8322352165  6.106639E-16
8039.19560587334  6.141741E-16
8042.55897653019  6.186922E-16
8045.92234718704  6.147216E-16
8049.28571784389  6.061085E-16
8052.64908850074  6.131737E-16
8056.01245915759  6.040031E-16
8059.37582981444  5.897893E-16
8062.73920047128  5.950059E-16
8066.10257112813  6.074190E-16
8069.46594178498  6.087235E-16
8072.82931244183  6.039305E-16
8076.19268309868  6.045837E-16
8079.55605375553  6.018013E-16
8082.91942441238  5.924952E-16
8086.28279506923  6.100951E-16
8089.64616572608  6.118792E-16
8093.00953638293  6.019645E-16
8096.37290703978  5.988743E-16
8099.73627769662  6.002466E-16
8103.09964835347  6.074967E-16
8106.46301901032  5.972703E-16
8109.82638966717  5.790085E-16
8113.18976032402  5.830980E-16
8116.55313098087  5.780968E-16
8119.91650163771  5.805430E-16
8123.27987229456  5.857395E-16
8126.64324295141  5.759003E-16
8130.00661360826  5.737518E-16
8133.36998426511  5.715900E-16
8136.73335492196  5.594201E-16
8140.09672557881  5.478027E-16
8143.46009623566  5.550007E-16
8146.82346689251  5.613067E-16
8150.18683754935  5.431802E-16
8153.5502082062  5.350175E-16
8156.91357886305  5.314272E-16
8160.2769495199  5.436289E-16
8163.64032017675  5.274257E-16
8167.0036908336  5.104201E-16
8170.36706149045  5.164673E-16
8173.7304321473  5.339709E-16
8177.09380280415  5.356188E-16
8180.45717346099  5.241138E-16
8183.82054411784  5.222106E-16
8187.18391477469  5.286410E-16
8190.54728543154  5.403798E-16
8193.91065608839  5.388622E-16
8197.27402674524  5.291619E-16
8200.63739740209  5.268309E-16
8204.00076805894  5.287467E-16
8207.36413871578  5.472595E-16
8210.72750937263  5.707183E-16
8214.09088002948  5.730040E-16
8217.45425068633  5.623203E-16
8220.81762134318  5.557783E-16
8224.18099200003  5.358401E-16
8227.54436265688  4.922228E-16
8230.90773331373  4.871513E-16
8234.27110397057  4.884935E-16
8237.63447462742  5.037939E-16
8240.99784528427  5.357973E-16
8244.36121594112  5.509893E-16
8247.72458659797  5.447303E-16
8251.08795725482  5.441228E-16
8254.45132791167  5.579818E-16
8257.81469856852  5.630743E-16
8261.17806922536  5.407748E-16
8264.54143988221  5.399502E-16
8267.90481053906  5.518149E-16
8271.26818119591  5.402167E-16
8274.63155185276  5.336626E-16
8277.99492250961  5.359911E-16
8281.35829316646  5.314390E-16
8284.72166382331  5.332291E-16
8288.08503448016  5.366432E-16
8291.44840513701  5.295228E-16
8294.81177579386  5.454326E-16
8298.1751464507  5.519572E-16
8301.53851710755  5.462217E-16
8304.9018877644  5.463981E-16
8308.26525842125  5.422240E-16
8311.6286290781  5.483898E-16
8314.99199973495  5.438437E-16
8318.3553703918  5.367477E-16
8321.71874104865  5.408330E-16
8325.08211170549  5.356786E-16
8328.44548236234  5.482558E-16
8331.80885301919  5.495663E-16
8335.17222367604  5.457045E-16
8338.53559433289  5.378257E-16
8341.89896498974  5.421802E-16
8345.26233564658  5.522332E-16
8348.62570630343  5.548076E-16
8351.98907696028  5.470424E-16
8355.35244761713  5.427432E-16
8358.71581827398  5.513708E-16
8362.07918893083  5.565848E-16
8365.44255958768  5.535282E-16
8368.80593024453  5.436778E-16
8372.16930090138  5.471128E-16
8375.53267155822  5.509356E-16
8378.89604221507  5.564858E-16
8382.25941287192  5.522299E-16
8385.62278352877  5.499923E-16
8388.98615418562  5.568027E-16
8392.34952484247  5.506757E-16
8395.71289549932  5.413719E-16
8399.07626615617  5.376985E-16
8402.43963681301  5.321546E-16
8405.80300746986  5.370179E-16
8409.16637812671  5.435276E-16
8412.52974878356  5.439201E-16
8415.89311944041  5.408041E-16
8419.25649009726  5.283585E-16
8422.61986075411  5.207143E-16
8425.98323141096  5.319224E-16
8429.34660206781  5.380920E-16
8432.70997272466  5.363243E-16
8436.07334338151  5.285224E-16
8439.43671403835  5.336725E-16
8442.8000846952  5.316920E-16
8446.16345535205  5.191938E-16
8449.5268260089  5.178867E-16
8452.89019666575  5.232704E-16
8456.25356732259  5.211129E-16
8459.61693797944  5.225660E-16
8462.98030863629  5.318197E-16
8466.34367929314  5.289570E-16
8469.70704994999  5.170332E-16
8473.07042060684  5.108484E-16
8476.43379126369  5.228562E-16
8479.79716192054  5.264480E-16
8483.16053257739  5.186017E-16
8486.52390323424  5.071418E-16
8489.88727389109  4.992600E-16
8493.25064454793  5.053618E-16
8496.61401520478  5.092340E-16
8499.97738586163  4.995044E-16
8503.34075651848  5.044479E-16
8506.70412717533  4.995567E-16
8510.06749783218  5.000728E-16
8513.43086848903  5.053263E-16
8516.79423914588  5.097606E-16
8520.15760980272  5.098599E-16
8523.52098045957  5.081883E-16
8526.88435111642  5.043999E-16
8530.24772177327  4.980633E-16
8533.61109243012  5.049864E-16
8536.97446308697  4.867846E-16
8540.33783374382  5.003777E-16
8543.70120440067  4.963614E-16
8547.06457505751  4.957779E-16
8550.42794571436  4.927036E-16
8553.79131637121  4.906789E-16
8557.15468702806  4.956583E-16
8560.51805768491  4.876480E-16
8563.88142834176  4.949231E-16
8567.24479899861  4.957675E-16
8570.60816965545  4.936722E-16
8573.9715403123  4.865862E-16
8577.33491096915  4.790764E-16
8580.698281626  4.787735E-16
8584.06165228285  4.866863E-16
8587.4250229397  4.938454E-16
8590.78839359655  4.949855E-16
8594.1517642534  4.843535E-16
8597.51513491024  4.613208E-16
8600.87850556709  4.682145E-16
8604.24187622394  4.805139E-16
8607.60524688079  4.789150E-16
8610.96861753764  4.800076E-16
8614.33198819449  4.746056E-16
8617.69535885134  4.789751E-16
8621.05872950819  4.831673E-16
8624.42210016504  4.765491E-16
8627.78547082189  4.829832E-16
8631.14884147874  4.657228E-16
8634.51221213558  4.676819E-16
8637.87558279243  4.636155E-16
8641.23895344928  4.784101E-16
8644.60232410613  4.742065E-16
8647.96569476298  4.739042E-16
8651.32906541983  4.847852E-16
8654.69243607668  4.775812E-16
8658.05580673353  4.718666E-16
8661.41917739038  4.726465E-16
8664.78254804722  4.556010E-16
8668.14591870407  4.683455E-16
8671.50928936092  4.729086E-16
8674.87266001777  4.769901E-16
8678.23603067462  4.757720E-16
8681.59940133147  4.675463E-16
8684.96277198832  4.643328E-16
8688.32614264516  4.537978E-16
8691.68951330201  4.465175E-16
8695.05288395886  4.734599E-16
8698.41625461571  4.585759E-16
8701.77962527256  4.492513E-16
8705.14299592941  4.543249E-16
8708.50636658626  4.584410E-16
8711.86973724311  4.504972E-16
8715.23310789995  4.416980E-16
8718.5964785568  4.487710E-16
8721.95984921365  4.564444E-16
8725.3232198705  4.489793E-16
8728.68659052735  4.528342E-16
8732.0499611842  4.497330E-16
8735.41333184105  4.510120E-16
8738.7767024979  4.510017E-16
8742.14007315474  4.538114E-16
8745.50344381159  4.497516E-16
8748.86681446844  4.577264E-16
8752.23018512529  4.610041E-16
8755.59355578214  4.316913E-16
8758.95692643899  4.407342E-16
8762.32029709584  4.349307E-16
8765.68366775269  4.309633E-16
8769.04703840954  4.438930E-16
8772.41040906639  4.235132E-16
8775.77377972323  4.148232E-16
8779.13715038008  4.411199E-16
8782.50052103693  4.471871E-16
8785.86389169378  4.378423E-16
8789.22726235063  4.456575E-16
8792.59063300747  4.270942E-16
8795.95400366432  4.215010E-16
8799.31737432117  4.274450E-16
8802.68074497802  4.341052E-16
8806.04411563487  4.337148E-16
8809.40748629172  4.281205E-16
8812.77085694857  4.209412E-16
8816.13422760542  4.181944E-16
8819.49759826227  4.325519E-16
8822.86096891912  4.530760E-16
8826.22433957597  4.429923E-16
8829.58771023282  4.102545E-16
8832.95108088966  4.118555E-16
8836.31445154651  4.205570E-16
8839.67782220336  4.130748E-16
8843.04119286021  4.119764E-16
8846.40456351706  4.201836E-16
8849.76793417391  4.198900E-16
8853.13130483076  4.134052E-16
8856.49467548761  4.030989E-16
8859.85804614445  4.050190E-16
8863.2214168013  3.918636E-16
8866.58478745815  3.873954E-16
8869.948158115  3.960610E-16
8873.31152877185  3.991537E-16
8876.6748994287  3.945353E-16
8880.03827008555  3.937522E-16
8883.4016407424  3.937577E-16
8886.76501139925  3.716858E-16
8890.12838205609  3.837020E-16
8893.49175271294  3.834525E-16
8896.85512336979  3.855558E-16
8900.21849402664  3.935789E-16
8903.58186468349  3.996396E-16
8906.94523534034  4.031691E-16
8910.30860599718  3.913982E-16
8913.67197665403  3.762473E-16
8917.03534731088  3.885286E-16
8920.39871796773  3.918329E-16
8923.76208862458  3.923423E-16
8927.12545928143  3.976487E-16
8930.48882993828  3.819566E-16
8933.85220059513  3.711452E-16
8937.21557125197  3.811286E-16
8940.57894190882  3.781722E-16
8943.94231256567  3.698213E-16
8947.30568322252  3.702083E-16
8950.66905387937  3.663869E-16
8954.03242453622  3.610915E-16
8957.39579519307  3.388750E-16
8960.75916584992  3.371204E-16
8964.12253650677  3.455046E-16
8967.48590716362  3.390032E-16
8970.84927782047  3.332603E-16
8974.21264847731  3.337849E-16
8977.57601913416  3.500251E-16
8980.93938979101  3.338137E-16
8984.30276044786  3.178637E-16
8987.66613110471  3.108232E-16
8991.02950176156  3.041724E-16
8994.39287241841  2.961483E-16
8997.75624307525  2.958989E-16
9001.1196137321  3.074858E-16
9004.48298438895  3.242477E-16
9007.8463550458  3.390634E-16
9011.20972570265  3.171544E-16
9014.5730963595  3.125834E-16
9017.93646701635  3.101577E-16
9021.2998376732  3.085610E-16
9024.66320833005  3.169114E-16
9028.02657898689  3.267366E-16
9031.38994964374  3.303614E-16
9034.75332030059  3.293348E-16
9038.11669095744  3.347850E-16
9041.48006161429  3.358189E-16
9044.84343227114  3.335618E-16
9048.20680292799  3.328830E-16
9051.57017358484  3.329885E-16
9054.93354424168  3.333521E-16
9058.29691489853  3.354648E-16
9061.66028555538  3.317581E-16
9065.02365621223  3.145420E-16
9068.38702686908  3.025915E-16
9071.75039752593  3.009073E-16
9075.11376818278  2.971053E-16
9078.47713883963  3.029355E-16
9081.84050949648  3.066317E-16
9085.20388015332  3.038652E-16
9088.56725081017  3.002464E-16
9091.93062146702  2.911804E-16
9095.29399212387  2.917089E-16
9098.65736278072  3.046418E-16
9102.02073343757  2.960267E-16
9105.38410409442  2.917951E-16
9108.74747475127  2.918394E-16
9112.11084540811  2.934308E-16
9115.47421606496  2.957044E-16
9118.83758672181  2.937922E-16
9122.20095737866  2.890603E-16
9125.56432803551  2.797389E-16
9128.92769869236  2.818490E-16
9132.29106934921  2.851915E-16
9135.65444000605  2.708933E-16
9139.0178106629  2.650807E-16
9142.38118131975  2.629120E-16
9145.7445519766  2.707022E-16
9149.10792263345  2.865038E-16
9152.4712932903  2.694750E-16
9155.83466394715  2.683652E-16
9159.198034604  2.650767E-16
9162.56140526085  2.660898E-16
9165.9247759177  2.766845E-16
9169.28814657454  2.832890E-16
9172.65151723139  2.803278E-16
9176.01488788824  2.735886E-16
9179.37825854509  2.627211E-16
9182.74162920194  2.529739E-16
9186.10499985879  2.650169E-16
9189.46837051564  2.816711E-16
9192.83174117248  2.894920E-16
9196.19511182933  2.837064E-16
9199.55848248618  2.777068E-16
9202.92185314303  2.778856E-16
9206.28522379988  2.801259E-16
9209.64859445673  2.837106E-16
9213.01196511358  2.795761E-16
9216.37533577043  2.729141E-16
9219.73870642728  2.841361E-16
9223.10207708413  2.740629E-16
9226.46544774097  2.750891E-16
9229.82881839782  2.821937E-16
9233.19218905467  2.756547E-16
9236.55555971152  2.790911E-16
9239.91893036837  2.743736E-16
9243.28230102522  2.601549E-16
9246.64567168207  2.640094E-16
9250.00904233891  2.795174E-16
9253.37241299576  2.789489E-16
9256.73578365261  2.664410E-16
9260.09915430946  2.649712E-16
9263.46252496631  2.687235E-16
9266.82589562316  2.627420E-16
9270.18926628001  2.661973E-16
9273.55263693686  2.735668E-16
9276.91600759371  2.715082E-16
9280.27937825055  2.665002E-16
9283.6427489074  2.612010E-16
9287.00611956425  2.642707E-16
9290.3694902211  2.621410E-16
9293.73286087795  2.471797E-16
9297.0962315348  2.543047E-16
9300.45960219165  2.609805E-16
9303.8229728485  2.410907E-16
9307.18634350534  2.359653E-16
9310.54971416219  2.312622E-16
9313.91308481904  2.134456E-16
9317.27645547589  2.021754E-16
9320.63982613274  2.135688E-16
9324.00319678959  2.187691E-16
9327.36656744644  1.995953E-16
9330.72993810329  2.065970E-16
9334.09330876013  2.181496E-16
9337.45667941698  2.062211E-16
9340.82005007383  1.872688E-16
9344.18342073068  1.828331E-16
9347.54679138753  1.922817E-16
9350.91016204438  2.051941E-16
9354.27353270123  2.122174E-16
9357.63690335808  2.151577E-16
9361.00027401493  2.182140E-16
9364.36364467177  2.134846E-16
9367.72701532862  2.007350E-16
9371.09038598547  1.736729E-16
9374.45375664232  1.626998E-16
9377.81712729917  1.885210E-16
9381.18049795602  1.816042E-16
9384.54386861287  1.810401E-16
9387.90723926971  2.242688E-16
9391.27060992656  2.255800E-16
9394.63398058341  2.179356E-16
9397.99735124026  2.208892E-16
9401.36072189711  2.115182E-16
9404.72409255396  2.041143E-16
9408.08746321081  2.081560E-16
9411.45083386766  2.067606E-16
9414.81420452451  1.965677E-16
9418.17757518136  1.950835E-16
9421.5409458382  1.940847E-16
9424.90431649505  1.870422E-16
9428.2676871519  1.799924E-16
9431.63105780875  1.824938E-16
9434.9944284656  1.849948E-16
9438.35779912245  1.647692E-16
9441.7211697793  1.644716E-16
9445.08454043615  1.790155E-16
9448.44791109299  1.815931E-16
9451.81128174984  1.965730E-16
9455.17465240669  2.031677E-16
9458.53802306354  1.759835E-16
9461.90139372039  1.609888E-16
9465.26476437724  1.620414E-16
9468.62813503409  1.616836E-16
9471.99150569094  1.565651E-16
9475.35487634779  1.656785E-16
9478.71824700463  1.718709E-16
9482.08161766148  1.637495E-16
9485.44498831833  1.567754E-16
9488.80835897518  1.522501E-16
9492.17172963203  1.523192E-16
9495.53510028888  1.632160E-16
9498.89847094573  1.545471E-16
9502.26184160257  1.533509E-16
9505.62521225942  1.583979E-16
9508.98858291627  1.550051E-16
9512.35195357312  1.518439E-16
9515.71532422997  1.492628E-16
9519.07869488682  1.579079E-16
9522.44206554367  1.641248E-16
9525.80543620052  1.521556E-16
9529.16880685737  1.457821E-16
9532.53217751421  1.569042E-16
9535.89554817106  1.639436E-16
9539.25891882791  1.606574E-16
9542.62228948476  1.666250E-16
9545.98566014161  1.690904E-16
9549.34903079846  1.553859E-16
9552.71240145531  1.623705E-16
9556.07577211216  1.621214E-16
9559.43914276901  1.482935E-16
9562.80251342585  1.488008E-16
9566.1658840827  1.536621E-16
9569.52925473955  1.431663E-16
9572.8926253964  1.420164E-16
9576.25599605325  1.485721E-16
9579.6193667101  1.429569E-16
9582.98273736694  1.353471E-16
9586.34610802379  1.418459E-16
9589.70947868064  1.535042E-16
9593.07284933749  1.472076E-16
9596.43621999434  1.328852E-16
9599.79959065119  1.312795E-16
9603.16296130804  1.317084E-16
9606.52633196489  1.410556E-16
9609.88970262174  1.447919E-16
9613.25307327859  1.401493E-16
9616.61644393543  1.404436E-16
9619.97981459228  1.413096E-16
9623.34318524913  1.381636E-16
9626.70655590598  1.425961E-16
9630.06992656283  1.463339E-16
9633.43329721968  1.423511E-16
9636.79666787653  1.434529E-16
9640.16003853338  1.433855E-16
9643.52340919022  1.318659E-16
9646.88677984707  1.215386E-16
9650.25015050392  1.203560E-16
9653.61352116077  1.329375E-16
9656.97689181762  1.437631E-16
9660.34026247447  1.430622E-16
9663.70363313132  1.387752E-16
9667.06700378817  1.330460E-16
9670.43037444502  1.195524E-16
9673.79374510186  1.126242E-16
9677.15711575871  1.183192E-16
9680.52048641556  1.184911E-16
9683.88385707241  1.227301E-16
9687.24722772926  1.280834E-16
9690.61059838611  1.247740E-16
9693.97396904296  1.184464E-16
9697.3373396998  1.231680E-16
9700.70071035665  1.213873E-16
