3800.000 5.726e-15
3801.525 5.451e-15
3803.050 5.5185e-15
3804.575 5.5189e-15
3806.100 5.4313e-15
3807.625 5.6353e-15
3809.150 5.5122e-15
3810.675 5.5408e-15
3812.200 5.5914e-15
3813.725 5.7841e-15
3815.250 5.5618e-15
3816.775 5.4676e-15
3818.300 5.7137e-15
3819.825 5.4465e-15
3821.350 5.5733e-15
3822.875 5.5794e-15
3824.400 5.6934e-15
3825.925 5.7719e-15
3827.450 5.5827e-15
3828.975 5.4408e-15
3830.500 5.5301e-15
3832.025 5.5446e-15
3833.550 5.4927e-15
3835.075 5.5064e-15
3836.600 5.493e-15
3838.125 5.6128e-15
3839.650 5.7331e-15
3841.175 5.936e-15
3842.700 5.8507e-15
3844.225 5.8689e-15
3845.750 5.9526e-15
3847.275 5.9529e-15
3848.800 5.9619e-15
3850.325 6.0127e-15
3851.850 6.28e-15
3853.375 6.1364e-15
3854.900 6.1828e-15
3856.425 6.1204e-15
3857.950 6.1111e-15
3859.475 6.1699e-15
3861.000 6.0024e-15
3862.525 6.1331e-15
3864.050 6.0168e-15
3865.575 6.0725e-15
3867.100 5.9745e-15
3868.625 6.014e-15
3870.150 5.9439e-15
3871.675 5.8578e-15
3873.200 5.9624e-15
3874.725 6.0664e-15
3876.250 6.1302e-15
3877.775 6.0209e-15
3879.300 6.0996e-15
3880.825 5.9919e-15
3882.350 6.0549e-15
3883.875 6.0535e-15
3885.400 6.12e-15
3886.925 5.9688e-15
3888.450 6.0656e-15
3889.975 6.2011e-15
3891.500 5.9866e-15
3893.025 6.1214e-15
3894.550 6.0913e-15
3896.075 6.008e-15
3897.600 6.0452e-15
3899.125 5.9928e-15
3900.650 5.8243e-15
3902.175 6.0029e-15
3903.700 5.8923e-15
3905.225 5.9637e-15
3906.750 5.8084e-15
3908.275 5.9215e-15
3909.800 5.7923e-15
3911.325 5.9314e-15
3912.850 5.874e-15
3914.375 5.8934e-15
3915.900 5.7128e-15
3917.425 5.6942e-15
3918.950 5.5911e-15
3920.475 5.7927e-15
3922.000 5.7883e-15
3923.525 5.7568e-15
3925.050 5.7574e-15
3926.575 5.8405e-15
3928.100 5.8095e-15
3929.625 5.7483e-15
3931.150 5.601e-15
3932.675 5.5286e-15
3934.200 5.2671e-15
3935.725 5.4792e-15
3937.250 5.6965e-15
3938.775 5.7431e-15
3940.300 5.7492e-15
3941.825 5.6137e-15
3943.350 5.5099e-15
3944.875 5.4673e-15
3946.400 5.5646e-15
3947.925 5.7574e-15
3949.450 5.7638e-15
3950.975 5.7859e-15
3952.500 5.8132e-15
3954.025 5.8299e-15
3955.550 5.6863e-15
3957.075 5.7336e-15
3958.600 5.7399e-15
3960.125 5.5985e-15
3961.650 5.4032e-15
3963.175 5.2734e-15
3964.700 5.5376e-15
3966.225 5.888e-15
3967.750 5.8541e-15
3969.275 5.6216e-15
3970.800 5.8639e-15
3972.325 5.9427e-15
3973.850 5.9207e-15
3975.375 5.9764e-15
3976.900 5.8904e-15
3978.425 5.9008e-15
3979.950 5.7822e-15
3981.475 5.9938e-15
3983.000 6.0226e-15
3984.525 6.1109e-15
3986.050 6.0478e-15
3987.575 5.983e-15
3989.100 6.0214e-15
3990.625 6.074e-15
3992.150 6.0106e-15
3993.675 6.1125e-15
3995.200 6.1766e-15
3996.725 6.1244e-15
3998.250 6.1497e-15
3999.775 6.1705e-15
4001.300 6.2142e-15
4002.825 6.2663e-15
4004.350 6.2623e-15
4005.875 6.343e-15
4007.400 6.3063e-15
4008.925 6.4923e-15
4010.450 6.5182e-15
4011.975 6.5569e-15
4013.500 6.552e-15
4015.025 6.52e-15
4016.550 6.5294e-15
4018.075 6.6692e-15
4019.600 6.5957e-15
4021.125 6.5702e-15
4022.650 6.7024e-15
4024.175 6.7878e-15
4025.700 6.6744e-15
4027.225 6.6275e-15
4028.750 6.5687e-15
4030.275 6.5373e-15
4031.800 6.5592e-15
4033.325 6.4514e-15
4034.850 6.4005e-15
4036.375 6.4973e-15
4037.900 6.5696e-15
4039.425 6.4797e-15
4040.950 6.5581e-15
4042.475 6.4584e-15
4044.000 6.3927e-15
4045.525 6.4433e-15
4047.050 6.4118e-15
4048.575 6.301e-15
4050.100 6.1268e-15
4051.625 6.0434e-15
4053.150 6.1164e-15
4054.675 5.9622e-15
4056.200 6.0386e-15
4057.725 6.1959e-15
4059.250 6.1421e-15
4060.775 6.1672e-15
4062.300 6.1144e-15
4063.825 6.0733e-15
4065.350 6.1918e-15
4066.875 6.1147e-15
4068.400 6.1079e-15
4069.925 6.1571e-15
4071.450 6.0888e-15
4072.975 6.0629e-15
4074.500 6.0813e-15
4076.025 6.0181e-15
4077.550 5.9598e-15
4079.075 5.8964e-15
4080.600 5.9755e-15
4082.125 5.8976e-15
4083.650 5.9161e-15
4085.175 5.8439e-15
4086.700 5.8223e-15
4088.225 5.7271e-15
4089.750 5.7177e-15
4091.275 5.7054e-15
4092.800 5.7799e-15
4094.325 5.8082e-15
4095.850 5.7805e-15
4097.375 5.7963e-15
4098.900 5.887e-15
4100.425 5.9177e-15
4101.950 5.8609e-15
4103.475 5.8307e-15
4105.000 5.8583e-15
4106.525 5.9545e-15
4108.050 6.0013e-15
4109.575 5.9481e-15
4111.100 5.9193e-15
4112.625 5.9515e-15
4114.150 6.0148e-15
4115.675 6.0425e-15
4117.200 6.012e-15
4118.725 6.0253e-15
4120.250 6.128e-15
4121.775 6.1475e-15
4123.300 6.0889e-15
4124.825 6.1763e-15
4126.350 6.2813e-15
4127.875 6.2775e-15
4129.400 6.3216e-15
4130.925 6.318e-15
4132.450 6.2444e-15
4133.975 6.2313e-15
4135.500 6.4233e-15
4137.025 6.4845e-15
4138.550 6.3934e-15
4140.075 6.4235e-15
4141.600 6.4644e-15
4143.125 6.4879e-15
4144.650 6.4152e-15
4146.175 6.4351e-15
4147.700 6.4206e-15
4149.225 6.542e-15
4150.750 6.5946e-15
4152.275 6.5573e-15
4153.800 6.5485e-15
4155.325 6.501e-15
4156.850 6.5313e-15
4158.375 6.529e-15
4159.900 6.4908e-15
4161.425 6.596e-15
4162.950 6.5623e-15
4164.475 6.5256e-15
4166.000 6.4738e-15
4167.525 6.406e-15
4169.050 6.4325e-15
4170.575 6.445e-15
4172.100 6.4568e-15
4173.625 6.5077e-15
4175.150 6.6213e-15
4176.675 6.5646e-15
4178.200 6.5204e-15
4179.725 6.5831e-15
4181.250 6.4659e-15
4182.775 6.4112e-15
4184.300 6.4105e-15
4185.825 6.4633e-15
4187.350 6.4549e-15
4188.875 6.4891e-15
4190.400 6.4893e-15
4191.925 6.283e-15
4193.450 6.3041e-15
4194.975 6.3631e-15
4196.500 6.1848e-15
4198.025 6.2583e-15
4199.550 6.1739e-15
4201.075 6.1199e-15
4202.600 6.2507e-15
4204.125 6.1408e-15
4205.650 6.1762e-15
4207.175 6.0954e-15
4208.700 6.0053e-15
4210.225 6.0162e-15
4211.750 6.0725e-15
4213.275 6.109e-15
4214.800 6.0536e-15
4216.325 6.1156e-15
4217.850 6.2368e-15
4219.375 6.1848e-15
4220.900 6.114e-15
4222.425 6.1453e-15
4223.950 6.0358e-15
4225.475 6.0287e-15
4227.000 6.0259e-15
4228.525 5.9384e-15
4230.050 5.921e-15
4231.575 5.9949e-15
4233.100 5.9268e-15
4234.625 5.8677e-15
4236.150 5.8377e-15
4237.675 5.793e-15
4239.200 5.7816e-15
4240.725 5.7085e-15
4242.250 5.6941e-15
4243.775 5.6877e-15
4245.300 5.7324e-15
4246.825 5.5698e-15
4248.350 5.6392e-15
4249.875 5.7013e-15
4251.400 5.6338e-15
4252.925 5.5143e-15
4254.450 5.4579e-15
4255.975 5.566e-15
4257.500 5.5706e-15
4259.025 5.5826e-15
4260.550 5.5228e-15
4262.075 5.6267e-15
4263.600 5.625e-15
4265.125 5.5047e-15
4266.650 5.431e-15
4268.175 5.5495e-15
4269.700 5.5658e-15
4271.225 5.5012e-15
4272.750 5.4707e-15
4274.275 5.3928e-15
4275.800 5.3846e-15
4277.325 5.4331e-15
4278.850 5.3634e-15
4280.375 5.327e-15
4281.900 5.328e-15
4283.425 5.3465e-15
4284.950 5.3501e-15
4286.475 5.3613e-15
4288.000 5.2476e-15
4289.525 5.2198e-15
4291.050 5.2853e-15
4292.575 5.2969e-15
4294.100 5.3195e-15
4295.625 5.3055e-15
4297.150 5.2545e-15
4298.675 5.2663e-15
4300.200 5.1632e-15
4301.725 5.1798e-15
4303.250 5.1649e-15
4304.775 5.14e-15
4306.300 5.125e-15
4307.825 5.1085e-15
4309.350 5.0346e-15
4310.875 5.0672e-15
4312.400 5.168e-15
4313.925 5.1999e-15
4315.450 5.1367e-15
4316.975 5.0963e-15
4318.500 4.9679e-15
4320.025 4.9904e-15
4321.550 5.1067e-15
4323.075 5.0573e-15
4324.600 5.039e-15
4326.125 4.9891e-15
4327.650 5.0385e-15
4329.175 5.0561e-15
4330.700 5.0356e-15
4332.225 5.0477e-15
4333.750 5.0054e-15
4335.275 4.9343e-15
4336.800 5.0023e-15
4338.325 4.982e-15
4339.850 5.0354e-15
4341.375 5.0348e-15
4342.900 5.0346e-15
4344.425 5.0568e-15
4345.950 5.126e-15
4347.475 5.1146e-15
4349.000 4.9585e-15
4350.525 5.0033e-15
4352.050 5.0599e-15
4353.575 5.1492e-15
4355.100 5.1409e-15
4356.625 5.1117e-15
4358.150 5.1538e-15
4359.675 5.1177e-15
4361.200 5.1402e-15
4362.725 5.2456e-15
4364.250 5.2785e-15
4365.775 5.2199e-15
4367.300 5.2307e-15
4368.825 5.2618e-15
4370.350 5.3831e-15
4371.875 5.314e-15
4373.400 5.2973e-15
4374.925 5.3396e-15
4376.450 5.4252e-15
4377.975 5.4408e-15
4379.500 5.3897e-15
4381.025 5.3694e-15
4382.550 5.404e-15
4384.075 5.355e-15
4385.600 5.3925e-15
4387.125 5.4068e-15
4388.650 5.4312e-15
4390.175 5.3494e-15
4391.700 5.3144e-15
4393.225 5.438e-15
4394.750 5.4899e-15
4396.275 5.4761e-15
4397.800 5.5282e-15
4399.325 5.5281e-15
4400.850 5.4479e-15
4402.375 5.4745e-15
4403.900 5.4029e-15
4405.425 5.4115e-15
4406.950 5.5161e-15
4408.475 5.523e-15
4410.000 5.5849e-15
4411.525 5.5408e-15
4413.050 5.4979e-15
4414.575 5.5837e-15
4416.100 5.5541e-15
4417.625 5.6208e-15
4419.150 5.7475e-15
4420.675 5.6421e-15
4422.200 5.5507e-15
4423.725 5.6718e-15
4425.250 5.7441e-15
4426.775 5.7807e-15
4428.300 5.7654e-15
4429.825 5.7765e-15
4431.350 5.7896e-15
4432.875 5.747e-15
4434.400 5.6959e-15
4435.925 5.7434e-15
4437.450 5.7573e-15
4438.975 5.7534e-15
4440.500 5.76e-15
4442.025 5.7104e-15
4443.550 5.7893e-15
4445.075 5.8287e-15
4446.600 5.9159e-15
4448.125 5.8646e-15
4449.650 5.7911e-15
4451.175 5.8683e-15
4452.700 5.8742e-15
4454.225 5.8376e-15
4455.750 5.907e-15
4457.275 5.9717e-15
4458.800 5.9195e-15
4460.325 5.8821e-15
4461.850 5.9141e-15
4463.375 5.8963e-15
4464.900 5.9216e-15
4466.425 5.9051e-15
4467.950 5.9525e-15
4469.475 5.8537e-15
4471.000 5.9746e-15
4472.525 6.0269e-15
4474.050 5.9953e-15
4475.575 5.9339e-15
4477.100 5.8472e-15
4478.625 5.8114e-15
4480.150 5.7791e-15
4481.675 5.9028e-15
4483.200 5.8903e-15
4484.725 5.8874e-15
4486.250 6.025e-15
4487.775 5.9335e-15
4489.300 5.8676e-15
4490.825 5.884e-15
4492.350 5.8194e-15
4493.875 5.7293e-15
4495.400 5.7072e-15
4496.925 5.7911e-15
4498.450 5.8163e-15
4499.975 5.7897e-15
4501.500 5.8909e-15
4503.025 5.8197e-15
4504.550 5.7704e-15
4506.075 5.7565e-15
4507.600 5.7091e-15
4509.125 5.6137e-15
4510.650 5.5584e-15
4512.175 5.6165e-15
4513.700 5.6531e-15
4515.225 5.6114e-15
4516.750 5.5658e-15
4518.275 5.5542e-15
4519.800 5.4706e-15
4521.325 5.545e-15
4522.850 5.4795e-15
4524.375 5.4352e-15
4525.900 5.4442e-15
4527.425 5.4131e-15
4528.950 5.4008e-15
4530.475 5.3991e-15
4532.000 5.4183e-15
4533.525 5.3776e-15
4535.050 5.3867e-15
4536.575 5.3211e-15
4538.100 5.3114e-15
4539.625 5.3814e-15
4541.150 5.3963e-15
4542.675 5.3976e-15
4544.200 5.3656e-15
4545.725 5.2951e-15
4547.250 5.2717e-15
4548.775 5.2469e-15
4550.300 5.2162e-15
4551.825 5.211e-15
4553.350 5.2468e-15
4554.875 5.1561e-15
4556.400 5.1041e-15
4557.925 5.2208e-15
4559.450 5.155e-15
4560.975 5.1253e-15
4562.500 5.1155e-15
4564.025 5.1256e-15
4565.550 5.1142e-15
4567.075 5.2581e-15
4568.600 5.2311e-15
4570.125 5.1754e-15
4571.650 5.1994e-15
4573.175 5.2464e-15
4574.700 5.1717e-15
4576.225 5.1162e-15
4577.750 5.2303e-15
4579.275 5.2588e-15
4580.800 5.2424e-15
4582.325 5.231e-15
4583.850 5.1619e-15
4585.375 5.1169e-15
4586.900 5.1779e-15
4588.425 5.211e-15
4589.950 5.1646e-15
4591.475 5.256e-15
4593.000 5.1927e-15
4594.525 5.1289e-15
4596.050 5.2506e-15
4597.575 5.1755e-15
4599.100 5.1174e-15
4600.625 5.1105e-15
4602.150 5.1224e-15
4603.675 5.1595e-15
4605.200 5.147e-15
4606.725 5.2189e-15
4608.250 5.1405e-15
4609.775 5.1327e-15
4611.300 5.1289e-15
4612.825 5.0591e-15
4614.350 5.09e-15
4615.875 5.2527e-15
4617.400 5.1569e-15
4618.925 5.0635e-15
4620.450 5.1398e-15
4621.975 5.1755e-15
4623.500 5.1225e-15
4625.025 5.0976e-15
4626.550 5.0946e-15
4628.075 5.0723e-15
4629.600 5.037e-15
4631.125 5.0408e-15
4632.650 5.0273e-15
4634.175 5.126e-15
4635.700 5.0646e-15
4637.225 5.1074e-15
4638.750 5.1357e-15
4640.275 5.0647e-15
4641.800 5.0415e-15
4643.325 5.013e-15
4644.850 5.0397e-15
4646.375 5.0695e-15
4647.900 5.1707e-15
4649.425 5.1527e-15
4650.950 5.0645e-15
4652.475 5.1348e-15
4654.000 5.217e-15
4655.525 5.2324e-15
4657.050 5.2217e-15
4658.575 5.2474e-15
4660.100 5.3266e-15
4661.625 5.311e-15
4663.150 5.2619e-15
4664.675 5.2608e-15
4666.200 5.3134e-15
4667.725 5.247e-15
4669.250 5.2702e-15
4670.775 5.3498e-15
4672.300 5.3108e-15
4673.825 5.2842e-15
4675.350 5.3648e-15
4676.875 5.3913e-15
4678.400 5.3637e-15
4679.925 5.4044e-15
4681.450 5.4775e-15
4682.975 5.4311e-15
4684.500 5.3959e-15
4686.025 5.416e-15
4687.550 5.5122e-15
4689.075 5.5259e-15
4690.600 5.5152e-15
4692.125 5.5524e-15
4693.650 5.5163e-15
4695.175 5.6419e-15
4696.700 5.6275e-15
4698.225 5.5634e-15
4699.750 5.6141e-15
4701.275 5.6855e-15
4702.800 5.741e-15
4704.325 5.8632e-15
4705.850 5.78e-15
4707.375 5.8012e-15
4708.900 5.8252e-15
4710.425 5.7066e-15
4711.950 5.8402e-15
4713.475 5.8853e-15
4715.000 5.9549e-15
4716.525 5.889e-15
4718.050 5.8298e-15
4719.575 5.8897e-15
4721.100 5.9595e-15
4722.625 5.9741e-15
4724.150 5.8666e-15
4725.675 5.8752e-15
4727.200 5.8431e-15
4728.725 5.8752e-15
4730.250 5.9711e-15
4731.775 5.917e-15
4733.300 5.9732e-15
4734.825 5.9749e-15
4736.350 5.8896e-15
4737.875 5.9176e-15
4739.400 5.9479e-15
4740.925 6.0431e-15
4742.450 6.0522e-15
4743.975 5.9948e-15
4745.500 5.9585e-15
4747.025 5.9917e-15
4748.550 5.9933e-15
4750.075 6.014e-15
4751.600 5.9306e-15
4753.125 5.9991e-15
4754.650 6.1054e-15
4756.175 6.0398e-15
4757.700 5.9984e-15
4759.225 5.922e-15
4760.750 5.8838e-15
4762.275 5.8304e-15
4763.800 5.8557e-15
4765.325 5.8262e-15
4766.850 5.8908e-15
4768.375 5.8055e-15
4769.900 5.8699e-15
4771.425 5.8495e-15
4772.950 5.8011e-15
4774.475 5.8887e-15
4776.000 5.9431e-15
4777.525 5.87e-15
4779.050 5.8516e-15
4780.575 5.8452e-15
4782.100 5.7898e-15
4783.625 5.7405e-15
4785.150 5.6954e-15
4786.675 5.7432e-15
4788.200 5.7886e-15
4789.725 5.6869e-15
4791.250 5.7495e-15
4792.775 5.682e-15
4794.300 5.7628e-15
4795.825 5.7177e-15
4797.350 5.6912e-15
4798.875 5.6026e-15
4800.400 5.6078e-15
4801.925 5.6071e-15
4803.450 5.6801e-15
4804.975 5.6439e-15
4806.500 5.6803e-15
4808.025 5.7149e-15
4809.550 5.5627e-15
4811.075 5.5926e-15
4812.600 5.5873e-15
4814.125 5.5039e-15
4815.650 5.5308e-15
4817.175 5.5785e-15
4818.700 5.4654e-15
4820.225 5.5298e-15
4821.750 5.5719e-15
4823.275 5.4882e-15
4824.800 5.5066e-15
4826.325 5.5215e-15
4827.850 5.4613e-15
4829.375 5.4637e-15
4830.900 5.5328e-15
4832.425 5.4199e-15
4833.950 5.4817e-15
4835.475 5.4261e-15
4837.000 5.5406e-15
4838.525 5.4525e-15
4840.050 5.3444e-15
4841.575 5.3419e-15
4843.100 5.37e-15
4844.625 5.2576e-15
4846.150 5.2207e-15
4847.675 5.3061e-15
4849.200 5.3955e-15
4850.725 5.3341e-15
4852.250 5.4e-15
4853.775 5.3662e-15
4855.300 5.3694e-15
4856.825 5.3512e-15
4858.350 5.2856e-15
4859.875 5.245e-15
4861.400 5.3623e-15
4862.925 5.3862e-15
4864.450 5.4387e-15
4865.975 5.365e-15
4867.500 5.3316e-15
4869.025 5.2998e-15
4870.550 5.341e-15
4872.075 5.3124e-15
4873.600 5.2778e-15
4875.125 5.3013e-15
4876.650 5.3484e-15
4878.175 5.26e-15
4879.700 5.2827e-15
4881.225 5.3547e-15
4882.750 5.2589e-15
4884.275 5.2325e-15
4885.800 5.2316e-15
4887.325 5.252e-15
4888.850 5.3391e-15
4890.375 5.219e-15
4891.900 5.3042e-15
4893.425 5.2103e-15
4894.950 5.2629e-15
4896.475 5.2588e-15
4898.000 5.1696e-15
4899.525 5.3106e-15
4901.050 5.2168e-15
4902.575 5.1003e-15
4904.100 5.1542e-15
4905.625 5.1724e-15
4907.150 5.1651e-15
4908.675 5.1673e-15
4910.200 5.177e-15
4911.725 5.2205e-15
4913.250 5.2314e-15
4914.775 5.2072e-15
4916.300 5.1969e-15
4917.825 5.1686e-15
4919.350 5.0991e-15
4920.875 5.0696e-15
4922.400 5.147e-15
4923.925 5.1454e-15
4925.450 5.0998e-15
4926.975 5.0543e-15
4928.500 5.1428e-15
4930.025 5.136e-15
4931.550 5.0078e-15
4933.075 5.0724e-15
4934.600 5.1315e-15
4936.125 5.1044e-15
4937.650 5.1552e-15
4939.175 5.149e-15
4940.700 5.0751e-15
4942.225 5.0314e-15
4943.750 5.0874e-15
4945.275 5.0387e-15
4946.800 4.9848e-15
4948.325 5.0905e-15
4949.850 5.1436e-15
4951.375 5.1113e-15
4952.900 5.0264e-15
4954.425 5.0751e-15
4955.950 5.0215e-15
4957.475 5.0632e-15
4959.000 5.1671e-15
4960.525 5.1449e-15
4962.050 5.0681e-15
4963.575 5.1005e-15
4965.100 5.1104e-15
4966.625 5.0782e-15
4968.150 5.0243e-15
4969.675 5.1853e-15
4971.200 5.1815e-15
4972.725 5.1472e-15
4974.250 5.1225e-15
4975.775 5.1061e-15
4977.300 5.0219e-15
4978.825 5.0707e-15
4980.350 5.1131e-15
4981.875 5.1295e-15
4983.400 5.0521e-15
4984.925 5.0461e-15
4986.450 5.1295e-15
4987.975 4.9879e-15
4989.500 5.0303e-15
4991.025 5.1013e-15
4992.550 5.0521e-15
4994.075 5.0059e-15
4995.600 4.9678e-15
4997.125 5.0695e-15
4998.650 5.0981e-15
5000.175 4.9906e-15
5001.700 4.9695e-15
5003.225 4.9299e-15
5004.750 4.9731e-15
5006.275 4.9461e-15
5007.800 5.0287e-15
5009.325 5.1693e-15
5010.850 5.1518e-15
5012.375 5.1039e-15
5013.900 5.0152e-15
5015.425 5.0191e-15
5016.950 4.904e-15
5018.475 4.853e-15
5020.000 4.8337e-15
5021.525 4.8594e-15
5023.050 4.8761e-15
5024.575 4.8853e-15
5026.100 4.7749e-15
5027.625 4.8397e-15
5029.150 4.8132e-15
5030.675 4.8522e-15
5032.200 4.8066e-15
5033.725 4.8578e-15
5035.250 4.8903e-15
5036.775 4.873e-15
5038.300 4.8336e-15
5039.825 4.6775e-15
5041.350 4.812e-15
5042.875 4.8265e-15
5044.400 4.8222e-15
5045.925 4.7947e-15
5047.450 4.8443e-15
5048.975 4.8311e-15
5050.500 4.7556e-15
5052.025 4.7089e-15
5053.550 4.7674e-15
5055.075 4.7489e-15
5056.600 4.7397e-15
5058.125 4.6652e-15
5059.650 4.736e-15
5061.175 4.692e-15
5062.700 4.6817e-15
5064.225 4.6797e-15
5065.750 4.7107e-15
5067.275 4.7032e-15
5068.800 4.7268e-15
5070.325 4.8187e-15
5071.850 4.7506e-15
5073.375 4.7604e-15
5074.900 4.7403e-15
5076.425 4.6869e-15
5077.950 4.7644e-15
5079.475 4.6646e-15
5081.000 4.6133e-15
5082.525 4.6755e-15
5084.050 4.6755e-15
5085.575 4.6889e-15
5087.100 4.7043e-15
5088.625 4.7306e-15
5090.150 4.6931e-15
5091.675 4.5781e-15
5093.200 4.7128e-15
5094.725 4.6244e-15
5096.250 4.6024e-15
5097.775 4.6341e-15
5099.300 4.674e-15
5100.825 4.6256e-15
5102.350 4.6532e-15
5103.875 4.672e-15
5105.400 4.6722e-15
5106.925 4.6046e-15
5108.450 4.6422e-15
5109.975 4.601e-15
5111.500 4.5602e-15
5113.025 4.5368e-15
5114.550 4.5761e-15
5116.075 4.6e-15
5117.600 4.5249e-15
5119.125 4.5241e-15
5120.650 4.624e-15
5122.175 4.5516e-15
5123.700 4.6355e-15
5125.225 4.5453e-15
5126.750 4.5648e-15
5128.275 4.6096e-15
5129.800 4.4974e-15
5131.325 4.517e-15
5132.850 4.5505e-15
5134.375 4.5631e-15
5135.900 4.5474e-15
5137.425 4.5084e-15
5138.950 4.5294e-15
5140.475 4.6083e-15
5142.000 4.4707e-15
5143.525 4.5554e-15
5145.050 4.6022e-15
5146.575 4.533e-15
5148.100 4.5818e-15
5149.625 4.5894e-15
5151.150 4.4997e-15
5152.675 4.5409e-15
5154.200 4.5164e-15
5155.725 4.5673e-15
5157.250 4.555e-15
5158.775 4.5351e-15
5160.300 4.4626e-15
5161.825 4.5685e-15
5163.350 4.5543e-15
5164.875 4.5222e-15
5166.400 4.5103e-15
5167.925 4.5386e-15
5169.450 4.6063e-15
5170.975 4.5108e-15
5172.500 4.5645e-15
5174.025 4.6126e-15
5175.550 4.6403e-15
5177.075 4.5842e-15
5178.600 4.6577e-15
5180.125 4.5789e-15
5181.650 4.5466e-15
5183.175 4.5043e-15
5184.700 4.552e-15
5186.225 4.5714e-15
5187.750 4.5653e-15
5189.275 4.597e-15
5190.800 4.6479e-15
5192.325 4.628e-15
5193.850 4.6445e-15
5195.375 4.6027e-15
5196.900 4.6463e-15
5198.425 4.6812e-15
5199.950 4.5422e-15
5201.475 4.5897e-15
5203.000 4.6355e-15
5204.525 4.5889e-15
5206.050 4.7422e-15
5207.575 4.7295e-15
5209.100 4.6761e-15
5210.625 4.6883e-15
5212.150 4.6673e-15
5213.675 4.6007e-15
5215.200 4.7056e-15
5216.725 4.6987e-15
5218.250 4.7016e-15
5219.775 4.6807e-15
5221.300 4.6403e-15
5222.825 4.6929e-15
5224.350 4.7902e-15
5225.875 4.7723e-15
5227.400 4.8007e-15
5228.925 4.8039e-15
5230.450 4.7886e-15
5231.975 4.7299e-15
5233.500 4.761e-15
5235.025 4.7375e-15
5236.550 4.8075e-15
5238.075 4.8326e-15
5239.600 4.7835e-15
5241.125 4.7174e-15
5242.650 4.8456e-15
5244.175 4.8007e-15
5245.700 4.8647e-15
5247.225 4.8473e-15
5248.750 4.7941e-15
5250.275 4.8031e-15
5251.800 4.7937e-15
5253.325 4.8195e-15
5254.850 4.8247e-15
5256.375 4.8808e-15
5257.900 4.8213e-15
5259.425 4.8576e-15
5260.950 4.8702e-15
5262.475 4.8258e-15
5264.000 4.827e-15
5265.525 4.8077e-15
5267.050 4.9178e-15
5268.575 4.8801e-15
5270.100 4.8073e-15
5271.625 4.9232e-15
5273.150 4.9286e-15
5274.675 4.8714e-15
5276.200 4.8414e-15
5277.725 4.7894e-15
5279.250 4.808e-15
5280.775 4.915e-15
5282.300 4.8668e-15
5283.825 4.8134e-15
5285.350 4.8142e-15
5286.875 4.774e-15
5288.400 4.7624e-15
5289.925 4.7363e-15
5291.450 4.7864e-15
5292.975 4.7856e-15
5294.500 4.7594e-15
5296.025 4.7534e-15
5297.550 4.7302e-15
5299.075 4.7503e-15
5300.600 4.7093e-15
5302.125 4.7916e-15
5303.650 4.7351e-15
5305.175 4.7233e-15
5306.700 4.821e-15
5308.225 4.7099e-15
5309.750 4.7869e-15
5311.275 4.7433e-15
5312.800 4.7724e-15
5314.325 4.7546e-15
5315.850 4.7246e-15
5317.375 4.7893e-15
5318.900 4.723e-15
5320.425 4.6773e-15
5321.950 4.6361e-15
5323.475 4.6462e-15
5325.000 4.7525e-15
5326.525 4.6806e-15
5328.050 4.5501e-15
5329.575 4.6722e-15
5331.100 4.6619e-15
5332.625 4.6034e-15
5334.150 4.5651e-15
5335.675 4.5276e-15
5337.200 4.5377e-15
5338.725 4.5754e-15
5340.250 4.5783e-15
5341.775 4.6287e-15
5343.300 4.6168e-15
5344.825 4.5477e-15
5346.350 4.5687e-15
5347.875 4.5448e-15
5349.400 4.5097e-15
5350.925 4.4815e-15
5352.450 4.5802e-15
5353.975 4.5373e-15
5355.500 4.645e-15
5357.025 4.5701e-15
5358.550 4.566e-15
5360.075 4.5201e-15
5361.600 4.4485e-15
5363.125 4.5594e-15
5364.650 4.4357e-15
5366.175 4.4077e-15
5367.700 4.3666e-15
5369.225 4.374e-15
5370.750 4.4083e-15
5372.275 4.4742e-15
5373.800 4.5025e-15
5375.325 4.5273e-15
5376.850 4.5177e-15
5378.375 4.4093e-15
5379.900 4.332e-15
5381.425 4.3791e-15
5382.950 4.481e-15
5384.475 4.3416e-15
5386.000 4.2251e-15
5387.525 4.299e-15
5389.050 4.4231e-15
5390.575 4.3041e-15
5392.100 4.3553e-15
5393.625 4.4484e-15
5395.150 4.3379e-15
5396.675 4.4407e-15
5398.200 4.3598e-15
5399.725 4.3039e-15
5401.250 4.3756e-15
5402.775 4.3366e-15
5404.300 4.3803e-15
5405.825 4.3083e-15
5407.350 4.1951e-15
5408.875 4.2711e-15
5410.400 4.2787e-15
5411.925 4.3118e-15
5413.450 4.2638e-15
5414.975 4.2094e-15
5416.500 4.2049e-15
5418.025 4.2065e-15
5419.550 4.2254e-15
5421.075 4.1499e-15
5422.600 4.2127e-15
5424.125 4.2092e-15
5425.650 4.1623e-15
5427.175 4.1338e-15
5428.700 4.134e-15
5430.225 4.1255e-15
5431.750 4.103e-15
5433.275 4.1358e-15
5434.800 4.1585e-15
5436.325 4.1547e-15
5437.850 4.1215e-15
5439.375 4.092e-15
5440.900 4.0093e-15
5442.425 4.0039e-15
5443.950 4.056e-15
5445.475 4.0699e-15
5447.000 4.0496e-15
5448.525 3.9673e-15
5450.050 4.0455e-15
5451.575 3.9751e-15
5453.100 3.9363e-15
5454.625 3.9138e-15
5456.150 3.8498e-15
5457.675 3.8446e-15
5459.200 3.8489e-15
5460.725 3.773e-15
5462.250 3.886e-15
5463.775 3.9113e-15
5465.300 3.841e-15
5466.825 3.8844e-15
5468.350 3.792e-15
5469.875 3.7118e-15
5471.400 3.7434e-15
5472.925 3.7214e-15
5474.450 3.6632e-15
5475.975 3.6717e-15
5477.500 3.7058e-15
5479.025 3.7061e-15
5480.550 3.6936e-15
5482.075 3.7797e-15
5483.600 3.7306e-15
5485.125 3.7051e-15
5486.650 3.6394e-15
5488.175 3.5851e-15
5489.700 3.5726e-15
5491.225 3.5726e-15
5492.750 3.6237e-15
5494.275 3.5696e-15
5495.800 3.5325e-15
5497.325 3.4946e-15
5498.850 3.8966e-15
5500.375 3.9079e-15
5501.900 3.9169e-15
5503.425 3.8943e-15
5504.950 3.8942e-15
5506.475 3.8675e-15
5508.000 3.8556e-15
5509.525 3.8655e-15
5511.050 3.9165e-15
5512.575 3.8846e-15
5514.100 3.8754e-15
5515.625 3.854e-15
5517.150 3.8085e-15
5518.675 3.7894e-15
5520.200 3.8688e-15
5521.725 3.8857e-15
5523.250 3.8053e-15
5524.775 3.7533e-15
5526.300 3.756e-15
5527.825 3.7799e-15
5529.350 3.778e-15
5530.875 3.7884e-15
5532.400 3.7495e-15
5533.925 3.7615e-15
5535.450 3.7784e-15
5536.975 3.7817e-15
5538.500 3.7598e-15
5540.025 3.756e-15
5541.550 3.7504e-15
5543.075 3.7086e-15
5544.600 3.7252e-15
5546.125 3.7348e-15
5547.650 3.6756e-15
5549.175 3.6545e-15
5550.700 3.6718e-15
5552.225 3.6671e-15
5553.750 3.6452e-15
5555.275 3.6532e-15
5556.800 3.6762e-15
5558.325 3.6593e-15
5559.850 3.6409e-15
5561.375 3.6505e-15
5562.900 3.6688e-15
5564.425 3.6376e-15
5565.950 3.6967e-15
5567.475 3.7105e-15
5569.000 3.6703e-15
5570.525 3.6521e-15
5572.050 3.6806e-15
5573.575 3.6463e-15
5575.100 3.6415e-15
5576.625 3.6792e-15
5578.150 3.7063e-15
5579.675 3.7071e-15
5581.200 3.6646e-15
5582.725 3.6532e-15
5584.250 3.6742e-15
5585.775 3.66e-15
5587.300 3.6601e-15
5588.825 3.7216e-15
5590.350 3.7106e-15
5591.875 3.6868e-15
5593.400 3.6926e-15
5594.925 3.7101e-15
5596.450 3.6857e-15
5597.975 3.6477e-15
5599.500 3.6434e-15
5601.025 3.6521e-15
5602.550 3.6589e-15
5604.075 3.6233e-15
5605.600 3.6054e-15
5607.125 3.6331e-15
5608.650 3.621e-15
5610.175 3.589e-15
5611.700 3.5915e-15
5613.225 3.6188e-15
5614.750 3.617e-15
5616.275 3.6456e-15
5617.800 3.6232e-15
5619.325 3.5953e-15
5620.850 3.5926e-15
5622.375 3.5632e-15
5623.900 3.5488e-15
5625.425 3.5343e-15
5626.950 3.4978e-15
5628.475 3.484e-15
5630.000 3.5228e-15
5631.525 3.5351e-15
5633.050 3.4937e-15
5634.575 3.4712e-15
5636.100 3.4576e-15
5637.625 3.455e-15
5639.150 3.4654e-15
5640.675 3.4484e-15
5642.200 3.4407e-15
5643.725 3.4276e-15
5645.250 3.3994e-15
5646.775 3.3831e-15
5648.300 3.3913e-15
5649.825 3.3988e-15
5651.350 3.3647e-15
5652.875 3.3492e-15
5654.400 3.346e-15
5655.925 3.2828e-15
5657.450 3.2371e-15
5658.975 3.2683e-15
5660.500 3.2968e-15
5662.025 3.261e-15
5663.550 3.24e-15
5665.075 3.2434e-15
5666.600 3.237e-15
5668.125 3.2237e-15
5669.650 3.2318e-15
5671.175 3.2112e-15
5672.700 3.1838e-15
5674.225 3.2047e-15
5675.750 3.218e-15
5677.275 3.153e-15
5678.800 3.134e-15
5680.325 3.1832e-15
5681.850 3.1511e-15
5683.375 3.0985e-15
5684.900 3.1029e-15
5686.425 3.1623e-15
5687.950 3.1549e-15
5689.475 3.074e-15
5691.000 3.0965e-15
5692.525 3.1474e-15
5694.050 3.1477e-15
5695.575 3.1445e-15
5697.100 3.1523e-15
5698.625 3.1262e-15
5700.150 3.1116e-15
5701.675 3.1053e-15
5703.200 3.0846e-15
5704.725 3.0632e-15
5706.250 3.0684e-15
5707.775 3.0994e-15
5709.300 3.099e-15
5710.825 3.0542e-15
5712.350 3.0294e-15
5713.875 3.0509e-15
5715.400 3.0771e-15
5716.925 3.0791e-15
5718.450 3.0741e-15
5719.975 3.0848e-15
5721.500 3.1012e-15
5723.025 3.0773e-15
5724.550 3.0669e-15
5726.075 3.0849e-15
5727.600 3.0757e-15
5729.125 3.077e-15
5730.650 3.0787e-15
5732.175 3.0722e-15
5733.700 3.069e-15
5735.225 3.0708e-15
5736.750 3.1013e-15
5738.275 3.1351e-15
5739.800 3.1098e-15
5741.325 3.0623e-15
5742.850 3.0525e-15
5744.375 3.0733e-15
5745.900 3.1101e-15
5747.425 3.125e-15
5748.950 3.0811e-15
5750.475 3.0901e-15
5752.000 3.1065e-15
5753.525 3.0882e-15
5755.050 3.0794e-15
5756.575 3.087e-15
5758.100 3.096e-15
5759.625 3.0885e-15
5761.150 3.0988e-15
5762.675 3.0955e-15
5764.200 3.0714e-15
5765.725 3.0889e-15
5767.250 3.107e-15
5768.775 3.1262e-15
5770.300 3.112e-15
5771.825 3.1045e-15
5773.350 3.0891e-15
5774.875 3.0648e-15
5776.400 3.0776e-15
5777.925 3.0929e-15
5779.450 3.1057e-15
5780.975 3.0977e-15
5782.500 3.1097e-15
5784.025 3.1222e-15
5785.550 3.1181e-15
5787.075 3.0844e-15
5788.600 3.0941e-15
5790.125 3.1228e-15
5791.650 3.1208e-15
5793.175 3.0963e-15
5794.700 3.0952e-15
5796.225 3.0854e-15
5797.750 3.0803e-15
5799.275 3.0987e-15
5800.800 3.0918e-15
5802.325 3.0875e-15
5803.850 3.0759e-15
5805.375 3.0898e-15
5806.900 3.1139e-15
5808.425 3.099e-15
5809.950 3.1121e-15
5811.475 3.1161e-15
5813.000 3.1479e-15
5814.525 3.1705e-15
5816.050 3.1311e-15
5817.575 3.1205e-15
5819.100 3.1315e-15
5820.625 3.1441e-15
5822.150 3.1461e-15
5823.675 3.1351e-15
5825.200 3.1274e-15
5826.725 3.1692e-15
5828.250 3.1664e-15
5829.775 3.1396e-15
5831.300 3.141e-15
5832.825 3.1229e-15
5834.350 3.0691e-15
5835.875 3.0629e-15
5837.400 3.1021e-15
5838.925 3.0868e-15
5840.450 3.0726e-15
5841.975 3.0641e-15
5843.500 3.0485e-15
5845.025 3.0655e-15
5846.550 3.0712e-15
5848.075 3.0482e-15
5849.600 3.0564e-15
5851.125 3.0816e-15
5852.650 3.0641e-15
5854.175 3.0534e-15
5855.700 3.075e-15
5857.225 3.0633e-15
5858.750 3.0345e-15
5860.275 3.0262e-15
5861.800 3.0251e-15
5863.325 3.0125e-15
5864.850 3.0144e-15
5866.375 3.0348e-15
5867.900 3.0531e-15
5869.425 3.0437e-15
5870.950 3.0011e-15
5872.475 2.9845e-15
5874.000 2.9796e-15
5875.525 2.9931e-15
5877.050 3.0162e-15
5878.575 3.0278e-15
5880.100 2.9976e-15
5881.625 2.9746e-15
5883.150 2.9519e-15
5884.675 2.8971e-15
5886.200 2.8079e-15
5887.725 2.7309e-15
5889.250 2.6817e-15
5890.775 2.6642e-15
5892.300 2.6936e-15
5893.825 2.739e-15
5895.350 2.7881e-15
5896.875 2.836e-15
5898.400 2.8745e-15
5899.925 2.9059e-15
5901.450 2.9549e-15
5902.975 2.9784e-15
5904.500 2.954e-15
5906.025 2.9619e-15
5907.550 2.9719e-15
5909.075 2.9682e-15
5910.600 2.9543e-15
5912.125 2.9619e-15
5913.650 2.9207e-15
5915.175 2.9098e-15
5916.700 2.9192e-15
5918.225 2.888e-15
5919.750 2.8943e-15
5921.275 2.9404e-15
5922.800 2.9618e-15
5924.325 2.9469e-15
5925.850 2.9543e-15
5927.375 2.964e-15
5928.900 2.9708e-15
5930.425 2.9372e-15
5931.950 2.9392e-15
5933.475 2.9536e-15
5935.000 2.9377e-15
5936.525 2.9591e-15
5938.050 2.9365e-15
5939.575 2.8894e-15
5941.100 2.8976e-15
5942.625 2.9307e-15
5944.150 2.9492e-15
5945.675 2.9712e-15
5947.200 2.9494e-15
5948.725 2.9289e-15
5950.250 2.9739e-15
5951.775 3.001e-15
5953.300 2.9865e-15
5954.825 2.9685e-15
5956.350 2.9709e-15
5957.875 2.9623e-15
5959.400 2.9597e-15
5960.925 2.9907e-15
5962.450 3.0202e-15
5963.975 2.9996e-15
5965.500 2.9905e-15
5967.025 2.9752e-15
5968.550 2.9885e-15
5970.075 3.0335e-15
5971.600 3.0008e-15
5973.125 2.9527e-15
5974.650 2.9528e-15
5976.175 2.9552e-15
5977.700 2.9624e-15
5979.225 2.9962e-15
5980.750 2.9908e-15
5982.275 2.9472e-15
5983.800 2.9255e-15
5985.325 2.923e-15
5986.850 2.9447e-15
5988.375 2.9332e-15
5989.900 2.8815e-15
5991.425 2.8888e-15
5992.950 2.8836e-15
5994.475 2.9152e-15
5996.000 2.9137e-15
5997.525 2.885e-15
5999.050 2.8765e-15
6000.575 2.8982e-15
6002.100 2.8971e-15
6003.625 2.8732e-15
6005.150 2.9053e-15
6006.675 2.9011e-15
6008.200 2.8632e-15
6009.725 2.8714e-15
6011.250 2.9082e-15
6012.775 2.8902e-15
6014.300 2.8666e-15
6015.825 2.8566e-15
6017.350 2.872e-15
6018.875 2.8797e-15
6020.400 2.8548e-15
6021.925 2.8683e-15
6023.450 2.8693e-15
6024.975 2.8349e-15
6026.500 2.8403e-15
6028.025 2.8616e-15
6029.550 2.872e-15
6031.075 2.8486e-15
6032.600 2.8441e-15
6034.125 2.8497e-15
6035.650 2.8605e-15
6037.175 2.8626e-15
6038.700 2.8363e-15
6040.225 2.8188e-15
6041.750 2.8253e-15
6043.275 2.8341e-15
6044.800 2.819e-15
6046.325 2.8196e-15
6047.850 2.8397e-15
6049.375 2.8261e-15
6050.900 2.8105e-15
6052.425 2.812e-15
6053.950 2.8356e-15
6055.475 2.8236e-15
6057.000 2.8076e-15
6058.525 2.8106e-15
6060.050 2.8071e-15
6061.575 2.804e-15
6063.100 2.7972e-15
6064.625 2.7862e-15
6066.150 2.7882e-15
6067.675 2.7878e-15
6069.200 2.771e-15
6070.725 2.7472e-15
6072.250 2.7355e-15
6073.775 2.7545e-15
6075.300 2.7899e-15
6076.825 2.781e-15
6078.350 2.7619e-15
6079.875 2.7803e-15
6081.400 2.7788e-15
6082.925 2.7856e-15
6084.450 2.7678e-15
6085.975 2.7598e-15
6087.500 2.7631e-15
6089.025 2.7827e-15
6090.550 2.7649e-15
6092.075 2.7576e-15
6093.600 2.7502e-15
6095.125 2.7377e-15
6096.650 2.73e-15
6098.175 2.7254e-15
6099.700 2.7612e-15
6101.225 2.7562e-15
6102.750 2.7168e-15
6104.275 2.7262e-15
6105.800 2.7301e-15
6107.325 2.7101e-15
6108.850 2.6774e-15
6110.375 2.6866e-15
6111.900 2.6895e-15
6113.425 2.6785e-15
6114.950 2.6912e-15
6116.475 2.6842e-15
6118.000 2.6531e-15
6119.525 2.6674e-15
6121.050 2.6724e-15
6122.575 2.6552e-15
6124.100 2.6826e-15
6125.625 2.7106e-15
6127.150 2.6649e-15
6128.675 2.6621e-15
6130.200 2.6666e-15
6131.725 2.6655e-15
6133.250 2.6616e-15
6134.775 2.6765e-15
6136.300 2.6811e-15
6137.825 2.6539e-15
6139.350 2.6488e-15
6140.875 2.6493e-15
6142.400 2.6351e-15
6143.925 2.641e-15
6145.450 2.6512e-15
6146.975 2.6419e-15
6148.500 2.6497e-15
6150.025 2.6436e-15
6151.550 2.6304e-15
6153.075 2.6247e-15
6154.600 2.6189e-15
6156.125 2.6108e-15
6157.650 2.6075e-15
6159.175 2.614e-15
6160.700 2.6061e-15
6162.225 2.6008e-15
6163.750 2.6196e-15
6165.275 2.6302e-15
6166.800 2.6434e-15
6168.325 2.6313e-15
6169.850 2.6283e-15
6171.375 2.6334e-15
6172.900 2.6239e-15
6174.425 2.6322e-15
6175.950 2.619e-15
6177.475 2.6113e-15
6179.000 2.6083e-15
6180.525 2.621e-15
6182.050 2.6263e-15
6183.575 2.6135e-15
6185.100 2.5965e-15
6186.625 2.6102e-15
6188.150 2.6e-15
6189.675 2.5871e-15
6191.200 2.6101e-15
6192.725 2.6043e-15
6194.250 2.5997e-15
6195.775 2.5902e-15
6197.300 2.5824e-15
6198.825 2.5864e-15
6200.350 2.5781e-15
6201.875 2.5643e-15
6203.400 2.5384e-15
6204.925 2.5268e-15
6206.450 2.5289e-15
6207.975 2.5429e-15
6209.500 2.5334e-15
6211.025 2.5402e-15
6212.550 2.5555e-15
6214.075 2.5548e-15
6215.600 2.5419e-15
6217.125 2.5327e-15
6218.650 2.5262e-15
6220.175 2.5247e-15
6221.700 2.561e-15
6223.225 2.5473e-15
6224.750 2.541e-15
6226.275 2.5565e-15
6227.800 2.5589e-15
6229.325 2.56e-15
6230.850 2.5356e-15
6232.375 2.5109e-15
6233.900 2.5285e-15
6235.425 2.5431e-15
6236.950 2.5282e-15
6238.475 2.511e-15
6240.000 2.531e-15
6241.525 2.5538e-15
6243.050 2.543e-15
6244.575 2.4997e-15
6246.100 2.4997e-15
6247.625 2.5324e-15
6249.150 2.5369e-15
6250.675 2.5156e-15
6252.200 2.4886e-15
6253.725 2.456e-15
6255.250 2.435e-15
6256.775 2.4527e-15
6258.300 2.4635e-15
6259.825 2.4584e-15
6261.350 2.461e-15
6262.875 2.4547e-15
6264.400 2.4506e-15
6265.925 2.4429e-15
6267.450 2.4718e-15
6268.975 2.4773e-15
6270.500 2.4345e-15
6272.025 2.4165e-15
6273.550 2.4159e-15
6275.075 2.3456e-15
6276.600 2.2918e-15
6278.125 2.2924e-15
6279.650 2.2898e-15
6281.175 2.2979e-15
6282.700 2.3114e-15
6284.225 2.3558e-15
6285.750 2.3878e-15
6287.275 2.3741e-15
6288.800 2.3681e-15
6290.325 2.3691e-15
6291.850 2.3556e-15
6293.375 2.3339e-15
6294.900 2.3088e-15
6296.425 2.3184e-15
6297.950 2.3463e-15
6299.475 2.3634e-15
6301.000 2.3672e-15
6302.525 2.3355e-15
6304.050 2.3353e-15
6305.575 2.3554e-15
6307.100 2.3428e-15
6308.625 2.3438e-15
6310.150 2.3581e-15
6311.675 2.3719e-15
6313.200 2.3545e-15
6314.725 2.3289e-15
6316.250 2.3433e-15
6317.775 2.3624e-15
6319.300 2.3613e-15
6320.825 2.3573e-15
6322.350 2.3681e-15
6323.875 2.3635e-15
6325.400 2.337e-15
6326.925 2.3352e-15
6328.450 2.3555e-15
6329.975 2.3849e-15
6331.500 2.4039e-15
6333.025 2.3815e-15
6334.550 2.335e-15
6336.075 2.3338e-15
6337.600 2.3409e-15
6339.125 2.3307e-15
6340.650 2.3375e-15
6342.175 2.3514e-15
6343.700 2.3562e-15
6345.225 2.3413e-15
6346.750 2.3387e-15
6348.275 2.3437e-15
6349.800 2.3382e-15
6351.325 2.3341e-15
6352.850 2.3292e-15
6354.375 2.3221e-15
6355.900 2.3174e-15
6357.425 2.3182e-15
6358.950 2.3226e-15
6360.475 2.3144e-15
6362.000 2.2856e-15
6363.525 2.288e-15
6365.050 2.3023e-15
6366.575 2.3187e-15
6368.100 2.3466e-15
6369.625 2.3255e-15
6371.150 2.3002e-15
6372.675 2.3057e-15
6374.200 2.3194e-15
6375.725 2.3229e-15
6377.250 2.3083e-15
6378.775 2.2939e-15
6380.300 2.2786e-15
6381.825 2.2586e-15
6383.350 2.2835e-15
6384.875 2.3237e-15
6386.400 2.3102e-15
6387.925 2.2944e-15
6389.450 2.2904e-15
6390.975 2.2871e-15
6392.500 2.2892e-15
6394.025 2.2835e-15
6395.550 2.2661e-15
6397.075 2.252e-15
6398.600 2.2349e-15
6400.125 2.2399e-15
6401.650 2.2843e-15
6403.175 2.2954e-15
6404.700 2.2779e-15
6406.225 2.2788e-15
6407.750 2.2724e-15
6409.275 2.2781e-15
6410.800 2.2826e-15
6412.325 2.2779e-15
6413.850 2.277e-15
6415.375 2.2658e-15
6416.900 2.2459e-15
6418.425 2.2376e-15
6419.950 2.2519e-15
6421.475 2.2757e-15
6423.000 2.2775e-15
6424.525 2.2646e-15
6426.050 2.2673e-15
6427.575 2.2604e-15
6429.100 2.2443e-15
6430.625 2.2435e-15
6432.150 2.2756e-15
6433.675 2.2853e-15
6435.200 2.2765e-15
6436.725 2.2737e-15
6438.250 2.2628e-15
6439.775 2.2514e-15
6441.300 2.2488e-15
6442.825 2.2448e-15
6444.350 2.2388e-15
6445.875 2.2239e-15
6447.400 2.2097e-15
6448.925 2.2083e-15
6450.450 2.2257e-15
6451.975 2.2254e-15
6453.500 2.2074e-15
6455.025 2.1944e-15
6456.550 2.2041e-15
6458.075 2.2169e-15
6459.600 2.195e-15
6461.125 2.1955e-15
6462.650 2.1992e-15
6464.175 2.1751e-15
6465.700 2.1895e-15
6467.225 2.2174e-15
6468.750 2.1965e-15
6470.275 2.1743e-15
6471.800 2.1747e-15
6473.325 2.1468e-15
6474.850 2.157e-15
6476.375 2.178e-15
6477.900 2.179e-15
6479.425 2.2166e-15
6480.950 2.2066e-15
6482.475 2.1835e-15
6484.000 2.1624e-15
6485.525 2.1608e-15
6487.050 2.164e-15
6488.575 2.1854e-15
6490.100 2.2062e-15
6491.625 2.1986e-15
6493.150 2.1773e-15
6494.675 2.1621e-15
6496.200 2.1744e-15
6497.725 2.183e-15
6499.250 2.1702e-15
6500.775 2.1613e-15
6502.300 2.1671e-15
6503.825 2.1679e-15
6505.350 2.1682e-15
6506.875 2.141e-15
6508.400 2.1648e-15
6509.925 2.1766e-15
6511.450 2.1509e-15
6512.975 2.1132e-15
6514.500 2.1058e-15
6516.025 2.1087e-15
6517.550 2.1053e-15
6519.075 2.1102e-15
6520.600 2.1349e-15
6522.125 2.1487e-15
6523.650 2.1494e-15
6525.175 2.15e-15
6526.700 2.1531e-15
6528.225 2.126e-15
6529.750 2.0986e-15
6531.275 2.0937e-15
6532.800 2.1114e-15
6534.325 2.1296e-15
6535.850 2.118e-15
6537.375 2.1257e-15
6538.900 2.1095e-15
6540.425 2.0917e-15
6541.950 2.1048e-15
6543.475 2.108e-15
6545.000 2.072e-15
6546.525 2.0588e-15
6548.050 2.0926e-15
6549.575 2.0927e-15
6551.100 2.0787e-15
6552.625 2.0954e-15
6554.150 2.121e-15
6555.675 2.1254e-15
6557.200 2.0912e-15
6558.725 2.0465e-15
6560.250 2.0428e-15
6561.775 2.0715e-15
6563.300 2.0904e-15
6564.825 2.0914e-15
6566.350 2.1201e-15
6567.875 2.1281e-15
6569.400 2.1138e-15
6570.925 2.1054e-15
6572.450 2.0822e-15
6573.975 2.0921e-15
6575.500 2.1269e-15
6577.025 2.1185e-15
6578.550 2.1343e-15
6580.075 2.1424e-15
6581.600 2.1346e-15
6583.125 2.1317e-15
6584.650 2.131e-15
6586.175 2.1567e-15
6587.700 2.1589e-15
6589.225 2.1777e-15
6590.750 2.1621e-15
6592.275 2.153e-15
6593.800 2.1553e-15
6595.325 2.1515e-15
6596.850 2.1617e-15
6598.375 2.1584e-15
6599.900 2.1735e-15
6601.425 2.2099e-15
6602.950 2.2268e-15
6604.475 2.2247e-15
6606.000 2.1953e-15
6607.525 2.1697e-15
6609.050 2.1605e-15
6610.575 2.1592e-15
6612.100 2.1924e-15
6613.625 2.1778e-15
6615.150 2.1416e-15
6616.675 2.1361e-15
6618.200 2.1585e-15
6619.725 2.1725e-15
6621.250 2.1627e-15
6622.775 2.1481e-15
6624.300 2.1713e-15
6625.825 2.1938e-15
6627.350 2.1744e-15
6628.875 2.143e-15
6630.400 2.1476e-15
6631.925 2.1554e-15
6633.450 2.1665e-15
6634.975 2.1627e-15
6636.500 2.1673e-15
6638.025 2.1869e-15
6639.550 2.1759e-15
6641.075 2.1795e-15
6642.600 2.1794e-15
6644.125 2.1777e-15
6645.650 2.1997e-15
6647.175 2.2088e-15
6648.700 2.1831e-15
6650.225 2.1711e-15
6651.750 2.1997e-15
6653.275 2.2024e-15
6654.800 2.1863e-15
6656.325 2.1893e-15
6657.850 2.1866e-15
6659.375 2.1952e-15
6660.900 2.2149e-15
6662.425 2.2229e-15
6663.950 2.2038e-15
6665.475 2.2289e-15
6667.000 2.2334e-15
6668.525 2.2137e-15
6670.050 2.2254e-15
6671.575 2.2358e-15
6673.100 2.2341e-15
6674.625 2.2347e-15
6676.150 2.217e-15
6677.675 2.2062e-15
6679.200 2.2194e-15
6680.725 2.2013e-15
6682.250 2.1749e-15
6683.775 2.1847e-15
6685.300 2.2212e-15
6686.825 2.2064e-15
6688.350 2.1732e-15
6689.875 2.1771e-15
6691.400 2.194e-15
6692.925 2.1936e-15
6694.450 2.1785e-15
6695.975 2.1599e-15
6697.500 2.1412e-15
6699.025 2.1487e-15
6700.550 2.1545e-15
6702.075 2.1338e-15
6703.600 2.1002e-15
6705.125 2.0885e-15
6706.650 2.0832e-15
6708.175 2.062e-15
6709.700 2.1059e-15
6711.225 2.1705e-15
6712.750 2.1866e-15
6714.275 2.1817e-15
6715.800 2.168e-15
6717.325 2.1666e-15
6718.850 2.1642e-15
6720.375 2.1696e-15
6721.900 2.1835e-15
6723.425 2.1961e-15
6724.950 2.221e-15
6726.475 2.2283e-15
6728.000 2.2063e-15
6729.525 2.1956e-15
6731.050 2.1843e-15
6732.575 2.1795e-15
6734.100 2.1867e-15
6735.625 2.1715e-15
6737.150 2.1728e-15
6738.675 2.1714e-15
6740.200 2.1854e-15
6741.725 2.1996e-15
6743.250 2.1863e-15
6744.775 2.1913e-15
6746.300 2.2105e-15
6747.825 2.2403e-15
6749.350 2.2492e-15
6750.875 2.1887e-15
6752.400 2.154e-15
6753.925 2.1571e-15
6755.450 2.1449e-15
6756.975 2.195e-15
6758.500 2.3078e-15
6760.025 2.4311e-15
6761.550 2.4843e-15
6763.075 2.5135e-15
6764.600 2.4773e-15
6766.125 2.3455e-15
6767.650 2.2213e-15
6769.175 2.1907e-15
6770.700 2.1992e-15
6772.225 2.1975e-15
6773.750 2.185e-15
6775.275 2.191e-15
6776.800 2.2106e-15
6778.325 2.2093e-15
6779.850 2.2276e-15
6781.375 2.2788e-15
6782.900 2.3202e-15
6784.425 2.3439e-15
6785.950 2.291e-15
6787.475 2.2192e-15
6789.000 2.2101e-15
6790.525 2.2072e-15
6792.050 2.1856e-15
6793.575 2.1718e-15
6795.100 2.1621e-15
6796.625 2.1987e-15
6798.150 2.2238e-15
6799.675 2.1948e-15
6801.200 2.1768e-15
6802.725 2.1891e-15
6804.250 2.1984e-15
6805.775 2.1807e-15
6807.300 2.1684e-15
6808.825 2.1495e-15
6810.350 2.175e-15
6811.875 2.1917e-15
6813.400 2.1961e-15
6814.925 2.2051e-15
6816.450 2.2201e-15
6817.975 2.2085e-15
6819.500 2.1821e-15
6821.025 2.2006e-15
6822.550 2.2021e-15
6824.075 2.1755e-15
6825.600 2.1741e-15
6827.125 2.189e-15
6828.650 2.1787e-15
6830.175 2.1527e-15
6831.700 2.1541e-15
6833.225 2.1524e-15
6834.750 2.1559e-15
6836.275 2.1658e-15
6837.800 2.1607e-15
6839.325 2.1513e-15
6840.850 2.16e-15
6842.375 2.1441e-15
6843.900 2.13e-15
6845.425 2.1311e-15
6846.950 2.1617e-15
6848.475 2.1378e-15
6850.000 2.1033e-15
6851.525 2.0909e-15
6853.050 2.111e-15
6854.575 2.1367e-15
6856.100 2.121e-15
6857.625 2.0953e-15
6859.150 2.0872e-15
6860.675 2.1084e-15
6862.200 2.0856e-15
6863.725 1.9241e-15
6865.250 1.6923e-15
6866.775 1.529e-15
6868.300 1.462e-15
6869.825 1.4666e-15
6871.350 1.5162e-15
6872.875 1.5981e-15
6874.400 1.6752e-15
6875.925 1.7622e-15
6877.450 1.861e-15
6878.975 1.9273e-15
6880.500 1.948e-15
6882.025 1.9211e-15
6883.550 1.8991e-15
6885.075 1.8476e-15
6886.600 1.8075e-15
6888.125 1.7953e-15
6889.650 1.8044e-15
6891.175 1.813e-15
6892.700 1.8146e-15
6894.225 1.8282e-15
6895.750 1.8361e-15
6897.275 1.851e-15
6898.800 1.8496e-15
6900.325 1.8449e-15
6901.850 1.8757e-15
6903.375 1.8781e-15
6904.900 1.8802e-15
6906.425 1.9003e-15
6907.950 1.9331e-15
6909.475 1.9299e-15
6911.000 1.9262e-15
6912.525 1.9543e-15
6914.050 1.9349e-15
6915.575 1.9212e-15
6917.100 1.9532e-15
6918.625 1.9991e-15
6920.150 2.0288e-15
6921.675 2.0005e-15
6923.200 1.9752e-15
6924.725 1.947e-15
6926.250 1.9306e-15
6927.775 1.9268e-15
6929.300 1.9227e-15
6930.825 1.9361e-15
6932.350 1.9542e-15
6933.875 1.9572e-15
6935.400 1.9652e-15
6936.925 1.9628e-15
6938.450 1.9352e-15
6939.975 1.9175e-15
6941.500 1.9211e-15
6943.025 1.9425e-15
6944.550 1.9628e-15
6946.075 1.9448e-15
6947.600 1.92e-15
6949.125 1.928e-15
6950.650 1.9299e-15
6952.175 1.9188e-15
6953.700 1.9198e-15
6955.225 1.9283e-15
6956.750 1.9376e-15
6958.275 1.9327e-15
6959.800 1.9423e-15
6961.325 1.9825e-15
6962.850 1.9792e-15
6964.375 1.9574e-15
6965.900 1.9702e-15
6967.425 1.982e-15
6968.950 1.969e-15
6970.475 1.9515e-15
6972.000 1.9713e-15
6973.525 1.9895e-15
6975.050 1.976e-15
6976.575 1.9618e-15
6978.100 1.9679e-15
6979.625 1.9609e-15
6981.150 1.9622e-15
6982.675 1.9692e-15
6984.200 1.8989e-15
6985.725 1.8646e-15
6987.250 1.9079e-15
6988.775 1.8945e-15
6990.300 1.8928e-15
6991.825 1.908e-15
6993.350 1.8921e-15
6994.875 1.8794e-15
6996.400 1.8774e-15
6997.925 1.8856e-15
6999.450 1.8896e-15
7000.975 1.8754e-15
7002.500 1.8589e-15
7004.025 1.8607e-15
7005.550 1.8698e-15
7007.075 1.8954e-15
7008.600 1.9092e-15
7010.125 1.9109e-15
7011.650 1.8953e-15
7013.175 1.8835e-15
7014.700 1.8602e-15
7016.225 1.8664e-15
7017.750 1.8765e-15
7019.275 1.8821e-15
7020.800 1.8617e-15
7022.325 1.8579e-15
7023.850 1.8614e-15
7025.375 1.8495e-15
7026.900 1.8747e-15
7028.425 1.8986e-15
7029.950 1.8786e-15
7031.475 1.8967e-15
7033.000 1.9025e-15
7034.525 1.8624e-15
7036.050 1.8469e-15
7037.575 1.8306e-15
7039.100 1.8206e-15
7040.625 1.8312e-15
7042.150 1.8442e-15
7043.675 1.8776e-15
7045.200 1.8737e-15
7046.725 1.8447e-15
7048.250 1.8281e-15
7049.775 1.8341e-15
7051.300 1.8438e-15
7052.825 1.8323e-15
7054.350 1.8284e-15
7055.875 1.8322e-15
7057.400 1.8296e-15
7058.925 1.8305e-15
7060.450 1.8427e-15
7061.975 1.8677e-15
7063.500 1.8497e-15
7065.025 1.8492e-15
7066.550 1.8675e-15
7068.075 1.854e-15
7069.600 1.8448e-15
7071.125 1.8552e-15
7072.650 1.854e-15
7074.175 1.8394e-15
7075.700 1.8307e-15
7077.225 1.8149e-15
7078.750 1.8427e-15
7080.275 1.8516e-15
7081.800 1.8177e-15
7083.325 1.804e-15
7084.850 1.8139e-15
7086.375 1.8212e-15
7087.900 1.792e-15
7089.425 1.797e-15
7090.950 1.8076e-15
7092.475 1.8196e-15
7094.000 1.8015e-15
7095.525 1.7643e-15
7097.050 1.781e-15
7098.575 1.8217e-15
7100.100 1.8045e-15
7101.625 1.7802e-15
7103.150 1.7704e-15
7104.675 1.778e-15
7106.200 1.7993e-15
7107.725 1.7966e-15
7109.250 1.7925e-15
7110.775 1.7915e-15
7112.300 1.7987e-15
7113.825 1.8005e-15
7115.350 1.7991e-15
7116.875 1.794e-15
7118.400 1.7752e-15
7119.925 1.782e-15
7121.450 1.8057e-15
7122.975 1.8052e-15
7124.500 1.793e-15
7126.025 1.7923e-15
7127.550 1.7852e-15
7129.075 1.7753e-15
7130.600 1.7976e-15
7132.125 1.7986e-15
7133.650 1.7744e-15
7135.175 1.7799e-15
7136.700 1.7926e-15
7138.225 1.7839e-15
7139.750 1.7681e-15
7141.275 1.7556e-15
7142.800 1.7693e-15
7144.325 1.7693e-15
7145.850 1.7555e-15
7147.375 1.7599e-15
7148.900 1.7637e-15
7150.425 1.7726e-15
7151.950 1.7685e-15
7153.475 1.7638e-15
7155.000 1.7769e-15
7156.525 1.7785e-15
7158.050 1.7585e-15
7159.575 1.7332e-15
7161.100 1.7114e-15
7162.625 1.6732e-15
7164.150 1.6373e-15
7165.675 1.6388e-15
7167.200 1.6133e-15
7168.725 1.5578e-15
7170.250 1.5443e-15
7171.775 1.5385e-15
7173.300 1.5103e-15
7174.825 1.5058e-15
7176.350 1.5241e-15
7177.875 1.5251e-15
7179.400 1.5128e-15
7180.925 1.5075e-15
7182.450 1.4997e-15
7183.975 1.4722e-15
7185.500 1.4654e-15
7187.025 1.4626e-15
7188.550 1.4376e-15
7190.075 1.4265e-15
7191.600 1.4423e-15
7193.125 1.4731e-15
7194.650 1.5111e-15
7196.175 1.492e-15
7197.700 1.4712e-15
7199.225 1.466e-15
7200.750 1.4486e-15
7202.275 1.477e-15
7203.800 1.5055e-15
7205.325 1.5162e-15
7206.850 1.5697e-15
7208.375 1.6642e-15
7209.900 1.696e-15
7211.425 1.6829e-15
7212.950 1.6674e-15
7214.475 1.662e-15
7216.000 1.6737e-15
7217.525 1.6801e-15
7219.050 1.6438e-15
7220.575 1.6609e-15
7222.100 1.6601e-15
7223.625 1.6506e-15
7225.150 1.6474e-15
7226.675 1.6275e-15
7228.200 1.5881e-15
7229.725 1.5336e-15
7231.250 1.4952e-15
7232.775 1.4897e-15
7234.300 1.5024e-15
7235.825 1.4983e-15
7237.350 1.4988e-15
7238.875 1.4998e-15
7240.400 1.4975e-15
7241.925 1.4912e-15
7243.450 1.5068e-15
7244.975 1.5381e-15
7246.500 1.5476e-15
7248.025 1.5373e-15
7249.550 1.5209e-15
7251.075 1.5184e-15
7252.600 1.5339e-15
7254.125 1.5518e-15
7255.650 1.5749e-15
7257.175 1.5916e-15
7258.700 1.6009e-15
7260.225 1.5669e-15
7261.750 1.5366e-15
7263.275 1.5412e-15
7264.800 1.5474e-15
7266.325 1.573e-15
7267.850 1.5934e-15
7269.375 1.5977e-15
7270.900 1.5739e-15
7272.425 1.5156e-15
7273.950 1.4629e-15
7275.475 1.4677e-15
7277.000 1.5116e-15
7278.525 1.5512e-15
7280.050 1.5773e-15
7281.575 1.6088e-15
7283.100 1.6133e-15
7284.625 1.6013e-15
7286.150 1.5913e-15
7287.675 1.5592e-15
7289.200 1.5361e-15
7290.725 1.5342e-15
7292.250 1.5709e-15
7293.775 1.6188e-15
7295.300 1.641e-15
7296.825 1.6278e-15
7298.350 1.6028e-15
7299.875 1.5708e-15
7301.400 1.5492e-15
7302.925 1.5718e-15
7304.450 1.5983e-15
7305.975 1.5923e-15
7307.500 1.581e-15
7309.025 1.5865e-15
7310.550 1.6019e-15
7312.075 1.6139e-15
7313.600 1.607e-15
7315.125 1.6052e-15
7316.650 1.6329e-15
7318.175 1.6786e-15
7319.700 1.7025e-15
7321.225 1.7103e-15
7322.750 1.7206e-15
7324.275 1.7101e-15
7325.800 1.7038e-15
7327.325 1.7029e-15
7328.850 1.6996e-15
7330.375 1.7134e-15
7331.900 1.707e-15
7333.425 1.7117e-15
7334.950 1.7395e-15
7336.475 1.7368e-15
7338.000 1.7505e-15
7339.525 1.7612e-15
7341.050 1.7309e-15
7342.575 1.7107e-15
7344.100 1.7106e-15
7345.625 1.7338e-15
7347.150 1.7037e-15
7348.675 1.5094e-15
7350.200 1.4904e-15
7351.725 1.7028e-15
7353.250 1.7268e-15
7354.775 1.6916e-15
7356.300 1.683e-15
7357.825 1.7091e-15
7359.350 1.7084e-15
7360.875 1.6709e-15
7362.400 1.6737e-15
7363.925 1.6852e-15
7365.450 1.6717e-15
7366.975 1.7037e-15
7368.500 1.7147e-15
7370.025 1.6819e-15
7371.550 1.6781e-15
7373.075 1.6871e-15
7374.600 1.7036e-15
7376.125 1.7274e-15
7377.650 1.6977e-15
7379.175 1.6743e-15
7380.700 1.6781e-15
7382.225 1.6863e-15
7383.750 1.6841e-15
7385.275 1.6886e-15
7386.800 1.7151e-15
7388.325 1.7052e-15
7389.850 1.6968e-15
7391.375 1.6725e-15
7392.900 1.6452e-15
7394.425 1.6314e-15
7395.950 1.6432e-15
7397.475 1.6604e-15
7399.000 1.6814e-15
7400.525 1.704e-15
7402.050 1.7079e-15
7403.575 1.701e-15
7405.100 1.6827e-15
7406.625 1.6676e-15
7408.150 1.6898e-15
7409.675 1.6977e-15
7411.200 1.6977e-15
7412.725 1.689e-15
7414.250 1.6857e-15
7415.775 1.6969e-15
7417.300 1.6959e-15
7418.825 1.67e-15
7420.350 1.6681e-15
7421.875 1.6919e-15
7423.400 1.6888e-15
7424.925 1.6858e-15
7426.450 1.6895e-15
7427.975 1.7012e-15
7429.500 1.7009e-15
7431.025 1.6512e-15
7432.550 1.5979e-15
7434.075 1.6047e-15
7435.600 1.6415e-15
7437.125 1.646e-15
7438.650 1.6232e-15
7440.175 1.6068e-15
7441.700 1.5991e-15
7443.225 1.6274e-15
7444.750 1.654e-15
7446.275 1.6496e-15
7447.800 1.6353e-15
7449.325 1.6303e-15
7450.850 1.6044e-15
7452.375 1.5925e-15
7453.900 1.6137e-15
7455.425 1.6337e-15
7456.950 1.626e-15
7458.475 1.6119e-15
7460.000 1.6267e-15
7461.525 1.6407e-15
7463.050 1.6248e-15
7464.575 1.601e-15
7466.100 1.5804e-15
7467.625 1.5997e-15
7469.150 1.6085e-15
7470.675 1.5836e-15
7472.200 1.5972e-15
7473.725 1.6107e-15
7475.250 1.6018e-15
7476.775 1.6026e-15
7478.300 1.6015e-15
7479.825 1.5874e-15
7481.350 1.5741e-15
7482.875 1.5905e-15
7484.400 1.6099e-15
7485.925 1.5871e-15
7487.450 1.5769e-15
7488.975 1.5991e-15
7490.500 1.6072e-15
7492.025 1.5922e-15
7493.550 1.58e-15
7495.075 1.6042e-15
7496.600 1.6179e-15
7498.125 1.6207e-15
7499.650 1.6053e-15
7501.175 1.5789e-15
7502.700 1.5995e-15
7504.225 1.6195e-15
7505.750 1.5938e-15
7507.275 1.5667e-15
7508.800 1.5815e-15
7510.325 1.6028e-15
7511.850 1.6078e-15
7513.375 1.6116e-15
7514.900 1.6177e-15
7516.425 1.6012e-15
7517.950 1.5847e-15
7519.475 1.5683e-15
7521.000 1.5662e-15
7522.525 1.5812e-15
7524.050 1.578e-15
7525.575 1.6016e-15
7527.100 1.6122e-15
7528.625 1.5953e-15
7530.150 1.5885e-15
7531.675 1.5815e-15
7533.200 1.5657e-15
7534.725 1.5882e-15
7536.250 1.5901e-15
7537.775 1.558e-15
7539.300 1.5415e-15
7540.825 1.5343e-15
7542.350 1.5437e-15
7543.875 1.5461e-15
7545.400 1.5293e-15
7546.925 1.5268e-15
7548.450 1.5643e-15
7549.975 1.5898e-15
7551.500 1.5643e-15
7553.025 1.5489e-15
7554.550 1.5326e-15
7556.075 1.5213e-15
7557.600 1.5557e-15
7559.125 1.5621e-15
7560.650 1.5434e-15
7562.175 1.5265e-15
7563.700 1.5245e-15
7565.225 1.5352e-15
7566.750 1.5235e-15
7568.275 1.523e-15
7569.800 1.516e-15
7571.325 1.5223e-15
7572.850 1.5473e-15
7574.375 1.5265e-15
7575.900 1.5046e-15
7577.425 1.5081e-15
7578.950 1.4935e-15
7580.475 1.4823e-15
7582.000 1.4928e-15
7583.525 1.4829e-15
7585.050 1.4623e-15
7586.575 1.467e-15
7588.100 1.4276e-15
7589.625 1.3184e-15
7591.150 1.1695e-15
7592.675 1.0042e-15
7594.200 8.2482e-16
7595.725 6.726e-16
7597.250 5.63e-16
7598.775 4.6817e-16
7600.300 3.9964e-16
7601.825 3.565e-16
7603.350 3.3757e-16
7604.875 3.5369e-16
7606.400 3.9666e-16
7607.925 4.4335e-16
7609.450 5.1726e-16
7610.975 6.2917e-16
7612.500 7.5578e-16
7614.025 8.8338e-16
7615.550 1.002e-15
7617.075 1.0532e-15
7618.600 1.0191e-15
7620.125 9.5255e-16
7621.650 8.8322e-16
7623.175 8.1888e-16
7624.700 7.7357e-16
7626.225 7.4467e-16
7627.750 7.3438e-16
7629.275 7.4192e-16
7630.800 7.4917e-16
7632.325 7.6658e-16
7633.850 7.9392e-16
7635.375 8.1715e-16
7636.900 8.3374e-16
7638.425 8.4973e-16
7639.950 8.6934e-16
7641.475 8.9578e-16
7643.000 9.3886e-16
7644.525 9.9003e-16
7646.050 1.0201e-15
7647.575 1.0366e-15
7649.100 1.0487e-15
7650.625 1.0691e-15
7652.150 1.1179e-15
7653.675 1.1422e-15
7655.200 1.17e-15
7656.725 1.1956e-15
7658.250 1.204e-15
7659.775 1.2307e-15
7661.300 1.2554e-15
7662.825 1.2359e-15
7664.350 1.2354e-15
7665.875 1.2603e-15
7667.400 1.2726e-15
7668.925 1.2975e-15
7670.450 1.3161e-15
7671.975 1.326e-15
7673.500 1.3382e-15
7675.025 1.3626e-15
7676.550 1.3714e-15
7678.075 1.3561e-15
7679.600 1.3704e-15
7681.125 1.3921e-15
7682.650 1.4074e-15
7684.175 1.4122e-15
7685.700 1.4104e-15
7687.225 1.4185e-15
7688.750 1.4408e-15
7690.275 1.4371e-15
7691.800 1.4346e-15
7693.325 1.4171e-15
7694.850 1.4019e-15
7696.375 1.4172e-15
7697.900 1.4198e-15
7699.425 1.3936e-15
7700.950 1.3841e-15
7702.475 1.41e-15
7704.000 1.4259e-15
7705.525 1.422e-15
7707.050 1.4299e-15
7708.575 1.4162e-15
7710.100 1.418e-15
7711.625 1.4281e-15
7713.150 1.4177e-15
7714.675 1.4134e-15
7716.200 1.4027e-15
7717.725 1.4049e-15
7719.250 1.4055e-15
7720.775 1.4021e-15
7722.300 1.4152e-15
7723.825 1.4392e-15
7725.350 1.4141e-15
7726.875 1.3987e-15
7728.400 1.397e-15
7729.925 1.3774e-15
7731.450 1.4037e-15
7732.975 1.4057e-15
7734.500 1.3811e-15
7736.025 1.3817e-15
7737.550 1.3822e-15
7739.075 1.3995e-15
7740.600 1.3995e-15
7742.125 1.3905e-15
7743.650 1.3974e-15
7745.175 1.379e-15
7746.700 1.3667e-15
7748.225 1.3826e-15
7749.750 1.3932e-15
7751.275 1.3762e-15
7752.800 1.3715e-15
7754.325 1.3686e-15
7755.850 1.3471e-15
7757.375 1.3465e-15
7758.900 1.3725e-15
7760.425 1.3803e-15
7761.950 1.3714e-15
7763.475 1.3769e-15
7765.000 1.3955e-15
7766.525 1.3839e-15
7768.050 1.37e-15
7769.575 1.3744e-15
7771.100 1.3861e-15
7772.625 1.4029e-15
7774.150 1.3987e-15
7775.675 1.3918e-15
7777.200 1.3909e-15
7778.725 1.4062e-15
7780.250 1.4125e-15
7781.775 1.3914e-15
7783.300 1.3776e-15
7784.825 1.3717e-15
7786.350 1.3802e-15
7787.875 1.4014e-15
7789.400 1.4128e-15
7790.925 1.4154e-15
7792.450 1.4047e-15
7793.975 1.3697e-15
7795.500 1.3723e-15
7797.025 1.4247e-15
7798.550 1.4334e-15
7800.075 1.3989e-15
7801.600 1.3913e-15
7803.125 1.3945e-15
7804.650 1.3928e-15
7806.175 1.377e-15
7807.700 1.3733e-15
7809.225 1.3686e-15
7810.750 1.3627e-15
7812.275 1.3695e-15
7813.800 1.3886e-15
7815.325 1.3811e-15
7816.850 1.3416e-15
7818.375 1.3515e-15
7819.900 1.369e-15
7821.425 1.3571e-15
7822.950 1.3789e-15
7824.475 1.3961e-15
7826.000 1.3732e-15
7827.525 1.3618e-15
7829.050 1.3793e-15
7830.575 1.3583e-15
7832.100 1.3661e-15
7833.625 1.3925e-15
7835.150 1.3995e-15
7836.675 1.387e-15
7838.200 1.3752e-15
7839.725 1.3713e-15
7841.250 1.3893e-15
7842.775 1.4003e-15
7844.300 1.3859e-15
7845.825 1.347e-15
7847.350 1.3364e-15
7848.875 1.36e-15
7850.400 1.3692e-15
7851.925 1.3707e-15
7853.450 1.3672e-15
7854.975 1.3565e-15
7856.500 1.3648e-15
7858.025 1.3859e-15
7859.550 1.3832e-15
7861.075 1.3758e-15
7862.600 1.4028e-15
7864.125 1.3988e-15
7865.650 1.3506e-15
7867.175 1.3454e-15
7868.700 1.3963e-15
7870.225 1.4124e-15
7871.750 1.3797e-15
7873.275 1.3507e-15
7874.800 1.3471e-15
7876.325 1.351e-15
7877.850 1.366e-15
7879.375 1.3811e-15
7880.900 1.4086e-15
7882.425 1.4143e-15
7883.950 1.3825e-15
7885.475 1.3774e-15
7887.000 1.3899e-15
7888.525 1.3998e-15
7890.050 1.3838e-15
7891.575 1.3406e-15
7893.100 1.3337e-15
7894.625 1.3681e-15
7896.150 1.3898e-15
7897.675 1.3632e-15
7899.200 1.3457e-15
7900.725 1.3526e-15
7902.250 1.3613e-15
7903.775 1.3726e-15
7905.300 1.3529e-15
7906.825 1.3268e-15
7908.350 1.3435e-15
7909.875 1.3705e-15
7911.400 1.3705e-15
7912.925 1.3767e-15
7914.450 1.3795e-15
7915.975 1.3595e-15
7917.500 1.351e-15
7919.025 1.3557e-15
7920.550 1.3345e-15
7922.075 1.3268e-15
7923.600 1.3392e-15
7925.125 1.3435e-15
7926.650 1.3512e-15
7928.175 1.3311e-15
7929.700 1.3377e-15
7931.225 1.3582e-15
7932.750 1.3804e-15
7934.275 1.3689e-15
7935.800 1.3727e-15
7937.325 1.3959e-15
7938.850 1.3871e-15
7940.375 1.3521e-15
7941.900 1.3794e-15
7943.425 1.3792e-15
7944.950 1.3574e-15
7946.475 1.3583e-15
7948.000 1.3513e-15
7949.525 1.3505e-15
7951.050 1.3581e-15
7952.575 1.3776e-15
7954.100 1.3767e-15
7955.625 1.3568e-15
7957.150 1.3409e-15
7958.675 1.3325e-15
7960.200 1.3352e-15
7961.725 1.3541e-15
7963.250 1.3745e-15
7964.775 1.339e-15
7966.300 1.3338e-15
7967.825 1.3954e-15
7969.350 1.3983e-15
7970.875 1.3732e-15
7972.400 1.3625e-15
7973.925 1.3641e-15
7975.450 1.3626e-15
7976.975 1.3604e-15
7978.500 1.3732e-15
7980.025 1.3834e-15
7981.550 1.3924e-15
7983.075 1.3784e-15
7984.600 1.3656e-15
7986.125 1.3715e-15
7987.650 1.3834e-15
7989.175 1.3959e-15
7990.700 1.4044e-15
7992.225 1.3976e-15
7993.750 1.3831e-15
7995.275 1.3951e-15
7996.800 1.3898e-15
7998.325 1.3699e-15
7999.850 1.3824e-15
8001.375 1.3762e-15
8002.900 1.375e-15
8004.425 1.3897e-15
8005.950 1.3745e-15
8007.475 1.3668e-15
8009.000 1.3763e-15
8010.525 1.3679e-15
8012.050 1.3524e-15
8013.575 1.3453e-15
8015.100 1.3831e-15
8016.625 1.4133e-15
8018.150 1.378e-15
8019.675 1.3649e-15
8021.200 1.3701e-15
8022.725 1.3531e-15
8024.250 1.3453e-15
8025.775 1.3474e-15
8027.300 1.3388e-15
8028.825 1.3603e-15
8030.350 1.3669e-15
8031.875 1.3471e-15
8033.400 1.3602e-15
8034.925 1.3775e-15
8036.450 1.3707e-15
8037.975 1.3508e-15
8039.500 1.3586e-15
8041.025 1.368e-15
8042.550 1.3586e-15
8044.075 1.3586e-15
8045.600 1.366e-15
8047.125 1.3507e-15
8048.650 1.3297e-15
8050.175 1.338e-15
8051.700 1.3564e-15
8053.225 1.379e-15
8054.750 1.371e-15
8056.275 1.3599e-15
8057.800 1.3699e-15
8059.325 1.3688e-15
8060.850 1.3648e-15
8062.375 1.3602e-15
8063.900 1.3732e-15
8065.425 1.3553e-15
8066.950 1.3518e-15
8068.475 1.3767e-15
8070.000 1.3792e-15
8071.525 1.3666e-15
8073.050 1.3551e-15
8074.575 1.3272e-15
8076.100 1.3241e-15
8077.625 1.3441e-15
8079.150 1.3658e-15
8080.675 1.3656e-15
8082.200 1.3607e-15
8083.725 1.3352e-15
8085.250 1.3193e-15
8086.775 1.3368e-15
8088.300 1.3206e-15
8089.825 1.2978e-15
8091.350 1.3261e-15
8092.875 1.3214e-15
8094.400 1.2838e-15
8095.925 1.289e-15
8097.450 1.3151e-15
8098.975 1.3335e-15
8100.500 1.3115e-15
8102.025 1.3223e-15
8103.550 1.3421e-15
8105.075 1.3338e-15
8106.600 1.3095e-15
8108.125 1.3081e-15
8109.650 1.2766e-15
8111.175 1.2485e-15
8112.700 1.2671e-15
8114.225 1.2838e-15
8115.750 1.2801e-15
8117.275 1.284e-15
8118.800 1.275e-15
8120.325 1.2724e-15
8121.850 1.272e-15
8123.375 1.2637e-15
8124.900 1.2509e-15
8126.425 1.2538e-15
8127.950 1.2407e-15
8129.475 1.2231e-15
8131.000 1.1969e-15
8132.525 1.1819e-15
8134.050 1.1839e-15
8135.575 1.1788e-15
8137.100 1.1828e-15
8138.625 1.1962e-15
8140.150 1.1856e-15
8141.675 1.1606e-15
8143.200 1.1462e-15
8144.725 1.1552e-15
8146.250 1.155e-15
8147.775 1.1516e-15
8149.300 1.1525e-15
8150.825 1.1282e-15
8152.350 1.125e-15
8153.875 1.1581e-15
8155.400 1.1694e-15
8156.925 1.1352e-15
8158.450 1.0971e-15
8159.975 1.0833e-15
8161.500 1.0848e-15
8163.025 1.086e-15
8164.550 1.0821e-15
8166.075 1.1146e-15
8167.600 1.1649e-15
8169.125 1.1773e-15
8170.650 1.1712e-15
8172.175 1.1588e-15
8173.700 1.1296e-15
8175.225 1.0954e-15
8176.750 1.0739e-15
8178.275 1.0942e-15
8179.800 1.1214e-15
8181.325 1.1429e-15
8182.850 1.1533e-15
8184.375 1.1668e-15
8185.900 1.1784e-15
8187.425 1.176e-15
8188.950 1.1826e-15
8190.475 1.1725e-15
8192.000 1.1637e-15
8193.525 1.1506e-15
8195.050 1.1449e-15
8196.575 1.1454e-15
8198.100 1.1609e-15
8199.625 1.1938e-15
8201.150 1.213e-15
8202.675 1.2398e-15
8204.200 1.2664e-15
8205.725 1.2631e-15
8207.250 1.2523e-15
8208.775 1.222e-15
8210.300 1.2332e-15
8211.825 1.2581e-15
8213.350 1.2442e-15
8214.875 1.2141e-15
8216.400 1.1928e-15
8217.925 1.1791e-15
8219.450 1.1752e-15
8220.975 1.1549e-15
8222.500 1.1125e-15
8224.025 1.0561e-15
8225.550 9.9003e-16
8227.075 9.4071e-16
8228.600 9.3428e-16
8230.125 9.9281e-16
8231.650 1.0472e-15
8233.175 1.0922e-15
8234.700 1.1511e-15
8236.225 1.1923e-15
8237.750 1.2208e-15
8239.275 1.2175e-15
8240.800 1.2069e-15
8242.325 1.2045e-15
8243.850 1.2216e-15
8245.375 1.2336e-15
8246.900 1.2435e-15
8248.425 1.2644e-15
8249.950 1.2784e-15
8251.475 1.2778e-15
8253.000 1.2623e-15
8254.525 1.2073e-15
8256.050 1.1727e-15
8257.575 1.1988e-15
8259.100 1.2108e-15
8260.625 1.2195e-15
8262.150 1.2432e-15
8263.675 1.2669e-15
8265.200 1.2676e-15
8266.725 1.2584e-15
8268.250 1.267e-15
8269.775 1.2487e-15
8271.300 1.1986e-15
8272.825 1.1679e-15
8274.350 1.1574e-15
8275.875 1.1348e-15
8277.400 1.1298e-15
8278.925 1.142e-15
8280.450 1.1644e-15
8281.975 1.2013e-15
8283.500 1.1998e-15
8285.025 1.1835e-15
8286.550 1.2053e-15
8288.075 1.215e-15
8289.600 1.1931e-15
8291.125 1.1874e-15
8292.650 1.1868e-15
8294.175 1.1932e-15
8295.700 1.2241e-15
8297.225 1.2704e-15
8298.750 1.2661e-15
8300.275 1.2265e-15
8301.800 1.2153e-15
8303.325 1.2142e-15
8304.850 1.2282e-15
8306.375 1.2464e-15
8307.900 1.2506e-15
8309.425 1.2594e-15
8310.950 1.259e-15
8312.475 1.25e-15
8314.000 1.218e-15
8315.525 1.2165e-15
8317.050 1.2238e-15
8318.575 1.2188e-15
8320.100 1.2161e-15
8321.625 1.2118e-15
8323.150 1.2394e-15
8324.675 1.2864e-15
8326.200 1.299e-15
8327.725 1.3025e-15
8329.250 1.2949e-15
8330.775 1.2731e-15
8332.300 1.2627e-15
8333.825 1.2819e-15
8335.350 1.2708e-15
8336.875 1.2566e-15
8338.400 1.2819e-15
8339.925 1.317e-15
8341.450 1.3236e-15
8342.975 1.3273e-15
8344.500 1.3298e-15
8346.025 1.318e-15
8347.550 1.3338e-15
8349.075 1.3464e-15
8350.600 1.3313e-15
8352.125 1.2905e-15
8353.650 1.2837e-15
8355.175 1.333e-15
8356.700 1.3327e-15
8358.225 1.2979e-15
8359.750 1.3166e-15
8361.275 1.3385e-15
8362.800 1.3211e-15
8364.325 1.321e-15
8365.850 1.3163e-15
8367.375 1.3008e-15
8368.900 1.2949e-15
8370.425 1.3055e-15
8371.950 1.2861e-15
8373.475 1.2862e-15
8375.000 1.317e-15
8376.525 1.3401e-15
8378.050 1.347e-15
8379.575 1.327e-15
8381.100 1.3234e-15
8382.625 1.335e-15
8384.150 1.3331e-15
8385.675 1.3195e-15
8387.200 1.3208e-15
8388.725 1.342e-15
8390.250 1.317e-15
8391.775 1.2967e-15
8393.300 1.305e-15
8394.825 1.288e-15
8396.350 1.2883e-15
8397.875 1.3062e-15
8399.400 1.3301e-15
8400.925 1.3288e-15
8402.450 1.3111e-15
8403.975 1.3411e-15
8405.500 1.3413e-15
8407.025 1.3013e-15
8408.550 1.2998e-15
8410.075 1.3056e-15
8411.600 1.3084e-15
8413.125 1.3e-15
8414.650 1.2766e-15
8416.175 1.2974e-15
8417.700 1.3011e-15
8419.225 1.2952e-15
8420.750 1.3212e-15
8422.275 1.3219e-15
8423.800 1.2962e-15
8425.325 1.2905e-15
8426.850 1.3048e-15
8428.375 1.3101e-15
8429.900 1.2906e-15
8431.425 1.2923e-15
8432.950 1.2949e-15
8434.475 1.3006e-15
8436.000 1.2927e-15
8437.525 1.3083e-15
8439.050 1.3108e-15
8440.575 1.2801e-15
8442.100 1.2844e-15
8443.625 1.2766e-15
8445.150 1.2687e-15
8446.675 1.2718e-15
8448.200 1.2779e-15
8449.725 1.2912e-15
8451.250 1.3023e-15
8452.775 1.2839e-15
8454.300 1.2937e-15
8455.825 1.2984e-15
8457.350 1.2716e-15
8458.875 1.2791e-15
8460.400 1.2824e-15
8461.925 1.2958e-15
8463.450 1.3103e-15
8464.975 1.3218e-15
8466.500 1.3001e-15
8468.025 1.3052e-15
8469.550 1.3155e-15
8471.075 1.2997e-15
8472.600 1.3107e-15
8474.125 1.3069e-15
8475.650 1.2933e-15
8477.175 1.2826e-15
8478.700 1.2696e-15
8480.225 1.2804e-15
8481.750 1.2685e-15
8483.275 1.2761e-15
8484.800 1.2951e-15
8486.325 1.2779e-15
8487.850 1.2643e-15
8489.375 1.2656e-15
8490.900 1.2735e-15
8492.425 1.2777e-15
8493.950 1.286e-15
8495.475 1.2745e-15
8497.000 1.2677e-15
8498.525 1.2763e-15
8500.050 1.2851e-15
8501.575 1.2759e-15
8503.100 1.2556e-15
8504.625 1.2686e-15
8506.150 1.2693e-15
8507.675 1.2499e-15
8509.200 1.2529e-15
8510.725 1.2523e-15
8512.250 1.2443e-15
8513.775 1.2305e-15
8515.300 1.22e-15
8516.825 1.2322e-15
8518.350 1.2545e-15
8519.875 1.2591e-15
8521.400 1.2318e-15
8522.925 1.23e-15
8524.450 1.2551e-15
8525.975 1.2569e-15
8527.500 1.2478e-15
8529.025 1.2551e-15
8530.550 1.2519e-15
8532.075 1.215e-15
8533.600 1.2136e-15
8535.125 1.2291e-15
8536.650 1.2436e-15
8538.175 1.2394e-15
8539.700 1.2175e-15
8541.225 1.2261e-15
8542.750 1.2399e-15
8544.275 1.2521e-15
8545.800 1.2586e-15
8547.325 1.2606e-15
8548.850 1.2544e-15
8550.375 1.2313e-15
8551.900 1.2356e-15
8553.425 1.2451e-15
8554.950 1.2616e-15
8556.475 1.2553e-15
8558.000 1.2256e-15
8559.525 1.2139e-15
8561.050 1.2216e-15
8562.575 1.2195e-15
8564.100 1.2506e-15
8565.625 1.2524e-15
8567.150 1.2285e-15
8568.675 1.2108e-15
8570.200 1.215e-15
8571.725 1.2239e-15
8573.250 1.2087e-15
8574.775 1.1908e-15
8576.300 1.2134e-15
8577.825 1.2095e-15
8579.350 1.2e-15
8580.875 1.2199e-15
8582.400 1.2292e-15
8583.925 1.2371e-15
8585.450 1.2114e-15
8586.975 1.2241e-15
8588.500 1.2365e-15
8590.025 1.2283e-15
8591.550 1.2047e-15
8593.075 1.1923e-15
8594.600 1.222e-15
8596.125 1.2484e-15
8597.650 1.2355e-15
8599.175 1.2298e-15
8600.700 1.2342e-15
8602.225 1.2141e-15
8603.750 1.2067e-15
8605.275 1.2024e-15
8606.800 1.2128e-15
8608.325 1.213e-15
8609.850 1.19e-15
8611.375 1.1853e-15
8612.900 1.1763e-15
8614.425 1.1687e-15
8615.950 1.1848e-15
8617.475 1.1803e-15
8619.000 1.1781e-15
8620.525 1.1913e-15
8622.050 1.1894e-15
8623.575 1.2058e-15
8625.100 1.2248e-15
8626.625 1.2123e-15
8628.150 1.206e-15
8629.675 1.2113e-15
8631.200 1.2021e-15
8632.725 1.1919e-15
8634.250 1.2023e-15
8635.775 1.2124e-15
8637.300 1.2214e-15
8638.825 1.1948e-15
8640.350 1.1698e-15
8641.875 1.1931e-15
8643.400 1.1901e-15
8644.925 1.1766e-15
8646.450 1.1744e-15
8647.975 1.2147e-15
8649.500 1.2569e-15
8651.025 1.237e-15
8652.550 1.2111e-15
8654.075 1.205e-15
8655.600 1.2025e-15
8657.125 1.2018e-15
8658.650 1.2e-15
8660.175 1.2078e-15
8661.700 1.2073e-15
8663.225 1.1633e-15
8664.750 1.1674e-15
8666.275 1.2117e-15
8667.800 1.2154e-15
8669.325 1.2153e-15
8670.850 1.2194e-15
8672.375 1.223e-15
8673.900 1.1942e-15
8675.425 1.1624e-15
8676.950 1.1406e-15
8678.475 1.1274e-15
8680.000 1.1465e-15
8681.525 1.1689e-15
8683.050 1.1574e-15
8684.575 1.1551e-15
8686.100 1.1446e-15
8687.625 1.158e-15
8689.150 1.2099e-15
8690.675 1.2213e-15
8692.200 1.1859e-15
8693.725 1.1744e-15
8695.250 1.187e-15
8696.775 1.1836e-15
8698.300 1.1625e-15
8699.825 1.1689e-15
8701.350 1.1575e-15
8702.875 1.1464e-15
8704.400 1.1772e-15
8705.925 1.1823e-15
8707.450 1.1679e-15
8708.975 1.1748e-15
8710.500 1.1642e-15
8712.025 1.1519e-15
8713.550 1.1511e-15
8715.075 1.1244e-15
8716.600 1.1274e-15
8718.125 1.1542e-15
8719.650 1.169e-15
8721.175 1.1543e-15
8722.700 1.1292e-15
8724.225 1.1088e-15
8725.750 1.1201e-15
8727.275 1.1532e-15
8728.800 1.1609e-15
8730.325 1.1493e-15
8731.850 1.1466e-15
8733.375 1.1654e-15
8734.900 1.156e-15
8736.425 1.1372e-15
8737.950 1.1285e-15
8739.475 1.1311e-15
8741.000 1.1433e-15
8742.525 1.1526e-15
8744.050 1.151e-15
8745.575 1.1437e-15
8747.100 1.1446e-15
8748.625 1.1483e-15
8750.150 1.1528e-15
8751.675 1.156e-15
8753.200 1.1211e-15
8754.725 1.0862e-15
8756.250 1.0991e-15
8757.775 1.1074e-15
8759.300 1.1102e-15
8760.825 1.1238e-15
8762.350 1.1289e-15
8763.875 1.1344e-15
8765.400 1.1497e-15
8766.925 1.152e-15
8768.450 1.1515e-15
8769.975 1.15e-15
8771.500 1.1504e-15
8773.025 1.1358e-15
8774.550 1.117e-15
8776.075 1.1406e-15
8777.600 1.1519e-15
8779.125 1.13e-15
8780.650 1.1123e-15
8782.175 1.1118e-15
8783.700 1.144e-15
8785.225 1.1396e-15
8786.750 1.13e-15
8788.275 1.1567e-15
8789.800 1.1592e-15
8791.325 1.1296e-15
8792.850 1.1291e-15
8794.375 1.1279e-15
8795.900 1.1e-15
8797.425 1.1161e-15
8798.950 1.1102e-15
8800.475 1.0672e-15
8802.000 1.0574e-15
8803.525 1.082e-15
8805.050 1.1157e-15
8806.575 1.1192e-15
8808.100 1.0924e-15
8809.625 1.0978e-15
8811.150 1.0953e-15
8812.675 1.0929e-15
8814.200 1.1035e-15
8815.725 1.1e-15
8817.250 1.1042e-15
8818.775 1.0874e-15
8820.300 1.0584e-15
8821.825 1.0792e-15
8823.350 1.1207e-15
8824.875 1.1142e-15
8826.400 1.0933e-15
8827.925 1.1057e-15
8829.450 1.0859e-15
8830.975 1.0718e-15
8832.500 1.0868e-15
8834.025 1.1019e-15
8835.550 1.0899e-15
8837.075 1.0631e-15
8838.600 1.0725e-15
8840.125 1.1053e-15
8841.650 1.0944e-15
8843.175 1.0774e-15
8844.700 1.0805e-15
8846.225 1.0555e-15
8847.750 1.0457e-15
8849.275 1.0932e-15
8850.800 1.1088e-15
8852.325 1.069e-15
8853.850 1.0568e-15
8855.375 1.0764e-15
8856.900 1.0863e-15
8858.425 1.086e-15
8859.950 1.0881e-15
8861.475 1.0852e-15
8863.000 1.0723e-15
8864.525 1.0754e-15
8866.050 1.0758e-15
8867.575 1.0744e-15
8869.100 1.0804e-15
8870.625 1.0753e-15
8872.150 1.077e-15
8873.675 1.0885e-15
8875.200 1.0932e-15
8876.725 1.0649e-15
8878.250 1.0519e-15
8879.775 1.0707e-15
8881.300 1.0715e-15
8882.825 1.0672e-15
8884.350 1.0783e-15
8885.875 1.0906e-15
8887.400 1.0765e-15
8888.925 1.0759e-15
8890.450 1.0715e-15
8891.975 1.0609e-15
8893.500 1.0733e-15
8895.025 1.0715e-15
8896.550 1.0579e-15
8898.075 1.0458e-15
8899.600 1.0552e-15
8901.125 1.0718e-15
8902.650 1.073e-15
8904.175 1.0477e-15
8905.700 1.0394e-15
8907.225 1.0455e-15
8908.750 1.0325e-15
8910.275 1.0339e-15
8911.800 1.0464e-15
8913.325 1.0116e-15
8914.850 9.8831e-16
8916.375 1.0213e-15
8917.900 1.0475e-15
8919.425 1.0339e-15
8920.950 1.0175e-15
8922.475 1.0252e-15
8924.000 1.0174e-15
8925.525 1.015e-15
8927.050 1.0052e-15
8928.575 9.886e-16
8930.100 9.7214e-16
8931.625 9.7874e-16
8933.150 9.908e-16
8934.675 9.9855e-16
8936.200 9.8535e-16
8937.725 9.8123e-16
8939.250 9.8295e-16
8940.775 9.8324e-16
8942.300 9.7827e-16
8943.825 9.8056e-16
8945.350 9.7807e-16
8946.875 9.6162e-16
8948.400 9.4975e-16
8949.925 9.3469e-16
8951.450 9.0829e-16
8952.975 8.9237e-16
8954.500 9.1739e-16
8956.025 9.3981e-16
8957.550 9.2839e-16
8959.075 9.156e-16
8960.600 8.8025e-16
8962.125 8.4221e-16
8963.650 8.5362e-16
8965.175 8.8198e-16
8966.700 8.8807e-16
8968.225 8.7577e-16
8969.750 8.6266e-16
8971.275 8.5177e-16
8972.800 8.4481e-16
8974.325 8.5813e-16
8975.850 8.9294e-16
8977.375 9.0891e-16
8978.900 9.1382e-16
8980.425 9.1616e-16
8981.950 8.889e-16
8983.475 8.4541e-16
8985.000 7.865e-16
8986.525 7.1946e-16
8988.050 6.8097e-16
8989.575 6.9697e-16
8991.100 7.5717e-16
8992.625 8.5353e-16
8994.150 9.3056e-16
8995.675 9.1319e-16
8997.200 8.6189e-16
8998.725 8.3084e-16
9000.250 8.1041e-16
9001.775 8.0533e-16
9003.300 8.0827e-16
9004.825 8.1018e-16
9006.350 8.2493e-16
9007.875 8.4395e-16
9009.400 8.5365e-16
9010.925 8.5764e-16
9012.450 8.327e-16
9013.975 8.1313e-16
9015.500 8.3426e-16
9017.025 8.5862e-16
9018.550 8.6799e-16
9020.075 8.5872e-16
9021.600 8.4864e-16
9023.125 8.3152e-16
9024.650 8.3345e-16
9026.175 8.5647e-16
9027.700 8.7844e-16
9029.225 9.024e-16
9030.750 9.1271e-16
9032.275 9.3497e-16
9033.800 9.5361e-16
9035.325 9.5837e-16
9036.850 9.4923e-16
9038.375 9.3272e-16
9039.900 9.357e-16
9041.425 9.2276e-16
9042.950 9.1048e-16
9044.475 9.1168e-16
9046.000 9.2396e-16
9047.525 9.211e-16
9049.050 9.1207e-16
9050.575 9.1165e-16
9052.100 9.2063e-16
9053.625 9.4e-16
9055.150 9.6076e-16
9056.675 9.395e-16
9058.200 8.9663e-16
9059.725 8.6781e-16
9061.250 8.4978e-16
9062.775 8.5983e-16
9064.300 8.8148e-16
9065.825 8.8142e-16
9067.350 8.4272e-16
9068.875 7.8214e-16
9070.400 7.6435e-16
9071.925 8.031e-16
9073.450 8.4769e-16
9074.975 8.3747e-16
9076.500 8.0666e-16
9078.025 7.9034e-16
9079.550 7.9199e-16
9081.075 8.0868e-16
9082.600 8.2612e-16
9084.125 8.2726e-16
9085.650 8.0639e-16
9087.175 8.0615e-16
9088.700 8.2858e-16
9090.225 8.4283e-16
9091.750 8.3113e-16
9093.275 8.2868e-16
9094.800 8.4585e-16
9096.325 8.2331e-16
9097.850 7.9922e-16
9099.375 8.1725e-16
9100.900 8.3573e-16
9102.425 8.1933e-16
9103.950 7.9219e-16
9105.475 7.9302e-16
9107.000 8.1577e-16
9108.525 8.4366e-16
9110.050 8.8823e-16
9111.575 9.2281e-16
9113.100 8.9518e-16
9114.625 8.4149e-16
9116.150 7.9495e-16
9117.675 7.9692e-16
9119.200 8.356e-16
9120.725 8.9795e-16
9122.250 9.2902e-16
9123.775 9.0168e-16
9125.300 8.389e-16
9126.825 7.7011e-16
9128.350 7.3285e-16
9129.875 7.2664e-16
9131.400 7.2084e-16
9132.925 7.1043e-16
9134.450 7.2287e-16
9135.975 7.6269e-16
9137.500 8.2407e-16
9139.025 8.6014e-16
9140.550 8.6098e-16
9142.075 8.6364e-16
9143.600 8.7563e-16
9145.125 8.8263e-16
9146.650 8.7041e-16
9148.175 8.1651e-16
9149.700 7.4364e-16
9151.225 6.9269e-16
9152.750 6.7719e-16
9154.275 7.1881e-16
9155.800 7.7172e-16
9157.325 8.181e-16
9158.850 8.4835e-16
9160.375 8.5471e-16
9161.900 8.8733e-16
9163.425 9.0946e-16
9164.950 8.9744e-16
9166.475 8.6975e-16
9168.000 8.2979e-16
9169.525 7.9924e-16
9171.050 7.5794e-16
9172.575 7.1948e-16
9174.100 7.2612e-16
9175.625 7.778e-16
9177.150 8.3292e-16
9178.675 8.6417e-16
9180.200 8.5731e-16
9181.725 8.4164e-16
9183.250 8.3367e-16
9184.775 8.53e-16
9186.300 8.893e-16
9187.825 9.0719e-16
9189.350 9.0799e-16
9190.875 8.8887e-16
9192.400 8.4263e-16
9193.925 8.2292e-16
9195.450 8.4997e-16
9196.975 8.949e-16
9198.500 9.348e-16
9200.025 9.4614e-16
9201.550 9.2565e-16
9203.075 9.01e-16
9204.600 8.9173e-16
9206.125 8.9321e-16
9207.650 9.016e-16
9209.175 9.1039e-16
9210.700 8.9911e-16
9212.225 8.5721e-16
9213.750 8.3175e-16
9215.275 8.5783e-16
9216.800 8.8407e-16
9218.325 9.0498e-16
9219.850 9.3152e-16
9221.375 9.2626e-16
9222.900 9.2089e-16
9224.425 9.3307e-16
9225.950 9.45e-16
9227.475 9.4685e-16
9229.000 9.1864e-16
9230.525 8.9082e-16
9232.050 8.9823e-16
9233.575 9.0683e-16
9235.100 8.6912e-16
9236.625 8.7378e-16
9238.150 8.8652e-16
9239.675 8.6814e-16
9241.200 8.6177e-16
9242.725 8.5544e-16
9244.250 8.7203e-16
9245.775 9.016e-16
9247.300 9.0938e-16
9248.825 9.1464e-16
9250.350 9.2081e-16
9251.875 9.2594e-16
9253.400 9.4899e-16
9254.925 9.3749e-16
9256.450 9.2056e-16
9257.975 8.9756e-16
9259.500 8.88e-16
9261.025 8.901e-16
9262.550 9.2242e-16
9264.075 9.5856e-16
9265.600 9.5617e-16
9267.125 9.1444e-16
9268.650 8.8676e-16
9270.175 8.8032e-16
9271.700 8.8359e-16
9273.225 8.6429e-16
9274.750 8.1181e-16
9276.275 7.9422e-16
9277.800 8.0075e-16
9279.325 8.0597e-16
9280.850 7.922e-16
9282.375 7.8101e-16
9283.900 7.6393e-16
9285.425 7.7128e-16
9286.950 7.9112e-16
9288.475 8.0175e-16
9290.000 7.9094e-16
9291.525 7.6813e-16
9293.050 7.3893e-16
9294.575 7.015e-16
9296.100 6.8024e-16
9297.625 6.7291e-16
9299.150 6.7181e-16
9300.675 6.8654e-16
9302.200 7.2276e-16
9303.725 7.2103e-16
9305.250 6.6274e-16
9306.775 6.3179e-16
9308.300 6.5016e-16
9309.825 6.8483e-16
9311.350 6.8581e-16
9312.875 6.0477e-16
9314.400 5.2615e-16
9315.925 5.075e-16
9317.450 5.4576e-16
9318.975 5.839e-16
9320.500 5.4831e-16
9322.025 4.9253e-16
9323.550 4.8212e-16
9325.075 5.3182e-16
9326.600 6.0416e-16
9328.125 6.2008e-16
9329.650 5.7246e-16
9331.175 5.0429e-16
9332.700 4.5243e-16
9334.225 4.3446e-16
9335.750 4.4014e-16
9337.275 4.4482e-16
9338.800 4.1676e-16
9340.325 3.6265e-16
9341.850 3.2262e-16
9343.375 3.9044e-16
9344.900 5.4963e-16
9346.425 6.7252e-16
9347.950 7.0127e-16
9349.475 6.3754e-16
9351.000 5.313e-16
9352.525 4.5703e-16
9354.050 4.1732e-16
9355.575 4.2765e-16
9357.100 5.0083e-16
9358.625 5.9087e-16
9360.150 6.418e-16
9361.675 6.1048e-16
9363.200 5.5679e-16
9364.725 5.0561e-16
9366.250 4.5532e-16
9367.775 4.224e-16
9369.300 4.3095e-16
9370.825 5.1187e-16
9372.350 6.0955e-16
9373.875 6.0523e-16
9375.400 5.6126e-16
9376.925 4.8694e-16
9378.450 4.2637e-16
9379.975 4.741e-16
9381.500 5.7514e-16
9383.025 6.3135e-16
9384.550 6.5266e-16
9386.075 6.877e-16
9387.600 7.5121e-16
9389.125 8.0773e-16
9390.650 8.4126e-16
9392.175 8.5288e-16
9393.700 8.481e-16
9395.225 7.9967e-16
9396.750 7.3517e-16
9398.275 6.8721e-16
9399.800 6.757e-16
9401.325 6.9597e-16
9402.850 7.1009e-16
9404.375 7.213e-16
9405.900 7.0208e-16
9407.425 6.588e-16
9408.950 6.4887e-16
9410.475 6.7677e-16
9412.000 7.2973e-16
9413.525 7.5006e-16
9415.050 7.3916e-16
9416.575 7.4853e-16
9418.100 7.4972e-16
9419.625 7.5619e-16
9421.150 7.5589e-16
9422.675 7.0653e-16
9424.200 6.0387e-16
9425.725 4.9665e-16
9427.250 4.829e-16
9428.775 5.8711e-16
9430.300 7.2758e-16
9431.825 8.1893e-16
9433.350 8.0882e-16
9434.875 7.1902e-16
9436.400 6.0312e-16
9437.925 4.8982e-16
9439.450 4.2785e-16
9440.975 4.5288e-16
9442.500 5.4579e-16
9444.025 6.4626e-16
9445.550 7.0383e-16
9447.075 7.5278e-16
9448.600 7.9492e-16
9450.125 7.359e-16
9451.650 6.195e-16
9453.175 5.7145e-16
9454.700 5.5766e-16
9456.225 5.3208e-16
9457.750 5.2273e-16
9459.275 5.5268e-16
9460.800 6.1321e-16
9462.325 6.6027e-16
9463.850 6.5873e-16
9465.375 6.2715e-16
9466.900 6.2154e-16
9468.425 6.4806e-16
9469.950 6.5946e-16
9471.475 6.4756e-16
9473.000 6.5014e-16
9474.525 6.6073e-16
9476.050 6.3417e-16
9477.575 5.7525e-16
9479.100 5.2075e-16
9480.625 5.3578e-16
9482.150 6.2147e-16
9483.675 7.0792e-16
9485.200 7.5569e-16
9486.725 7.8488e-16
9488.250 7.928e-16
9489.775 7.242e-16
9491.300 6.0113e-16
9492.825 5.2494e-16
9494.350 4.9961e-16
9495.875 4.7115e-16
9497.400 4.4002e-16
9498.925 4.7073e-16
9500.450 5.5434e-16
9501.975 6.4695e-16
9503.500 7.4235e-16
9505.025 7.9245e-16
9506.550 7.9799e-16
9508.075 8.1564e-16
9509.600 8.0406e-16
9511.125 7.5624e-16
9512.650 6.9354e-16
9514.175 6.0776e-16
9515.700 5.4002e-16
9517.225 5.078e-16
9518.750 4.9253e-16
9520.275 5.1757e-16
9521.800 5.6408e-16
9523.325 6.0249e-16
9524.850 6.0193e-16
9526.375 6.0136e-16
9527.900 6.3081e-16
9529.425 6.8598e-16
9530.950 7.3003e-16
9532.475 7.1913e-16
9534.000 7.0177e-16
9535.525 7.0668e-16
9537.050 7.0809e-16
9538.575 6.79e-16
9540.100 6.2616e-16
9541.625 5.9795e-16
9543.150 5.9796e-16
9544.675 6.1829e-16
9546.200 6.6137e-16
9547.725 7.0718e-16
9549.250 6.9139e-16
9550.775 6.2316e-16
9552.300 5.6238e-16
9553.825 5.2141e-16
9555.350 5.4733e-16
9556.875 6.3925e-16
9558.400 6.9303e-16
9559.925 6.6933e-16
9561.450 6.1132e-16
9562.975 5.5902e-16
9564.500 5.4579e-16
9566.025 5.7021e-16
9567.550 6.1677e-16
9569.075 6.7216e-16
9570.600 7.3234e-16
9572.125 7.9052e-16
9573.650 8.0826e-16
9575.175 7.7416e-16
9576.700 6.8896e-16
9578.225 6.1338e-16
9579.750 6.2046e-16
9581.275 6.7345e-16
9582.800 7.1271e-16
9584.325 7.0191e-16
9585.850 6.2082e-16
9587.375 5.2357e-16
9588.900 4.8581e-16
9590.425 5.2113e-16
9591.950 5.6737e-16
9593.475 5.9506e-16
9595.000 6.1758e-16
9596.525 6.4835e-16
9598.050 6.8e-16
9599.575 6.9805e-16
9601.100 6.7738e-16
9602.625 6.343e-16
9604.150 6.2396e-16
9605.675 6.2803e-16
9607.200 6.7166e-16
9608.725 7.3435e-16
9610.250 7.5538e-16
9611.775 7.3258e-16
9613.300 7.2288e-16
9614.825 7.0782e-16
9616.350 6.8413e-16
9617.875 6.4938e-16
9619.400 6.1654e-16
9620.925 6.0677e-16
9622.450 6.1474e-16
9623.975 6.4125e-16
9625.500 6.8472e-16
9627.025 7.2749e-16
9628.550 7.8592e-16
9630.075 8.2389e-16
9631.600 7.8916e-16
9633.125 6.9597e-16
9634.650 6.1803e-16
9636.175 6.0458e-16
9637.700 6.4068e-16
9639.225 6.924e-16
9640.750 7.095e-16
9642.275 6.7425e-16
9643.800 6.5608e-16
9645.325 6.6477e-16
9646.850 6.9083e-16
9648.375 7.3852e-16
9649.900 7.3817e-16
9651.425 7.2383e-16
9652.950 7.4865e-16
9654.475 7.7187e-16
9656.000 7.4269e-16
9657.525 6.9364e-16
9659.050 6.5655e-16
9660.575 6.2329e-16
9662.100 6.3062e-16
9663.625 6.7985e-16
9665.150 7.0819e-16
9666.675 7.2085e-16
9668.200 7.4585e-16
9669.725 7.6735e-16
9671.250 7.8801e-16
9672.775 8.2528e-16
9674.300 8.5352e-16
9675.825 8.1467e-16
9677.350 7.6564e-16
9678.875 7.6198e-16
9680.400 7.6905e-16
9681.925 7.8296e-16
9683.450 8.1289e-16
9684.975 8.2988e-16
9686.500 8.2808e-16
9688.025 8.3435e-16
9689.550 8.1574e-16
9691.075 7.9657e-16
9692.600 8.068e-16
9694.125 8.3766e-16
9695.650 8.3596e-16
9697.175 7.9927e-16
9698.700 7.6512e-16
9700.225 7.6331e-16
9701.750 7.9814e-16
9703.275 8.2193e-16
9704.800 8.2655e-16
9706.325 8.2679e-16
9707.850 8.3114e-16
9709.375 8.0996e-16
9710.900 7.8479e-16
9712.425 7.5999e-16
9713.950 7.5379e-16
9715.475 7.6754e-16
9717.000 7.8265e-16
9718.525 7.9564e-16
9720.050 7.8269e-16
9721.575 7.5682e-16
9723.100 7.484e-16
9724.625 7.7741e-16
9726.150 7.8499e-16
9727.675 7.8459e-16
9729.200 7.8539e-16
9730.725 7.7457e-16
9732.250 7.2824e-16
9733.775 6.7371e-16
9735.300 6.6886e-16
9736.825 6.8262e-16
9738.350 7.2288e-16
9739.875 7.4654e-16
9741.400 7.445e-16
9742.925 7.4976e-16
9744.450 7.4939e-16
9745.975 7.5318e-16
9747.500 7.673e-16
9749.025 7.4961e-16
9750.550 7.3636e-16
9752.075 7.2905e-16
9753.600 6.9815e-16
9755.125 6.7844e-16
9756.650 7.0198e-16
9758.175 7.3283e-16
9759.700 7.2948e-16
9761.225 7.1163e-16
9762.750 7.2285e-16
9764.275 7.5903e-16
9765.800 7.8446e-16
9767.325 7.871e-16
9768.850 7.9012e-16
9770.375 7.8324e-16
9771.900 7.5447e-16
9773.425 7.5026e-16
9774.950 7.5893e-16
9776.475 7.5978e-16
9778.000 7.4691e-16
9779.525 7.1972e-16
9781.050 7.2383e-16
9782.575 7.5167e-16
9784.100 7.551e-16
9785.625 7.3794e-16
9787.150 7.3485e-16
9788.675 7.2543e-16
9790.200 6.9859e-16
9791.725 7.0938e-16
9793.250 7.4239e-16
9794.775 7.4577e-16
9796.300 7.5094e-16
9797.825 7.4228e-16
9799.350 7.2042e-16
9800.875 7.5125e-16
9802.400 7.8657e-16
9803.925 7.9032e-16
9805.450 7.9755e-16
9806.975 8.1192e-16
9808.500 8.3293e-16
9810.025 8.3062e-16
9811.550 7.9325e-16
9813.075 7.7902e-16
9814.600 7.9133e-16
9816.125 7.9731e-16
9817.650 8.2013e-16
9819.175 8.5488e-16
9820.700 8.6232e-16
9822.225 8.3411e-16
9823.750 8.163e-16
9825.275 8.0077e-16
9826.800 7.8687e-16
9828.325 7.9128e-16
9829.850 7.7828e-16
9831.375 7.7858e-16
9832.900 7.972e-16
9834.425 8.3072e-16
9835.950 8.3664e-16
9837.475 8.2026e-16
9839.000 8.2095e-16
9840.525 8.011e-16
9842.050 7.8167e-16
9843.575 7.869e-16
9845.100 7.9518e-16
9846.625 7.8234e-16
9848.150 7.595e-16
9849.675 7.6845e-16
9851.200 8.0286e-16
9852.725 8.2984e-16
9854.250 8.3765e-16
9855.775 8.1891e-16
9857.300 7.9356e-16
9858.825 8.0904e-16
9860.350 8.1341e-16
9861.875 8.2901e-16
9863.400 8.4448e-16
9864.925 8.2524e-16
9866.450 8.0794e-16
9867.975 8.2947e-16
9869.500 8.3098e-16
9871.025 8.2023e-16
9872.550 8.2403e-16
9874.075 8.3747e-16
9875.600 8.4264e-16
9877.125 8.3226e-16
9878.650 8.3628e-16
9880.175 8.4223e-16
9881.700 8.4995e-16
9883.225 8.5256e-16
9884.750 8.4493e-16
9886.275 8.4598e-16
9887.800 8.4095e-16
9889.325 8.3195e-16
9890.850 8.5009e-16
9892.375 8.7074e-16
9893.900 8.6422e-16
9895.425 8.6488e-16
9896.950 8.4976e-16
9898.475 8.301e-16
9900.000 8.6569e-16
9901.525 8.9872e-16
9903.050 8.8653e-16
9904.575 8.6498e-16
9906.100 8.5893e-16
9907.625 8.4839e-16
9909.150 8.6232e-16
9910.675 8.9318e-16
9912.200 9.0474e-16
9913.725 9.006e-16
9915.250 8.9035e-16
9916.775 8.9148e-16
9918.300 8.8137e-16
9919.825 8.7214e-16
9921.350 8.8174e-16
9922.875 8.717e-16
9924.400 8.4898e-16
9925.925 8.5557e-16
9927.450 8.8216e-16
9928.975 9.0336e-16
9930.500 9.1364e-16
9932.025 9.056e-16
9933.550 9.1023e-16
9935.075 9.1092e-16
9936.600 9.082e-16
9938.125 9.4016e-16
9939.650 9.3279e-16
9941.175 9.2704e-16
9942.700 9.8295e-16
9944.225 9.9549e-16
9945.750 9.8678e-16
9947.275 9.7061e-16
9948.800 9.6612e-16
9950.325 9.6372e-16
9951.850 9.4551e-16
9953.375 9.5703e-16
9954.900 9.5336e-16
9956.425 9.5578e-16
9957.950 9.8726e-16
9959.475 9.9711e-16
9961.000 9.6621e-16
9962.525 9.3849e-16
9964.050 9.4326e-16
9965.575 9.3585e-16
9967.100 9.2562e-16
9968.625 9.3825e-16
9970.150 9.7243e-16
9971.675 9.6525e-16
9973.200 9.8822e-16
9974.725 1.0118e-15
9976.250 1.0357e-15
9977.775 1.0545e-15
9979.300 1.0042e-15
9980.825 9.7253e-16
9982.350 9.6985e-16
9983.875 9.9884e-16
9985.400 1.0146e-15
9986.925 9.9855e-16
9988.450 1.0188e-15
9989.975 1.0128e-15
9991.500 1.0139e-15
9993.025 1.0424e-15
9994.550 1.0564e-15
9996.075 1.0427e-15
9997.600 1.0449e-15
9999.125 1.0624e-15
10000.650 1.1041e-15
