3398.54785240634  8.949242E-15
3401.90151768919  7.899643E-15
3405.25518297204  8.526307E-15
3408.60884825488  9.136618E-15
3411.96251353773  8.538268E-15
3415.31617882058  8.734699E-15
3418.66984410343  8.913461E-15
3422.02350938627  9.668452E-15
3425.37717466912  8.658571E-15
3428.73083995197  8.698626E-15
3432.08450523481  8.674835E-15
3435.43817051766  8.635972E-15
3438.79183580051  8.833467E-15
3442.14550108335  9.087909E-15
3445.4991663662  9.188579E-15
3448.85283164905  8.954054E-15
3452.2064969319  9.745943E-15
3455.56016221474  9.273089E-15
3458.91382749759  8.584832E-15
3462.26749278044  9.112530E-15
3465.62115806328  9.303057E-15
3468.97482334613  8.672251E-15
3472.32848862898  8.894273E-15
3475.68215391182  8.382664E-15
3479.03581919467  8.194101E-15
3482.38948447752  7.833503E-15
3485.74314976037  7.616117E-15
3489.09681504321  7.533736E-15
3492.45048032606  7.920137E-15
3495.80414560891  7.551992E-15
3499.15781089175  7.362411E-15
3502.5114761746  7.301859E-15
3505.86514145745  7.549283E-15
3509.21880674029  7.082006E-15
3512.57247202314  7.783797E-15
3515.92613730599  7.799285E-15
3519.27980258884  7.925024E-15
3522.63346787168  7.786126E-15
3525.98713315453  7.890522E-15
3529.34079843738  7.807472E-15
3532.69446372022  7.758466E-15
3536.04812900307  7.831333E-15
3539.40179428592  7.930758E-15
3542.75545956877  7.755609E-15
3546.10912485161  7.551941E-15
3549.46279013446  7.765053E-15
3552.81645541731  7.871073E-15
3556.17012070015  7.899801E-15
3559.523785983  7.574105E-15
3562.87745126585  7.402302E-15
3566.23111654869  7.333600E-15
3569.58478183154  7.099845E-15
3572.93844711439  7.249208E-15
3576.29211239724  6.891995E-15
3579.64577768008  7.141818E-15
3582.99944296293  7.011409E-15
3586.35310824578  6.903333E-15
3589.70677352862  7.063656E-15
3593.06043881147  6.850620E-15
3596.41410409432  6.743275E-15
3599.76776937716  6.616642E-15
3603.12143466001  6.760474E-15
3606.47509994286  6.721788E-15
3609.8287652257  6.846755E-15
3613.18243050855  6.915335E-15
3616.5360957914  7.029702E-15
3619.88976107425  6.696883E-15
3623.24342635709  6.989001E-15
3626.59709163994  6.905774E-15
3629.95075692279  6.905716E-15
3633.30442220563  7.221560E-15
3636.65808748848  7.243026E-15
3640.01175277133  7.606082E-15
3643.36541805418  7.499211E-15
3646.71908333702  7.469243E-15
3650.07274861987  7.445905E-15
3653.42641390272  7.314725E-15
3656.78007918556  7.268594E-15
3660.13374446841  7.275463E-15
3663.48740975126  7.310109E-15
3666.8410750341  7.367423E-15
3670.19474031695  7.541499E-15
3673.5484055998  7.309076E-15
3676.90207088265  7.268723E-15
3680.25573616549  7.432716E-15
3683.60940144834  7.538863E-15
3686.96306673119  7.487056E-15
3690.31673201403  7.412956E-15
3693.67039729688  7.477002E-15
3697.02406257973  7.426427E-15
3700.37772786257  7.310197E-15
3703.73139314542  7.389676E-15
3707.08505842827  7.455793E-15
3710.43872371111  7.137667E-15
3713.79238899396  7.051141E-15
3717.14605427681  6.969892E-15
3720.49971955966  6.832567E-15
3723.8533848425  6.998556E-15
3727.20705012535  7.040421E-15
3730.5607154082  7.041550E-15
3733.91438069104  7.186955E-15
3737.26804597389  7.079992E-15
3740.62171125674  6.991264E-15
3743.97537653959  6.959963E-15
3747.32904182243  6.946942E-15
3750.68270710528  6.943124E-15
3754.03637238813  7.046667E-15
3757.39003767097  7.172032E-15
3760.74370295382  7.254762E-15
3764.09736823667  7.193653E-15
3767.45103351951  7.074875E-15
3770.80469880236  7.014053E-15
3774.15836408521  7.023579E-15
3777.51202936806  6.910789E-15
3780.8656946509  6.814380E-15
3784.21935993375  6.861185E-15
3787.5730252166  6.974319E-15
3790.92669049944  6.981955E-15
3794.28035578229  6.843505E-15
3797.63402106514  6.931519E-15
3800.98768634798  6.839191E-15
3804.34135163083  6.785585E-15
3807.69501691368  6.717048E-15
3811.04868219653  6.810031E-15
3814.40234747937  6.802143E-15
3817.75601276222  6.945270E-15
3821.10967804507  6.941015E-15
3824.46334332791  6.823095E-15
3827.81700861076  6.858389E-15
3831.17067389361  6.765722E-15
3834.52433917645  6.949918E-15
3837.8780044593  6.772183E-15
3841.23166974215  6.858973E-15
3844.585335025  6.987085E-15
3847.93900030784  6.801927E-15
3851.29266559069  6.907536E-15
3854.64633087354  6.789645E-15
3857.99999615638  6.798678E-15
3861.35366143923  6.860273E-15
3864.70732672208  6.872635E-15
3868.06099200492  6.787577E-15
3871.41465728777  6.817340E-15
3874.76832257062  6.926020E-15
3878.12198785347  6.925255E-15
3881.47565313631  6.935851E-15
3884.82931841916  6.962286E-15
3888.18298370201  6.889107E-15
3891.53664898485  6.888237E-15
3894.8903142677  6.632368E-15
3898.24397955055  6.702352E-15
3901.59764483339  6.572381E-15
3904.95131011624  6.627721E-15
3908.30497539909  6.598509E-15
3911.65864068194  6.483299E-15
3915.01230596478  6.388873E-15
3918.36597124763  6.254946E-15
3921.71963653048  6.263104E-15
3925.07330181332  6.135465E-15
3928.42696709617  6.066198E-15
3931.78063237902  6.052796E-15
3935.13429766186  5.980138E-15
3938.48796294471  5.994734E-15
3941.84162822756  6.091459E-15
3945.19529351041  6.002248E-15
3948.54895879325  5.896390E-15
3951.9026240761  5.949302E-15
3955.25628935895  6.106067E-15
3958.60995464179  6.032901E-15
3961.96361992464  6.018937E-15
3965.31728520749  6.004678E-15
3968.67095049034  6.014600E-15
3972.02461577318  6.274264E-15
3975.37828105603  6.314559E-15
3978.73194633888  6.306766E-15
3982.08561162172  6.454868E-15
3985.43927690457  6.525913E-15
3988.79294218742  6.491411E-15
3992.14660747026  6.540649E-15
3995.50027275311  6.597041E-15
3998.85393803596  6.590880E-15
4002.2076033188  6.588091E-15
4005.56126860165  6.461271E-15
4008.9149338845  6.589263E-15
4012.26859916735  6.741759E-15
4015.62226445019  6.704547E-15
4018.97592973304  6.663569E-15
4022.32959501589  6.737497E-15
4025.68326029873  6.769766E-15
4029.03692558158  6.645786E-15
4032.39059086443  6.715439E-15
4035.74425614727  6.902008E-15
4039.09792143012  6.857086E-15
4042.45158671297  6.790157E-15
4045.80525199581  6.852560E-15
4049.15891727866  6.654066E-15
4052.51258256151  6.620239E-15
4055.86624784436  6.743341E-15
4059.2199131272  6.728787E-15
4062.57357841005  6.874422E-15
4065.9272436929  6.826218E-15
4069.28090897574  6.848233E-15
4072.63457425859  6.865825E-15
4075.98823954144  6.717452E-15
4079.34190482429  6.638893E-15
4082.69557010713  6.581496E-15
4086.04923538998  6.533272E-15
4089.40290067283  6.503547E-15
4092.75656595567  6.390180E-15
4096.11023123852  6.309263E-15
4099.46389652137  6.199512E-15
4102.81756180421  6.357961E-15
4106.17122708706  6.320781E-15
4109.52489236991  6.290751E-15
4112.87855765276  6.289542E-15
4116.2322229356  6.228814E-15
4119.58588821845  6.263135E-15
4122.9395535013  6.182231E-15
4126.29321878414  6.142419E-15
4129.64688406699  6.223611E-15
4133.00054934984  6.212196E-15
4136.35421463269  6.114383E-15
4139.70787991553  6.103480E-15
4143.06154519838  6.169462E-15
4146.41521048123  6.070946E-15
4149.76887576407  6.158817E-15
4153.12254104692  6.112104E-15
4156.47620632977  6.222591E-15
4159.82987161261  6.313972E-15
4163.18353689546  6.251564E-15
4166.53720217831  6.283101E-15
4169.89086746116  6.260731E-15
4173.244532744  6.263270E-15
4176.59819802685  6.274275E-15
4179.9518633097  6.336476E-15
4183.30552859254  6.414639E-15
4186.65919387539  6.431688E-15
4190.01285915824  6.358155E-15
4193.36652444108  6.390397E-15
4196.72018972393  6.392206E-15
4200.07385500678  6.362378E-15
4203.42752028963  6.427789E-15
4206.78118557247  6.399922E-15
4210.13485085532  6.432027E-15
4213.48851613817  6.382510E-15
4216.84218142101  6.305577E-15
4220.19584670386  6.322626E-15
4223.54951198671  6.346286E-15
4226.90317726955  6.223578E-15
4230.2568425524  6.138204E-15
4233.61050783525  6.023521E-15
4236.96417311809  5.968151E-15
4240.31783840094  5.919724E-15
4243.67150368379  5.848574E-15
4247.02516896663  5.754798E-15
4250.37883424948  5.732957E-15
4253.73249953233  5.663172E-15
4257.08616481518  5.676663E-15
4260.43983009802  5.578743E-15
4263.79349538087  5.522223E-15
4267.14716066372  5.531007E-15
4270.50082594656  5.534157E-15
4273.85449122941  5.440613E-15
4277.20815651226  5.521343E-15
4280.56182179511  5.510222E-15
4283.91548707795  5.540543E-15
4287.2691523608  5.509574E-15
4290.62281764365  5.524736E-15
4293.97648292649  5.533827E-15
4297.33014820934  5.512493E-15
4300.68381349219  5.526756E-15
4304.03747877503  5.468322E-15
4307.39114405788  5.468817E-15
4310.74480934073  5.417244E-15
4314.09847462358  5.480437E-15
4317.45213990642  5.410384E-15
4320.80580518927  5.388464E-15
4324.15947047212  5.394785E-15
4327.51313575496  5.361606E-15
4330.86680103781  5.367744E-15
4334.22046632066  5.282817E-15
4337.57413160351  5.111515E-15
4340.92779688635  5.070074E-15
4344.2814621692  5.109689E-15
4347.63512745205  5.096272E-15
4350.98879273489  4.960869E-15
4354.34245801774  4.892288E-15
4357.69612330059  4.851304E-15
4361.04978858343  4.870557E-15
4364.40345386628  4.834523E-15
4367.75711914913  4.730070E-15
4371.11078443198  4.773860E-15
4374.46444971482  4.802082E-15
4377.81811499767  4.785070E-15
4381.17178028052  4.757113E-15
4384.52544556336  4.766398E-15
4387.87911084621  4.793962E-15
4391.23277612906  4.731384E-15
4394.58644141191  4.744837E-15
4397.94010669475  4.726212E-15
4401.2937719776  4.733152E-15
4404.64743726045  4.815171E-15
4408.00110254329  4.795863E-15
4411.35476782614  4.769827E-15
4414.70843310899  4.809606E-15
4418.06209839183  4.829551E-15
4421.41576367468  4.720470E-15
4424.76942895753  4.760367E-15
4428.12309424038  4.795236E-15
4431.47675952322  4.757010E-15
4434.83042480607  4.757557E-15
4438.18409008892  4.733375E-15
4441.53775537176  4.788671E-15
4444.89142065461  4.782131E-15
4448.24508593746  4.815941E-15
4451.5987512203  4.825404E-15
4454.95241650315  4.853294E-15
4458.306081786  4.843449E-15
4461.65974706884  4.912203E-15
4465.01341235169  4.930572E-15
4468.36707763454  4.904481E-15
4471.72074291739  4.912206E-15
4475.07440820023  4.879375E-15
4478.42807348308  4.917933E-15
4481.78173876593  4.969942E-15
4485.13540404877  5.056519E-15
4488.48906933162  5.144258E-15
4491.84273461447  5.128360E-15
4495.19639989731  5.147996E-15
4498.55006518016  5.083302E-15
4501.90373046301  5.067877E-15
4505.25739574586  5.092005E-15
4508.6110610287  5.062841E-15
4511.96472631155  5.012815E-15
4515.3183915944  5.039939E-15
4518.67205687724  4.952772E-15
4522.02572216009  4.972859E-15
4525.37938744294  4.920205E-15
4528.73305272578  4.840845E-15
4532.08671800863  4.848170E-15
4535.44038329148  4.812122E-15
4538.79404857433  4.762251E-15
4542.14771385717  4.719793E-15
4545.50137914002  4.619157E-15
4548.85504442287  4.599641E-15
4552.20870970571  4.530274E-15
4555.56237498856  4.417935E-15
4558.91604027141  4.465733E-15
4562.26970555425  4.444401E-15
4565.6233708371  4.357655E-15
4568.97703611995  4.345633E-15
4572.33070140279  4.372761E-15
4575.68436668564  4.411412E-15
4579.03803196849  4.413217E-15
4582.39169725134  4.383740E-15
4585.74536253418  4.345279E-15
4589.09902781703  4.390782E-15
4592.45269309988  4.439081E-15
4595.80635838272  4.484104E-15
4599.16002366557  4.451449E-15
4602.51368894842  4.461585E-15
4605.86735423127  4.504292E-15
4609.22101951411  4.488920E-15
4612.57468479696  4.512529E-15
4615.92835007981  4.544004E-15
4619.28201536265  4.574183E-15
4622.6356806455  4.488363E-15
4625.98934592835  4.497433E-15
4629.34301121119  4.526384E-15
4632.69667649404  4.491240E-15
4636.05034177689  4.480110E-15
4639.40400705974  4.523253E-15
4642.75767234258  4.477223E-15
4646.11133762543  4.448221E-15
4649.46500290828  4.461834E-15
4652.81866819112  4.386225E-15
4656.17233347397  4.406770E-15
4659.52599875682  4.395447E-15
4662.87966403967  4.357546E-15
4666.23332932251  4.347284E-15
4669.58699460536  4.330850E-15
4672.94065988821  4.282261E-15
4676.29432517105  4.305789E-15
4679.6479904539  4.365190E-15
4683.00165573675  4.356874E-15
4686.35532101959  4.354829E-15
4689.70898630244  4.365110E-15
4693.06265158529  4.395512E-15
4696.41631686813  4.360701E-15
4699.76998215098  4.332244E-15
4703.12364743383  4.367650E-15
4706.47731271668  4.352724E-15
4709.83097799952  4.377810E-15
4713.18464328237  4.363294E-15
4716.53830856522  4.327438E-15
4719.89197384806  4.407859E-15
4723.24563913091  4.415466E-15
4726.59930441376  4.349900E-15
4729.95296969661  4.347505E-15
4733.30663497945  4.328185E-15
4736.6603002623  4.314220E-15
4740.01396554515  4.334690E-15
4743.36763082799  4.379133E-15
4746.72129611084  4.346581E-15
4750.07496139369  4.341745E-15
4753.42862667653  4.394976E-15
4756.78229195938  4.369581E-15
4760.13595724223  4.367560E-15
4763.48962252508  4.356889E-15
4766.84328780792  4.335154E-15
4770.19695309077  4.334245E-15
4773.55061837362  4.345489E-15
4776.90428365646  4.317565E-15
4780.25794893931  4.377351E-15
4783.61161422216  4.386571E-15
4786.965279505  4.291221E-15
4790.31894478785  4.291174E-15
4793.6726100707  4.293017E-15
4797.02627535354  4.299959E-15
4800.37994063639  4.293095E-15
4803.73360591924  4.244475E-15
4807.08727120209  4.220576E-15
4810.44093648493  4.234071E-15
4813.79460176778  4.176943E-15
4817.14826705063  4.153061E-15
4820.50193233347  4.162647E-15
4823.85559761632  4.146986E-15
4827.20926289917  4.139898E-15
4830.56292818201  4.131272E-15
4833.91659346486  4.107126E-15
4837.27025874771  4.122324E-15
4840.62392403056  4.137691E-15
4843.9775893134  4.115205E-15
4847.33125459625  4.107786E-15
4850.6849198791  4.092906E-15
4854.03858516194  4.085111E-15
4857.39225044479  4.120232E-15
4860.74591572764  4.077252E-15
4864.09958101049  4.040578E-15
4867.45324629333  4.089611E-15
4870.80691157618  4.081496E-15
4874.16057685903  4.018716E-15
4877.51424214187  4.047760E-15
4880.86790742472  4.048111E-15
4884.22157270757  3.980170E-15
4887.57523799041  3.944205E-15
4890.92890327326  3.987162E-15
4894.28256855611  3.974498E-15
4897.63623383896  3.962118E-15
4900.9898991218  3.934513E-15
4904.34356440465  3.923540E-15
4907.6972296875  3.918008E-15
4911.05089497034  3.899126E-15
4914.40456025319  3.874218E-15
4917.75822553604  3.846685E-15
4921.11189081888  3.868137E-15
4924.46555610173  3.855057E-15
4927.81922138458  3.843628E-15
4931.17288666742  3.840261E-15
4934.52655195027  3.807876E-15
4937.88021723312  3.775575E-15
4941.23388251597  3.798950E-15
4944.58754779881  3.797145E-15
4947.94121308166  3.813816E-15
4951.29487836451  3.761333E-15
4954.64854364735  3.803771E-15
4958.0022089302  3.788347E-15
4961.35587421305  3.789620E-15
4964.7095394959  3.767328E-15
4968.06320477874  3.753333E-15
4971.41687006159  3.740066E-15
4974.77053534444  3.720870E-15
4978.12420062728  3.743603E-15
4981.47786591013  3.745708E-15
4984.83153119298  3.742251E-15
4988.18519647582  3.681732E-15
4991.53886175867  3.690512E-15
4994.89252704152  3.651670E-15
4998.24619232436  3.630106E-15
5001.59985760721  3.609480E-15
5004.95352289006  3.654674E-15
5008.30718817291  3.635524E-15
5011.66085345575  3.580695E-15
5015.0145187386  3.589685E-15
5018.36818402145  3.545164E-15
5021.72184930429  3.524596E-15
5025.07551458714  3.553973E-15
5028.42917986999  3.528141E-15
5031.78284515283  3.504558E-15
5035.13651043568  3.498944E-15
5038.49017571853  3.487100E-15
5041.84384100138  3.535616E-15
5045.19750628422  3.559473E-15
5048.55117156707  3.526226E-15
5051.90483684992  3.497536E-15
5055.25850213277  3.534384E-15
5058.61216741561  3.564532E-15
5061.96583269846  3.549087E-15
5065.31949798131  3.524735E-15
5068.67316326415  3.550238E-15
5072.026828547  3.570978E-15
5075.38049382985  3.566773E-15
5078.73415911269  3.580805E-15
5082.08782439554  3.560944E-15
5085.44148967839  3.541031E-15
5088.79515496123  3.584094E-15
5092.14882024408  3.584990E-15
5095.50248552693  3.558584E-15
5098.85615080978  3.526907E-15
5102.20981609262  3.513055E-15
5105.56348137547  3.549394E-15
5108.91714665832  3.510149E-15
5112.27081194116  3.475808E-15
5115.62447722401  3.486766E-15
5118.97814250686  3.496852E-15
5122.3318077897  3.508787E-15
5125.68547307255  3.488546E-15
5129.0391383554  3.490743E-15
5132.39280363825  3.484782E-15
5135.74646892109  3.454706E-15
5139.10013420394  3.438760E-15
5142.45379948679  3.421652E-15
5145.80746476963  3.390131E-15
5149.16113005248  3.428671E-15
5152.51479533533  3.433384E-15
5155.86846061817  3.449648E-15
5159.22212590102  3.451928E-15
5162.57579118387  3.457068E-15
5165.92945646672  3.465284E-15
5169.28312174956  3.445930E-15
5172.63678703241  3.444092E-15
5175.99045231526  3.411138E-15
5179.3441175981  3.461527E-15
5182.69778288095  3.459234E-15
5186.0514481638  3.447520E-15
5189.40511344664  3.448904E-15
5192.75877872949  3.464703E-15
5196.11244401234  3.489329E-15
5199.46610929519  3.499191E-15
5202.81977457803  3.526354E-15
5206.17343986088  3.506041E-15
5209.52710514373  3.529341E-15
5212.88077042657  3.489164E-15
5216.23443570942  3.505340E-15
5219.58810099227  3.491702E-15
5222.94176627512  3.522532E-15
5226.29543155796  3.546639E-15
5229.64909684081  3.534051E-15
5233.00276212366  3.538427E-15
5236.3564274065  3.518181E-15
5239.71009268935  3.531029E-15
5243.0637579722  3.534342E-15
5246.41742325504  3.512990E-15
5249.77108853789  3.545672E-15
5253.12475382074  3.567200E-15
5256.47841910359  3.581631E-15
5259.83208438643  3.569204E-15
5263.18574966928  3.583934E-15
5266.53941495213  3.582160E-15
5269.89308023497  3.577100E-15
5273.24674551782  3.588016E-15
5276.60041080067  3.546880E-15
5279.95407608351  3.561137E-15
5283.30774136636  3.542686E-15
5286.66140664921  3.518893E-15
5290.01507193206  3.563780E-15
5293.3687372149  3.556779E-15
5296.72240249775  3.535150E-15
5300.0760677806  3.532869E-15
5303.42973306344  3.535232E-15
5306.78339834629  3.480699E-15
5310.13706362914  3.475451E-15
5313.49072891198  3.500215E-15
5316.84439419483  3.461038E-15
5320.19805947768  3.420569E-15
5323.55172476052  3.413898E-15
5326.90539004337  3.419030E-15
5330.25905532622  3.442842E-15
5333.61272060907  3.423308E-15
5336.96638589191  3.375883E-15
5340.32005117476  3.340323E-15
5343.67371645761  3.365680E-15
5347.02738174046  3.355539E-15
5350.3810470233  3.371057E-15
5353.73471230615  3.353650E-15
5357.088377589  3.339339E-15
5360.44204287184  3.332901E-15
5363.79570815469  3.306390E-15
5367.14937343753  3.307446E-15
5370.50303872038  3.312736E-15
5373.85670400323  3.275446E-15
5377.21036928608  3.279365E-15
5380.56403456892  3.267843E-15
5383.91769985177  3.227263E-15
5387.27136513462  3.249637E-15
5390.62503041747  3.256744E-15
5393.97869570031  3.172542E-15
5397.33236098316  3.157168E-15
5400.68602626601  3.146510E-15
5404.03969154885  3.117736E-15
5407.3933568317  3.077666E-15
5410.74702211455  3.064663E-15
5414.10068739739  3.071893E-15
5417.45435268024  3.033656E-15
5420.80801796309  3.019629E-15
5424.16168324594  3.015992E-15
5427.51534852878  3.018646E-15
5430.86901381163  3.014102E-15
5434.22267909448  2.981006E-15
5437.57634437732  2.955910E-15
5440.93000966017  2.904753E-15
5444.28367494302  2.909893E-15
5447.63734022586  2.886540E-15
5450.99100550871  2.897247E-15
5454.34467079156  2.877266E-15
5457.69833607441  2.877732E-15
5461.05200135725  2.858189E-15
5464.4056666401  2.878947E-15
5467.75933192295  2.872956E-15
5471.11299720579  2.856694E-15
5474.46666248864  2.840837E-15
5477.82032777149  2.864211E-15
5481.17399305433  2.881898E-15
5484.52765833718  2.845158E-15
5487.88132362003  2.829494E-15
5491.23498890287  2.839759E-15
5494.58865418572  2.873116E-15
5497.94231946857  2.878073E-15
5501.29598475142  2.879620E-15
5504.64965003426  2.885520E-15
5508.00331531711  2.883624E-15
5511.35698059996  2.886994E-15
5514.7106458828  2.912396E-15
5518.06431116565  2.897743E-15
5521.4179764485  2.871078E-15
5524.77164173135  2.902446E-15
5528.12530701419  2.911910E-15
5531.47897229704  2.904244E-15
5534.83263757989  2.887061E-15
5538.18630286273  2.867889E-15
5541.53996814558  2.892008E-15
5544.89363342843  2.896484E-15
5548.24729871127  2.842819E-15
5551.60096399412  2.828570E-15
5554.95462927697  2.862533E-15
5558.30829455981  2.855109E-15
5561.66195984266  2.860112E-15
5565.01562512551  2.860369E-15
5568.36929040836  2.799985E-15
5571.7229556912  2.774476E-15
5575.07662097405  2.795067E-15
5578.4302862569  2.784825E-15
5581.78395153974  2.729291E-15
5585.13761682259  2.737162E-15
5588.49128210544  2.729816E-15
5591.84494738829  2.726017E-15
5595.19861267113  2.691376E-15
5598.55227795398  2.654621E-15
5601.90594323683  2.662211E-15
5605.25960851967  2.676366E-15
5608.61327380252  2.666898E-15
5611.96693908537  2.654010E-15
5615.32060436822  2.645613E-15
5618.67426965106  2.625711E-15
5622.02793493391  2.599190E-15
5625.38160021675  2.579283E-15
5628.7352654996  2.580846E-15
5632.08893078245  2.567282E-15
5635.4425960653  2.571167E-15
5638.79626134814  2.573353E-15
5642.14992663099  2.592289E-15
5645.50359191384  2.589012E-15
5648.85725719668  2.584770E-15
5652.21092247953  2.585809E-15
5655.56458776238  2.570392E-15
5658.91825304522  2.573459E-15
5662.27191832807  2.571934E-15
5665.62558361092  2.586263E-15
5668.97924889377  2.579256E-15
5672.33291417661  2.543026E-15
5675.68657945946  2.570720E-15
5679.04024474231  2.555326E-15
5682.39391002515  2.529638E-15
5685.747575308  2.532842E-15
5689.10124059085  2.512377E-15
5692.4549058737  2.527785E-15
5695.80857115654  2.550386E-15
5699.16223643939  2.522980E-15
5702.51590172224  2.508483E-15
5705.86956700508  2.509792E-15
5709.22323228793  2.492966E-15
5712.57689757078  2.469769E-15
5715.93056285362  2.464013E-15
5719.28422813647  2.445469E-15
5722.63789341932  2.465758E-15
5725.99155870216  2.469541E-15
5729.34522398501  2.439102E-15
5732.69888926786  2.421253E-15
5736.05255455071  2.433002E-15
5739.40621983355  2.414240E-15
5742.7598851164  2.358812E-15
5746.11355039925  2.390893E-15
5749.4672156821  2.382793E-15
5752.82088096494  2.382533E-15
5756.17454624779  2.412018E-15
5759.52821153063  2.385265E-15
5762.88187681348  2.385068E-15
5766.23554209633  2.406967E-15
5769.58920737918  2.401056E-15
5772.94287266202  2.407382E-15
5776.29653794487  2.433003E-15
5779.65020322772  2.445404E-15
5783.00386851057  2.439384E-15
5786.35753379341  2.445392E-15
5789.71119907626  2.436958E-15
5793.06486435911  2.441886E-15
5796.41852964195  2.442359E-15
5799.7721949248  2.465285E-15
5803.12586020765  2.458005E-15
5806.47952549049  2.450857E-15
5809.83319077334  2.450983E-15
5813.18685605619  2.451580E-15
5816.54052133903  2.482210E-15
5819.89418662188  2.473139E-15
5823.24785190473  2.459072E-15
5826.60151718758  2.455414E-15
5829.95518247042  2.441855E-15
5833.30884775327  2.429474E-15
5836.66251303612  2.441895E-15
5840.01617831896  2.452485E-15
5843.36984360181  2.448093E-15
5846.72350888466  2.429689E-15
5850.0771741675  2.415720E-15
5853.43083945035  2.437088E-15
5856.7845047332  2.434215E-15
5860.13817001605  2.413511E-15
5863.49183529889  2.419654E-15
5866.84550058174  2.394053E-15
5870.19916586459  2.412889E-15
5873.55283114743  2.399324E-15
5876.90649643028  2.386837E-15
5880.26016171313  2.388275E-15
5883.61382699597  2.387591E-15
5886.96749227882  2.354213E-15
5890.32115756167  2.315613E-15
5893.67482284452  2.349525E-15
5897.02848812736  2.369583E-15
5900.38215341021  2.342374E-15
5903.73581869306  2.343098E-15
5907.0894839759  2.386380E-15
5910.44314925875  2.382020E-15
5913.7968145416  2.368333E-15
5917.15047982444  2.389927E-15
5920.50414510729  2.380807E-15
5923.85781039014  2.390386E-15
5927.21147567299  2.393921E-15
5930.56514095583  2.405228E-15
5933.91880623868  2.413920E-15
5937.27247152153  2.409468E-15
5940.62613680438  2.412464E-15
5943.97980208722  2.407480E-15
5947.33346737007  2.388953E-15
5950.68713265292  2.401477E-15
5954.04079793576  2.423806E-15
5957.39446321861  2.418016E-15
5960.74812850146  2.437303E-15
5964.1017937843  2.430625E-15
5967.45545906715  2.411197E-15
5970.80912435  2.422309E-15
5974.16278963284  2.416426E-15
5977.51645491569  2.409991E-15
5980.87012019854  2.404298E-15
5984.22378548139  2.392920E-15
5987.57745076423  2.422921E-15
5990.93111604708  2.424087E-15
5994.28478132993  2.416735E-15
5997.63844661277  2.405887E-15
6000.99211189562  2.389563E-15
6004.34577717847  2.384289E-15
6007.69944246131  2.402597E-15
6011.05310774416  2.397443E-15
6014.40677302701  2.362647E-15
6017.76043830986  2.385789E-15
6021.1141035927  2.384015E-15
6024.46776887555  2.383958E-15
6027.8214341584  2.368035E-15
6031.17509944124  2.379624E-15
6034.52876472409  2.386451E-15
6037.88243000694  2.344575E-15
6041.23609528978  2.312362E-15
6044.58976057263  2.311926E-15
6047.94342585548  2.319758E-15
6051.29709113833  2.297764E-15
6054.65075642117  2.279056E-15
6058.00442170402  2.285674E-15
6061.35808698687  2.273941E-15
6064.71175226971  2.283219E-15
6068.06541755256  2.264684E-15
6071.41908283541  2.259461E-15
6074.77274811825  2.277319E-15
6078.1264134011  2.271707E-15
6081.48007868395  2.256418E-15
6084.83374396679  2.247363E-15
6088.18740924964  2.242779E-15
6091.54107453249  2.227494E-15
6094.89473981534  2.222137E-15
6098.24840509818  2.211868E-15
6101.60207038103  2.206886E-15
6104.95573566388  2.204727E-15
6108.30940094673  2.195793E-15
6111.66306622957  2.216591E-15
6115.01673151242  2.188466E-15
6118.37039679527  2.187697E-15
6121.72406207811  2.185262E-15
6125.07772736096  2.160692E-15
6128.43139264381  2.152451E-15
6131.78505792665  2.166985E-15
6135.1387232095  2.144813E-15
6138.49238849235  2.131339E-15
6141.84605377519  2.134840E-15
6145.19971905804  2.123727E-15
6148.55338434089  2.101707E-15
6151.90704962374  2.105761E-15
6155.26071490658  2.141212E-15
6158.61438018943  2.137988E-15
6161.96804547228  2.114431E-15
6165.32171075512  2.128712E-15
6168.67537603797  2.119494E-15
6172.02904132082  2.095900E-15
6175.38270660366  2.079543E-15
6178.73637188651  2.078405E-15
6182.09003716936  2.064381E-15
6185.44370245221  2.080531E-15
6188.79736773505  2.108150E-15
6192.1510330179  2.108127E-15
6195.50469830075  2.060256E-15
6198.85836358359  2.050796E-15
6202.21202886644  2.051241E-15
6205.56569414929  2.052294E-15
6208.91935943213  2.051785E-15
6212.27302471498  2.038971E-15
6215.62668999783  2.022935E-15
6218.98035528068  2.028977E-15
6222.33402056352  2.033463E-15
6225.68768584637  2.012469E-15
6229.04135112922  2.032363E-15
6232.39501641206  2.022809E-15
6235.74868169491  1.998750E-15
6239.10234697776  1.998852E-15
6242.4560122606  1.974948E-15
6245.80967754345  1.971597E-15
6249.1633428263  1.957793E-15
6252.51700810914  1.970359E-15
6255.87067339199  1.957484E-15
6259.22433867484  1.935184E-15
6262.57800395769  1.908594E-15
6265.93166924053  1.884057E-15
6269.28533452338  1.869083E-15
6272.63899980623  1.850951E-15
6275.99266508907  1.845569E-15
6279.34633037192  1.820296E-15
6282.69999565477  1.767894E-15
6286.05366093762  1.776836E-15
6289.40732622046  1.799835E-15
6292.76099150331  1.797374E-15
6296.11465678616  1.796906E-15
6299.468322069  1.786722E-15
6302.82198735185  1.774394E-15
6306.1756526347  1.793818E-15
6309.52931791754  1.775197E-15
6312.88298320039  1.773778E-15
6316.23664848324  1.778842E-15
6319.59031376608  1.768934E-15
6322.94397904893  1.775862E-15
6326.29764433178  1.785969E-15
6329.65130961463  1.800463E-15
6333.00497489747  1.808066E-15
6336.35864018032  1.776167E-15
6339.71230546317  1.722591E-15
6343.06597074601  1.715452E-15
6346.41963602886  1.729729E-15
6349.77330131171  1.725673E-15
6353.12696659456  1.734722E-15
6356.4806318774  1.737262E-15
6359.83429716025  1.735072E-15
6363.1879624431  1.728820E-15
6366.54162772594  1.750639E-15
6369.89529300879  1.748359E-15
6373.24895829164  1.717715E-15
6376.60262357448  1.710960E-15
6379.95628885733  1.729666E-15
6383.30995414018  1.747838E-15
6386.66361942303  1.752531E-15
6390.01728470587  1.754709E-15
6393.37094998872  1.763824E-15
6396.72461527157  1.783998E-15
6400.07828055441  1.768412E-15
6403.43194583726  1.805349E-15
6406.78561112011  1.801000E-15
6410.13927640296  1.777842E-15
6413.4929416858  1.800513E-15
6416.84660696865  1.818398E-15
6420.2002722515  1.815639E-15
6423.55393753434  1.810156E-15
6426.90760281719  1.823251E-15
6430.26126810004  1.834988E-15
6433.61493338288  1.837710E-15
6436.96859866573  1.831339E-15
6440.32226394858  1.800729E-15
6443.67592923142  1.807392E-15
6447.02959451427  1.791577E-15
6450.38325979712  1.794667E-15
6453.73692507997  1.806395E-15
6457.09059036281  1.822549E-15
6460.44425564566  1.827415E-15
6463.79792092851  1.809865E-15
6467.15158621135  1.808911E-15
6470.5052514942  1.792566E-15
6473.85891677705  1.772834E-15
6477.2125820599  1.769055E-15
6480.56624734274  1.766093E-15
6483.91991262559  1.759436E-15
6487.27357790844  1.758704E-15
6490.62724319128  1.759947E-15
6493.98090847413  1.757271E-15
6497.33457375698  1.796092E-15
6500.68823903982  1.786343E-15
6504.04190432267  1.768021E-15
6507.39556960552  1.755567E-15
6510.74923488837  1.740539E-15
6514.10290017121  1.735731E-15
6517.45656545406  1.730131E-15
6520.8102307369  1.715320E-15
6524.16389601975  1.695774E-15
6527.5175613026  1.706839E-15
6530.87122658545  1.695823E-15
6534.22489186829  1.665252E-15
6537.57855715114  1.678126E-15
6540.93222243399  1.658627E-15
6544.28588771683  1.644100E-15
6547.63955299968  1.650356E-15
6550.99321828253  1.639597E-15
6554.34688356537  1.654697E-15
6557.70054884822  1.659198E-15
6561.05421413107  1.650711E-15
6564.40787941392  1.644114E-15
6567.76154469676  1.630046E-15
6571.11520997961  1.618798E-15
6574.46887526246  1.623379E-15
6577.82254054531  1.635336E-15
6581.17620582815  1.643710E-15
6584.529871111  1.634475E-15
6587.88353639384  1.625793E-15
6591.23720167669  1.644802E-15
6594.59086695954  1.649298E-15
6597.94453224239  1.672056E-15
6601.29819752523  1.676179E-15
6604.65186280808  1.684100E-15
6608.00552809093  1.671527E-15
6611.35919337378  1.677066E-15
6614.71285865662  1.672261E-15
6618.06652393947  1.661587E-15
6621.42018922232  1.682077E-15
6624.77385450516  1.708243E-15
6628.12751978801  1.695086E-15
6631.48118507086  1.677932E-15
6634.8348503537  1.684830E-15
6638.18851563655  1.676274E-15
6641.5421809194  1.679455E-15
6644.89584620224  1.708692E-15
6648.24951148509  1.711295E-15
6651.60317676794  1.701488E-15
6654.95684205079  1.681733E-15
6658.31050733363  1.695966E-15
6661.66417261648  1.727934E-15
6665.01783789933  1.732234E-15
6668.37150318217  1.733913E-15
6671.72516846502  1.738962E-15
6675.07883374787  1.736916E-15
6678.43249903071  1.739049E-15
6681.78616431356  1.741542E-15
6685.13982959641  1.747223E-15
6688.49349487926  1.768333E-15
6691.8471601621  1.787033E-15
6695.20082544495  1.762237E-15
6698.5544907278  1.779231E-15
6701.90815601064  1.778809E-15
6705.26182129349  1.772973E-15
6708.61548657634  1.776798E-15
6711.96915185919  1.777270E-15
6715.32281714203  1.773634E-15
6718.67648242488  1.787148E-15
6722.03014770773  1.784732E-15
6725.38381299057  1.776495E-15
6728.73747827342  1.794136E-15
6732.09114355627  1.788764E-15
6735.44480883911  1.789353E-15
6738.79847412196  1.788866E-15
6742.15213940481  1.794290E-15
6745.50580468766  1.784422E-15
6748.8594699705  1.809793E-15
6752.21313525335  1.846714E-15
6755.5668005362  1.876870E-15
6758.92046581904  1.863583E-15
6762.27413110189  1.845061E-15
6765.62779638474  1.825374E-15
6768.98146166758  1.803777E-15
6772.33512695043  1.793127E-15
6775.68879223328  1.779170E-15
6779.04245751613  1.794381E-15
6782.39612279897  1.795870E-15
6785.74978808182  1.765832E-15
6789.10345336467  1.738161E-15
6792.45711864751  1.734048E-15
6795.81078393036  1.713356E-15
6799.16444921321  1.725955E-15
6802.51811449605  1.741145E-15
6805.8717797789  1.711096E-15
6809.22544506175  1.699353E-15
6812.5791103446  1.712852E-15
6815.93277562744  1.711386E-15
6819.28644091029  1.714765E-15
6822.64010619314  1.718824E-15
6825.99377147598  1.719689E-15
6829.34743675883  1.718557E-15
6832.70110204168  1.690790E-15
6836.05476732452  1.680611E-15
6839.40843260737  1.671793E-15
6842.76209789022  1.677534E-15
6846.11576317306  1.669506E-15
6849.46942845591  1.651229E-15
6852.82309373876  1.662254E-15
6856.17675902161  1.639665E-15
6859.53042430445  1.553407E-15
6862.8840895873  1.509529E-15
6866.23775487015  1.639071E-15
6869.591420153  1.864075E-15
6872.94508543584  1.844414E-15
6876.29875071869  1.668403E-15
6879.65241600153  1.583868E-15
6883.00608128438  1.580812E-15
6886.35974656723  1.601065E-15
6889.71341185008  1.601029E-15
6893.06707713292  1.624596E-15
6896.42074241577  1.630173E-15
6899.77440769862  1.617468E-15
6903.12807298147  1.611096E-15
6906.48173826431  1.592895E-15
6909.83540354716  1.573680E-15
6913.18906883001  1.559374E-15
6916.54273411285  1.559391E-15
6919.8963993957  1.558399E-15
6923.25006467855  1.576574E-15
6926.60372996139  1.609873E-15
6929.95739524424  1.590776E-15
6933.31106052709  1.587464E-15
6936.66472580993  1.585558E-15
6940.01839109278  1.603219E-15
6943.37205637563  1.606047E-15
6946.72572165847  1.594054E-15
6950.07938694132  1.586783E-15
6953.43305222417  1.536369E-15
6956.78671750702  1.527318E-15
6960.14038278986  1.540704E-15
6963.49404807271  1.496693E-15
6966.84771335556  1.523651E-15
6970.2013786384  1.500045E-15
6973.55504392125  1.462775E-15
6976.9087092041  1.431433E-15
6980.26237448695  1.448682E-15
6983.61603976979  1.470276E-15
6986.96970505264  1.471553E-15
6990.32337033549  1.473011E-15
6993.67703561833  1.431277E-15
6997.03070090118  1.429515E-15
7000.38436618403  1.452994E-15
7003.73803146687  1.441458E-15
7007.09169674972  1.434036E-15
7010.44536203257  1.451004E-15
7013.79902731542  1.454532E-15
7017.15269259826  1.443095E-15
7020.50635788111  1.415864E-15
7023.86002316396  1.415387E-15
7027.2136884468  1.426943E-15
7030.56735372965  1.421934E-15
7033.9210190125  1.407144E-15
7037.27468429534  1.398522E-15
7040.62834957819  1.406816E-15
7043.98201486104  1.408292E-15
7047.33568014389  1.398264E-15
7050.68934542673  1.423129E-15
7054.04301070958  1.421263E-15
7057.39667599243  1.410133E-15
7060.75034127527  1.398648E-15
7064.10400655812  1.388832E-15
7067.45767184097  1.412902E-15
7070.81133712382  1.414625E-15
7074.16500240666  1.405238E-15
7077.51866768951  1.395650E-15
7080.87233297236  1.379457E-15
7084.2259982552  1.401133E-15
7087.57966353805  1.408735E-15
7090.9333288209  1.418754E-15
7094.28699410374  1.381344E-15
7097.64065938659  1.376114E-15
7100.99432466944  1.381077E-15
7104.34798995229  1.363842E-15
7107.70165523513  1.379679E-15
7111.05532051798  1.385048E-15
7114.40898580082  1.375679E-15
7117.76265108367  1.384026E-15
7121.11631636652  1.384629E-15
7124.46998164937  1.379793E-15
7127.82364693222  1.385172E-15
7131.17731221506  1.374622E-15
7134.53097749791  1.367747E-15
7137.88464278075  1.355565E-15
7141.2383080636  1.344828E-15
7144.59197334645  1.361095E-15
7147.9456386293  1.358378E-15
7151.29930391214  1.419419E-15
7154.65296919499  1.402024E-15
7158.00663447784  1.312966E-15
7161.36029976068  1.296922E-15
7164.71396504353  1.321677E-15
7168.06763032638  1.387318E-15
7171.42129560922  1.444992E-15
7174.77496089207  1.505320E-15
7178.12862617492  1.512707E-15
7181.48229145777  1.502676E-15
7184.83595674061  1.506832E-15
7188.18962202346  1.501795E-15
7191.54328730631  1.452639E-15
7194.89695258915  1.487099E-15
7198.250617872  1.497252E-15
7201.60428315485  1.516346E-15
7204.95794843769  1.489791E-15
7208.31161372054  1.365000E-15
7211.66527900339  1.277142E-15
7215.01894428624  1.254749E-15
7218.37260956908  1.279162E-15
7221.72627485193  1.317733E-15
7225.07994013478  1.282500E-15
7228.43360541762  1.296353E-15
7231.78727070047  1.366934E-15
7235.14093598332  1.354418E-15
7238.49460126616  1.332825E-15
7241.84826654901  1.327799E-15
7245.20193183186  1.285269E-15
7248.55559711471  1.261805E-15
7251.90926239755  1.299767E-15
7255.2629276804  1.317706E-15
7258.61659296325  1.356844E-15
7261.97025824609  1.409146E-15
7265.32392352894  1.379560E-15
7268.67758881179  1.324190E-15
7272.03125409463  1.352657E-15
7275.38491937748  1.469919E-15
7278.73858466033  1.465774E-15
7282.09224994318  1.384544E-15
7285.44591522602  1.322599E-15
7288.79958050887  1.384114E-15
7292.15324579172  1.378964E-15
7295.50691107457  1.309110E-15
7298.86057635741  1.370081E-15
7302.21424164026  1.355596E-15
7305.56790692311  1.329253E-15
7308.92157220595  1.348735E-15
7312.2752374888  1.356259E-15
7315.62890277165  1.312824E-15
7318.98256805449  1.301246E-15
7322.33623333734  1.282971E-15
7325.68989862019  1.266589E-15
7329.04356390303  1.302506E-15
7332.39722918588  1.291898E-15
7335.75089446873  1.258329E-15
7339.10455975157  1.283341E-15
7342.45822503442  1.307513E-15
7345.81189031727  1.285836E-15
7349.16555560011  1.287327E-15
7352.51922088296  1.287691E-15
7355.87288616581  1.284211E-15
7359.22655144866  1.274034E-15
7362.5802167315  1.273066E-15
7365.93388201435  1.294497E-15
7369.2875472972  1.288474E-15
7372.64121258005  1.262362E-15
7375.99487786289  1.293079E-15
7379.34854314574  1.339206E-15
7382.70220842859  1.297265E-15
7386.05587371143  1.307279E-15
7389.40953899428  1.323150E-15
7392.76320427713  1.316303E-15
7396.11686955997  1.311072E-15
7399.47053484282  1.316110E-15
7402.82420012567  1.308297E-15
7406.17786540851  1.300762E-15
7409.53153069136  1.319434E-15
7412.88519597421  1.325197E-15
7416.23886125706  1.321762E-15
7419.5925265399  1.306153E-15
7422.94619182275  1.341624E-15
7426.2998571056  1.321302E-15
7429.65352238844  1.309788E-15
7433.00718767129  1.352527E-15
7436.36085295414  1.341963E-15
7439.71451823698  1.314929E-15
7443.06818351983  1.335417E-15
7446.42184880268  1.341099E-15
7449.77551408553  1.325870E-15
7453.12917936837  1.319277E-15
7456.48284465122  1.321875E-15
7459.83650993407  1.321420E-15
7463.19017521691  1.289978E-15
7466.54384049976  1.293948E-15
7469.89750578261  1.285466E-15
7473.25117106545  1.296045E-15
7476.6048363483  1.306974E-15
7479.95850163115  1.281371E-15
7483.312166914  1.254579E-15
7486.66583219684  1.258991E-15
7490.01949747969  1.272670E-15
7493.37316276254  1.267692E-15
7496.72682804538  1.292527E-15
7500.08049332823  1.281848E-15
7503.43415861108  1.261045E-15
7506.78782389393  1.252021E-15
7510.14148917677  1.249856E-15
7513.49515445962  1.216027E-15
7516.84881974247  1.220169E-15
7520.20248502531  1.237306E-15
7523.55615030816  1.221588E-15
7526.90981559101  1.238219E-15
7530.26348087385  1.221316E-15
7533.6171461567  1.213703E-15
7536.97081143955  1.241778E-15
7540.3244767224  1.242464E-15
7543.67814200524  1.174278E-15
7547.03180728809  1.161223E-15
7550.38547257094  1.197365E-15
7553.73913785378  1.201240E-15
7557.09280313663  1.195222E-15
7560.44646841948  1.197936E-15
7563.80013370232  1.165565E-15
7567.15379898517  1.129102E-15
7570.50746426802  1.133753E-15
7573.86112955087  1.145124E-15
7577.21479483371  1.163969E-15
7580.56846011656  1.156865E-15
7583.92212539941  1.097879E-15
7587.27579068225  1.007058E-15
7590.6294559651  9.696085E-16
7593.98312124795  1.063490E-15
7597.33678653079  1.192441E-15
7600.69045181364  1.042987E-15
%7604.04411709649  6.222593E-16
%7607.39778237934  8.353777E-16
%7610.75144766218  1.217275E-15
%7614.10511294503  9.263436E-16
%7617.45877822788  7.488465E-16
%7620.81244351072  8.242347E-16
7624.16610879357  1.015228E-15
7627.51977407642  1.060965E-15
7630.87343935926  9.332658E-16
7634.22710464211  9.277580E-16
7637.58076992496  1.027015E-15
7640.93443520781  1.042103E-15
7644.28810049065  1.036041E-15
7647.6417657735  1.050111E-15
7650.99543105635  9.983079E-16
7654.34909633919  9.832370E-16
7657.70276162204  9.484622E-16
7661.05642690489  9.349963E-16
7664.41009218774  9.299456E-16
7667.76375747058  9.434913E-16
7671.11742275343  9.859179E-16
7674.47108803628  9.981892E-16
7677.82475331912  1.034688E-15
7681.17841860197  1.043997E-15
7684.53208388482  9.796848E-16
7687.88574916766  9.549768E-16
7691.23941445051  9.243305E-16
7694.59307973336  9.305894E-16
7697.94674501621  9.479776E-16
7701.30041029905  9.310372E-16
7704.6540755819  9.123714E-16
7708.00774086474  9.040512E-16
7711.36140614759  8.878310E-16
7714.71507143044  8.866592E-16
7718.06873671329  9.027115E-16
7721.42240199613  8.957841E-16
7724.77606727898  8.632696E-16
7728.12973256183  8.462356E-16
7731.48339784467  8.559090E-16
7734.83706312752  8.636385E-16
7738.19072841037  8.516737E-16
7741.54439369322  8.189174E-16
7744.89805897606  8.041138E-16
7748.25172425891  8.043571E-16
7751.60538954176  8.223274E-16
7754.9590548246  8.489823E-16
7758.31272010745  8.376579E-16
7761.6663853903  8.408727E-16
7765.02005067315  8.083038E-16
7768.37371595599  8.138737E-16
7771.72738123884  8.344530E-16
7775.08104652168  8.385486E-16
7778.43471180453  8.541002E-16
7781.78837708738  8.488309E-16
7785.14204237023  8.325597E-16
7788.49570765307  8.626302E-16
7791.84937293592  8.623117E-16
7795.20303821877  8.175803E-16
7798.55670350162  8.423912E-16
7801.91036878446  8.664370E-16
7805.26403406731  8.715225E-16
7808.61769935015  8.704714E-16
7811.971364633  8.940304E-16
7815.32502991585  8.920610E-16
7818.6786951987  8.828962E-16
7822.03236048154  8.822330E-16
7825.38602576439  8.587522E-16
7828.73969104724  8.809308E-16
7832.09335633008  8.820642E-16
7835.44702161293  8.887073E-16
7838.80068689578  8.790645E-16
7842.15435217863  8.956153E-16
7845.50801746147  9.095075E-16
7848.86168274432  9.113146E-16
7852.21534802717  9.059750E-16
7855.56901331001  9.052872E-16
7858.92267859286  9.183018E-16
7862.27634387571  9.168176E-16
7865.63000915856  9.016331E-16
7868.9836744414  8.949425E-16
7872.33733972425  8.752394E-16
7875.6910050071  9.119379E-16
7879.04467028994  8.974206E-16
7882.39833557279  8.978528E-16
7885.75200085564  9.103075E-16
7889.10566613848  9.062687E-16
7892.45933142133  9.116694E-16
7895.81299670418  9.202020E-16
7899.16666198703  9.094849E-16
7902.52032726987  8.878192E-16
7905.87399255272  9.168041E-16
7909.22765783557  9.125269E-16
7912.58132311841  9.050937E-16
7915.93498840126  8.932597E-16
7919.28865368411  8.994449E-16
7922.64231896695  9.174044E-16
7925.9959842498  9.316507E-16
7929.34964953265  9.471591E-16
7932.70331481549  9.493213E-16
7936.05698009834  9.275414E-16
7939.41064538119  9.143659E-16
7942.76431066404  9.284781E-16
7946.11797594688  9.394227E-16
7949.47164122973  9.430433E-16
7952.82530651258  9.328573E-16
7956.17897179542  9.203134E-16
7959.53263707827  9.139783E-16
7962.88630236112  9.078274E-16
7966.23996764397  9.215854E-16
7969.59363292681  9.612982E-16
7972.94729820966  9.724279E-16
7976.30096349251  9.668089E-16
7979.65462877535  9.853248E-16
7983.0082940582  9.855658E-16
7986.36195934105  9.612290E-16
7989.71562462389  9.338564E-16
7993.06928990674  9.448765E-16
7996.42295518959  9.698365E-16
7999.77662047243  9.687371E-16
8003.13028575528  9.817341E-16
8006.48395103813  9.898227E-16
8009.83761632098  9.286364E-16
8013.19128160382  9.551813E-16
8016.54494688667  9.427256E-16
8019.89861216952  9.424939E-16
8023.25227745236  9.525364E-16
8026.60594273521  9.446802E-16
8029.95960801806  9.431537E-16
8033.3132733009  9.514480E-16
8036.66693858375  9.469942E-16
8040.0206038666  9.542127E-16
8043.37426914945  9.709108E-16
8046.72793443229  9.370216E-16
8050.08159971514  9.468491E-16
8053.43526499799  9.351693E-16
8056.78893028083  9.397121E-16
8060.14259556368  9.455576E-16
8063.49626084653  9.403586E-16
8066.84992612938  9.414822E-16
8070.20359141222  9.416515E-16
8073.55725669507  9.310488E-16
8076.91092197792  9.140640E-16
8080.26458726076  9.161702E-16
8083.61825254361  9.374347E-16
8086.97191782646  9.308512E-16
8090.32558310931  9.180104E-16
8093.67924839215  9.220668E-16
8097.032913675  9.142446E-16
8100.38657895784  9.033924E-16
8103.74024424069  9.130054E-16
8107.09390952354  9.151284E-16
8110.44757480638  9.009637E-16
8113.80124008923  9.025681E-16
8117.15490537208  9.017189E-16
8120.50857065493  8.867715E-16
8123.86223593777  8.781465E-16
8127.21590122062  8.580525E-16
8130.56956650347  8.387344E-16
8133.92323178631  8.224328E-16
8137.27689706916  8.073745E-16
8140.63056235201  8.010400E-16
8143.98422763486  7.973737E-16
8147.3378929177  7.988207E-16
8150.69155820055  7.714041E-16
8154.0452234834  7.522660E-16
8157.39888876624  7.364204E-16
8160.75255404909  7.387353E-16
8164.10621933194  7.499395E-16
8167.45988461478  7.424622E-16
8170.81354989763  7.476848E-16
8174.16721518048  7.644580E-16
8177.52088046333  7.593627E-16
8180.87454574617  7.774666E-16
8184.22821102902  7.660115E-16
8187.58187631187  7.579693E-16
8190.93554159472  7.837871E-16
8194.28920687756  7.954534E-16
8197.64287216041  7.801027E-16
8200.99653744325  7.895972E-16
8204.3502027261  8.242872E-16
8207.70386800895  8.305862E-16
8211.0575332918  8.179304E-16
8214.41119857464  8.181975E-16
8217.76486385749  7.807268E-16
8221.11852914034  7.384005E-16
8224.47219442318  7.185407E-16
8227.82585970603  6.951183E-16
8231.17952498888  6.958554E-16
8234.53319027172  7.010719E-16
8237.88685555457  7.434924E-16
8241.24052083742  8.118652E-16
8244.59418612027  8.167855E-16
8247.94785140311  8.254007E-16
8251.30151668596  8.228854E-16
8254.65518196881  8.136936E-16
8258.00884725166  8.013456E-16
8261.3625125345  7.830628E-16
8264.71617781735  7.796264E-16
8268.0698431002  7.961380E-16
8271.42350838304  8.034928E-16
8274.77717366589  7.945162E-16
8278.13083894874  7.821409E-16
8281.48450423158  7.593189E-16
8284.83816951443  7.623661E-16
8288.19183479728  7.777649E-16
8291.54550008012  7.809511E-16
8294.89916536297  7.939065E-16
8298.25283064582  7.957383E-16
8301.60649592867  7.678125E-16
8304.96016121151  7.674074E-16
8308.31382649436  8.062006E-16
8311.66749177721  8.058295E-16
8315.02115706005  7.788768E-16
8318.3748223429  7.874242E-16
8321.72848762575  8.273656E-16
8325.08215290859  8.269515E-16
8328.43581819144  8.181340E-16
8331.78948347429  8.096626E-16
8335.14314875714  8.203253E-16
8338.49681403998  8.249728E-16
8341.85047932283  8.083055E-16
8345.20414460568  8.221154E-16
8348.55780988852  8.224938E-16
8351.91147517137  8.383141E-16
8355.26514045422  8.488589E-16
8358.61880573706  8.724669E-16
8361.97247101991  8.867727E-16
8365.32613630276  8.658678E-16
8368.6798015856  8.483750E-16
8372.03346686845  8.557779E-16
8375.3871321513  8.471551E-16
8378.74079743414  8.276679E-16
8382.09446271699  8.586326E-16
8385.44812799984  8.750191E-16
8388.80179328269  8.571596E-16
8392.15545856554  8.637739E-16
8395.50912384838  8.536925E-16
8398.86278913123  8.579360E-16
8402.21645441408  8.593360E-16
8405.57011969692  8.327181E-16
8408.92378497977  8.417020E-16
8412.27745026262  8.457955E-16
8415.63111554546  8.177406E-16
8418.98478082831  8.156303E-16
8422.33844611116  8.255579E-16
8425.692111394  8.198870E-16
8429.04577667685  8.155981E-16
8432.3994419597  8.095457E-16
8435.75310724254  8.084749E-16
8439.10677252539  8.367900E-16
8442.46043780824  8.464007E-16
8445.81410309108  8.013292E-16
8449.16776837393  8.114595E-16
8452.52143365678  8.057480E-16
8455.87509893963  8.165805E-16
8459.22876422247  8.184653E-16
8462.58242950532  7.960141E-16
8465.93609478817  7.817362E-16
8469.28976007102  8.059905E-16
8472.64342535386  8.341169E-16
8475.99709063671  8.153423E-16
8479.35075591956  7.999473E-16
8482.7044212024  7.762093E-16
8486.05808648525  8.117570E-16
8489.4117517681  8.092017E-16
8492.76541705094  7.846873E-16
8496.11908233379  7.863031E-16
8499.47274761664  8.003240E-16
8502.82641289948  8.101139E-16
8506.18007818233  8.047876E-16
8509.53374346518  7.954626E-16
8512.88740874803  8.181208E-16
8516.24107403087  7.895246E-16
8519.59473931372  7.794994E-16
8522.94840459657  7.960292E-16
8526.30206987941  7.833874E-16
8529.65573516226  7.673946E-16
8533.00940044511  7.758108E-16
8536.36306572796  7.874270E-16
8539.7167310108  7.945462E-16
8543.07039629365  7.641379E-16
8546.4240615765  7.554309E-16
8549.77772685934  7.574829E-16
8553.13139214219  7.714562E-16
8556.48505742504  7.601214E-16
8559.83872270788  7.722340E-16
8563.19238799073  7.851594E-16
8566.54605327358  7.591964E-16
8569.89971855642  7.698281E-16
8573.25338383927  7.740163E-16
8576.60704912212  7.941493E-16
8579.96071440497  7.825981E-16
8583.31437968782  7.787599E-16
8586.66804497066  7.607931E-16
8590.02171025351  7.707171E-16
8593.37537553635  7.907612E-16
8596.7290408192  7.712955E-16
8600.08270610205  7.534671E-16
8603.43637138489  7.398128E-16
8606.79003666774  7.534944E-16
8610.14370195059  7.875580E-16
8613.49736723344  7.751619E-16
8616.85103251628  7.843097E-16
8620.20469779913  7.878249E-16
8623.55836308198  7.710518E-16
8626.91202836482  7.685918E-16
8630.26569364767  7.595330E-16
8633.61935893052  7.514266E-16
8636.97302421337  7.658593E-16
8640.32668949621  7.411413E-16
8643.68035477906  7.362684E-16
8647.03402006191  7.256213E-16
8650.38768534476  7.390829E-16
8653.7413506276  7.630912E-16
8657.09501591045  7.438504E-16
8660.4486811933  7.157204E-16
8663.80234647614  7.342498E-16
8667.15601175899  7.615867E-16
8670.50967704184  7.544249E-16
8673.86334232468  7.478332E-16
8677.21700760753  7.484086E-16
8680.57067289037  7.187977E-16
8683.92433817322  7.094112E-16
8687.27800345607  7.344787E-16
8690.63166873892  7.380551E-16
8693.98533402176  7.280628E-16
8697.33899930461  7.144267E-16
8700.69266458746  7.090113E-16
8704.04632987031  7.301562E-16
8707.39999515315  7.198793E-16
8710.753660436  7.156244E-16
8714.10732571885  7.318683E-16
8717.46099100169  7.233231E-16
8720.81465628454  7.194528E-16
8724.16832156739  7.562288E-16
8727.52198685024  7.500818E-16
8730.87565213308  7.276700E-16
8734.22931741593  7.363397E-16
8737.58298269878  7.383058E-16
8740.93664798162  7.231261E-16
8744.29031326447  7.353420E-16
8747.64397854732  7.541379E-16
8750.99764383016  7.442936E-16
8754.35130911301  7.364073E-16
8757.70497439586  7.250202E-16
8761.05863967871  7.198025E-16
8764.41230496155  7.189866E-16
8767.7659702444  7.201893E-16
8771.11963552725  7.114481E-16
8774.47330081009  7.117795E-16
8777.82696609294  7.206270E-16
8781.18063137579  7.234694E-16
8784.53429665863  7.249540E-16
8787.88796194148  7.121101E-16
8791.24162722433  7.198762E-16
8794.59529250717  7.260645E-16
8797.94895779002  7.271828E-16
8801.30262307287  7.456586E-16
8804.65628835572  7.262759E-16
8808.00995363856  6.964359E-16
8811.36361892141  7.168042E-16
8814.71728420426  7.279406E-16
8818.0709494871  7.219850E-16
8821.42461476995  6.845966E-16
8824.7782800528  7.096260E-16
8828.13194533565  6.987699E-16
8831.48561061849  7.022332E-16
8834.83927590134  6.989467E-16
8838.19294118419  6.815469E-16
8841.54660646703  7.088790E-16
8844.90027174988  7.129365E-16
8848.25393703273  7.037480E-16
8851.60760231557  6.887847E-16
8854.96126759842  7.040695E-16
8858.31493288127  7.151994E-16
8861.66859816412  6.923932E-16
8865.02226344696  6.825902E-16
8868.37592872981  6.994572E-16
8871.72959401266  6.924752E-16
8875.0832592955  6.658122E-16
8878.43692457835  6.597016E-16
8881.7905898612  6.779557E-16
8885.14425514405  6.734008E-16
8888.49792042689  6.745585E-16
8891.85158570974  6.640771E-16
8895.20525099259  6.551899E-16
8898.55891627543  6.782018E-16
8901.91258155828  6.967408E-16
8905.26624684113  6.881885E-16
8908.61991212397  6.621145E-16
8911.97357740682  6.540966E-16
8915.32724268967  6.532836E-16
8918.68090797251  6.446397E-16
8922.03457325536  6.583869E-16
8925.38823853821  6.641054E-16
8928.74190382105  6.502217E-16
8932.0955691039  6.628625E-16
8935.44923438675  6.429950E-16
8938.8028996696  6.451839E-16
8942.15656495244  6.212396E-16
8945.51023023529  5.865810E-16
8948.86389551814  5.755358E-16
8952.21756080099  5.829457E-16
8955.57122608383  5.813742E-16
8958.92489136668  5.622427E-16
8962.27855664953  5.382866E-16
8965.63222193237  5.217196E-16
8968.98588721522  5.445933E-16
8972.33955249807  5.470835E-16
8975.69321778092  5.334919E-16
8979.04688306376  5.413148E-16
8982.40054834661  5.273899E-16
8985.75421362945  4.970088E-16
8989.1078789123  5.083664E-16
8992.46154419515  4.917262E-16
8995.81520947799  4.624690E-16
8999.16887476084  4.715391E-16
9002.52254004369  4.857741E-16
9005.87620532653  5.137209E-16
9009.22987060938  5.236180E-16
9012.58353589223  4.979300E-16
9015.93720117508  4.793355E-16
9019.29086645792  4.815714E-16
9022.64453174077  5.016302E-16
9025.99819702362  5.020501E-16
9029.35186230646  5.138468E-16
9032.70552758931  5.365417E-16
9036.05919287216  5.554473E-16
9039.41285815501  5.635649E-16
9042.76652343785  5.543089E-16
9046.1201887207  5.376334E-16
9049.47385400355  5.343604E-16
9052.8275192864  5.318194E-16
9056.18118456924  5.386646E-16
9059.53484985209  5.371691E-16
9062.88851513494  5.139406E-16
9066.24218041778  4.910360E-16
9069.59584570063  4.736093E-16
9072.94951098347  4.591103E-16
9076.30317626632  4.665218E-16
9079.65684154917  4.635911E-16
9083.01050683202  4.518421E-16
9086.36417211486  4.565729E-16
9089.71783739771  4.622900E-16
9093.07150268056  4.569726E-16
9096.42516796341  4.456569E-16
9099.77883324625  4.446952E-16
9103.1324985291  4.591134E-16
9106.48616381195  4.565657E-16
9109.83982909479  4.452780E-16
9113.19349437764  4.392993E-16
9116.54715966049  4.565453E-16
9119.90082494333  4.664881E-16
9123.25449022618  4.570235E-16
9126.60815550903  4.331032E-16
9129.96182079188  4.142027E-16
9133.31548607472  4.427944E-16
9136.66915135757  4.356257E-16
9140.02281664042  4.220924E-16
9143.37648192326  4.276082E-16
9146.73014720611  4.371737E-16
9150.08381248896  4.469425E-16
9153.4374777718  4.426590E-16
9156.79114305465  4.181930E-16
9160.1448083375  4.097340E-16
9163.49847362035  4.061848E-16
9166.85213890319  4.382361E-16
9170.20580418604  4.406175E-16
9173.55946946889  4.281491E-16
9176.91313475173  4.169950E-16
9180.26680003458  4.074060E-16
9183.62046531743  4.122478E-16
9186.97413060027  4.146191E-16
9190.32779588312  4.114217E-16
9193.68146116597  4.432801E-16
9197.03512644882  4.418241E-16
9200.38879173166  4.327483E-16
9203.74245701451  4.476776E-16
9207.09612229736  4.549076E-16
9210.4497875802  4.377357E-16
9213.80345286305  4.336419E-16
9217.1571181459  4.532420E-16
9220.51078342875  4.325856E-16
9223.86444871159  4.465430E-16
9227.21811399444  4.577406E-16
9230.57177927729  4.386578E-16
9233.92544456013  4.292140E-16
9237.27910984298  4.377836E-16
9240.63277512583  4.302060E-16
9243.98644040867  4.132435E-16
9247.34010569152  4.238670E-16
9250.69377097437  4.331938E-16
9254.04743625721  4.369647E-16
9257.40110154006  4.396164E-16
9260.75476682291  4.421561E-16
9264.10843210575  4.390513E-16
9267.4620973886  4.300095E-16
9270.81576267145  4.358938E-16
9274.1694279543  4.203322E-16
9277.52309323714  4.170501E-16
9280.87675851999  4.514706E-16
9284.23042380284  4.594027E-16
9287.58408908569  4.777873E-16
9290.93775436853  4.833994E-16
9294.29141965138  4.562478E-16
9297.64508493423  4.779779E-16
9300.99875021707  4.418983E-16
9304.35241549992  4.447975E-16
9307.70608078277  4.611646E-16
9311.05974606561  5.309458E-16
9314.41341134846  5.609979E-16
9317.76707663131  5.117822E-16
9321.12074191415  5.789031E-16
9324.474407197  5.762324E-16
9327.82807247985  5.077039E-16
9331.18173776269  5.460536E-16
9334.53540304554  5.619898E-16
9337.88906832839  6.252327E-16
9341.24273361124  7.869136E-16
9344.59639889408  8.056966E-16
9347.95006417693  6.277668E-16
9351.30372945978  5.176117E-16
9354.65739474262  4.745051E-16
9358.01106002547  5.482189E-16
9361.36472530832  6.369785E-16
9364.71839059117  6.154783E-16
9368.07205587401  5.612698E-16
9371.42572115686  6.130702E-16
9374.77938643971  6.283520E-16
9378.13305172255  5.966853E-16
9381.4867170054  6.035460E-16
9384.84038228825  5.830562E-16
9388.19404757109  4.834221E-16
9391.54771285394  4.501244E-16
9394.90137813679  4.421448E-16
9398.25504341964  4.279097E-16
9401.60870870248  4.958410E-16
9404.96237398533  5.465608E-16
9408.31603926818  4.610848E-16
9411.66970455102  4.916630E-16
9415.02336983387  4.935125E-16
9418.37703511672  4.597083E-16
9421.73070039956  4.407377E-16
9425.08436568241  5.045945E-16
9428.43803096526  6.343496E-16
9431.79169624811  5.855593E-16
9435.14536153095  4.937308E-16
9438.4990268138  4.283686E-16
9441.85269209665  5.339105E-16
9445.20635737949  7.037186E-16
9448.56002266234  6.725480E-16
9451.91368794519  5.716162E-16
9455.26735322803  5.074999E-16
9458.62101851088  5.610474E-16
9461.97468379373  6.654227E-16
9465.32834907658  6.222464E-16
9468.68201435942  4.528970E-16
9472.03567964227  4.262115E-16
9475.38934492512  4.822056E-16
9478.74301020796  4.942109E-16
9482.09667549081  5.227970E-16
9485.45034077366  5.565435E-16
9488.8040060565  5.192352E-16
9492.15767133935  4.748576E-16
9495.5113366222  4.819709E-16
9498.86500190505  5.339358E-16
9502.21866718789  5.639055E-16
9505.57233247074  4.878617E-16
9508.92599775359  4.185884E-16
9512.27966303643  3.976877E-16
9515.63332831928  4.292836E-16
9518.98699360213  5.671007E-16
9522.34065888498  6.768745E-16
9525.69432416782  6.125645E-16
9529.04798945067  5.224972E-16
9532.40165473352  4.733462E-16
9535.75532001636  4.592470E-16
9539.10898529921  4.391108E-16
9542.46265058206  4.838369E-16
9545.8163158649  5.830332E-16
9549.16998114775  5.844448E-16
9552.5236464306  5.330773E-16
9555.87731171345  4.579708E-16
9559.23097699629  4.229902E-16
9562.58464227914  4.624858E-16
9565.93830756198  4.380715E-16
9569.29197284483  4.030280E-16
9572.64563812768  4.356305E-16
9575.99930341053  4.368875E-16
9579.35296869337  3.948070E-16
9582.70663397622  4.008285E-16
9586.06029925907  4.069327E-16
9589.41396454192  3.902540E-16
9592.76762982476  4.064531E-16
9596.12129510761  4.144797E-16
9599.47496039046  3.903295E-16
9602.8286256733  3.397205E-16
9606.18229095615  3.350364E-16
9609.535956239  3.646393E-16
9612.88962152185  3.723040E-16
9616.24328680469  3.510897E-16
9619.59695208754  3.554879E-16
9622.95061737039  3.833770E-16
9626.30428265323  3.638279E-16
9629.65794793608  3.601522E-16
9633.01161321893  3.233274E-16
9636.36527850177  3.009308E-16
9639.71894378462  3.181147E-16
9643.07260906747  3.254861E-16
9646.42627435031  3.446804E-16
9649.77993963316  3.486749E-16
9653.13360491601  2.967486E-16
