3.82500e+03 6.86288e-17
3.82629e+03 6.94870e-17
3.82758e+03 7.25181e-17
3.82887e+03 6.98819e-17
3.83016e+03 7.57196e-17
3.83145e+03 7.88696e-17
3.83274e+03 7.55349e-17
3.83403e+03 7.16263e-17
3.83532e+03 6.73372e-17
3.83661e+03 7.19447e-17
3.83790e+03 8.95329e-17
3.83919e+03 1.13853e-16
3.84048e+03 1.39901e-16
3.84177e+03 1.53411e-16
3.84306e+03 1.39461e-16
3.84435e+03 1.00009e-16
3.84564e+03 8.17336e-17
3.84693e+03 8.31118e-17
3.84822e+03 8.07415e-17
3.84951e+03 7.22721e-17
3.85080e+03 6.83010e-17
3.85209e+03 6.47352e-17
3.85338e+03 7.36173e-17
3.85467e+03 7.59016e-17
3.85596e+03 7.16808e-17
3.85726e+03 7.73053e-17
3.85855e+03 8.51558e-17
3.85984e+03 8.13187e-17
3.86113e+03 7.01525e-17
3.86242e+03 7.36941e-17
3.86371e+03 7.86123e-17
3.86500e+03 6.98298e-17
3.86629e+03 6.84076e-17
3.86758e+03 7.27946e-17
3.86887e+03 6.71715e-17
3.87016e+03 6.61700e-17
3.87145e+03 6.93420e-17
3.87274e+03 6.61415e-17
3.87403e+03 7.34710e-17
3.87532e+03 7.75205e-17
3.87661e+03 7.47085e-17
3.87790e+03 7.04932e-17
3.87919e+03 7.15827e-17
3.88048e+03 7.56077e-17
3.88177e+03 7.41695e-17
3.88306e+03 7.46135e-17
3.88435e+03 6.56026e-17
3.88564e+03 5.78768e-17
3.88693e+03 6.12417e-17
3.88822e+03 6.59982e-17
3.88951e+03 6.70984e-17
3.89080e+03 6.82477e-17
3.89209e+03 6.69626e-17
3.89338e+03 6.16252e-17
3.89467e+03 7.04693e-17
3.89596e+03 8.16352e-17
3.89725e+03 8.03156e-17
3.89854e+03 7.11701e-17
3.89983e+03 6.96454e-17
3.90112e+03 6.83246e-17
3.90241e+03 6.23883e-17
3.90370e+03 6.94564e-17
3.90499e+03 7.40443e-17
3.90628e+03 7.57553e-17
3.90757e+03 7.49334e-17
3.90886e+03 7.38262e-17
3.91015e+03 6.77748e-17
3.91144e+03 6.19741e-17
3.91273e+03 6.31890e-17
3.91402e+03 6.32354e-17
3.91531e+03 5.89023e-17
3.91660e+03 5.65817e-17
3.91789e+03 6.49201e-17
3.91919e+03 7.51259e-17
3.92048e+03 7.28452e-17
3.92177e+03 6.93078e-17
3.92306e+03 7.18024e-17
3.92435e+03 7.35634e-17
3.92564e+03 7.34232e-17
3.92693e+03 7.66007e-17
3.92822e+03 8.05224e-17
3.92951e+03 7.98397e-17
3.93080e+03 7.03672e-17
3.93209e+03 6.35560e-17
3.93338e+03 6.36166e-17
3.93467e+03 6.70473e-17
3.93596e+03 6.59240e-17
3.93725e+03 6.90028e-17
3.93854e+03 7.51311e-17
3.93983e+03 8.20356e-17
3.94112e+03 8.38631e-17
3.94241e+03 7.67731e-17
3.94370e+03 7.02329e-17
3.94499e+03 6.79856e-17
3.94628e+03 6.82905e-17
3.94757e+03 6.88328e-17
3.94886e+03 6.79761e-17
3.95015e+03 7.06855e-17
3.95144e+03 7.43047e-17
3.95273e+03 7.94739e-17
3.95402e+03 8.13099e-17
3.95531e+03 7.63328e-17
3.95660e+03 7.26276e-17
3.95789e+03 7.44351e-17
3.95918e+03 7.97832e-17
3.96047e+03 8.47161e-17
3.96176e+03 8.12180e-17
3.96305e+03 8.27665e-17
3.96434e+03 9.04260e-17
3.96563e+03 9.25488e-17
3.96692e+03 9.17155e-17
3.96821e+03 9.29822e-17
3.96950e+03 9.41575e-17
3.97079e+03 9.78346e-17
3.97208e+03 1.00155e-16
3.97337e+03 9.76137e-17
3.97466e+03 1.01283e-16
3.97595e+03 1.04034e-16
3.97724e+03 9.99181e-17
3.97853e+03 9.93032e-17
3.97982e+03 1.04496e-16
3.98111e+03 1.04852e-16
3.98241e+03 1.02190e-16
3.98370e+03 1.04303e-16
3.98499e+03 1.11904e-16
3.98628e+03 1.21127e-16
3.98757e+03 1.23404e-16
3.98886e+03 1.16875e-16
3.99015e+03 1.10955e-16
3.99144e+03 1.08774e-16
3.99273e+03 1.10727e-16
3.99402e+03 1.09088e-16
3.99531e+03 9.89529e-17
3.99660e+03 9.38415e-17
3.99789e+03 1.01201e-16
3.99918e+03 1.07270e-16
4.00047e+03 1.02969e-16
4.00176e+03 9.63099e-17
4.00305e+03 1.05126e-16
4.00434e+03 1.16712e-16
4.00563e+03 1.21526e-16
4.00692e+03 1.16843e-16
4.00821e+03 1.08322e-16
4.00950e+03 1.05186e-16
4.01079e+03 1.07865e-16
4.01208e+03 1.13392e-16
4.01337e+03 1.19523e-16
4.01466e+03 1.27727e-16
4.01595e+03 1.25464e-16
4.01724e+03 1.18700e-16
4.01853e+03 1.15345e-16
4.01982e+03 1.16785e-16
4.02111e+03 1.21860e-16
4.02240e+03 1.28442e-16
4.02369e+03 1.34445e-16
4.02498e+03 1.27635e-16
4.02627e+03 1.24820e-16
4.02756e+03 1.30599e-16
4.02885e+03 1.34152e-16
4.03014e+03 1.41594e-16
4.03143e+03 1.52817e-16
4.03272e+03 1.52210e-16
4.03401e+03 1.43467e-16
4.03530e+03 1.38380e-16
4.03659e+03 1.39367e-16
4.03788e+03 1.44275e-16
4.03917e+03 1.48217e-16
4.04046e+03 1.44478e-16
4.04175e+03 1.38423e-16
4.04304e+03 1.41206e-16
4.04434e+03 1.50975e-16
4.04563e+03 1.49379e-16
4.04692e+03 1.47438e-16
4.04821e+03 1.49089e-16
4.04950e+03 1.44085e-16
4.05079e+03 1.39898e-16
4.05208e+03 1.43328e-16
4.05337e+03 1.45512e-16
4.05466e+03 1.43771e-16
4.05595e+03 1.38491e-16
4.05724e+03 1.34813e-16
4.05853e+03 1.43528e-16
4.05982e+03 1.52192e-16
4.06111e+03 1.55387e-16
4.06240e+03 1.63355e-16
4.06369e+03 1.63410e-16
4.06498e+03 1.59751e-16
4.06627e+03 1.61032e-16
4.06756e+03 1.57829e-16
4.06885e+03 1.59983e-16
4.07014e+03 1.66620e-16
4.07143e+03 1.64054e-16
4.07272e+03 1.52287e-16
4.07401e+03 1.47552e-16
4.07530e+03 1.58106e-16
4.07659e+03 1.69241e-16
4.07788e+03 1.71631e-16
4.07917e+03 1.62945e-16
4.08046e+03 1.50217e-16
4.08175e+03 1.52889e-16
4.08304e+03 1.58099e-16
4.08433e+03 1.50121e-16
4.08562e+03 1.42841e-16
4.08691e+03 1.43311e-16
4.08820e+03 1.51633e-16
4.08949e+03 1.59316e-16
4.09078e+03 1.60775e-16
4.09207e+03 1.60629e-16
4.09336e+03 1.50673e-16
4.09465e+03 1.37920e-16
4.09594e+03 1.39812e-16
4.09723e+03 1.49486e-16
4.09852e+03 1.50459e-16
4.09981e+03 1.50608e-16
4.10110e+03 1.62928e-16
4.10239e+03 1.70314e-16
4.10368e+03 1.65648e-16
4.10497e+03 1.61437e-16
4.10627e+03 1.65241e-16
4.10756e+03 1.64269e-16
4.10885e+03 1.54262e-16
4.11014e+03 1.57615e-16
4.11143e+03 1.68064e-16
4.11272e+03 1.65252e-16
4.11401e+03 1.65735e-16
4.11530e+03 1.69322e-16
4.11659e+03 1.52763e-16
4.11788e+03 1.48843e-16
4.11917e+03 1.64754e-16
4.12046e+03 1.66359e-16
4.12175e+03 1.64455e-16
4.12304e+03 1.67313e-16
4.12433e+03 1.68810e-16
4.12562e+03 1.68256e-16
4.12691e+03 1.63586e-16
4.12820e+03 1.55858e-16
4.12949e+03 1.57080e-16
4.13078e+03 1.66290e-16
4.13207e+03 1.70577e-16
4.13336e+03 1.68436e-16
4.13465e+03 1.65810e-16
4.13594e+03 1.71447e-16
4.13723e+03 1.75280e-16
4.13852e+03 1.70168e-16
4.13981e+03 1.67550e-16
4.14110e+03 1.70270e-16
4.14239e+03 1.71106e-16
4.14368e+03 1.67504e-16
4.14497e+03 1.63634e-16
4.14626e+03 1.61634e-16
4.14755e+03 1.57280e-16
4.14884e+03 1.57389e-16
4.15013e+03 1.65296e-16
4.15142e+03 1.63976e-16
4.15271e+03 1.58225e-16
4.15400e+03 1.59490e-16
4.15529e+03 1.62718e-16
4.15658e+03 1.60863e-16
4.15787e+03 1.54445e-16
4.15916e+03 1.50957e-16
4.16045e+03 1.52129e-16
4.16174e+03 1.49252e-16
4.16303e+03 1.48285e-16
4.16432e+03 1.57286e-16
4.16561e+03 1.65135e-16
4.16690e+03 1.59319e-16
4.16819e+03 1.54274e-16
4.16949e+03 1.59654e-16
4.17078e+03 1.57486e-16
4.17207e+03 1.54584e-16
4.17336e+03 1.62442e-16
4.17465e+03 1.68357e-16
4.17594e+03 1.63427e-16
4.17723e+03 1.57648e-16
4.17852e+03 1.61323e-16
4.17981e+03 1.65301e-16
4.18110e+03 1.64613e-16
4.18239e+03 1.65412e-16
4.18368e+03 1.64148e-16
4.18497e+03 1.59738e-16
4.18626e+03 1.51428e-16
4.18755e+03 1.42274e-16
4.18884e+03 1.43324e-16
4.19013e+03 1.47605e-16
4.19142e+03 1.50317e-16
4.19271e+03 1.55469e-16
4.19400e+03 1.64829e-16
4.19529e+03 1.71467e-16
4.19658e+03 1.66985e-16
4.19787e+03 1.60480e-16
4.19916e+03 1.55262e-16
4.20045e+03 1.46416e-16
4.20174e+03 1.41518e-16
4.20303e+03 1.45394e-16
4.20432e+03 1.49843e-16
4.20561e+03 1.54065e-16
4.20690e+03 1.60171e-16
4.20819e+03 1.57007e-16
4.20948e+03 1.49887e-16
4.21077e+03 1.51816e-16
4.21206e+03 1.52538e-16
4.21335e+03 1.51451e-16
4.21464e+03 1.54200e-16
4.21593e+03 1.50934e-16
4.21722e+03 1.44299e-16
4.21851e+03 1.42133e-16
4.21980e+03 1.43913e-16
4.22109e+03 1.44174e-16
4.22238e+03 1.47467e-16
4.22367e+03 1.56310e-16
4.22496e+03 1.57631e-16
4.22625e+03 1.55466e-16
4.22754e+03 1.51299e-16
4.22883e+03 1.44634e-16
4.23012e+03 1.40744e-16
4.23142e+03 1.37758e-16
4.23271e+03 1.38078e-16
4.23400e+03 1.40090e-16
4.23529e+03 1.40488e-16
4.23658e+03 1.38031e-16
4.23787e+03 1.33625e-16
4.23916e+03 1.33499e-16
4.24045e+03 1.40961e-16
4.24174e+03 1.47214e-16
4.24303e+03 1.46703e-16
4.24432e+03 1.45426e-16
4.24561e+03 1.48359e-16
4.24690e+03 1.49783e-16
4.24819e+03 1.44557e-16
4.24948e+03 1.41006e-16
4.25077e+03 1.44697e-16
4.25206e+03 1.44099e-16
4.25335e+03 1.44713e-16
4.25464e+03 1.48135e-16
4.25593e+03 1.39681e-16
4.25722e+03 1.33996e-16
4.25851e+03 1.35298e-16
4.25980e+03 1.29454e-16
4.26109e+03 1.30838e-16
4.26238e+03 1.37970e-16
4.26367e+03 1.31477e-16
4.26496e+03 1.16291e-16
4.26625e+03 1.15091e-16
4.26754e+03 1.30916e-16
4.26883e+03 1.39179e-16
4.27012e+03 1.37847e-16
4.27141e+03 1.35755e-16
4.27270e+03 1.29901e-16
4.27399e+03 1.29998e-16
4.27528e+03 1.34185e-16
4.27657e+03 1.34323e-16
4.27786e+03 1.32714e-16
4.27915e+03 1.32936e-16
4.28044e+03 1.34460e-16
4.28173e+03 1.35717e-16
4.28302e+03 1.40272e-16
4.28431e+03 1.36327e-16
4.28560e+03 1.29281e-16
4.28689e+03 1.23341e-16
4.28818e+03 1.20903e-16
4.28947e+03 1.24747e-16
4.29076e+03 1.27390e-16
4.29205e+03 1.23802e-16
4.29334e+03 1.24999e-16
4.29464e+03 1.29330e-16
4.29593e+03 1.30988e-16
4.29722e+03 1.26779e-16
4.29851e+03 1.19780e-16
4.29980e+03 1.16979e-16
4.30109e+03 1.19267e-16
4.30238e+03 1.20785e-16
4.30367e+03 1.19566e-16
4.30496e+03 1.20037e-16
4.30625e+03 1.25281e-16
4.30754e+03 1.25514e-16
4.30883e+03 1.18933e-16
4.31012e+03 1.14664e-16
4.31141e+03 1.17551e-16
4.31270e+03 1.22606e-16
4.31399e+03 1.17555e-16
4.31528e+03 1.10743e-16
4.31657e+03 1.11009e-16
4.31786e+03 1.15320e-16
4.31915e+03 1.17720e-16
4.32044e+03 1.15977e-16
4.32173e+03 1.14999e-16
4.32302e+03 1.17869e-16
4.32431e+03 1.22911e-16
4.32560e+03 1.24664e-16
4.32689e+03 1.17657e-16
4.32818e+03 1.05080e-16
4.32947e+03 1.02847e-16
4.33076e+03 1.13475e-16
4.33205e+03 1.18281e-16
4.33334e+03 1.14262e-16
4.33463e+03 1.07832e-16
4.33592e+03 1.08005e-16
4.33721e+03 1.12096e-16
4.33850e+03 1.12213e-16
4.33979e+03 1.13842e-16
4.34108e+03 1.14483e-16
4.34237e+03 1.12811e-16
4.34366e+03 1.20408e-16
4.34495e+03 1.22018e-16
4.34624e+03 1.15933e-16
4.34753e+03 1.18702e-16
4.34882e+03 1.21687e-16
4.35011e+03 1.17863e-16
4.35140e+03 1.10412e-16
4.35269e+03 9.85101e-17
4.35398e+03 9.55830e-17
4.35527e+03 1.06793e-16
4.35657e+03 1.16799e-16
4.35786e+03 1.17003e-16
4.35915e+03 1.15523e-16
4.36044e+03 1.21198e-16
4.36173e+03 1.18932e-16
4.36302e+03 1.11814e-16
4.36431e+03 1.03395e-16
4.36560e+03 9.82469e-17
4.36689e+03 9.87934e-17
4.36818e+03 9.46721e-17
4.36947e+03 1.06883e-16
4.37076e+03 1.16882e-16
4.37205e+03 1.14018e-16
4.37334e+03 1.12119e-16
4.37463e+03 1.11312e-16
4.37592e+03 1.11705e-16
4.37721e+03 1.21596e-16
4.37850e+03 1.23025e-16
4.37979e+03 1.10469e-16
4.38108e+03 1.04692e-16
4.38237e+03 1.12132e-16
4.38366e+03 1.11453e-16
4.38495e+03 1.08770e-16
4.38624e+03 1.18774e-16
4.38753e+03 1.24170e-16
4.38882e+03 1.14713e-16
4.39011e+03 1.07237e-16
4.39140e+03 1.10593e-16
4.39269e+03 1.12023e-16
4.39398e+03 1.16619e-16
4.39527e+03 1.20146e-16
4.39656e+03 1.16820e-16
4.39785e+03 1.14237e-16
4.39914e+03 1.09173e-16
4.40043e+03 1.07125e-16
4.40172e+03 1.11347e-16
4.40301e+03 1.14384e-16
4.40430e+03 1.14239e-16
4.40559e+03 1.10425e-16
4.40688e+03 1.16273e-16
4.40817e+03 1.21247e-16
4.40946e+03 1.18805e-16
4.41075e+03 1.18637e-16
4.41204e+03 1.20441e-16
4.41333e+03 1.17127e-16
4.41462e+03 1.18802e-16
4.41591e+03 1.16554e-16
4.41720e+03 1.12453e-16
4.41849e+03 1.17416e-16
4.41979e+03 1.18756e-16
4.42108e+03 1.14605e-16
4.42237e+03 1.12961e-16
4.42366e+03 1.13333e-16
4.42495e+03 1.13424e-16
4.42624e+03 1.11872e-16
4.42753e+03 1.08566e-16
4.42882e+03 1.09193e-16
4.43011e+03 1.12838e-16
4.43140e+03 1.12542e-16
4.43269e+03 1.11533e-16
4.43398e+03 1.07223e-16
4.43527e+03 1.12148e-16
4.43656e+03 1.17864e-16
4.43785e+03 1.21427e-16
4.43914e+03 1.22715e-16
4.44043e+03 1.20445e-16
4.44172e+03 1.15821e-16
4.44301e+03 1.14072e-16
4.44430e+03 1.17721e-16
4.44559e+03 1.23260e-16
4.44688e+03 1.23661e-16
4.44817e+03 1.25477e-16
4.44946e+03 1.20896e-16
4.45075e+03 1.16254e-16
4.45204e+03 1.19342e-16
4.45333e+03 1.27247e-16
4.45462e+03 1.31998e-16
4.45591e+03 1.29041e-16
4.45720e+03 1.28159e-16
4.45849e+03 1.29276e-16
4.45978e+03 1.27704e-16
4.46107e+03 1.31108e-16
4.46236e+03 1.33368e-16
4.46365e+03 1.28924e-16
4.46494e+03 1.18464e-16
4.46623e+03 1.09454e-16
4.46752e+03 1.08665e-16
4.46881e+03 1.11261e-16
4.47010e+03 1.42095e-16
4.47139e+03 1.71474e-16
4.47268e+03 1.71379e-16
4.47397e+03 1.50674e-16
4.47526e+03 1.26685e-16
4.47655e+03 1.20106e-16
4.47784e+03 1.20934e-16
4.47913e+03 1.17633e-16
4.48042e+03 1.20549e-16
4.48172e+03 1.20447e-16
4.48301e+03 1.13441e-16
4.48430e+03 1.21460e-16
4.48559e+03 1.25116e-16
4.48688e+03 1.25864e-16
4.48817e+03 1.33546e-16
4.48946e+03 1.34724e-16
4.49075e+03 1.35589e-16
4.49204e+03 1.36176e-16
4.49333e+03 1.33550e-16
4.49462e+03 1.21006e-16
4.49591e+03 1.15115e-16
4.49720e+03 1.08458e-16
4.49849e+03 1.14348e-16
4.49978e+03 1.26826e-16
4.50107e+03 1.27282e-16
4.50236e+03 1.28167e-16
4.50365e+03 1.39068e-16
4.50494e+03 1.34206e-16
4.50623e+03 1.31843e-16
4.50752e+03 1.25814e-16
4.50881e+03 1.19793e-16
4.51010e+03 1.23470e-16
4.51139e+03 1.30614e-16
4.51268e+03 1.21812e-16
4.51397e+03 1.16191e-16
4.51526e+03 1.20812e-16
4.51655e+03 1.34194e-16
4.51784e+03 1.40147e-16
4.51913e+03 1.30182e-16
4.52042e+03 1.23081e-16
4.52171e+03 1.23626e-16
4.52300e+03 1.22632e-16
4.52429e+03 1.20477e-16
4.52558e+03 1.15205e-16
4.52687e+03 1.19578e-16
4.52816e+03 1.25251e-16
4.52945e+03 1.24439e-16
4.53074e+03 1.30667e-16
4.53203e+03 1.40725e-16
4.53332e+03 1.32422e-16
4.53461e+03 1.25589e-16
4.53590e+03 1.30940e-16
4.53719e+03 1.34185e-16
4.53848e+03 1.24123e-16
4.53977e+03 1.18808e-16
4.54106e+03 1.22519e-16
4.54235e+03 1.28968e-16
4.54365e+03 1.31500e-16
4.54494e+03 1.32719e-16
4.54623e+03 1.34746e-16
4.54752e+03 1.36516e-16
4.54881e+03 1.35353e-16
4.55010e+03 1.37664e-16
4.55139e+03 1.31966e-16
4.55268e+03 1.31036e-16
4.55397e+03 1.23197e-16
4.55526e+03 1.13818e-16
4.55655e+03 1.16957e-16
4.55784e+03 1.23365e-16
4.55913e+03 1.25126e-16
4.56042e+03 1.18212e-16
4.56171e+03 1.19849e-16
4.56300e+03 1.27985e-16
4.56429e+03 1.27476e-16
4.56558e+03 1.21597e-16
4.56687e+03 1.11972e-16
4.56816e+03 1.12472e-16
4.56945e+03 1.25874e-16
4.57074e+03 1.32028e-16
4.57203e+03 1.37683e-16
4.57332e+03 1.37779e-16
4.57461e+03 1.33497e-16
4.57590e+03 1.28489e-16
4.57719e+03 1.29720e-16
4.57848e+03 1.29616e-16
4.57977e+03 1.20813e-16
4.58106e+03 1.19886e-16
4.58235e+03 1.31257e-16
4.58364e+03 1.33405e-16
4.58493e+03 1.27870e-16
4.58622e+03 1.29761e-16
4.58751e+03 1.29556e-16
4.58880e+03 1.29127e-16
4.59009e+03 1.33619e-16
4.59138e+03 1.33180e-16
4.59267e+03 1.29790e-16
4.59396e+03 1.28107e-16
4.59525e+03 1.30604e-16
4.59654e+03 1.32449e-16
4.59783e+03 1.37521e-16
4.59912e+03 1.37241e-16
4.60041e+03 1.35033e-16
4.60170e+03 1.33666e-16
4.60299e+03 1.37348e-16
4.60428e+03 1.41197e-16
4.60557e+03 1.38226e-16
4.60687e+03 1.30028e-16
4.60816e+03 1.25758e-16
4.60945e+03 1.30662e-16
4.61074e+03 1.33492e-16
4.61203e+03 1.35073e-16
4.61332e+03 1.38445e-16
4.61461e+03 1.38500e-16
4.61590e+03 1.40427e-16
4.61719e+03 1.39399e-16
4.61848e+03 1.35458e-16
4.61977e+03 1.36344e-16
4.62106e+03 1.40288e-16
4.62235e+03 1.45000e-16
4.62364e+03 1.46884e-16
4.62493e+03 1.42469e-16
4.62622e+03 1.40990e-16
4.62751e+03 1.46319e-16
4.62880e+03 1.43717e-16
4.63009e+03 1.36192e-16
4.63138e+03 1.33098e-16
4.63267e+03 1.38618e-16
4.63396e+03 1.44121e-16
4.63525e+03 1.44648e-16
4.63654e+03 1.44465e-16
4.63783e+03 1.44003e-16
4.63912e+03 1.41845e-16
4.64041e+03 1.39466e-16
4.64170e+03 1.40031e-16
4.64299e+03 1.46763e-16
4.64428e+03 1.52651e-16
4.64557e+03 1.52682e-16
4.64686e+03 1.54448e-16
4.64815e+03 1.57879e-16
4.64944e+03 1.56756e-16
4.65073e+03 1.53605e-16
4.65202e+03 1.47703e-16
4.65331e+03 1.38684e-16
4.65460e+03 1.34408e-16
4.65589e+03 1.33441e-16
4.65718e+03 1.39604e-16
4.65847e+03 1.51505e-16
4.65976e+03 1.56492e-16
4.66105e+03 1.57588e-16
4.66234e+03 1.59508e-16
4.66363e+03 1.57259e-16
4.66492e+03 1.50389e-16
4.66621e+03 1.49747e-16
4.66750e+03 1.51702e-16
4.66880e+03 1.49874e-16
4.67009e+03 1.50809e-16
4.67138e+03 1.56160e-16
4.67267e+03 1.58018e-16
4.67396e+03 1.53301e-16
4.67525e+03 1.50580e-16
4.67654e+03 1.48203e-16
4.67783e+03 1.44154e-16
4.67912e+03 1.42156e-16
4.68041e+03 1.41740e-16
4.68170e+03 1.45705e-16
4.68299e+03 1.49308e-16
4.68428e+03 1.55729e-16
4.68557e+03 1.60168e-16
4.68686e+03 1.65118e-16
4.68815e+03 1.61660e-16
4.68944e+03 1.56170e-16
4.69073e+03 1.52497e-16
4.69202e+03 1.52439e-16
4.69331e+03 1.54340e-16
4.69460e+03 1.56563e-16
4.69589e+03 1.57851e-16
4.69718e+03 1.53686e-16
4.69847e+03 1.55687e-16
4.69976e+03 1.59799e-16
4.70105e+03 1.67324e-16
4.70234e+03 1.63290e-16
4.70363e+03 1.64184e-16
4.70492e+03 1.70679e-16
4.70621e+03 1.70048e-16
4.70750e+03 1.71151e-16
4.70879e+03 1.73129e-16
4.71008e+03 1.71099e-16
4.71137e+03 1.69953e-16
4.71266e+03 1.69110e-16
4.71395e+03 1.67158e-16
4.71524e+03 1.65524e-16
4.71653e+03 1.51328e-16
4.71782e+03 1.49166e-16
4.71911e+03 1.66892e-16
4.72040e+03 1.71838e-16
4.72169e+03 1.63699e-16
4.72298e+03 1.57131e-16
4.72427e+03 1.63420e-16
4.72556e+03 1.76462e-16
4.72685e+03 1.89409e-16
4.72814e+03 1.96448e-16
4.72943e+03 1.89360e-16
4.73072e+03 1.80006e-16
4.73202e+03 1.79271e-16
4.73331e+03 1.74504e-16
4.73460e+03 1.65603e-16
4.73589e+03 1.63475e-16
4.73718e+03 1.60352e-16
4.73847e+03 1.67086e-16
4.73976e+03 1.71028e-16
4.74105e+03 1.73900e-16
4.74234e+03 1.80130e-16
4.74363e+03 1.79504e-16
4.74492e+03 1.71656e-16
4.74621e+03 1.79008e-16
4.74750e+03 1.80822e-16
4.74879e+03 1.79055e-16
4.75008e+03 1.83080e-16
4.75137e+03 1.77345e-16
4.75266e+03 1.69160e-16
4.75395e+03 1.67746e-16
4.75524e+03 1.78322e-16
4.75653e+03 1.77811e-16
4.75782e+03 1.76338e-16
4.75911e+03 1.64249e-16
4.76040e+03 1.68685e-16
4.76169e+03 1.70977e-16
4.76298e+03 1.67640e-16
4.76427e+03 1.80872e-16
4.76556e+03 1.84643e-16
4.76685e+03 1.80069e-16
4.76814e+03 1.75472e-16
4.76943e+03 1.69453e-16
4.77072e+03 1.68186e-16
4.77201e+03 1.70276e-16
4.77330e+03 1.70289e-16
4.77459e+03 1.68758e-16
4.77588e+03 1.67059e-16
4.77717e+03 1.77650e-16
4.77846e+03 1.78244e-16
4.77975e+03 1.74479e-16
4.78104e+03 1.73266e-16
4.78233e+03 1.73876e-16
4.78362e+03 1.73049e-16
4.78491e+03 1.69221e-16
4.78620e+03 1.65575e-16
4.78749e+03 1.74531e-16
4.78878e+03 1.65473e-16
4.79007e+03 1.53300e-16
4.79136e+03 1.45068e-16
4.79265e+03 1.57314e-16
4.79395e+03 1.64650e-16
4.79524e+03 1.51581e-16
4.79653e+03 1.51696e-16
4.79782e+03 1.54126e-16
4.79911e+03 1.51682e-16
4.80040e+03 1.60331e-16
4.80169e+03 1.56908e-16
4.80298e+03 1.59523e-16
4.80427e+03 1.62959e-16
4.80556e+03 1.60322e-16
4.80685e+03 1.55992e-16
4.80814e+03 1.52497e-16
4.80943e+03 1.56326e-16
4.81072e+03 1.54958e-16
4.81201e+03 1.50835e-16
4.81330e+03 1.52966e-16
4.81459e+03 1.52060e-16
4.81588e+03 1.44492e-16
4.81717e+03 1.46347e-16
4.81846e+03 1.57207e-16
4.81975e+03 1.64108e-16
4.82104e+03 1.61207e-16
4.82233e+03 1.52441e-16
4.82362e+03 1.54741e-16
4.82491e+03 1.46517e-16
4.82620e+03 1.36621e-16
4.82749e+03 1.43280e-16
4.82878e+03 1.47590e-16
4.83007e+03 1.52292e-16
4.83136e+03 1.54822e-16
4.83265e+03 1.54375e-16
4.83394e+03 1.53854e-16
4.83523e+03 1.53434e-16
4.83652e+03 1.52828e-16
4.83781e+03 1.53843e-16
4.83910e+03 1.54649e-16
4.84039e+03 1.42123e-16
4.84168e+03 1.33467e-16
4.84297e+03 1.40487e-16
4.84426e+03 1.45073e-16
4.84555e+03 1.43499e-16
4.84684e+03 1.39090e-16
4.84813e+03 1.35696e-16
4.84942e+03 1.35121e-16
4.85071e+03 1.36725e-16
4.85200e+03 1.41291e-16
4.85329e+03 1.44299e-16
4.85458e+03 1.42484e-16
4.85588e+03 1.39992e-16
4.85717e+03 1.35924e-16
4.85846e+03 1.38184e-16
4.85975e+03 1.42701e-16
4.86104e+03 1.40204e-16
4.86233e+03 1.36448e-16
4.86362e+03 1.35840e-16
4.86491e+03 1.38654e-16
4.86620e+03 1.37903e-16
4.86749e+03 1.34373e-16
4.86878e+03 1.31624e-16
4.87007e+03 1.31121e-16
4.87136e+03 1.30666e-16
4.87265e+03 1.30611e-16
4.87394e+03 1.35722e-16
4.87523e+03 1.33955e-16
4.87652e+03 1.22382e-16
4.87781e+03 1.18181e-16
4.87910e+03 1.28039e-16
4.88039e+03 1.33724e-16
4.88168e+03 1.32504e-16
4.88297e+03 1.33726e-16
4.88426e+03 1.34765e-16
4.88555e+03 1.32623e-16
4.88684e+03 1.30374e-16
4.88813e+03 1.29645e-16
4.88942e+03 1.27888e-16
4.89071e+03 1.27104e-16
4.89200e+03 1.27664e-16
4.89329e+03 1.29144e-16
4.89458e+03 1.32607e-16
4.89587e+03 1.35237e-16
4.89716e+03 1.32239e-16
4.89845e+03 1.26567e-16
4.89974e+03 1.19612e-16
4.90103e+03 1.19036e-16
4.90232e+03 1.22610e-16
4.90361e+03 1.21105e-16
4.90490e+03 1.17989e-16
4.90619e+03 1.18056e-16
4.90748e+03 1.19624e-16
4.90877e+03 1.14390e-16
4.91006e+03 1.12849e-16
4.91135e+03 1.09958e-16
4.91264e+03 1.10311e-16
4.91393e+03 1.15199e-16
4.91522e+03 1.17144e-16
4.91651e+03 1.18250e-16
4.91780e+03 1.22649e-16
4.91910e+03 1.21609e-16
4.92039e+03 1.20171e-16
4.92168e+03 1.24292e-16
4.92297e+03 1.26059e-16
4.92426e+03 1.21096e-16
4.92555e+03 1.13314e-16
4.92684e+03 1.14629e-16
4.92813e+03 1.25741e-16
4.92942e+03 1.38774e-16
4.93071e+03 1.37946e-16
4.93200e+03 1.30038e-16
4.93329e+03 1.15385e-16
4.93458e+03 1.03252e-16
4.93587e+03 1.11704e-16
4.93716e+03 1.15549e-16
4.93845e+03 1.17039e-16
4.93974e+03 1.22867e-16
4.94103e+03 1.21777e-16
4.94232e+03 1.23508e-16
4.94361e+03 1.18768e-16
4.94490e+03 1.09431e-16
4.94619e+03 1.08941e-16
4.94748e+03 1.11159e-16
4.94877e+03 1.17973e-16
4.95006e+03 1.19539e-16
4.95135e+03 1.13335e-16
4.95264e+03 1.18187e-16
4.95393e+03 1.22471e-16
4.95522e+03 1.17885e-16
4.95651e+03 1.12367e-16
4.95780e+03 1.06640e-16
4.95909e+03 1.10894e-16
4.96038e+03 1.20637e-16
4.96167e+03 1.25209e-16
4.96296e+03 1.25947e-16
4.96425e+03 1.30107e-16
4.96554e+03 1.22513e-16
4.96683e+03 1.18887e-16
4.96812e+03 1.23422e-16
4.96941e+03 1.26480e-16
4.97070e+03 1.23121e-16
4.97199e+03 1.21256e-16
4.97328e+03 1.21785e-16
4.97457e+03 1.15199e-16
4.97586e+03 1.17313e-16
4.97715e+03 1.20277e-16
4.97844e+03 1.15630e-16
4.97973e+03 1.16090e-16
4.98103e+03 1.20132e-16
4.98232e+03 1.14829e-16
4.98361e+03 1.05404e-16
4.98490e+03 1.09986e-16
4.98619e+03 1.15542e-16
4.98748e+03 1.23703e-16
4.98877e+03 1.23617e-16
4.99006e+03 1.14707e-16
4.99135e+03 1.14366e-16
4.99264e+03 1.16033e-16
4.99393e+03 1.18003e-16
4.99522e+03 1.16932e-16
4.99651e+03 1.19093e-16
4.99780e+03 1.24113e-16
4.99909e+03 1.21639e-16
5.00038e+03 1.13502e-16
5.00167e+03 1.08343e-16
5.00296e+03 1.02530e-16
5.00425e+03 9.16351e-17
5.00554e+03 1.01938e-16
5.00683e+03 1.67877e-16
5.00812e+03 2.35459e-16
5.00941e+03 2.34323e-16
5.01070e+03 1.83274e-16
5.01199e+03 1.40949e-16
5.01328e+03 1.21788e-16
5.01457e+03 1.14838e-16
5.01586e+03 1.15521e-16
5.01715e+03 1.18928e-16
5.01844e+03 1.18962e-16
5.01973e+03 1.17766e-16
5.02102e+03 1.16877e-16
5.02231e+03 1.13465e-16
5.02360e+03 1.10843e-16
5.02489e+03 1.15191e-16
5.02618e+03 1.15778e-16
5.02747e+03 1.14047e-16
5.02876e+03 1.16390e-16
5.03005e+03 1.19075e-16
5.03134e+03 1.20045e-16
5.03263e+03 1.20003e-16
5.03392e+03 1.17134e-16
5.03521e+03 1.12891e-16
5.03650e+03 1.13834e-16
5.03779e+03 1.16430e-16
5.03908e+03 1.19366e-16
5.04037e+03 1.20550e-16
5.04166e+03 1.20590e-16
5.04295e+03 1.23906e-16
5.04425e+03 1.25551e-16
5.04554e+03 1.25038e-16
5.04683e+03 1.24643e-16
5.04812e+03 1.22367e-16
5.04941e+03 1.18399e-16
5.05070e+03 1.19985e-16
5.05199e+03 1.21229e-16
5.05328e+03 1.18995e-16
5.05457e+03 1.17989e-16
5.05586e+03 1.24941e-16
5.05715e+03 1.29325e-16
5.05844e+03 1.23167e-16
5.05973e+03 1.20219e-16
5.06102e+03 1.26876e-16
5.06231e+03 1.28632e-16
5.06360e+03 1.26267e-16
5.06489e+03 1.25699e-16
5.06618e+03 1.25607e-16
5.06747e+03 1.19419e-16
5.06876e+03 1.15779e-16
5.07005e+03 1.16654e-16
5.07134e+03 1.23201e-16
5.07263e+03 1.26580e-16
5.07392e+03 1.24943e-16
5.07521e+03 1.30434e-16
5.07650e+03 1.33682e-16
5.07779e+03 1.32202e-16
5.07908e+03 1.32674e-16
5.08037e+03 1.31010e-16
5.08166e+03 1.30026e-16
5.08295e+03 1.29223e-16
5.08424e+03 1.30871e-16
5.08553e+03 1.36167e-16
5.08682e+03 1.39036e-16
5.08811e+03 1.36488e-16
5.08940e+03 1.29330e-16
5.09069e+03 1.25393e-16
5.09198e+03 1.21026e-16
5.09327e+03 1.26703e-16
5.09456e+03 1.35435e-16
5.09585e+03 1.41976e-16
5.09714e+03 1.41976e-16
5.09843e+03 1.44781e-16
5.09972e+03 1.43863e-16
5.10101e+03 1.41600e-16
5.10230e+03 1.46506e-16
5.10359e+03 1.36162e-16
5.10488e+03 1.25180e-16
5.10618e+03 1.28330e-16
5.10747e+03 1.35715e-16
5.10876e+03 1.38637e-16
5.11005e+03 1.39575e-16
5.11134e+03 1.38248e-16
5.11263e+03 1.42117e-16
5.11392e+03 1.41401e-16
5.11521e+03 1.38841e-16
5.11650e+03 1.40489e-16
5.11779e+03 1.40730e-16
5.11908e+03 1.39655e-16
5.12037e+03 1.32516e-16
5.12166e+03 1.37083e-16
5.12295e+03 1.37708e-16
5.12424e+03 1.35635e-16
5.12553e+03 1.35621e-16
5.12682e+03 1.32702e-16
5.12811e+03 1.33159e-16
5.12940e+03 1.33096e-16
5.13069e+03 1.36795e-16
5.13198e+03 1.36533e-16
5.13327e+03 1.26301e-16
5.13456e+03 1.19639e-16
5.13585e+03 1.18824e-16
5.13714e+03 1.20540e-16
5.13843e+03 1.23604e-16
5.13972e+03 1.25280e-16
5.14101e+03 1.26598e-16
5.14230e+03 1.26636e-16
5.14359e+03 1.30034e-16
5.14488e+03 1.29841e-16
5.14617e+03 1.29176e-16
5.14746e+03 1.24085e-16
5.14875e+03 1.21686e-16
5.15004e+03 1.22913e-16
5.15133e+03 1.24035e-16
5.15262e+03 1.23165e-16
5.15391e+03 1.20916e-16
5.15520e+03 1.17788e-16
5.15649e+03 1.25802e-16
5.15778e+03 1.42920e-16
5.15907e+03 1.57088e-16
5.16036e+03 1.60336e-16
5.16165e+03 1.52528e-16
5.16294e+03 1.41969e-16
5.16423e+03 1.35517e-16
5.16552e+03 1.32310e-16
5.16681e+03 1.28393e-16
5.16810e+03 1.25040e-16
5.16940e+03 1.26713e-16
5.17069e+03 1.29522e-16
5.17198e+03 1.28990e-16
5.17327e+03 1.28054e-16
5.17456e+03 1.28446e-16
5.17585e+03 1.29807e-16
5.17714e+03 1.31557e-16
5.17843e+03 1.30141e-16
5.17972e+03 1.25918e-16
5.18101e+03 1.25357e-16
5.18230e+03 1.28356e-16
5.18359e+03 1.28243e-16
5.18488e+03 1.26680e-16
5.18617e+03 1.23777e-16
5.18746e+03 1.22458e-16
5.18875e+03 1.22856e-16
5.19004e+03 1.21741e-16
5.19133e+03 1.25155e-16
5.19262e+03 1.32833e-16
5.19391e+03 1.31654e-16
5.19520e+03 1.26467e-16
5.19649e+03 1.25959e-16
5.19778e+03 1.28689e-16
5.19907e+03 1.32142e-16
5.20036e+03 1.32648e-16
5.20165e+03 1.27498e-16
5.20294e+03 1.18977e-16
5.20423e+03 1.18703e-16
5.20552e+03 1.21775e-16
5.20681e+03 1.16896e-16
5.20810e+03 1.16616e-16
5.20939e+03 1.23569e-16
5.21068e+03 1.20147e-16
5.21197e+03 1.16975e-16
5.21326e+03 1.17962e-16
5.21455e+03 1.26812e-16
5.21584e+03 1.31399e-16
5.21713e+03 1.27145e-16
5.21842e+03 1.23081e-16
5.21971e+03 1.19243e-16
5.22100e+03 1.23064e-16
5.22229e+03 1.16641e-16
5.22358e+03 1.12577e-16
5.22487e+03 1.17628e-16
5.22616e+03 1.19063e-16
5.22745e+03 1.24809e-16
5.22874e+03 1.28961e-16
5.23003e+03 1.29654e-16
5.23133e+03 1.24006e-16
5.23262e+03 1.21218e-16
5.23391e+03 1.21562e-16
5.23520e+03 1.23970e-16
5.23649e+03 1.21719e-16
5.23778e+03 1.22271e-16
5.23907e+03 1.23408e-16
5.24036e+03 1.21999e-16
5.24165e+03 1.24362e-16
5.24294e+03 1.31298e-16
5.24423e+03 1.40714e-16
5.24552e+03 1.34979e-16
5.24681e+03 1.32581e-16
5.24810e+03 1.32170e-16
5.24939e+03 1.26293e-16
5.25068e+03 1.24980e-16
5.25197e+03 1.24949e-16
5.25326e+03 1.21853e-16
5.25455e+03 1.16192e-16
5.25584e+03 1.14965e-16
5.25713e+03 1.23486e-16
5.25842e+03 1.32316e-16
5.25971e+03 1.31009e-16
5.26100e+03 1.26177e-16
5.26229e+03 1.27703e-16
5.26358e+03 1.33688e-16
5.26487e+03 1.25516e-16
5.26616e+03 1.19856e-16
5.26745e+03 1.24611e-16
5.26874e+03 1.27827e-16
5.27003e+03 1.30335e-16
5.27132e+03 1.30503e-16
5.27261e+03 1.28639e-16
5.27390e+03 1.30109e-16
5.27519e+03 1.36499e-16
5.27648e+03 1.37698e-16
5.27777e+03 1.31168e-16
5.27906e+03 1.33553e-16
5.28035e+03 1.37861e-16
5.28164e+03 1.35819e-16
5.28293e+03 1.35722e-16
5.28422e+03 1.37487e-16
5.28551e+03 1.36254e-16
5.28680e+03 1.33974e-16
5.28809e+03 1.33272e-16
5.28938e+03 1.32200e-16
5.29067e+03 1.32341e-16
5.29196e+03 1.35689e-16
5.29326e+03 1.36122e-16
5.29455e+03 1.32677e-16
5.29584e+03 1.32968e-16
5.29713e+03 1.37086e-16
5.29842e+03 1.36254e-16
5.29971e+03 1.34388e-16
5.30100e+03 1.40111e-16
5.30229e+03 1.41889e-16
5.30358e+03 1.36511e-16
5.30487e+03 1.34481e-16
5.30616e+03 1.33632e-16
5.30745e+03 1.29695e-16
5.30874e+03 1.26382e-16
5.31003e+03 1.34938e-16
5.31132e+03 1.43048e-16
5.31261e+03 1.38692e-16
5.31390e+03 1.34062e-16
5.31519e+03 1.41279e-16
5.31648e+03 1.43700e-16
5.31777e+03 1.37127e-16
5.31906e+03 1.37636e-16
5.32035e+03 1.43885e-16
5.32164e+03 1.43439e-16
5.32293e+03 1.40883e-16
5.32422e+03 1.42170e-16
5.32551e+03 1.44000e-16
5.32680e+03 1.42473e-16
5.32809e+03 1.42235e-16
5.32938e+03 1.41288e-16
5.33067e+03 1.42426e-16
5.33196e+03 1.39671e-16
5.33325e+03 1.42499e-16
5.33454e+03 1.43081e-16
5.33583e+03 1.42502e-16
5.33712e+03 1.43715e-16
5.33841e+03 1.42497e-16
5.33970e+03 1.43376e-16
5.34099e+03 1.49952e-16
5.34228e+03 1.54854e-16
5.34357e+03 1.53512e-16
5.34486e+03 1.51231e-16
5.34615e+03 1.54796e-16
5.34744e+03 1.51789e-16
5.34873e+03 1.44516e-16
5.35002e+03 1.42604e-16
5.35131e+03 1.43319e-16
5.35260e+03 1.43849e-16
5.35389e+03 1.44305e-16
5.35518e+03 1.44789e-16
5.35648e+03 1.45294e-16
5.35777e+03 1.45782e-16
5.35906e+03 1.45981e-16
5.36035e+03 1.48112e-16
5.36164e+03 1.56819e-16
5.36293e+03 1.64446e-16
5.36422e+03 1.65556e-16
5.36551e+03 1.66135e-16
5.36680e+03 1.60655e-16
5.36809e+03 1.54173e-16
5.36938e+03 1.56078e-16
5.37067e+03 1.56679e-16
5.37196e+03 1.59063e-16
5.37325e+03 1.60745e-16
5.37454e+03 1.65653e-16
5.37583e+03 1.69249e-16
5.37712e+03 1.65909e-16
5.37841e+03 1.59285e-16
5.37970e+03 1.61214e-16
5.38099e+03 1.60476e-16
5.38228e+03 1.58792e-16
5.38357e+03 1.53517e-16
5.38486e+03 1.52398e-16
5.38615e+03 1.59752e-16
5.38744e+03 1.65699e-16
5.38873e+03 1.68951e-16
5.39002e+03 1.69766e-16
5.39131e+03 1.64529e-16
5.39260e+03 1.63298e-16
5.39389e+03 1.64826e-16
5.39518e+03 1.59388e-16
5.39647e+03 1.59412e-16
5.39776e+03 1.64348e-16
5.39905e+03 1.62547e-16
5.40034e+03 1.59455e-16
5.40163e+03 1.60171e-16
5.40292e+03 1.63035e-16
5.40421e+03 1.61960e-16
5.40550e+03 1.59014e-16
5.40679e+03 1.64852e-16
5.40808e+03 1.70194e-16
5.40937e+03 1.64632e-16
5.41066e+03 1.59114e-16
5.41195e+03 1.58148e-16
5.41324e+03 1.60310e-16
5.41453e+03 1.64206e-16
5.41582e+03 1.62441e-16
5.41711e+03 1.62292e-16
5.41841e+03 1.69951e-16
5.41970e+03 1.70999e-16
5.42099e+03 1.67164e-16
5.42228e+03 1.66868e-16
5.42357e+03 1.65442e-16
5.42486e+03 1.62840e-16
5.42615e+03 1.65462e-16
5.42744e+03 1.67787e-16
5.42873e+03 1.66890e-16
5.43002e+03 1.65307e-16
5.43131e+03 1.65593e-16
5.43260e+03 1.62718e-16
5.43389e+03 1.57444e-16
5.43518e+03 1.57521e-16
5.43647e+03 1.56226e-16
5.43776e+03 1.62268e-16
5.43905e+03 1.69412e-16
5.44034e+03 1.67354e-16
5.44163e+03 1.65753e-16
5.44292e+03 1.67742e-16
5.44421e+03 1.63960e-16
5.44550e+03 1.72600e-16
5.44679e+03 1.78336e-16
5.44808e+03 1.77021e-16
5.44937e+03 1.72430e-16
5.45066e+03 1.64784e-16
5.45195e+03 1.64995e-16
5.45324e+03 1.58343e-16
5.45453e+03 1.60089e-16
5.45582e+03 1.69375e-16
5.45711e+03 1.68828e-16
5.45840e+03 1.64515e-16
5.45969e+03 1.63999e-16
5.46098e+03 1.64805e-16
5.46227e+03 1.72016e-16
5.46356e+03 1.77466e-16
5.46485e+03 1.72244e-16
5.46614e+03 1.64788e-16
5.46743e+03 1.66832e-16
5.46872e+03 1.70489e-16
5.47001e+03 1.61143e-16
5.47130e+03 1.60671e-16
5.47259e+03 1.72269e-16
5.47388e+03 1.78012e-16
5.47517e+03 1.71505e-16
5.47646e+03 1.65444e-16
5.47775e+03 1.69902e-16
5.47904e+03 1.71813e-16
5.48033e+03 1.68919e-16
5.48163e+03 1.68870e-16
5.48292e+03 1.70236e-16
5.48421e+03 1.70604e-16
5.48550e+03 1.66024e-16
5.48679e+03 1.58856e-16
5.48808e+03 1.62842e-16
5.48937e+03 1.69326e-16
5.49066e+03 1.68484e-16
5.49195e+03 1.65562e-16
5.49324e+03 1.63937e-16
5.49453e+03 1.63409e-16
5.49582e+03 1.59717e-16
5.49711e+03 1.61083e-16
5.49840e+03 1.67768e-16
5.49969e+03 1.72598e-16
5.50098e+03 1.74107e-16
5.50227e+03 1.70128e-16
5.50356e+03 1.69263e-16
5.50485e+03 1.74054e-16
5.50614e+03 1.76544e-16
5.50743e+03 1.66381e-16
5.50872e+03 1.51593e-16
5.51001e+03 1.51181e-16
5.51130e+03 1.59505e-16
5.51259e+03 1.60743e-16
5.51388e+03 1.58773e-16
5.51517e+03 1.61621e-16
5.51646e+03 1.61735e-16
5.51775e+03 1.58091e-16
5.51904e+03 1.59184e-16
5.52033e+03 1.62141e-16
5.52162e+03 1.62256e-16
5.52291e+03 1.67327e-16
5.52420e+03 1.69389e-16
5.52549e+03 1.58435e-16
5.52678e+03 1.46021e-16
5.52807e+03 1.43160e-16
5.52936e+03 1.45797e-16
5.53065e+03 1.52001e-16
5.53194e+03 1.55812e-16
5.53323e+03 1.56967e-16
5.53452e+03 1.59336e-16
5.53581e+03 1.59463e-16
5.53710e+03 1.57680e-16
5.53839e+03 1.56703e-16
5.53968e+03 1.56127e-16
5.54097e+03 1.53608e-16
5.54226e+03 1.55868e-16
5.54356e+03 1.58730e-16
5.54485e+03 1.59649e-16
5.54614e+03 1.60124e-16
5.54743e+03 1.67080e-16
5.54872e+03 1.65778e-16
5.55001e+03 1.49800e-16
5.55130e+03 1.44832e-16
5.55259e+03 1.49787e-16
5.55388e+03 1.48312e-16
5.55517e+03 1.35280e-16
5.55646e+03 1.43345e-16
5.55775e+03 1.60291e-16
5.55904e+03 1.61004e-16
5.56033e+03 1.61469e-16
5.56162e+03 1.53383e-16
5.56291e+03 1.46462e-16
5.56420e+03 1.52152e-16
5.56549e+03 1.63146e-16
5.56678e+03 1.65799e-16
5.56807e+03 1.58021e-16
5.56936e+03 1.47726e-16
5.57065e+03 1.48465e-16
5.57194e+03 1.50409e-16
5.57323e+03 1.42524e-16
5.57452e+03 1.39768e-16
5.57581e+03 1.45073e-16
5.57710e+03 1.57355e-16
5.57839e+03 1.76856e-16
5.57968e+03 1.72291e-16
5.58097e+03 1.52032e-16
5.58226e+03 1.43572e-16
5.58355e+03 1.49957e-16
5.58484e+03 1.50790e-16
5.58613e+03 1.49887e-16
5.58742e+03 1.49241e-16
5.58871e+03 1.52772e-16
5.59000e+03 1.59297e-16
5.59129e+03 1.60637e-16
5.59258e+03 1.53903e-16
5.59387e+03 1.48593e-16
5.59516e+03 1.47571e-16
5.59645e+03 1.48010e-16
5.59774e+03 1.48881e-16
5.59903e+03 1.51324e-16
5.60032e+03 1.49780e-16
5.60161e+03 1.39644e-16
5.60290e+03 1.36343e-16
5.60419e+03 1.42006e-16
5.60548e+03 1.45920e-16
5.60678e+03 1.44300e-16
5.60807e+03 1.48549e-16
5.60936e+03 1.56523e-16
5.61065e+03 1.51523e-16
5.61194e+03 1.46050e-16
5.61323e+03 1.46710e-16
5.61452e+03 1.46320e-16
5.61581e+03 1.46212e-16
5.61710e+03 1.49011e-16
5.61839e+03 1.51353e-16
5.61968e+03 1.46580e-16
5.62097e+03 1.44011e-16
5.62226e+03 1.49162e-16
5.62355e+03 1.44554e-16
5.62484e+03 1.40582e-16
5.62613e+03 1.50262e-16
5.62742e+03 1.56702e-16
5.62871e+03 1.52042e-16
5.63000e+03 1.48318e-16
5.63129e+03 1.48927e-16
5.63258e+03 1.39645e-16
5.63387e+03 1.37774e-16
5.63516e+03 1.43351e-16
5.63645e+03 1.38973e-16
5.63774e+03 1.36895e-16
5.63903e+03 1.45800e-16
5.64032e+03 1.51994e-16
5.64161e+03 1.53363e-16
5.64290e+03 1.47844e-16
5.64419e+03 1.40512e-16
5.64548e+03 1.44723e-16
5.64677e+03 1.46260e-16
5.64806e+03 1.46244e-16
5.64935e+03 1.44075e-16
5.65064e+03 1.40222e-16
5.65193e+03 1.37755e-16
5.65322e+03 1.28093e-16
5.65451e+03 1.30164e-16
5.65580e+03 1.35399e-16
5.65709e+03 1.28992e-16
5.65838e+03 1.30013e-16
5.65967e+03 1.46313e-16
5.66096e+03 1.50672e-16
5.66225e+03 1.43216e-16
5.66354e+03 1.37133e-16
5.66483e+03 1.37108e-16
5.66612e+03 1.44593e-16
5.66741e+03 1.46497e-16
5.66871e+03 1.38017e-16
5.67000e+03 1.32698e-16
5.67129e+03 1.34492e-16
5.67258e+03 1.31961e-16
5.67387e+03 1.28008e-16
5.67516e+03 1.27282e-16
5.67645e+03 1.29227e-16
5.67774e+03 1.35021e-16
5.67903e+03 1.31648e-16
5.68032e+03 1.30377e-16
5.68161e+03 1.26778e-16
5.68290e+03 1.17710e-16
5.68419e+03 1.17357e-16
5.68548e+03 1.23177e-16
5.68677e+03 1.30448e-16
5.68806e+03 1.28861e-16
5.68935e+03 1.25162e-16
5.69064e+03 1.29199e-16
5.69193e+03 1.27889e-16
5.69322e+03 1.23359e-16
5.69451e+03 1.22709e-16
5.69580e+03 1.14701e-16
5.69709e+03 1.09413e-16
5.69838e+03 1.13440e-16
5.69967e+03 1.21873e-16
5.70096e+03 1.30539e-16
5.70225e+03 1.28353e-16
5.70354e+03 1.21745e-16
5.70483e+03 1.20006e-16
5.70612e+03 1.23780e-16
5.70741e+03 1.23639e-16
5.70870e+03 1.23172e-16
5.70999e+03 1.26619e-16
5.71128e+03 1.29722e-16
5.71257e+03 1.34190e-16
5.71386e+03 1.31879e-16
5.71515e+03 1.27558e-16
5.71644e+03 1.27895e-16
5.71773e+03 1.31111e-16
5.71902e+03 1.35504e-16
5.72031e+03 1.32100e-16
5.72160e+03 1.25070e-16
5.72289e+03 1.23376e-16
5.72418e+03 1.21743e-16
5.72547e+03 1.23609e-16
5.72676e+03 1.20273e-16
5.72805e+03 1.12887e-16
5.72934e+03 1.12602e-16
5.73064e+03 1.21503e-16
5.73193e+03 1.18607e-16
5.73322e+03 1.12702e-16
5.73451e+03 1.17721e-16
5.73580e+03 1.21479e-16
5.73709e+03 1.16482e-16
5.73838e+03 1.17940e-16
5.73967e+03 1.19626e-16
5.74096e+03 1.20897e-16
5.74225e+03 1.24174e-16
5.74354e+03 1.25447e-16
5.74483e+03 1.30953e-16
5.74612e+03 1.33333e-16
5.74741e+03 1.21960e-16
5.74870e+03 1.16929e-16
5.74999e+03 1.19024e-16
5.75128e+03 1.24367e-16
5.75257e+03 1.32494e-16
5.75386e+03 1.32677e-16
5.75515e+03 1.32074e-16
5.75644e+03 1.29870e-16
5.75773e+03 1.28698e-16
5.75902e+03 1.24972e-16
5.76031e+03 1.24000e-16
5.76160e+03 1.16277e-16
5.76289e+03 1.11314e-16
5.76418e+03 1.14061e-16
5.76547e+03 1.21051e-16
5.76676e+03 1.25084e-16
5.76805e+03 1.25962e-16
5.76934e+03 1.29480e-16
5.77063e+03 1.29629e-16
5.77192e+03 1.24242e-16
5.77321e+03 1.20934e-16
5.77450e+03 1.21043e-16
5.77579e+03 1.22641e-16
5.77708e+03 1.24460e-16
5.77837e+03 1.21579e-16
5.77966e+03 1.21030e-16
5.78095e+03 1.24724e-16
5.78224e+03 1.22698e-16
5.78353e+03 1.19242e-16
5.78482e+03 1.24803e-16
5.78611e+03 1.30639e-16
5.78740e+03 1.28845e-16
5.78869e+03 1.27566e-16
5.78998e+03 1.29464e-16
5.79127e+03 1.30350e-16
5.79256e+03 1.28687e-16
5.79386e+03 1.29517e-16
5.79515e+03 1.29741e-16
5.79644e+03 1.19507e-16
5.79773e+03 1.15755e-16
5.79902e+03 1.21004e-16
5.80031e+03 1.24639e-16
5.80160e+03 1.24098e-16
5.80289e+03 1.19923e-16
5.80418e+03 1.21604e-16
5.80547e+03 1.24614e-16
5.80676e+03 1.29344e-16
5.80805e+03 1.24745e-16
5.80934e+03 1.20781e-16
5.81063e+03 1.24123e-16
5.81192e+03 1.26910e-16
5.81321e+03 1.23183e-16
5.81450e+03 1.20652e-16
5.81579e+03 1.22796e-16
5.81708e+03 1.25626e-16
5.81837e+03 1.27848e-16
5.81966e+03 1.25688e-16
5.82095e+03 1.27683e-16
5.82224e+03 1.26158e-16
5.82353e+03 1.28020e-16
5.82482e+03 1.22899e-16
5.82611e+03 1.27708e-16
5.82740e+03 1.30952e-16
5.82869e+03 1.25762e-16
5.82998e+03 1.19574e-16
5.83127e+03 1.18700e-16
5.83256e+03 1.22313e-16
5.83385e+03 1.25379e-16
5.83514e+03 1.21141e-16
5.83643e+03 1.14330e-16
5.83772e+03 1.18238e-16
5.83901e+03 1.24175e-16
5.84030e+03 1.26664e-16
5.84159e+03 1.30477e-16
5.84288e+03 1.22710e-16
5.84417e+03 1.09167e-16
5.84546e+03 1.04168e-16
5.84675e+03 1.00590e-16
5.84804e+03 1.09144e-16
5.84933e+03 1.12158e-16
5.85062e+03 1.10118e-16
5.85191e+03 1.15625e-16
5.85320e+03 1.15721e-16
5.85449e+03 1.11119e-16
5.85579e+03 1.06727e-16
5.85708e+03 1.05874e-16
5.85837e+03 1.07831e-16
5.85966e+03 1.11711e-16
5.86095e+03 1.07606e-16
5.86224e+03 9.94276e-17
5.86353e+03 1.05186e-16
5.86482e+03 1.15980e-16
5.86611e+03 1.15583e-16
5.86740e+03 1.12632e-16
5.86869e+03 1.10363e-16
5.86998e+03 1.05663e-16
5.87127e+03 1.06291e-16
5.87256e+03 1.10502e-16
5.87385e+03 1.12603e-16
5.87514e+03 1.08839e-16
5.87643e+03 1.01775e-16
5.87772e+03 1.05283e-16
5.87901e+03 1.05624e-16
5.88030e+03 1.00149e-16
5.88159e+03 9.91577e-17
5.88288e+03 9.63176e-17
5.88417e+03 9.72035e-17
5.88546e+03 9.81961e-17
5.88675e+03 9.15411e-17
5.88804e+03 9.30717e-17
5.88933e+03 8.91101e-17
5.89062e+03 9.13231e-17
5.89191e+03 1.07025e-16
5.89320e+03 1.02010e-16
5.89449e+03 9.49921e-17
5.89578e+03 9.52820e-17
5.89707e+03 9.15865e-17
5.89836e+03 9.78292e-17
5.89965e+03 9.64458e-17
5.90094e+03 8.97256e-17
5.90223e+03 8.15471e-17
5.90352e+03 8.56501e-17
5.90481e+03 9.12712e-17
5.90610e+03 9.04915e-17
5.90739e+03 8.51159e-17
5.90868e+03 8.43952e-17
5.90997e+03 8.65524e-17
5.91126e+03 8.84526e-17
5.91255e+03 8.67209e-17
5.91384e+03 8.50826e-17
5.91513e+03 7.95938e-17
5.91642e+03 7.99233e-17
5.91771e+03 8.50540e-17
5.91901e+03 8.13560e-17
5.92030e+03 8.10666e-17
5.92159e+03 8.82252e-17
5.92288e+03 9.29535e-17
5.92417e+03 9.00341e-17
5.92546e+03 8.45672e-17
5.92675e+03 8.34554e-17
5.92804e+03 8.66822e-17
5.92933e+03 8.48146e-17
5.93062e+03 8.40816e-17
5.93191e+03 8.64356e-17
5.93320e+03 9.09223e-17
5.93449e+03 8.96576e-17
5.93578e+03 8.50748e-17
5.93707e+03 7.98233e-17
5.93836e+03 7.71963e-17
5.93965e+03 8.27055e-17
5.94094e+03 9.12646e-17
5.94223e+03 9.15665e-17
5.94352e+03 8.68201e-17
5.94481e+03 8.47127e-17
5.94610e+03 8.61624e-17
5.94739e+03 8.71452e-17
5.94868e+03 8.16209e-17
5.94997e+03 7.65861e-17
5.95126e+03 7.62373e-17
5.95255e+03 7.79143e-17
5.95384e+03 8.13817e-17
5.95513e+03 8.14391e-17
5.95642e+03 7.98795e-17
5.95771e+03 7.86363e-17
5.95900e+03 8.12561e-17
5.96029e+03 8.23286e-17
5.96158e+03 8.10653e-17
5.96287e+03 8.66297e-17
5.96416e+03 8.60632e-17
5.96545e+03 8.40148e-17
5.96674e+03 8.58083e-17
5.96803e+03 7.87162e-17
5.96932e+03 8.07598e-17
5.97061e+03 8.92996e-17
5.97190e+03 9.37543e-17
5.97319e+03 9.07859e-17
5.97448e+03 9.37139e-17
5.97577e+03 1.01573e-16
5.97706e+03 1.01565e-16
5.97835e+03 8.94306e-17
5.97964e+03 7.80958e-17
5.98094e+03 8.02645e-17
5.98223e+03 9.26113e-17
5.98352e+03 9.09154e-17
5.98481e+03 8.74957e-17
5.98610e+03 9.07181e-17
5.98739e+03 9.14351e-17
5.98868e+03 9.28995e-17
5.98997e+03 9.51197e-17
5.99126e+03 9.59722e-17
5.99255e+03 9.84856e-17
5.99384e+03 1.01605e-16
5.99513e+03 9.67404e-17
5.99642e+03 9.30288e-17
5.99771e+03 9.45852e-17
5.99900e+03 9.85035e-17
6.00029e+03 9.75603e-17
6.00158e+03 8.89720e-17
6.00287e+03 8.93001e-17
6.00416e+03 9.66727e-17
6.00545e+03 1.00619e-16
6.00674e+03 1.00488e-16
6.00803e+03 9.85311e-17
6.00932e+03 9.35423e-17
6.01061e+03 9.20152e-17
6.01190e+03 1.01484e-16
6.01319e+03 1.15830e-16
6.01448e+03 1.17994e-16
6.01577e+03 1.06253e-16
6.01706e+03 9.98206e-17
6.01835e+03 1.04155e-16
6.01964e+03 1.03511e-16
6.02093e+03 1.04906e-16
6.02222e+03 1.09466e-16
6.02351e+03 1.11274e-16
6.02480e+03 1.15316e-16
6.02609e+03 1.12257e-16
6.02738e+03 1.09212e-16
6.02867e+03 1.16438e-16
6.02996e+03 1.18373e-16
6.03125e+03 1.14072e-16
6.03254e+03 1.10883e-16
6.03383e+03 1.04598e-16
6.03512e+03 1.05744e-16
6.03641e+03 1.13265e-16
6.03770e+03 1.17043e-16
6.03899e+03 1.11127e-16
6.04028e+03 1.06076e-16
6.04157e+03 1.11269e-16
6.04286e+03 1.17380e-16
6.04416e+03 1.12484e-16
6.04545e+03 1.11207e-16
6.04674e+03 1.17721e-16
6.04803e+03 1.18893e-16
6.04932e+03 1.18311e-16
6.05061e+03 1.22427e-16
6.05190e+03 1.28391e-16
6.05319e+03 1.32193e-16
6.05448e+03 1.30335e-16
6.05577e+03 1.27975e-16
6.05706e+03 1.15459e-16
6.05835e+03 1.15954e-16
6.05964e+03 1.27482e-16
6.06093e+03 1.31699e-16
6.06222e+03 1.23112e-16
6.06351e+03 1.21061e-16
6.06480e+03 1.16712e-16
6.06609e+03 1.15950e-16
6.06738e+03 1.18352e-16
6.06867e+03 1.19729e-16
6.06996e+03 1.24602e-16
6.07125e+03 1.20532e-16
6.07254e+03 1.13188e-16
6.07383e+03 1.16115e-16
6.07512e+03 1.20871e-16
6.07641e+03 1.16378e-16
6.07770e+03 1.17041e-16
6.07899e+03 1.21853e-16
6.08028e+03 1.26656e-16
6.08157e+03 1.28570e-16
6.08286e+03 1.22383e-16
6.08415e+03 1.22961e-16
6.08544e+03 1.30266e-16
6.08673e+03 1.32194e-16
6.08802e+03 1.28570e-16
6.08931e+03 1.19376e-16
6.09060e+03 1.17054e-16
6.09189e+03 1.25073e-16
6.09318e+03 1.27101e-16
6.09447e+03 1.25498e-16
6.09576e+03 1.27140e-16
6.09705e+03 1.25226e-16
6.09834e+03 1.24384e-16
6.09963e+03 1.31104e-16
6.10092e+03 1.31895e-16
6.10221e+03 1.26268e-16
6.10350e+03 1.31059e-16
6.10479e+03 1.35650e-16
6.10609e+03 1.28677e-16
6.10738e+03 1.19375e-16
6.10867e+03 1.18388e-16
6.10996e+03 1.25226e-16
6.11125e+03 1.30054e-16
6.11254e+03 1.24659e-16
6.11383e+03 1.17113e-16
6.11512e+03 1.17164e-16
6.11641e+03 1.31976e-16
6.11770e+03 1.41476e-16
6.11899e+03 1.31856e-16
6.12028e+03 1.22706e-16
6.12157e+03 1.24410e-16
6.12286e+03 1.26345e-16
6.12415e+03 1.26582e-16
6.12544e+03 1.25426e-16
6.12673e+03 1.29096e-16
6.12802e+03 1.33956e-16
6.12931e+03 1.25398e-16
6.13060e+03 1.14936e-16
6.13189e+03 1.15722e-16
6.13318e+03 1.18314e-16
6.13447e+03 1.17186e-16
6.13576e+03 1.14481e-16
6.13705e+03 1.20047e-16
6.13834e+03 1.25053e-16
6.13963e+03 1.26681e-16
6.14092e+03 1.25830e-16
6.14221e+03 1.23312e-16
6.14350e+03 1.22771e-16
6.14479e+03 1.22745e-16
6.14608e+03 1.18159e-16
6.14737e+03 1.18355e-16
6.14866e+03 1.20093e-16
6.14995e+03 1.23889e-16
6.15124e+03 1.31100e-16
6.15253e+03 1.28724e-16
6.15382e+03 1.22785e-16
6.15511e+03 1.24696e-16
6.15640e+03 1.22238e-16
6.15769e+03 1.16239e-16
6.15898e+03 1.11693e-16
6.16027e+03 1.11237e-16
6.16156e+03 1.11202e-16
6.16285e+03 1.08669e-16
6.16414e+03 1.11796e-16
6.16543e+03 1.12277e-16
6.16672e+03 1.11284e-16
6.16802e+03 1.16806e-16
6.16931e+03 1.18214e-16
6.17060e+03 1.16670e-16
6.17189e+03 1.13446e-16
6.17318e+03 1.08119e-16
6.17447e+03 1.09106e-16
6.17576e+03 1.12681e-16
6.17705e+03 1.11757e-16
6.17834e+03 1.12220e-16
6.17963e+03 1.15292e-16
6.18092e+03 1.13450e-16
6.18221e+03 1.10299e-16
6.18350e+03 1.14757e-16
6.18479e+03 1.18578e-16
6.18608e+03 1.19726e-16
6.18737e+03 1.22700e-16
6.18866e+03 1.14766e-16
6.18995e+03 1.05061e-16
6.19124e+03 1.00897e-16
6.19253e+03 1.05078e-16
6.19382e+03 1.03228e-16
6.19511e+03 1.08524e-16
6.19640e+03 1.07608e-16
6.19769e+03 9.89620e-17
6.19898e+03 1.03451e-16
6.20027e+03 1.02513e-16
6.20156e+03 9.62302e-17
6.20285e+03 1.01571e-16
6.20414e+03 1.09598e-16
6.20543e+03 1.05805e-16
6.20672e+03 1.06768e-16
6.20801e+03 1.10028e-16
6.20930e+03 1.06996e-16
6.21059e+03 1.08542e-16
6.21188e+03 1.16625e-16
6.21317e+03 1.18732e-16
6.21446e+03 1.19297e-16
6.21575e+03 1.19829e-16
6.21704e+03 1.18565e-16
6.21833e+03 1.19146e-16
6.21962e+03 1.15530e-16
6.22091e+03 1.07600e-16
6.22220e+03 1.05011e-16
6.22349e+03 1.04492e-16
6.22478e+03 1.03911e-16
6.22607e+03 1.10505e-16
6.22736e+03 1.11491e-16
6.22865e+03 1.08095e-16
6.22994e+03 1.11790e-16
6.23124e+03 1.14579e-16
6.23253e+03 1.11253e-16
6.23382e+03 1.08373e-16
6.23511e+03 1.08264e-16
6.23640e+03 1.02337e-16
6.23769e+03 9.99575e-17
6.23898e+03 1.10946e-16
6.24027e+03 1.15509e-16
6.24156e+03 1.09767e-16
6.24285e+03 1.04322e-16
6.24414e+03 1.03212e-16
6.24543e+03 1.03877e-16
6.24672e+03 1.02047e-16
6.24801e+03 1.03093e-16
6.24930e+03 1.09665e-16
6.25059e+03 1.08227e-16
6.25188e+03 1.05654e-16
6.25317e+03 1.10978e-16
6.25446e+03 1.09902e-16
6.25575e+03 9.98944e-17
6.25704e+03 1.03076e-16
6.25833e+03 1.14046e-16
6.25962e+03 1.22288e-16
6.26091e+03 1.14328e-16
6.26220e+03 1.06559e-16
6.26349e+03 1.13610e-16
6.26478e+03 1.14787e-16
6.26607e+03 1.14708e-16
6.26736e+03 1.12690e-16
6.26865e+03 1.08619e-16
6.26994e+03 1.09186e-16
6.27123e+03 1.15403e-16
6.27252e+03 1.09392e-16
6.27381e+03 1.04084e-16
6.27510e+03 1.14089e-16
6.27639e+03 1.19625e-16
6.27768e+03 1.18556e-16
6.27897e+03 1.19373e-16
6.28026e+03 1.16782e-16
6.28155e+03 1.17913e-16
6.28284e+03 1.20705e-16
6.28413e+03 1.16524e-16
6.28542e+03 1.12780e-16
6.28671e+03 1.12734e-16
6.28800e+03 1.17683e-16
6.28929e+03 1.20224e-16
6.29058e+03 1.16791e-16
6.29187e+03 1.15284e-16
6.29317e+03 1.18389e-16
6.29446e+03 1.20282e-16
6.29575e+03 1.27356e-16
6.29704e+03 1.27034e-16
6.29833e+03 1.04939e-16
6.29962e+03 9.83939e-17
6.30091e+03 1.10489e-16
6.30220e+03 1.21050e-16
6.30349e+03 1.23636e-16
6.30478e+03 1.17072e-16
6.30607e+03 1.22815e-16
6.30736e+03 1.30400e-16
6.30865e+03 1.26194e-16
6.30994e+03 1.19909e-16
6.31123e+03 1.21656e-16
6.31252e+03 1.25299e-16
6.31381e+03 1.24334e-16
6.31510e+03 1.22786e-16
6.31639e+03 1.20123e-16
6.31768e+03 1.16263e-16
6.31897e+03 1.17038e-16
6.32026e+03 1.26503e-16
6.32155e+03 1.33010e-16
6.32284e+03 1.23408e-16
6.32413e+03 1.15026e-16
6.32542e+03 1.18907e-16
6.32671e+03 1.24655e-16
6.32800e+03 1.27724e-16
6.32929e+03 1.26026e-16
6.33058e+03 1.23665e-16
6.33187e+03 1.30927e-16
6.33316e+03 1.37212e-16
6.33445e+03 1.38903e-16
6.33574e+03 1.28180e-16
6.33703e+03 1.23707e-16
6.33832e+03 1.20750e-16
6.33961e+03 1.20169e-16
6.34090e+03 1.21728e-16
6.34219e+03 1.16322e-16
6.34348e+03 1.27647e-16
6.34477e+03 1.31528e-16
6.34606e+03 1.29811e-16
6.34735e+03 1.27260e-16
6.34864e+03 1.21582e-16
6.34993e+03 1.30353e-16
6.35122e+03 1.41062e-16
6.35251e+03 1.38931e-16
6.35380e+03 1.33930e-16
6.35509e+03 1.33184e-16
6.35639e+03 1.38764e-16
6.35768e+03 1.39588e-16
6.35897e+03 1.38769e-16
6.36026e+03 1.33009e-16
6.36155e+03 1.25998e-16
6.36284e+03 1.25450e-16
6.36413e+03 1.29280e-16
6.36542e+03 1.28969e-16
6.36671e+03 1.29536e-16
6.36800e+03 1.30108e-16
6.36929e+03 1.27302e-16
6.37058e+03 1.25573e-16
6.37187e+03 1.26929e-16
6.37316e+03 1.32863e-16
6.37445e+03 1.34943e-16
6.37574e+03 1.32225e-16
6.37703e+03 1.31741e-16
6.37832e+03 1.32680e-16
6.37961e+03 1.34725e-16
6.38090e+03 1.38222e-16
6.38219e+03 1.42393e-16
6.38348e+03 1.36778e-16
6.38477e+03 1.30286e-16
6.38606e+03 1.33337e-16
6.38735e+03 1.39267e-16
6.38864e+03 1.36130e-16
6.38993e+03 1.34390e-16
6.39122e+03 1.36871e-16
6.39251e+03 1.37753e-16
6.39380e+03 1.31905e-16
6.39509e+03 1.29612e-16
6.39638e+03 1.34610e-16
6.39767e+03 1.34861e-16
6.39896e+03 1.27452e-16
6.40025e+03 1.26946e-16
6.40154e+03 1.34366e-16
6.40283e+03 1.33490e-16
6.40412e+03 1.29979e-16
6.40541e+03 1.33745e-16
6.40670e+03 1.23177e-16
6.40799e+03 1.25938e-16
6.40928e+03 1.38076e-16
6.41057e+03 1.39089e-16
6.41186e+03 1.41555e-16
6.41315e+03 1.36956e-16
6.41444e+03 1.38729e-16
6.41573e+03 1.33405e-16
6.41702e+03 1.26973e-16
6.41832e+03 1.31588e-16
6.41961e+03 1.37459e-16
6.42090e+03 1.39077e-16
6.42219e+03 1.39292e-16
6.42348e+03 1.43156e-16
6.42477e+03 1.41254e-16
6.42606e+03 1.35244e-16
6.42735e+03 1.38048e-16
6.42864e+03 1.38619e-16
6.42993e+03 1.34644e-16
6.43122e+03 1.37785e-16
6.43251e+03 1.37812e-16
6.43380e+03 1.29753e-16
6.43509e+03 1.32494e-16
6.43638e+03 1.43257e-16
6.43767e+03 1.40535e-16
6.43896e+03 1.35845e-16
6.44025e+03 1.40959e-16
6.44154e+03 1.44026e-16
6.44283e+03 1.43703e-16
6.44412e+03 1.43526e-16
6.44541e+03 1.47394e-16
6.44670e+03 1.42824e-16
6.44799e+03 1.44543e-16
6.44928e+03 1.46350e-16
6.45057e+03 1.37118e-16
6.45186e+03 1.39225e-16
6.45315e+03 1.50855e-16
6.45444e+03 1.54061e-16
6.45573e+03 1.43950e-16
6.45702e+03 1.46454e-16
6.45831e+03 1.58866e-16
6.45960e+03 1.64887e-16
6.46089e+03 1.59046e-16
6.46218e+03 1.51273e-16
6.46347e+03 1.53437e-16
6.46476e+03 1.50454e-16
6.46605e+03 1.46734e-16
6.46734e+03 1.45528e-16
6.46863e+03 1.50275e-16
6.46992e+03 1.53957e-16
6.47121e+03 1.53024e-16
6.47250e+03 1.48952e-16
6.47379e+03 1.41230e-16
6.47508e+03 1.43277e-16
6.47637e+03 1.41640e-16
6.47766e+03 1.36853e-16
6.47895e+03 1.45334e-16
6.48025e+03 1.50817e-16
6.48154e+03 1.43585e-16
6.48283e+03 1.40109e-16
6.48412e+03 1.45227e-16
6.48541e+03 1.45260e-16
6.48670e+03 1.44579e-16
6.48799e+03 1.43653e-16
6.48928e+03 1.37420e-16
6.49057e+03 1.40084e-16
6.49186e+03 1.51019e-16
6.49315e+03 1.54614e-16
6.49444e+03 1.54199e-16
6.49573e+03 1.47191e-16
6.49702e+03 1.44202e-16
6.49831e+03 1.54263e-16
6.49960e+03 1.54627e-16
6.50089e+03 1.49578e-16
6.50218e+03 1.42996e-16
6.50347e+03 1.42872e-16
6.50476e+03 1.51821e-16
6.50605e+03 1.54809e-16
6.50734e+03 1.51327e-16
6.50863e+03 1.47771e-16
6.50992e+03 1.48510e-16
6.51121e+03 1.56733e-16
6.51250e+03 1.52451e-16
6.51379e+03 1.46696e-16
6.51508e+03 1.48671e-16
6.51637e+03 1.53746e-16
6.51766e+03 1.61697e-16
6.51895e+03 1.59448e-16
6.52024e+03 1.54479e-16
6.52153e+03 1.56906e-16
6.52282e+03 1.65178e-16
6.52411e+03 1.61720e-16
6.52540e+03 1.50487e-16
6.52669e+03 1.54798e-16
6.52798e+03 1.52994e-16
6.52927e+03 1.48382e-16
6.53056e+03 1.48863e-16
6.53185e+03 1.50789e-16
6.53314e+03 1.49720e-16
6.53443e+03 1.48821e-16
6.53572e+03 1.46131e-16
6.53701e+03 1.47088e-16
6.53830e+03 1.50800e-16
6.53959e+03 1.52371e-16
6.54088e+03 1.50899e-16
6.54217e+03 1.52928e-16
6.54347e+03 1.54686e-16
6.54476e+03 1.56891e-16
6.54605e+03 1.59640e-16
6.54734e+03 1.59408e-16
6.54863e+03 1.52276e-16
6.54992e+03 1.43761e-16
6.55121e+03 1.40265e-16
6.55250e+03 1.49514e-16
6.55379e+03 1.57485e-16
6.55508e+03 1.51445e-16
6.55637e+03 1.46640e-16
6.55766e+03 1.48187e-16
6.55895e+03 1.46842e-16
6.56024e+03 1.44082e-16
6.56153e+03 1.47670e-16
6.56282e+03 1.47926e-16
6.56411e+03 1.49877e-16
6.56540e+03 1.51415e-16
6.56669e+03 1.45620e-16
6.56798e+03 1.43838e-16
6.56927e+03 1.44651e-16
6.57056e+03 1.45262e-16
6.57185e+03 1.45646e-16
6.57314e+03 1.46269e-16
6.57443e+03 1.50012e-16
6.57572e+03 1.51124e-16
6.57701e+03 1.38515e-16
6.57830e+03 1.35881e-16
6.57959e+03 1.39364e-16
6.58088e+03 1.39912e-16
6.58217e+03 1.40512e-16
6.58346e+03 1.45809e-16
6.58475e+03 1.46986e-16
6.58604e+03 1.46377e-16
6.58733e+03 1.37523e-16
6.58862e+03 1.37322e-16
6.58991e+03 1.48918e-16
6.59120e+03 1.49466e-16
6.59249e+03 1.42951e-16
6.59378e+03 1.35868e-16
6.59507e+03 1.35104e-16
6.59636e+03 1.36579e-16
6.59765e+03 1.37784e-16
6.59894e+03 1.39007e-16
6.60023e+03 1.40207e-16
6.60152e+03 1.40433e-16
6.60281e+03 1.41768e-16
6.60410e+03 1.46555e-16
6.60540e+03 1.44328e-16
6.60669e+03 1.41616e-16
6.60798e+03 1.42779e-16
6.60927e+03 1.39233e-16
6.61056e+03 1.35811e-16
6.61185e+03 1.39853e-16
6.61314e+03 1.46993e-16
6.61443e+03 1.51443e-16
6.61572e+03 1.51056e-16
6.61701e+03 1.47753e-16
6.61830e+03 1.46105e-16
6.61959e+03 1.45282e-16
6.62088e+03 1.44368e-16
6.62217e+03 1.43436e-16
6.62346e+03 1.42513e-16
6.62475e+03 1.41590e-16
6.62604e+03 1.40666e-16
6.62733e+03 1.39742e-16
6.62862e+03 1.38843e-16
6.62991e+03 1.37857e-16
6.63120e+03 1.36789e-16
6.63249e+03 1.38077e-16
6.63378e+03 1.41287e-16
6.63507e+03 1.37698e-16
6.63636e+03 1.38972e-16
6.63765e+03 1.50909e-16
6.63894e+03 1.51006e-16
6.64023e+03 1.49696e-16
6.64152e+03 1.49784e-16
6.64281e+03 1.47117e-16
6.64410e+03 1.39017e-16
6.64539e+03 1.43230e-16
6.64668e+03 1.39894e-16
6.64797e+03 1.35053e-16
6.64926e+03 1.41973e-16
6.65055e+03 1.35550e-16
6.65184e+03 1.35130e-16
6.65313e+03 1.43154e-16
6.65442e+03 1.49044e-16
6.65571e+03 1.48226e-16
6.65700e+03 1.47243e-16
6.65829e+03 1.46314e-16
6.65958e+03 1.39793e-16
6.66087e+03 1.34427e-16
6.66216e+03 1.42466e-16
6.66345e+03 1.46446e-16
6.66474e+03 1.42904e-16
6.66603e+03 1.44834e-16
6.66732e+03 1.50397e-16
6.66862e+03 1.47447e-16
6.66991e+03 1.43672e-16
6.67120e+03 1.47516e-16
6.67249e+03 1.48921e-16
6.67378e+03 1.44436e-16
6.67507e+03 1.45329e-16
6.67636e+03 1.47401e-16
6.67765e+03 1.43813e-16
6.67894e+03 1.46780e-16
6.68023e+03 1.47477e-16
6.68152e+03 1.44333e-16
6.68281e+03 1.42322e-16
6.68410e+03 1.33930e-16
6.68539e+03 1.32150e-16
6.68668e+03 1.38635e-16
6.68797e+03 1.44710e-16
6.68926e+03 1.46367e-16
6.69055e+03 1.52342e-16
6.69184e+03 1.41844e-16
6.69313e+03 1.27141e-16
6.69442e+03 1.33974e-16
6.69571e+03 1.32241e-16
6.69700e+03 1.28250e-16
6.69829e+03 1.41109e-16
6.69958e+03 1.38288e-16
6.70087e+03 1.31167e-16
6.70216e+03 1.41656e-16
6.70345e+03 1.36931e-16
6.70474e+03 1.42000e-16
6.70603e+03 1.47421e-16
6.70732e+03 1.49283e-16
6.70861e+03 1.43701e-16
6.70990e+03 1.44910e-16
6.71119e+03 1.52289e-16
6.71248e+03 1.49054e-16
6.71377e+03 1.42054e-16
6.71506e+03 1.46659e-16
6.71635e+03 1.56388e-16
6.71764e+03 1.52016e-16
6.71893e+03 1.44574e-16
6.72022e+03 1.48170e-16
6.72151e+03 1.51080e-16
6.72280e+03 1.46995e-16
6.72409e+03 1.38125e-16
6.72538e+03 1.32610e-16
6.72667e+03 1.39058e-16
6.72796e+03 1.40327e-16
6.72925e+03 1.33329e-16
6.73055e+03 1.36344e-16
6.73184e+03 1.45794e-16
6.73313e+03 1.50218e-16
6.73442e+03 1.47300e-16
6.73571e+03 1.43836e-16
6.73700e+03 1.43964e-16
6.73829e+03 1.39149e-16
6.73958e+03 1.36312e-16
6.74087e+03 1.42388e-16
6.74216e+03 1.32565e-16
6.74345e+03 1.25054e-16
6.74474e+03 1.38439e-16
6.74603e+03 1.80336e-16
6.74732e+03 2.21736e-16
6.74861e+03 2.18845e-16
6.74990e+03 1.78103e-16
6.75119e+03 1.57020e-16
6.75248e+03 1.49507e-16
6.75377e+03 1.45845e-16
6.75506e+03 1.49506e-16
6.75635e+03 1.56972e-16
6.75764e+03 1.53248e-16
6.75893e+03 1.36244e-16
6.76022e+03 2.47954e-16
6.76151e+03 6.13260e-16
6.76280e+03 8.42332e-16
6.76409e+03 7.44947e-16
6.76538e+03 5.02979e-16
6.76667e+03 2.66702e-16
6.76796e+03 1.19146e-16
6.76925e+03 1.36189e-16
6.77054e+03 1.33942e-16
6.77183e+03 1.49519e-16
6.77312e+03 1.40580e-16
6.77441e+03 1.35455e-16
6.77570e+03 1.36425e-16
6.77699e+03 1.24142e-16
6.77828e+03 1.12467e-16
6.77957e+03 1.09518e-16
6.78086e+03 1.40508e-16
6.78215e+03 2.37256e-16
6.78344e+03 3.50798e-16
6.78473e+03 3.81688e-16
6.78602e+03 3.24266e-16
6.78731e+03 2.41596e-16
6.78860e+03 1.74553e-16
6.78989e+03 1.46728e-16
6.79118e+03 1.40432e-16
6.79247e+03 1.40136e-16
6.79377e+03 1.41559e-16
6.79506e+03 1.42264e-16
6.79635e+03 1.32385e-16
6.79764e+03 1.25043e-16
6.79893e+03 1.26658e-16
6.80022e+03 1.31963e-16
6.80151e+03 1.37942e-16
6.80280e+03 1.40197e-16
6.80409e+03 1.40215e-16
6.80538e+03 1.37282e-16
6.80667e+03 1.36683e-16
6.80796e+03 1.37556e-16
6.80925e+03 1.38346e-16
6.81054e+03 1.35044e-16
6.81183e+03 1.31841e-16
6.81312e+03 1.41169e-16
6.81441e+03 1.33999e-16
6.81570e+03 1.29521e-16
6.81699e+03 1.34827e-16
6.81828e+03 1.33106e-16
6.81957e+03 1.31586e-16
6.82086e+03 1.35753e-16
6.82215e+03 1.35501e-16
6.82344e+03 1.33788e-16
6.82473e+03 1.32757e-16
6.82602e+03 1.33710e-16
6.82731e+03 1.33156e-16
6.82860e+03 1.32496e-16
6.82989e+03 1.32155e-16
6.83118e+03 1.31800e-16
6.83247e+03 1.31433e-16
6.83376e+03 1.31070e-16
6.83505e+03 1.30706e-16
6.83634e+03 1.30342e-16
6.83763e+03 1.29979e-16
6.83892e+03 1.29615e-16
6.84021e+03 1.29250e-16
6.84150e+03 1.28899e-16
6.84279e+03 1.28521e-16
6.84408e+03 1.28031e-16
6.84537e+03 1.28635e-16
6.84666e+03 1.31961e-16
6.84795e+03 1.31607e-16
6.84924e+03 1.18945e-16
6.85053e+03 1.04242e-16
6.85182e+03 1.04762e-16
6.85311e+03 1.17569e-16
6.85440e+03 1.28686e-16
6.85570e+03 1.31645e-16
6.85699e+03 1.24268e-16
6.85828e+03 1.14790e-16
6.85957e+03 1.13998e-16
6.86086e+03 1.24838e-16
6.86215e+03 1.18870e-16
6.86344e+03 1.21269e-16
6.86473e+03 1.32196e-16
6.86602e+03 1.39652e-16
6.86731e+03 1.36741e-16
6.86860e+03 1.25988e-16
6.86989e+03 1.12325e-16
6.87118e+03 1.12227e-16
6.87247e+03 1.16350e-16
6.87376e+03 1.12800e-16
6.87505e+03 1.09556e-16
6.87634e+03 1.13044e-16
6.87763e+03 1.17277e-16
6.87892e+03 1.19955e-16
6.88021e+03 1.19666e-16
6.88150e+03 1.26543e-16
6.88279e+03 1.36970e-16
6.88408e+03 1.40397e-16
6.88537e+03 1.32968e-16
6.88666e+03 1.20195e-16
6.88795e+03 1.13674e-16
6.88924e+03 1.10932e-16
6.89053e+03 1.11277e-16
6.89182e+03 1.25775e-16
6.89311e+03 1.38698e-16
6.89440e+03 1.30724e-16
6.89569e+03 1.18479e-16
6.89698e+03 1.16429e-16
6.89827e+03 1.18025e-16
6.89956e+03 1.15050e-16
6.90085e+03 1.13412e-16
6.90214e+03 1.19693e-16
6.90343e+03 1.18134e-16
6.90472e+03 1.17154e-16
6.90601e+03 1.19930e-16
6.90730e+03 1.14673e-16
6.90859e+03 1.08925e-16
6.90988e+03 1.05801e-16
6.91117e+03 1.04264e-16
6.91246e+03 1.13351e-16
6.91375e+03 1.16281e-16
6.91504e+03 1.07311e-16
6.91633e+03 9.81262e-17
6.91763e+03 9.73709e-17
6.91892e+03 1.41957e-16
6.92021e+03 1.99640e-16
6.92150e+03 2.24284e-16
6.92279e+03 2.04650e-16
6.92408e+03 1.59955e-16
6.92537e+03 1.27708e-16
6.92666e+03 1.08529e-16
6.92795e+03 1.00219e-16
6.92924e+03 9.59160e-17
6.93053e+03 9.01239e-17
6.93182e+03 9.16819e-17
6.93311e+03 1.20387e-16
6.93440e+03 1.69104e-16
6.93569e+03 1.90313e-16
6.93698e+03 1.84903e-16
6.93827e+03 1.68621e-16
6.93956e+03 1.43427e-16
6.94085e+03 1.21336e-16
6.94214e+03 1.11671e-16
6.94343e+03 1.10521e-16
6.94472e+03 1.09879e-16
6.94601e+03 1.06575e-16
6.94730e+03 1.10468e-16
6.94859e+03 1.16535e-16
6.94988e+03 1.08771e-16
6.95117e+03 1.01369e-16
6.95246e+03 9.75608e-17
6.95375e+03 9.89024e-17
6.95504e+03 1.06407e-16
6.95633e+03 1.05808e-16
6.95762e+03 1.01355e-16
6.95891e+03 1.01212e-16
6.96020e+03 1.01780e-16
6.96149e+03 1.07118e-16
6.96278e+03 1.10979e-16
6.96407e+03 1.03415e-16
6.96536e+03 1.00408e-16
6.96665e+03 1.04767e-16
6.96794e+03 1.05816e-16
6.96923e+03 1.08220e-16
6.97052e+03 1.07318e-16
6.97181e+03 1.11151e-16
6.97310e+03 1.15037e-16
6.97439e+03 1.07079e-16
6.97568e+03 1.00241e-16
6.97697e+03 9.49272e-17
6.97826e+03 9.16880e-17
6.97955e+03 9.66399e-17
6.98085e+03 1.09812e-16
6.98214e+03 1.14503e-16
6.98343e+03 1.08869e-16
6.98472e+03 1.03227e-16
6.98601e+03 1.04694e-16
6.98730e+03 9.71844e-17
6.98859e+03 9.30722e-17
6.98988e+03 9.62783e-17
6.99117e+03 1.00468e-16
6.99246e+03 1.00400e-16
6.99375e+03 9.33258e-17
6.99504e+03 9.04356e-17
6.99633e+03 9.19017e-17
6.99762e+03 9.40072e-17
6.99891e+03 9.82323e-17
7.00020e+03 9.61830e-17
7.00149e+03 9.16297e-17
7.00278e+03 9.44975e-17
7.00407e+03 9.86238e-17
7.00536e+03 9.60117e-17
7.00665e+03 9.20925e-17
7.00794e+03 9.65201e-17
7.00923e+03 9.48133e-17
7.01052e+03 9.05447e-17
7.01181e+03 9.08860e-17
7.01310e+03 9.25686e-17
7.01439e+03 9.40340e-17
7.01568e+03 9.54312e-17
7.01697e+03 9.70954e-17
7.01826e+03 9.87558e-17
7.01955e+03 9.54153e-17
7.02084e+03 9.15981e-17
7.02213e+03 1.00414e-16
7.02342e+03 9.81512e-17
7.02471e+03 9.42005e-17
7.02600e+03 9.49268e-17
7.02729e+03 9.95771e-17
7.02858e+03 9.84791e-17
7.02987e+03 9.53441e-17
7.03116e+03 8.92022e-17
7.03245e+03 8.80172e-17
7.03374e+03 8.71658e-17
7.03503e+03 8.63447e-17
7.03632e+03 9.28437e-17
7.03761e+03 9.91302e-17
7.03890e+03 1.00893e-16
7.04019e+03 9.92002e-17
7.04148e+03 9.92677e-17
7.04278e+03 9.93363e-17
7.04407e+03 9.91474e-17
7.04536e+03 9.44542e-17
7.04665e+03 8.80863e-17
7.04794e+03 8.75864e-17
7.04923e+03 8.89497e-17
7.05052e+03 9.00384e-17
7.05181e+03 9.10899e-17
7.05310e+03 9.22139e-17
7.05439e+03 9.33944e-17
7.05568e+03 9.19332e-17
7.05697e+03 8.42684e-17
7.05826e+03 8.11491e-17
7.05955e+03 8.99781e-17
7.06084e+03 9.11077e-17
7.06213e+03 9.36978e-17
7.06342e+03 9.63529e-17
7.06471e+03 9.01974e-17
7.06600e+03 8.59451e-17
7.06729e+03 9.14639e-17
7.06858e+03 8.88796e-17
7.06987e+03 8.06080e-17
7.07116e+03 8.69334e-17
7.07245e+03 9.75623e-17
7.07374e+03 9.77323e-17
7.07503e+03 8.51988e-17
7.07632e+03 7.78608e-17
7.07761e+03 8.63161e-17
7.07890e+03 9.62812e-17
7.08019e+03 9.77281e-17
7.08148e+03 8.54759e-17
7.08277e+03 7.92610e-17
7.08406e+03 8.18644e-17
7.08535e+03 8.53547e-17
7.08664e+03 8.96944e-17
7.08793e+03 8.72576e-17
7.08922e+03 8.39352e-17
7.09051e+03 8.59666e-17
7.09180e+03 8.96584e-17
7.09309e+03 9.02122e-17
7.09438e+03 8.90511e-17
7.09567e+03 9.32454e-17
7.09696e+03 9.85552e-17
7.09825e+03 9.72765e-17
7.09954e+03 9.19977e-17
7.10083e+03 8.86253e-17
7.10212e+03 9.23160e-17
7.10341e+03 9.60309e-17
7.10470e+03 9.35856e-17
7.10600e+03 8.92283e-17
7.10729e+03 8.47903e-17
7.10858e+03 8.51211e-17
7.10987e+03 8.51379e-17
7.11116e+03 8.11247e-17
7.11245e+03 8.42084e-17
7.11374e+03 9.40282e-17
7.11503e+03 9.56953e-17
7.11632e+03 8.87885e-17
7.11761e+03 8.62610e-17
7.11890e+03 9.05870e-17
7.12019e+03 9.13752e-17
7.12148e+03 9.37023e-17
7.12277e+03 9.91642e-17
7.12406e+03 9.90752e-17
7.12535e+03 9.46415e-17
7.12664e+03 9.85717e-17
7.12793e+03 9.28752e-17
7.12922e+03 8.58961e-17
7.13051e+03 9.07483e-17
7.13180e+03 9.57385e-17
7.13309e+03 9.49159e-17
7.13438e+03 9.16414e-17
7.13567e+03 8.97336e-17
7.13696e+03 8.90315e-17
7.13825e+03 8.63778e-17
7.13954e+03 8.54357e-17
7.14083e+03 8.96526e-17
7.14212e+03 9.39817e-17
7.14341e+03 9.46742e-17
7.14470e+03 8.77408e-17
7.14599e+03 8.21966e-17
7.14728e+03 8.78584e-17
7.14857e+03 8.97103e-17
7.14986e+03 8.57190e-17
7.15115e+03 8.50873e-17
7.15244e+03 8.44586e-17
7.15373e+03 9.05515e-17
7.15502e+03 9.80977e-17
7.15631e+03 9.85811e-17
7.15760e+03 9.50884e-17
7.15889e+03 9.27579e-17
7.16018e+03 9.17812e-17
7.16147e+03 8.94759e-17
7.16276e+03 9.15104e-17
7.16405e+03 9.29790e-17
7.16534e+03 9.52406e-17
7.16663e+03 9.44738e-17
7.16793e+03 8.67823e-17
7.16922e+03 7.99417e-17
7.17051e+03 7.87682e-17
7.17180e+03 8.39001e-17
7.17309e+03 7.95279e-17
7.17438e+03 7.45687e-17
7.17567e+03 7.29292e-17
7.17696e+03 7.72875e-17
7.17825e+03 8.45167e-17
7.17954e+03 8.93556e-17
7.18083e+03 9.49098e-17
7.18212e+03 1.00332e-16
7.18341e+03 9.52689e-17
7.18470e+03 9.02526e-17
7.18599e+03 8.88810e-17
7.18728e+03 8.32524e-17
7.18857e+03 7.82468e-17
7.18986e+03 8.55573e-17
7.19115e+03 9.16985e-17
7.19244e+03 8.94223e-17
7.19373e+03 8.65557e-17
7.19502e+03 8.53816e-17
7.19631e+03 8.66054e-17
7.19760e+03 8.89597e-17
7.19889e+03 9.06712e-17
7.20018e+03 9.31327e-17
7.20147e+03 9.43608e-17
7.20276e+03 9.13479e-17
7.20405e+03 9.09331e-17
7.20534e+03 9.44760e-17
7.20663e+03 9.28567e-17
7.20792e+03 8.84517e-17
7.20921e+03 9.22321e-17
7.21050e+03 9.27222e-17
7.21179e+03 9.40974e-17
7.21308e+03 9.58503e-17
7.21437e+03 9.42308e-17
7.21566e+03 9.45220e-17
7.21695e+03 9.61728e-17
7.21824e+03 9.82753e-17
7.21953e+03 9.99266e-17
7.22082e+03 1.06549e-16
7.22211e+03 1.08746e-16
7.22340e+03 1.05253e-16
7.22469e+03 9.55466e-17
7.22598e+03 1.00842e-16
7.22727e+03 1.04130e-16
7.22856e+03 9.90241e-17
7.22985e+03 1.00426e-16
7.23115e+03 9.55261e-17
7.23244e+03 8.95216e-17
7.23373e+03 9.00151e-17
7.23502e+03 8.77911e-17
7.23631e+03 9.19223e-17
7.23760e+03 1.01629e-16
7.23889e+03 1.01470e-16
7.24018e+03 9.66327e-17
7.24147e+03 1.01909e-16
7.24276e+03 1.05616e-16
7.24405e+03 1.00200e-16
7.24534e+03 9.70173e-17
7.24663e+03 1.02573e-16
7.24792e+03 1.09149e-16
7.24921e+03 1.01700e-16
7.25050e+03 9.42048e-17
7.25179e+03 9.77402e-17
7.25308e+03 9.51801e-17
7.25437e+03 9.29939e-17
7.25566e+03 1.02681e-16
7.25695e+03 1.04599e-16
7.25824e+03 9.77354e-17
7.25953e+03 9.59138e-17
7.26082e+03 9.70940e-17
7.26211e+03 9.57474e-17
7.26340e+03 8.72267e-17
7.26469e+03 8.54538e-17
7.26598e+03 9.16385e-17
7.26727e+03 1.02981e-16
7.26856e+03 1.14094e-16
7.26985e+03 1.19158e-16
7.27114e+03 1.08616e-16
7.27243e+03 9.59456e-17
7.27372e+03 8.83255e-17
7.27501e+03 8.66801e-17
7.27630e+03 8.84837e-17
7.27759e+03 9.24963e-17
7.27888e+03 9.42194e-17
7.28017e+03 9.49779e-17
7.28146e+03 9.58083e-17
7.28275e+03 9.66265e-17
7.28404e+03 9.76052e-17
7.28533e+03 9.85638e-17
7.28662e+03 9.74689e-17
7.28791e+03 9.78079e-17
7.28920e+03 1.06262e-16
7.29049e+03 1.07770e-16
7.29178e+03 9.72293e-17
7.29308e+03 8.80027e-17
7.29437e+03 9.26492e-17
7.29566e+03 1.00707e-16
7.29695e+03 1.04193e-16
7.29824e+03 1.05587e-16
7.29953e+03 1.07924e-16
7.30082e+03 1.02495e-16
7.30211e+03 9.21731e-17
7.30340e+03 9.44381e-17
7.30469e+03 1.01875e-16
7.30598e+03 1.07874e-16
7.30727e+03 1.07974e-16
7.30856e+03 1.05076e-16
7.30985e+03 9.85999e-17
7.31114e+03 1.04015e-16
7.31243e+03 1.08151e-16
7.31372e+03 1.04630e-16
7.31501e+03 1.04096e-16
7.31630e+03 1.07977e-16
7.31759e+03 1.03637e-16
7.31888e+03 1.02159e-16
7.32017e+03 1.03300e-16
7.32146e+03 1.06628e-16
7.32275e+03 1.05092e-16
7.32404e+03 1.06277e-16
7.32533e+03 1.08679e-16
7.32662e+03 1.11688e-16
7.32791e+03 1.11997e-16
7.32920e+03 1.15780e-16
7.33049e+03 1.11367e-16
7.33178e+03 1.12026e-16
7.33307e+03 1.22766e-16
7.33436e+03 1.24373e-16
7.33565e+03 1.19978e-16
7.33694e+03 1.19003e-16
7.33823e+03 1.14894e-16
7.33952e+03 1.03558e-16
7.34081e+03 1.01106e-16
7.34210e+03 1.17579e-16
7.34339e+03 1.28322e-16
7.34468e+03 1.22870e-16
7.34597e+03 1.17332e-16
7.34726e+03 1.15699e-16
7.34855e+03 1.13747e-16
7.34984e+03 1.08538e-16
7.35113e+03 1.16056e-16
7.35242e+03 1.28958e-16
7.35371e+03 1.29588e-16
7.35501e+03 1.23312e-16
7.35630e+03 1.16764e-16
7.35759e+03 1.22761e-16
7.35888e+03 1.23403e-16
7.36017e+03 1.10870e-16
7.36146e+03 1.16944e-16
7.36275e+03 1.23997e-16
7.36404e+03 1.29595e-16
7.36533e+03 1.30601e-16
7.36662e+03 1.13351e-16
7.36791e+03 1.05470e-16
7.36920e+03 1.12203e-16
7.37049e+03 1.28140e-16
7.37178e+03 1.38388e-16
7.37307e+03 1.38848e-16
7.37436e+03 1.37786e-16
7.37565e+03 1.35577e-16
7.37694e+03 1.39473e-16
7.37823e+03 1.41420e-16
7.37952e+03 1.40365e-16
7.38081e+03 1.41144e-16
7.38210e+03 1.36962e-16
7.38339e+03 1.32338e-16
7.38468e+03 1.37225e-16
7.38597e+03 1.41102e-16
7.38726e+03 1.39311e-16
7.38855e+03 1.39593e-16
7.38984e+03 1.44423e-16
7.39113e+03 1.50198e-16
7.39242e+03 1.47302e-16
7.39371e+03 1.45765e-16
7.39500e+03 1.47406e-16
7.39629e+03 1.39344e-16
7.39758e+03 1.38726e-16
7.39887e+03 1.51714e-16
7.40016e+03 1.67019e-16
7.40145e+03 1.67319e-16
7.40274e+03 1.66576e-16
7.40403e+03 1.68350e-16
7.40532e+03 1.64308e-16
7.40661e+03 1.61277e-16
7.40790e+03 1.54619e-16
7.40919e+03 1.51635e-16
7.41048e+03 1.44090e-16
7.41177e+03 1.48635e-16
7.41306e+03 1.54732e-16
7.41435e+03 1.57344e-16
7.41564e+03 1.61433e-16
7.41693e+03 1.56484e-16
7.41823e+03 1.41475e-16
7.41952e+03 1.43390e-16
7.42081e+03 1.57066e-16
7.42210e+03 1.64107e-16
7.42339e+03 1.66360e-16
7.42468e+03 1.63548e-16
7.42597e+03 1.59845e-16
7.42726e+03 1.61316e-16
7.42855e+03 1.64586e-16
7.42984e+03 1.61689e-16
7.43113e+03 1.58454e-16
7.43242e+03 1.58278e-16
7.43371e+03 1.54746e-16
7.43500e+03 1.57156e-16
7.43629e+03 1.60705e-16
7.43758e+03 1.62243e-16
7.43887e+03 1.70215e-16
7.44016e+03 1.72219e-16
7.44145e+03 1.58678e-16
7.44274e+03 1.56007e-16
7.44403e+03 1.58857e-16
7.44532e+03 1.57518e-16
7.44661e+03 1.49944e-16
7.44790e+03 1.59867e-16
7.44919e+03 1.70285e-16
7.45048e+03 1.68093e-16
7.45177e+03 1.79131e-16
7.45306e+03 1.70754e-16
7.45435e+03 1.59586e-16
7.45564e+03 1.69945e-16
7.45693e+03 1.71720e-16
7.45822e+03 1.67618e-16
7.45951e+03 1.74040e-16
7.46080e+03 1.75706e-16
7.46209e+03 1.76412e-16
7.46338e+03 1.70919e-16
7.46467e+03 1.68999e-16
7.46596e+03 1.81202e-16
7.46725e+03 1.91210e-16
7.46854e+03 1.93696e-16
7.46983e+03 1.91398e-16
7.47112e+03 1.86080e-16
7.47241e+03 1.86632e-16
7.47370e+03 1.94160e-16
7.47499e+03 2.01968e-16
7.47628e+03 2.01940e-16
7.47757e+03 1.96186e-16
7.47886e+03 1.97459e-16
7.48016e+03 2.00828e-16
7.48145e+03 1.96553e-16
7.48274e+03 1.81694e-16
7.48403e+03 1.73168e-16
7.48532e+03 1.86768e-16
7.48661e+03 2.01823e-16
7.48790e+03 2.01449e-16
7.48919e+03 1.91427e-16
7.49048e+03 1.90338e-16
7.49177e+03 2.00631e-16
7.49306e+03 2.01950e-16
7.49435e+03 2.07932e-16
7.49564e+03 2.11675e-16
7.49693e+03 2.13545e-16
7.49822e+03 2.10274e-16
7.49951e+03 1.99624e-16
7.50080e+03 1.89056e-16
7.50209e+03 1.99229e-16
7.50338e+03 2.00520e-16
7.50467e+03 2.07311e-16
7.50596e+03 2.12387e-16
7.50725e+03 2.09592e-16
7.50854e+03 2.10931e-16
7.50983e+03 2.20853e-16
7.51112e+03 2.19480e-16
7.51241e+03 2.19472e-16
7.51370e+03 2.21983e-16
7.51499e+03 2.09534e-16
7.51628e+03 2.05090e-16
7.51757e+03 2.17619e-16
7.51886e+03 2.24567e-16
7.52015e+03 2.18910e-16
7.52144e+03 2.15753e-16
7.52273e+03 2.29991e-16
7.52402e+03 2.39414e-16
7.52531e+03 2.22464e-16
7.52660e+03 2.14243e-16
7.52789e+03 2.27636e-16
7.52918e+03 2.29950e-16
7.53047e+03 2.25374e-16
7.53176e+03 2.12823e-16
7.53305e+03 2.12963e-16
7.53434e+03 2.15971e-16
7.53563e+03 2.18270e-16
7.53692e+03 2.04076e-16
7.53821e+03 2.09522e-16
7.53950e+03 2.14104e-16
7.54079e+03 2.12449e-16
7.54208e+03 2.22702e-16
7.54338e+03 2.26882e-16
7.54467e+03 2.16922e-16
7.54596e+03 2.01221e-16
7.54725e+03 2.15007e-16
7.54854e+03 2.18632e-16
7.54983e+03 1.99658e-16
7.55112e+03 1.91922e-16
7.55241e+03 2.03639e-16
7.55370e+03 2.03598e-16
7.55499e+03 1.99351e-16
7.55628e+03 2.04185e-16
7.55757e+03 2.07720e-16
7.55886e+03 2.07080e-16
7.56015e+03 2.10292e-16
7.56144e+03 2.08788e-16
7.56273e+03 1.96284e-16
7.56402e+03 1.91478e-16
7.56531e+03 2.00801e-16
7.56660e+03 2.03420e-16
7.56789e+03 1.99408e-16
7.56918e+03 2.02715e-16
7.57047e+03 2.06950e-16
7.57176e+03 2.06057e-16
7.57305e+03 1.93482e-16
7.57434e+03 1.86686e-16
7.57563e+03 1.90045e-16
7.57692e+03 1.86531e-16
7.57821e+03 1.88042e-16
7.57950e+03 1.78026e-16
7.58079e+03 1.70900e-16
7.58208e+03 1.90453e-16
7.58337e+03 1.91322e-16
7.58466e+03 1.84271e-16
7.58595e+03 1.92354e-16
7.58724e+03 1.97047e-16
7.58853e+03 1.97416e-16
7.58982e+03 1.82382e-16
7.59111e+03 1.78698e-16
7.59240e+03 1.81223e-16
7.59369e+03 1.80441e-16
7.59498e+03 1.81448e-16
7.59627e+03 1.78362e-16
7.59756e+03 1.70184e-16
7.59885e+03 1.83071e-16
7.60014e+03 2.01062e-16
7.60143e+03 1.83740e-16
7.60272e+03 1.59592e-16
7.60401e+03 1.64245e-16
7.60531e+03 1.72316e-16
7.60660e+03 1.69336e-16
7.60789e+03 1.75853e-16
7.60918e+03 1.85615e-16
7.61047e+03 1.84658e-16
7.61176e+03 1.76422e-16
7.61305e+03 1.73435e-16
7.61434e+03 1.84582e-16
7.61563e+03 1.78503e-16
7.61692e+03 1.62939e-16
7.61821e+03 1.66119e-16
7.61950e+03 1.67422e-16
7.62079e+03 1.63568e-16
7.62208e+03 1.63802e-16
7.62337e+03 1.67709e-16
7.62466e+03 1.48057e-16
7.62595e+03 1.45150e-16
7.62724e+03 1.52029e-16
7.62853e+03 1.52086e-16
7.62982e+03 1.56211e-16
7.63111e+03 1.67690e-16
7.63240e+03 1.60523e-16
7.63369e+03 1.50518e-16
7.63498e+03 1.52992e-16
7.63627e+03 1.64677e-16
7.63756e+03 1.61047e-16
7.63885e+03 1.55298e-16
7.64014e+03 1.50832e-16
7.64143e+03 1.48593e-16
7.64272e+03 1.53323e-16
7.64401e+03 1.45284e-16
7.64530e+03 1.39349e-16
7.64659e+03 1.51681e-16
7.64788e+03 1.62578e-16
7.64917e+03 1.59822e-16
7.65046e+03 1.54382e-16
7.65175e+03 1.52562e-16
7.65304e+03 1.42562e-16
7.65433e+03 1.29082e-16
7.65562e+03 1.26788e-16
7.65691e+03 1.29944e-16
7.65820e+03 1.35752e-16
7.65949e+03 1.43805e-16
7.66078e+03 1.38721e-16
7.66207e+03 1.27363e-16
7.66336e+03 1.23250e-16
7.66465e+03 1.24778e-16
7.66594e+03 1.31074e-16
7.66723e+03 1.23465e-16
7.66853e+03 1.19246e-16
7.66982e+03 1.24348e-16
7.67111e+03 1.22329e-16
7.67240e+03 1.25183e-16
7.67369e+03 1.18352e-16
7.67498e+03 1.07026e-16
7.67627e+03 1.08121e-16
7.67756e+03 1.15607e-16
7.67885e+03 1.14721e-16
7.68014e+03 1.11484e-16
7.68143e+03 1.10489e-16
7.68272e+03 1.07127e-16
7.68401e+03 1.04361e-16
7.68530e+03 1.09454e-16
7.68659e+03 1.18100e-16
7.68788e+03 1.19648e-16
7.68917e+03 1.17180e-16
7.69046e+03 1.10266e-16
7.69175e+03 1.04156e-16
7.69304e+03 1.08510e-16
7.69433e+03 1.11860e-16
7.69562e+03 1.04955e-16
7.69691e+03 9.72106e-17
7.69820e+03 9.68697e-17
7.69949e+03 9.99402e-17
7.70078e+03 9.92982e-17
7.70207e+03 9.43196e-17
7.70336e+03 9.14995e-17
7.70465e+03 9.17417e-17
7.70594e+03 9.19777e-17
7.70723e+03 9.70122e-17
7.70852e+03 1.00993e-16
7.70981e+03 9.45918e-17
7.71110e+03 9.42167e-17
7.71239e+03 8.78115e-17
7.71368e+03 7.83803e-17
7.71497e+03 8.05079e-17
7.71626e+03 8.32680e-17
7.71755e+03 8.80301e-17
7.71884e+03 8.90231e-17
7.72013e+03 8.44281e-17
7.72142e+03 8.75762e-17
7.72271e+03 8.47642e-17
7.72400e+03 7.56052e-17
7.72529e+03 8.00651e-17
7.72658e+03 9.13198e-17
7.72787e+03 9.72231e-17
7.72916e+03 9.48768e-17
7.73046e+03 8.64467e-17
7.73175e+03 8.22732e-17
7.73304e+03 8.89713e-17
7.73433e+03 9.36429e-17
7.73562e+03 8.71399e-17
7.73691e+03 8.25024e-17
7.73820e+03 8.55827e-17
7.73949e+03 8.96069e-17
7.74078e+03 9.73549e-17
7.74207e+03 1.02634e-16
7.74336e+03 9.05063e-17
7.74465e+03 7.98412e-17
7.74594e+03 9.13402e-17
7.74723e+03 8.88744e-17
7.74852e+03 5.95560e-17
7.74981e+03 6.37120e-17
7.75110e+03 7.94825e-17
7.75239e+03 8.05537e-17
7.75368e+03 9.76800e-17
7.75497e+03 9.10574e-17
7.75626e+03 8.28492e-17
7.75755e+03 8.60439e-17
7.75884e+03 8.18004e-17
7.76013e+03 7.29203e-17
7.76142e+03 7.42160e-17
7.76271e+03 8.55233e-17
7.76400e+03 8.63564e-17
7.76529e+03 7.44916e-17
7.76658e+03 7.09271e-17
7.76787e+03 7.98404e-17
7.76916e+03 8.24321e-17
7.77045e+03 7.52657e-17
7.77174e+03 7.26318e-17
7.77303e+03 7.31862e-17
7.77432e+03 7.28190e-17
7.77561e+03 7.79266e-17
7.77690e+03 8.32506e-17
7.77819e+03 8.41103e-17
7.77948e+03 8.47932e-17
7.78077e+03 8.62408e-17
7.78206e+03 8.68066e-17
7.78335e+03 8.70062e-17
7.78464e+03 8.54678e-17
7.78593e+03 8.02957e-17
7.78722e+03 7.52761e-17
7.78851e+03 7.35393e-17
7.78980e+03 8.17142e-17
7.79109e+03 8.37333e-17
7.79239e+03 7.11920e-17
7.79368e+03 6.10061e-17
7.79497e+03 6.95542e-17
7.79626e+03 8.43400e-17
7.79755e+03 9.17972e-17
7.79884e+03 9.04415e-17
7.80013e+03 8.54450e-17
7.80142e+03 7.91821e-17
7.80271e+03 7.83221e-17
7.80400e+03 8.10392e-17
7.80529e+03 8.36961e-17
7.80658e+03 8.26337e-17
7.80787e+03 8.46223e-17
7.80916e+03 8.45512e-17
7.81045e+03 8.46403e-17
7.81174e+03 8.34099e-17
7.81303e+03 7.68702e-17
7.81432e+03 7.58084e-17
7.81561e+03 8.18135e-17
7.81690e+03 8.75943e-17
7.81819e+03 8.84168e-17
7.81948e+03 8.56033e-17
7.82077e+03 8.66258e-17
7.82206e+03 7.89896e-17
7.82335e+03 7.79147e-17
7.82464e+03 9.56220e-17
7.82593e+03 8.97861e-17
7.82722e+03 8.43300e-17
7.82851e+03 8.19715e-17
7.82980e+03 8.06247e-17
7.83109e+03 8.46440e-17
7.83238e+03 8.62534e-17
7.83367e+03 9.50516e-17
7.83496e+03 9.53394e-17
7.83625e+03 8.79642e-17
7.83754e+03 8.78820e-17
7.83883e+03 8.63540e-17
7.84012e+03 8.49159e-17
7.84141e+03 8.71894e-17
7.84270e+03 8.80155e-17
7.84399e+03 9.35147e-17
7.84528e+03 9.57097e-17
7.84657e+03 9.24455e-17
7.84786e+03 8.89252e-17
7.84915e+03 9.05751e-17
7.85044e+03 8.24300e-17
7.85173e+03 6.43378e-17
7.85302e+03 6.69493e-17
7.85431e+03 8.81665e-17
7.85561e+03 1.03379e-16
7.85690e+03 1.05453e-16
7.85819e+03 9.33393e-17
7.85948e+03 8.14961e-17
7.86077e+03 8.41563e-17
7.86206e+03 8.59875e-17
7.86335e+03 8.54323e-17
7.86464e+03 8.01308e-17
7.86593e+03 7.31819e-17
7.86722e+03 7.40988e-17
7.86851e+03 7.30487e-17
7.86980e+03 7.66595e-17
7.87109e+03 8.05782e-17
7.87238e+03 8.36888e-17
7.87367e+03 9.58399e-17
7.87496e+03 9.36304e-17
7.87625e+03 8.34994e-17
7.87754e+03 7.70279e-17
7.87883e+03 8.15894e-17
7.88012e+03 8.66325e-17
7.88141e+03 8.05892e-17
7.88270e+03 7.52250e-17
7.88399e+03 8.05698e-17
7.88528e+03 7.99645e-17
7.88657e+03 7.04357e-17
7.88786e+03 5.79904e-17
7.88915e+03 6.20882e-17
7.89044e+03 8.24365e-17
7.89173e+03 9.48649e-17
7.89302e+03 9.41235e-17
7.89431e+03 8.96665e-17
7.89560e+03 8.93468e-17
7.89689e+03 9.01524e-17
7.89818e+03 8.82970e-17
7.89947e+03 8.52240e-17
7.90076e+03 8.18922e-17
7.90205e+03 8.81104e-17
7.90334e+03 9.22003e-17
7.90463e+03 8.69581e-17
7.90592e+03 9.05839e-17
7.90721e+03 9.11216e-17
7.90850e+03 8.90365e-17
7.90979e+03 9.56305e-17
7.91108e+03 8.65179e-17
7.91237e+03 8.03424e-17
7.91366e+03 9.16432e-17
7.91495e+03 1.08217e-16
7.91624e+03 1.12362e-16
7.91754e+03 1.07631e-16
7.91883e+03 9.45790e-17
7.92012e+03 9.78605e-17
7.92141e+03 1.06400e-16
7.92270e+03 1.08962e-16
7.92399e+03 1.03766e-16
7.92528e+03 1.02702e-16
7.92657e+03 1.07525e-16
7.92786e+03 1.05778e-16
7.92915e+03 1.01120e-16
7.93044e+03 9.45481e-17
7.93173e+03 8.42803e-17
7.93302e+03 8.46413e-17
7.93431e+03 9.59294e-17
7.93560e+03 1.05423e-16
7.93689e+03 1.08213e-16
7.93818e+03 1.02975e-16
7.93947e+03 9.74280e-17
7.94076e+03 1.01313e-16
7.94205e+03 1.10843e-16
7.94334e+03 1.12637e-16
7.94463e+03 1.04544e-16
7.94592e+03 9.73138e-17
7.94721e+03 1.00105e-16
7.94850e+03 1.06575e-16
7.94979e+03 1.16317e-16
7.95108e+03 1.23743e-16
7.95237e+03 1.19844e-16
7.95366e+03 1.09049e-16
7.95495e+03 1.02441e-16
7.95624e+03 1.07765e-16
7.95753e+03 1.14741e-16
7.95882e+03 1.10598e-16
7.96011e+03 1.10277e-16
7.96140e+03 1.07022e-16
7.96269e+03 9.41981e-17
7.96398e+03 8.46974e-17
7.96527e+03 9.76685e-17
7.96656e+03 1.23623e-16
7.96785e+03 1.23284e-16
7.96914e+03 1.14783e-16
7.97043e+03 1.13357e-16
7.97172e+03 1.14375e-16
7.97301e+03 1.15938e-16
7.97430e+03 1.25557e-16
7.97559e+03 1.34752e-16
7.97688e+03 1.32011e-16
7.97817e+03 1.28081e-16
7.97946e+03 1.24444e-16
7.98076e+03 1.25074e-16
7.98205e+03 1.31384e-16
7.98334e+03 1.33739e-16
7.98463e+03 1.29661e-16
7.98592e+03 1.18754e-16
7.98721e+03 1.06735e-16
7.98850e+03 1.15413e-16
7.98979e+03 1.29186e-16
7.99108e+03 1.19945e-16
7.99237e+03 1.31364e-16
7.99366e+03 1.46229e-16
7.99495e+03 1.46167e-16
7.99624e+03 1.48060e-16
7.99753e+03 1.38350e-16
7.99882e+03 1.33727e-16
8.00011e+03 1.37679e-16
8.00140e+03 1.34832e-16
8.00269e+03 1.33130e-16
8.00398e+03 1.31078e-16
8.00527e+03 1.21438e-16
8.00656e+03 1.07539e-16
8.00785e+03 1.08700e-16
8.00914e+03 1.26271e-16
8.01043e+03 1.35127e-16
8.01172e+03 1.30090e-16
8.01301e+03 1.25195e-16
8.01430e+03 1.28624e-16
8.01559e+03 1.33353e-16
8.01688e+03 1.31696e-16
8.01817e+03 1.37700e-16
8.01946e+03 1.43330e-16
8.02075e+03 1.30143e-16
8.02204e+03 1.25701e-16
8.02333e+03 1.26039e-16
8.02462e+03 1.25600e-16
8.02591e+03 1.19659e-16
8.02720e+03 1.24337e-16
8.02849e+03 1.31652e-16
8.02978e+03 1.30234e-16
8.03107e+03 1.21266e-16
8.03236e+03 1.17675e-16
8.03365e+03 1.23777e-16
8.03494e+03 1.30404e-16
8.03623e+03 1.37433e-16
8.03752e+03 1.38603e-16
8.03881e+03 1.40906e-16
8.04010e+03 1.45463e-16
8.04139e+03 1.36981e-16
8.04269e+03 1.26442e-16
8.04398e+03 1.27506e-16
8.04527e+03 1.28852e-16
8.04656e+03 1.25899e-16
8.04785e+03 1.29806e-16
8.04914e+03 1.33186e-16
8.05043e+03 1.24998e-16
8.05172e+03 1.15536e-16
8.05301e+03 1.18035e-16
8.05430e+03 1.26477e-16
8.05559e+03 1.25538e-16
8.05688e+03 1.22797e-16
8.05817e+03 1.25452e-16
8.05946e+03 1.17694e-16
8.06075e+03 1.08472e-16
8.06204e+03 1.05955e-16
8.06333e+03 1.07826e-16
8.06462e+03 1.22808e-16
8.06591e+03 1.18785e-16
8.06720e+03 1.09851e-16
8.06849e+03 1.13341e-16
8.06978e+03 1.15837e-16
8.07107e+03 1.22963e-16
8.07236e+03 1.18212e-16
8.07365e+03 1.17470e-16
8.07494e+03 1.22947e-16
8.07623e+03 1.26529e-16
8.07752e+03 1.23679e-16
8.07881e+03 1.19779e-16
8.08010e+03 1.20804e-16
8.08139e+03 1.17367e-16
8.08268e+03 1.13142e-16
8.08397e+03 1.14814e-16
8.08526e+03 1.15944e-16
8.08655e+03 1.12312e-16
8.08784e+03 1.07077e-16
8.08913e+03 1.05475e-16
8.09042e+03 1.10036e-16
8.09171e+03 1.12463e-16
8.09300e+03 1.12524e-16
8.09429e+03 1.11286e-16
8.09558e+03 1.04372e-16
8.09687e+03 1.02989e-16
8.09816e+03 1.04285e-16
8.09945e+03 9.70322e-17
8.10074e+03 9.07871e-17
8.10203e+03 9.99176e-17
8.10332e+03 1.07958e-16
8.10462e+03 1.14734e-16
8.10591e+03 1.16873e-16
8.10720e+03 1.02148e-16
8.10849e+03 9.61440e-17
8.10978e+03 1.01799e-16
8.11107e+03 1.08370e-16
8.11236e+03 1.06459e-16
8.11365e+03 9.77702e-17
8.11494e+03 1.03880e-16
8.11623e+03 1.10061e-16
8.11752e+03 1.09832e-16
8.11881e+03 1.12004e-16
8.12010e+03 1.16125e-16
8.12139e+03 1.14066e-16
8.12268e+03 1.07572e-16
8.12397e+03 1.03592e-16
8.12526e+03 1.00843e-16
8.12655e+03 1.00819e-16
8.12784e+03 1.05603e-16
8.12913e+03 1.10013e-16
8.13042e+03 1.08172e-16
8.13171e+03 1.02558e-16
8.13300e+03 1.00645e-16
8.13429e+03 9.95161e-17
8.13558e+03 9.88502e-17
8.13687e+03 1.02471e-16
8.13816e+03 1.04155e-16
8.13945e+03 1.03508e-16
8.14074e+03 9.60908e-17
8.14203e+03 9.53062e-17
8.14332e+03 1.00674e-16
8.14461e+03 9.60434e-17
8.14590e+03 9.36459e-17
8.14719e+03 1.03954e-16
8.14848e+03 1.07683e-16
8.14977e+03 1.06319e-16
8.15106e+03 9.87052e-17
8.15235e+03 9.91444e-17
8.15364e+03 1.01054e-16
8.15493e+03 9.48882e-17
8.15622e+03 9.52666e-17
8.15751e+03 1.01140e-16
8.15880e+03 1.02902e-16
8.16009e+03 1.05623e-16
8.16138e+03 1.03208e-16
8.16267e+03 9.61158e-17
8.16396e+03 9.32545e-17
8.16525e+03 9.49341e-17
8.16654e+03 9.70568e-17
8.16784e+03 9.44706e-17
8.16913e+03 9.03068e-17
8.17042e+03 8.76492e-17
8.17171e+03 8.56992e-17
8.17300e+03 8.84779e-17
8.17429e+03 8.75999e-17
8.17558e+03 8.77003e-17
8.17687e+03 8.49349e-17
8.17816e+03 8.10926e-17
8.17945e+03 8.76114e-17
8.18074e+03 9.22548e-17
8.18203e+03 9.12172e-17
8.18332e+03 8.90933e-17
8.18461e+03 9.84779e-17
8.18590e+03 1.05281e-16
8.18719e+03 9.68558e-17
8.18848e+03 8.53583e-17
8.18977e+03 9.06489e-17
8.19106e+03 9.00008e-17
8.19235e+03 8.79312e-17
8.19364e+03 9.73505e-17
8.19493e+03 1.01219e-16
8.19622e+03 9.02056e-17
8.19751e+03 8.23940e-17
8.19880e+03 8.13219e-17
8.20009e+03 8.47274e-17
8.20138e+03 9.26254e-17
8.20267e+03 9.38177e-17
8.20396e+03 8.49841e-17
8.20525e+03 8.67890e-17
8.20654e+03 9.72598e-17
8.20783e+03 9.74120e-17
8.20912e+03 9.62361e-17
8.21041e+03 9.57850e-17
8.21170e+03 9.76813e-17
8.21299e+03 9.90874e-17
8.21428e+03 9.24897e-17
8.21557e+03 8.80953e-17
8.21686e+03 9.10713e-17
8.21815e+03 9.66117e-17
8.21944e+03 9.79773e-17
8.22073e+03 1.07881e-16
8.22202e+03 1.06678e-16
8.22331e+03 9.20440e-17
8.22460e+03 8.36289e-17
8.22589e+03 8.44998e-17
8.22718e+03 8.04466e-17
8.22847e+03 7.09326e-17
8.22977e+03 7.14674e-17
8.23106e+03 7.85467e-17
8.23235e+03 7.75869e-17
8.23364e+03 7.35648e-17
8.23493e+03 8.23769e-17
8.23622e+03 9.20669e-17
8.23751e+03 9.61397e-17
8.23880e+03 9.57105e-17
8.24009e+03 8.71229e-17
8.24138e+03 8.22255e-17
8.24267e+03 8.86322e-17
8.24396e+03 9.49833e-17
8.24525e+03 9.54260e-17
8.24654e+03 9.81981e-17
8.24783e+03 1.05035e-16
8.24912e+03 1.12329e-16
8.25041e+03 1.12945e-16
8.25170e+03 1.02113e-16
8.25299e+03 8.56105e-17
8.25428e+03 8.91875e-17
8.25557e+03 1.01016e-16
8.25686e+03 1.01383e-16
8.25815e+03 9.26245e-17
8.25944e+03 9.06348e-17
8.26073e+03 9.03322e-17
8.26202e+03 9.22695e-17
8.26331e+03 9.48814e-17
8.26460e+03 9.73403e-17
8.26589e+03 9.71721e-17
8.26718e+03 8.90685e-17
8.26847e+03 8.24536e-17
8.26976e+03 8.52337e-17
8.27105e+03 9.33890e-17
8.27234e+03 9.60968e-17
8.27363e+03 8.88640e-17
8.27492e+03 8.03159e-17
8.27621e+03 8.12005e-17
8.27750e+03 7.97159e-17
8.27879e+03 7.26453e-17
8.28008e+03 8.53470e-17
8.28137e+03 1.03089e-16
8.28266e+03 9.40958e-17
8.28395e+03 8.49764e-17
8.28524e+03 9.73531e-17
8.28653e+03 9.50705e-17
8.28782e+03 8.26925e-17
8.28911e+03 1.04918e-16
8.29040e+03 1.06911e-16
8.29169e+03 9.39163e-17
8.29299e+03 8.86654e-17
8.29428e+03 7.72078e-17
8.29557e+03 6.85301e-17
8.29686e+03 7.24343e-17
8.29815e+03 9.15247e-17
8.29944e+03 9.80055e-17
8.30073e+03 1.02302e-16
8.30202e+03 1.04527e-16
8.30331e+03 9.23889e-17
8.30460e+03 8.78425e-17
8.30589e+03 8.62688e-17
8.30718e+03 7.63632e-17
8.30847e+03 7.70645e-17
8.30976e+03 8.34494e-17
8.31105e+03 8.44176e-17
8.31234e+03 8.71151e-17
8.31363e+03 9.12220e-17
8.31492e+03 9.21383e-17
8.31621e+03 9.36511e-17
8.31750e+03 9.60334e-17
8.31879e+03 9.17026e-17
8.32008e+03 8.74260e-17
8.32137e+03 8.44250e-17
8.32266e+03 7.59854e-17
8.32395e+03 7.46844e-17
8.32524e+03 7.96396e-17
8.32653e+03 8.48100e-17
8.32782e+03 8.87911e-17
8.32911e+03 9.30887e-17
8.33040e+03 8.92306e-17
8.33169e+03 8.44084e-17
8.33298e+03 8.86200e-17
8.33427e+03 8.74646e-17
8.33556e+03 8.95917e-17
8.33685e+03 9.08268e-17
8.33814e+03 8.07444e-17
8.33943e+03 7.70057e-17
8.34072e+03 7.93276e-17
8.34201e+03 7.87161e-17
8.34330e+03 8.39613e-17
8.34459e+03 9.66216e-17
8.34588e+03 1.06195e-16
8.34717e+03 1.07605e-16
8.34846e+03 9.87486e-17
8.34975e+03 8.47683e-17
8.35104e+03 8.12935e-17
8.35233e+03 8.42226e-17
8.35362e+03 8.77082e-17
8.35492e+03 9.73578e-17
8.35621e+03 9.52769e-17
8.35750e+03 8.45690e-17
8.35879e+03 8.61654e-17
8.36008e+03 8.84132e-17
8.36137e+03 8.87292e-17
8.36266e+03 8.99831e-17
8.36395e+03 8.47549e-17
8.36524e+03 8.95702e-17
8.36653e+03 9.04451e-17
8.36782e+03 8.48899e-17
8.36911e+03 7.84505e-17
8.37040e+03 7.43718e-17
8.37169e+03 8.14048e-17
8.37298e+03 8.66629e-17
8.37427e+03 8.53505e-17
8.37556e+03 8.74605e-17
8.37685e+03 8.62328e-17
8.37814e+03 8.62678e-17
8.37943e+03 8.90666e-17
8.38072e+03 8.48196e-17
8.38201e+03 8.12805e-17
8.38330e+03 8.95857e-17
8.38459e+03 9.93586e-17
8.38588e+03 9.59890e-17
8.38717e+03 8.75883e-17
8.38846e+03 8.70051e-17
8.38975e+03 8.88801e-17
8.39104e+03 8.79223e-17
8.39233e+03 8.31932e-17
8.39362e+03 7.98770e-17
8.39491e+03 7.84782e-17
8.39620e+03 7.44906e-17
8.39749e+03 7.17815e-17
8.39878e+03 7.49535e-17
8.40007e+03 8.87124e-17
8.40136e+03 1.02944e-16
8.40265e+03 9.13492e-17
8.40394e+03 8.33973e-17
8.40523e+03 9.13771e-17
8.40652e+03 8.34943e-17
8.40781e+03 7.04232e-17
8.40910e+03 7.58095e-17
8.41039e+03 8.61450e-17
8.41168e+03 8.23085e-17
8.41297e+03 7.26905e-17
8.41426e+03 7.14208e-17
8.41555e+03 7.89736e-17
8.41684e+03 9.43438e-17
8.41814e+03 1.03820e-16
8.41943e+03 9.71346e-17
8.42072e+03 8.80464e-17
8.42201e+03 8.43497e-17
8.42330e+03 8.50479e-17
8.42459e+03 8.19376e-17
8.42588e+03 7.56254e-17
8.42717e+03 6.61965e-17
8.42846e+03 4.97223e-17
8.42975e+03 5.88525e-17
8.43104e+03 8.10651e-17
8.43233e+03 9.58180e-17
8.43362e+03 9.34248e-17
8.43491e+03 8.23966e-17
8.43620e+03 8.08076e-17
8.43749e+03 8.45964e-17
8.43878e+03 8.67044e-17
8.44007e+03 8.65297e-17
8.44136e+03 8.03453e-17
8.44265e+03 7.07568e-17
8.44394e+03 7.26107e-17
8.44523e+03 8.00432e-17
8.44652e+03 8.17366e-17
8.44781e+03 8.28642e-17
8.44910e+03 7.74534e-17
8.45039e+03 6.22475e-17
8.45168e+03 5.86533e-17
8.45297e+03 6.79700e-17
8.45426e+03 7.24775e-17
8.45555e+03 6.81102e-17
8.45684e+03 6.47032e-17
8.45813e+03 7.36564e-17
8.45942e+03 7.78615e-17
8.46071e+03 7.27696e-17
8.46200e+03 6.97436e-17
8.46329e+03 6.04396e-17
8.46458e+03 6.07615e-17
8.46587e+03 7.48525e-17
8.46716e+03 8.81274e-17
8.46845e+03 9.49318e-17
8.46974e+03 9.11755e-17
8.47103e+03 7.61068e-17
8.47232e+03 7.44705e-17
8.47361e+03 7.79177e-17
8.47490e+03 7.10205e-17
8.47619e+03 5.85160e-17
8.47748e+03 6.12028e-17
8.47877e+03 6.85406e-17
8.48007e+03 6.95622e-17
8.48136e+03 7.12108e-17
8.48265e+03 8.00777e-17
8.48394e+03 8.63922e-17
8.48523e+03 8.16953e-17
8.48652e+03 6.91006e-17
8.48781e+03 5.86948e-17
8.48910e+03 5.78683e-17
8.49039e+03 6.31273e-17
8.49168e+03 6.18630e-17
8.49297e+03 6.07505e-17
8.49426e+03 6.88199e-17
8.49555e+03 6.95836e-17
8.49684e+03 6.58659e-17
8.49813e+03 6.46008e-17
8.49942e+03 6.62097e-17
8.50071e+03 6.25476e-17
8.50200e+03 6.56012e-17
8.50329e+03 6.51088e-17
8.50458e+03 4.49737e-17
8.50587e+03 4.54568e-17
8.50716e+03 5.72147e-17
8.50845e+03 6.22892e-17
8.50974e+03 5.76105e-17
8.51103e+03 5.72567e-17
8.51232e+03 6.37811e-17
8.51361e+03 6.31103e-17
8.51490e+03 6.41629e-17
8.51619e+03 6.73812e-17
8.51748e+03 6.78315e-17
8.51877e+03 6.73851e-17
8.52006e+03 6.27907e-17
8.52135e+03 5.73442e-17
8.52264e+03 6.01731e-17
8.52393e+03 6.75327e-17
8.52522e+03 6.73523e-17
8.52651e+03 6.25830e-17
8.52780e+03 6.10932e-17
8.52909e+03 5.89158e-17
8.53038e+03 6.00773e-17
8.53167e+03 6.57756e-17
8.53296e+03 6.51147e-17
8.53425e+03 5.97228e-17
8.53554e+03 6.65139e-17
8.53683e+03 6.98856e-17
8.53812e+03 6.54048e-17
8.53941e+03 7.49150e-17
8.54070e+03 8.57441e-17
8.54200e+03 7.22188e-17
8.54329e+03 5.82430e-17
8.54458e+03 5.85201e-17
8.54587e+03 6.37006e-17
8.54716e+03 5.98214e-17
8.54845e+03 5.53553e-17
8.54974e+03 6.03045e-17
8.55103e+03 6.82446e-17
8.55232e+03 7.32918e-17
8.55361e+03 7.18987e-17
8.55490e+03 6.28150e-17
8.55619e+03 5.46333e-17
8.55748e+03 5.92931e-17
8.55877e+03 6.88799e-17
8.56006e+03 6.75254e-17
8.56135e+03 6.26762e-17
8.56264e+03 6.14120e-17
8.56393e+03 6.16647e-17
8.56522e+03 6.57418e-17
8.56651e+03 6.78454e-17
8.56780e+03 6.72675e-17
8.56909e+03 7.09138e-17
8.57038e+03 7.49319e-17
8.57167e+03 7.42577e-17
8.57296e+03 7.05064e-17
8.57425e+03 7.26720e-17
8.57554e+03 6.99087e-17
8.57683e+03 6.63994e-17
8.57812e+03 6.62901e-17
8.57941e+03 6.54617e-17
8.58070e+03 6.53085e-17
8.58199e+03 6.55146e-17
8.58328e+03 6.76472e-17
8.58457e+03 7.54803e-17
8.58586e+03 8.27630e-17
8.58715e+03 7.78173e-17
8.58844e+03 7.17756e-17
8.58973e+03 7.22759e-17
8.59102e+03 7.14204e-17
8.59231e+03 7.04001e-17
8.59360e+03 7.44354e-17
8.59489e+03 8.17596e-17
8.59618e+03 8.88057e-17
8.59747e+03 9.06070e-17
8.59876e+03 8.35358e-17
8.60005e+03 7.84467e-17
8.60134e+03 7.83939e-17
8.60263e+03 8.67987e-17
8.60392e+03 8.69852e-17
8.60522e+03 7.62895e-17
8.60651e+03 7.70948e-17
8.60780e+03 8.15316e-17
8.60909e+03 8.83002e-17
8.61038e+03 9.36980e-17
8.61167e+03 8.87296e-17
8.61296e+03 9.27518e-17
8.61425e+03 9.95421e-17
8.61554e+03 9.72301e-17
8.61683e+03 8.58690e-17
8.61812e+03 7.66649e-17
8.61941e+03 7.97145e-17
8.62070e+03 8.69419e-17
8.62199e+03 9.65857e-17
8.62328e+03 1.02586e-16
8.62457e+03 1.04395e-16
8.62586e+03 1.02401e-16
8.62715e+03 9.49136e-17
8.62844e+03 9.65149e-17
8.62973e+03 1.02423e-16
8.63102e+03 9.80871e-17
8.63231e+03 9.02927e-17
8.63360e+03 8.54857e-17
8.63489e+03 7.87703e-17
8.63618e+03 8.45219e-17
8.63747e+03 1.03920e-16
8.63876e+03 1.19326e-16
8.64005e+03 1.12779e-16
8.64134e+03 1.07971e-16
8.64263e+03 1.07442e-16
8.64392e+03 1.03788e-16
8.64521e+03 9.96472e-17
8.64650e+03 9.89510e-17
8.64779e+03 1.07230e-16
8.64908e+03 1.16529e-16
8.65037e+03 1.13255e-16
8.65166e+03 1.00763e-16
8.65295e+03 9.27140e-17
8.65424e+03 1.00380e-16
8.65553e+03 1.13575e-16
8.65682e+03 1.22864e-16
8.65811e+03 1.23260e-16
8.65940e+03 1.18594e-16
8.66069e+03 1.19538e-16
8.66198e+03 1.23038e-16
8.66327e+03 1.29565e-16
8.66456e+03 1.33079e-16
8.66585e+03 1.30572e-16
8.66715e+03 1.22699e-16
8.66844e+03 1.28730e-16
8.66973e+03 1.41249e-16
8.67102e+03 1.42784e-16
8.67231e+03 1.51537e-16
8.67360e+03 1.45849e-16
8.67489e+03 1.41765e-16
8.67618e+03 1.43327e-16
8.67747e+03 1.43194e-16
8.67876e+03 1.44888e-16
8.68005e+03 1.40596e-16
8.68134e+03 1.31076e-16
8.68263e+03 1.32830e-16
8.68392e+03 1.43837e-16
8.68521e+03 1.49152e-16
8.68650e+03 1.46106e-16
8.68779e+03 1.50753e-16
8.68908e+03 1.57566e-16
8.69037e+03 1.61742e-16
8.69166e+03 1.65475e-16
8.69295e+03 1.61876e-16
8.69424e+03 1.57159e-16
8.69553e+03 1.58752e-16
8.69682e+03 1.60868e-16
8.69811e+03 1.55472e-16
8.69940e+03 1.56870e-16
8.70069e+03 1.57966e-16
8.70198e+03 1.51602e-16
8.70327e+03 1.52213e-16
8.70456e+03 1.48217e-16
8.70585e+03 1.51652e-16
8.70714e+03 1.59821e-16
8.70843e+03 1.58525e-16
8.70972e+03 1.58313e-16
8.71101e+03 1.59678e-16
8.71230e+03 1.61147e-16
8.71359e+03 1.55846e-16
8.71488e+03 1.60578e-16
8.71617e+03 1.69563e-16
8.71746e+03 1.72469e-16
8.71875e+03 1.65057e-16
8.72004e+03 1.56840e-16
8.72133e+03 1.58074e-16
8.72262e+03 1.64041e-16
8.72391e+03 1.66312e-16
8.72520e+03 1.65142e-16
8.72649e+03 1.67104e-16
8.72778e+03 1.71836e-16
8.72907e+03 1.72072e-16
8.73037e+03 1.70853e-16
8.73166e+03 1.69661e-16
8.73295e+03 1.71184e-16
8.73424e+03 1.80833e-16
8.73553e+03 1.78160e-16
8.73682e+03 1.68783e-16
8.73811e+03 1.71869e-16
8.73940e+03 1.80327e-16
8.74069e+03 1.86126e-16
8.74198e+03 1.83801e-16
8.74327e+03 1.89329e-16
8.74456e+03 1.99054e-16
8.74585e+03 2.07223e-16
8.74714e+03 2.12500e-16
8.74843e+03 2.10962e-16
8.74972e+03 2.11088e-16
8.75101e+03 2.12018e-16
8.75230e+03 2.11433e-16
8.75359e+03 2.06406e-16
8.75488e+03 1.99076e-16
8.75617e+03 1.89253e-16
8.75746e+03 1.84573e-16
8.75875e+03 2.02163e-16
8.76004e+03 2.13152e-16
8.76133e+03 2.10807e-16
8.76262e+03 2.28220e-16
8.76391e+03 2.36508e-16
8.76520e+03 2.31143e-16
8.76649e+03 2.23790e-16
8.76778e+03 2.12129e-16
8.76907e+03 2.32564e-16
8.77036e+03 2.48322e-16
8.77165e+03 2.39519e-16
8.77294e+03 2.39151e-16
8.77423e+03 2.31083e-16
8.77552e+03 2.19747e-16
8.77681e+03 2.38192e-16
8.77810e+03 2.60734e-16
8.77939e+03 2.52407e-16
8.78068e+03 2.46340e-16
8.78197e+03 2.46848e-16
8.78326e+03 2.44905e-16
8.78455e+03 2.42844e-16
8.78584e+03 2.48414e-16
8.78713e+03 2.63045e-16
8.78842e+03 2.67300e-16
8.78971e+03 2.66006e-16
8.79100e+03 2.80917e-16
8.79230e+03 2.97852e-16
8.79359e+03 2.91203e-16
8.79488e+03 2.77436e-16
8.79617e+03 2.74374e-16
8.79746e+03 2.68774e-16
8.79875e+03 2.62348e-16
8.80004e+03 2.57503e-16
8.80133e+03 2.64992e-16
8.80262e+03 2.67109e-16
8.80391e+03 2.67442e-16
8.80520e+03 2.68792e-16
8.80649e+03 2.61262e-16
8.80778e+03 2.61629e-16
8.80907e+03 2.74727e-16
8.81036e+03 2.81352e-16
8.81165e+03 2.86937e-16
8.81294e+03 2.89669e-16
8.81423e+03 2.88550e-16
8.81552e+03 2.89415e-16
8.81681e+03 2.86942e-16
8.81810e+03 2.84750e-16
8.81939e+03 2.83545e-16
8.82068e+03 2.80919e-16
8.82197e+03 2.77026e-16
8.82326e+03 2.76268e-16
8.82455e+03 2.76976e-16
8.82584e+03 2.74404e-16
8.82713e+03 3.17520e-16
8.82842e+03 3.62498e-16
8.82971e+03 3.32206e-16
8.83100e+03 3.15583e-16
8.83229e+03 3.19983e-16
8.83358e+03 3.07035e-16
8.83487e+03 3.02771e-16
8.83616e+03 3.07735e-16
8.83745e+03 3.02002e-16
8.83874e+03 3.04884e-16
8.84003e+03 3.17766e-16
8.84132e+03 3.25055e-16
8.84261e+03 3.27785e-16
8.84390e+03 3.23467e-16
8.84519e+03 3.31892e-16
8.84648e+03 3.35961e-16
8.84777e+03 3.26808e-16
8.84906e+03 3.31698e-16
8.85035e+03 3.50262e-16
8.85164e+03 3.56733e-16
8.85293e+03 3.42905e-16
8.85422e+03 3.31858e-16
8.85552e+03 3.42475e-16
8.85681e+03 3.49412e-16
8.85810e+03 3.45414e-16
8.85939e+03 3.44563e-16
8.86068e+03 3.50487e-16
8.86197e+03 3.65682e-16
8.86326e+03 3.50686e-16
8.86455e+03 3.25459e-16
8.86584e+03 3.33297e-16
8.86713e+03 3.47948e-16
8.86842e+03 3.65381e-16
8.86971e+03 3.77411e-16
8.87100e+03 3.72385e-16
8.87229e+03 3.47857e-16
8.87358e+03 3.41864e-16
8.87487e+03 3.52412e-16
8.87616e+03 3.48793e-16
8.87745e+03 3.28797e-16
8.87874e+03 3.26779e-16
8.88003e+03 3.41164e-16
8.88132e+03 3.46031e-16
8.88261e+03 3.39067e-16
8.88390e+03 3.28152e-16
8.88519e+03 3.34767e-16
8.88648e+03 3.80016e-16
8.88777e+03 4.10367e-16
8.88906e+03 3.80403e-16
8.89035e+03 3.46772e-16
8.89164e+03 3.39972e-16
8.89293e+03 3.45359e-16
8.89422e+03 3.40015e-16
8.89551e+03 3.23458e-16
8.89680e+03 3.47800e-16
8.89809e+03 3.69739e-16
8.89938e+03 3.69646e-16
8.90067e+03 3.64500e-16
8.90196e+03 3.82884e-16
8.90325e+03 4.10723e-16
8.90454e+03 4.00481e-16
8.90583e+03 3.75234e-16
8.90712e+03 3.76454e-16
8.90841e+03 3.82953e-16
8.90970e+03 3.84565e-16
8.91099e+03 3.82716e-16
8.91228e+03 3.67548e-16
8.91357e+03 3.51245e-16
8.91486e+03 3.40233e-16
8.91615e+03 3.40203e-16
8.91745e+03 3.44640e-16
8.91874e+03 3.43748e-16
8.92003e+03 3.77181e-16
8.92132e+03 4.13460e-16
8.92261e+03 4.02863e-16
8.92390e+03 3.81360e-16
8.92519e+03 3.68317e-16
8.92648e+03 3.52344e-16
8.92777e+03 3.52449e-16
8.92906e+03 3.54328e-16
8.93035e+03 3.52218e-16
8.93164e+03 3.35928e-16
8.93293e+03 3.27823e-16
8.93422e+03 3.38604e-16
8.93551e+03 3.40071e-16
8.93680e+03 3.49662e-16
8.93809e+03 3.46689e-16
8.93938e+03 3.37062e-16
8.94067e+03 3.34659e-16
8.94196e+03 3.38678e-16
8.94325e+03 3.56733e-16
8.94454e+03 3.69373e-16
8.94583e+03 3.65009e-16
8.94712e+03 3.52580e-16
8.94841e+03 3.47103e-16
8.94970e+03 3.54146e-16
8.95099e+03 3.53234e-16
8.95228e+03 3.43854e-16
8.95357e+03 3.13697e-16
8.95486e+03 2.89386e-16
8.95615e+03 2.97351e-16
8.95744e+03 3.25038e-16
8.95873e+03 3.64772e-16
8.96002e+03 3.64481e-16
8.96131e+03 3.40307e-16
8.96260e+03 3.22771e-16
8.96389e+03 3.01747e-16
8.96518e+03 2.98104e-16
8.96647e+03 3.12436e-16
8.96776e+03 3.22667e-16
8.96905e+03 3.22644e-16
8.97034e+03 3.15971e-16
8.97163e+03 3.02608e-16
8.97292e+03 2.92418e-16
8.97421e+03 2.97544e-16
8.97550e+03 3.08717e-16
8.97679e+03 3.12941e-16
8.97808e+03 3.08926e-16
8.97938e+03 3.00012e-16
8.98067e+03 2.98372e-16
8.98196e+03 3.07760e-16
8.98325e+03 3.11321e-16
8.98454e+03 3.01637e-16
8.98583e+03 2.85454e-16
8.98712e+03 2.54270e-16
8.98841e+03 2.35782e-16
8.98970e+03 2.44037e-16
8.99099e+03 2.32716e-16
8.99228e+03 2.29231e-16
8.99357e+03 2.57283e-16
8.99486e+03 2.90098e-16
8.99615e+03 3.03118e-16
8.99744e+03 2.94226e-16
8.99873e+03 2.76865e-16
9.00002e+03 2.73204e-16
9.00131e+03 2.70039e-16
9.00260e+03 2.65738e-16
9.00389e+03 2.62258e-16
9.00518e+03 2.54276e-16
9.00647e+03 2.49004e-16
9.00776e+03 2.47834e-16
9.00905e+03 2.42184e-16
9.01034e+03 2.51046e-16
9.01163e+03 2.65776e-16
9.01292e+03 2.66356e-16
9.01421e+03 2.69731e-16
9.01550e+03 2.64052e-16
9.01679e+03 2.44398e-16
9.01808e+03 2.37581e-16
9.01937e+03 2.49612e-16
9.02066e+03 2.60400e-16
9.02195e+03 2.62943e-16
9.02324e+03 2.51517e-16
9.02453e+03 2.39148e-16
9.02582e+03 2.28784e-16
9.02711e+03 2.32760e-16
9.02840e+03 2.47875e-16
9.02969e+03 2.56033e-16
9.03098e+03 2.50352e-16
9.03227e+03 2.43924e-16
9.03356e+03 2.50733e-16
9.03485e+03 2.60633e-16
9.03614e+03 2.57122e-16
9.03743e+03 2.49722e-16
9.03872e+03 2.52372e-16
9.04001e+03 2.51083e-16
9.04130e+03 2.41167e-16
9.04260e+03 2.34930e-16
9.04389e+03 2.32649e-16
9.04518e+03 2.37041e-16
9.04647e+03 2.33488e-16
9.04776e+03 2.21988e-16
9.04905e+03 2.31945e-16
9.05034e+03 2.37768e-16
9.05163e+03 2.25710e-16
9.05292e+03 2.21728e-16
9.05421e+03 2.26036e-16
9.05550e+03 2.31105e-16
9.05679e+03 2.24371e-16
9.05808e+03 2.18879e-16
9.05937e+03 2.14519e-16
9.06066e+03 1.98357e-16
9.06195e+03 1.89185e-16
9.06324e+03 1.93105e-16
9.06453e+03 2.03646e-16
9.06582e+03 2.08824e-16
9.06711e+03 2.10639e-16
9.06840e+03 2.15346e-16
9.06969e+03 2.11026e-16
9.07098e+03 1.95258e-16
9.07227e+03 1.84760e-16
9.07356e+03 1.83467e-16
9.07485e+03 1.88679e-16
9.07614e+03 1.98069e-16
9.07743e+03 1.94573e-16
9.07872e+03 1.84728e-16
9.08001e+03 1.80234e-16
9.08130e+03 1.68624e-16
9.08259e+03 1.69864e-16
9.08388e+03 1.92108e-16
9.08517e+03 2.02209e-16
9.08646e+03 1.86712e-16
9.08775e+03 1.78560e-16
9.08904e+03 1.80008e-16
9.09033e+03 1.81380e-16
9.09162e+03 1.84158e-16
9.09291e+03 1.78780e-16
9.09420e+03 1.71663e-16
9.09549e+03 1.74722e-16
9.09678e+03 1.76194e-16
9.09807e+03 1.79702e-16
9.09936e+03 1.83602e-16
9.10065e+03 1.61528e-16
9.10194e+03 1.01112e-16
9.10323e+03 6.12749e-17
9.10453e+03 1.06350e-16
9.10582e+03 1.56724e-16
9.10711e+03 1.55901e-16
9.10840e+03 1.53094e-16
9.10969e+03 1.64318e-16
9.11098e+03 1.81746e-16
9.11227e+03 1.89014e-16
9.11356e+03 1.79349e-16
9.11485e+03 1.69943e-16
9.11614e+03 1.74012e-16
9.11743e+03 1.65523e-16
9.11872e+03 1.44839e-16
9.12001e+03 1.40352e-16
9.12130e+03 1.51507e-16
9.12259e+03 1.56758e-16
9.12388e+03 1.63871e-16
9.12517e+03 1.64700e-16
9.12646e+03 1.53018e-16
9.12775e+03 1.43662e-16
9.12904e+03 1.35950e-16
9.13033e+03 1.23498e-16
9.13162e+03 1.19117e-16
9.13291e+03 1.30621e-16
9.13420e+03 1.38747e-16
9.13549e+03 1.32491e-16
9.13678e+03 1.24587e-16
9.13807e+03 1.32755e-16
9.13936e+03 1.41304e-16
9.14065e+03 1.37194e-16
9.14194e+03 1.50951e-16
9.14323e+03 1.56411e-16
9.14452e+03 1.46926e-16
9.14581e+03 1.42492e-16
9.14710e+03 1.42888e-16
9.14839e+03 1.40976e-16
9.14968e+03 1.40490e-16
9.15097e+03 1.31176e-16
9.15226e+03 1.22796e-16
9.15355e+03 1.17467e-16
9.15484e+03 1.11574e-16
9.15613e+03 1.14261e-16
9.15742e+03 1.23169e-16
9.15871e+03 1.33644e-16
9.16000e+03 1.36470e-16
9.16129e+03 1.25637e-16
9.16258e+03 1.22541e-16
9.16387e+03 1.29209e-16
9.16516e+03 1.29714e-16
9.16645e+03 1.32905e-16
9.16775e+03 1.36863e-16
9.16904e+03 1.30256e-16
9.17033e+03 1.30058e-16
9.17162e+03 1.29210e-16
9.17291e+03 1.15195e-16
9.17420e+03 1.06095e-16
9.17549e+03 1.05062e-16
9.17678e+03 1.00800e-16
9.17807e+03 1.00603e-16
9.17936e+03 1.14400e-16
9.18065e+03 1.30561e-16
9.18194e+03 1.27509e-16
9.18323e+03 1.17092e-16
9.18452e+03 1.20799e-16
9.18581e+03 1.27408e-16
9.18710e+03 1.23388e-16
9.18839e+03 1.19549e-16
9.18968e+03 1.21327e-16
9.19097e+03 1.24913e-16
9.19226e+03 1.27905e-16
9.19355e+03 1.24309e-16
9.19484e+03 1.15886e-16
9.19613e+03 1.07042e-16
9.19742e+03 1.08075e-16
