3.342196289062500000e+03 1.868170499999999657e-15
3.346273726452200208e+03 9.443607000000000967e-16
3.350351163841889957e+03 8.766771000000000080e-16
3.354428601231590164e+03 9.965373000000001092e-16
3.358506038621279913e+03 1.202274149999999953e-15
3.362583476010980121e+03 9.519283499999999703e-16
3.366660913400669870e+03 1.565793000000000001e-15
3.370738350790370077e+03 1.217948249999999921e-15
3.374815788180059826e+03 8.220279000000000508e-16
3.378893225569760034e+03 6.680481000000000252e-16
3.382970662959449783e+03 9.768418499999999757e-16
3.387048100349139986e+03 1.017029250000000018e-15
3.391125537738840194e+03 1.085852100000000099e-15
3.395202975128529943e+03 1.442975999999999961e-15
3.399280412518230150e+03 1.025376599999999931e-15
3.403357849907919899e+03 1.184950649999999939e-15
3.407435287297620107e+03 8.483909999999999841e-16
3.411512724687309856e+03 7.438020000000000116e-16
3.415590162077010064e+03 1.230882449999999949e-15
3.419667599466699812e+03 1.205130450000000038e-15
3.423745036856400020e+03 1.129558650000000004e-15
3.427822474246090223e+03 7.067090999999999646e-16
3.431899911635789977e+03 8.944299000000000388e-16
3.435977349025480180e+03 1.256007300000000162e-15
3.440054786415179933e+03 8.341367999999999664e-16
3.444132223804870137e+03 7.491371999999998937e-16
3.448209661194559885e+03 1.150680299999999940e-15
3.452287098584260093e+03 1.135576949999999962e-15
3.456364535973949842e+03 1.083134400000000106e-15
3.460441973363650050e+03 1.336236899999999962e-15
3.464519410753339798e+03 1.185173400000000066e-15
3.468596848143040006e+03 1.355884799999999782e-15
3.472674285532730210e+03 1.224186750000000072e-15
3.476751722922429963e+03 9.175140000000000623e-16
3.480829160312120166e+03 1.136303850000000041e-15
3.484906597701809915e+03 1.524400499999999989e-15
3.488984035091510123e+03 1.449895950000000091e-15
3.493061472481199871e+03 9.504647999999999902e-16
3.497138909870900079e+03 8.614139999999999987e-16
3.501216347260589828e+03 1.226557649999999986e-15
3.505293784650290036e+03 9.889162499999999891e-16
3.509371222039979784e+03 1.228420199999999916e-15
3.513448659429679992e+03 1.360975049999999983e-15
3.517526096819370196e+03 1.074031349999999975e-15
3.521603534209069949e+03 1.396177499999999996e-15
3.525680971598760152e+03 1.075769400000000034e-15
3.529758408988459905e+03 9.044288999999999869e-16
3.533835846378150109e+03 1.227624300000000032e-15
3.537913283767849862e+03 1.067331600000000038e-15
3.541990721157540065e+03 1.046720400000000102e-15
3.546068158547229814e+03 1.240792050000000018e-15
3.550145595936930022e+03 9.645957000000001189e-16
3.554223033326620225e+03 1.109987999999999884e-15
3.558300470716319978e+03 9.839856000000000437e-16
3.562377908106010182e+03 1.285333500000000082e-15
3.566455345495709935e+03 1.198178100000000023e-15
3.570532782885400138e+03 1.165307400000000071e-15
3.574610220275099891e+03 1.089592649999999938e-15
3.578687657664790095e+03 9.905382000000000469e-16
3.582765095054489848e+03 9.120054000000000421e-16
3.586842532444180051e+03 1.070282099999999927e-15
3.590919969833879804e+03 1.241093100000000051e-15
3.594997407223570008e+03 8.914657500000000437e-16
3.599074844613260211e+03 1.033925399999999862e-15
3.603152282002959964e+03 1.068365700000000028e-15
3.607229719392650168e+03 1.308450149999999965e-15
3.611307156782349921e+03 1.138492350000000057e-15
3.615384594172040124e+03 1.029845699999999947e-15
3.619462031561739877e+03 1.090572749999999987e-15
3.623539468951430081e+03 9.942603000000000527e-16
3.627616906341129834e+03 1.029638100000000049e-15
3.631694343730820037e+03 9.620679000000000544e-16
3.635771781120519790e+03 9.435456000000001202e-16
3.639849218510209994e+03 1.005396900000000092e-15
3.643926655899900197e+03 1.195384800000000034e-15
3.648004093289599950e+03 9.602827499999999942e-16
3.652081530679290154e+03 9.128029500000000229e-16
3.656158968068989907e+03 9.422859000000001207e-16
3.660236405458680110e+03 9.970757999999999897e-16
3.664313842848379863e+03 9.915988499999999905e-16
3.668391280238070067e+03 1.022229750000000091e-15
3.672468717627769820e+03 1.007914950000000137e-15
3.676546155017460023e+03 1.018056600000000041e-15
3.680623592407159776e+03 1.011939600000000103e-15
3.684701029796849980e+03 1.026531599999999848e-15
3.688778467186550188e+03 1.000025699999999987e-15
3.692855904576239936e+03 9.585163500000001082e-16
3.696933341965940144e+03 9.025719000000000437e-16
3.701010779355629893e+03 1.000444500000000119e-15
3.705088216745320096e+03 1.086975449999999995e-15
3.709165654135019849e+03 1.075364849999999901e-15
3.713243091524710053e+03 1.051844250000000171e-15
3.717320528914409806e+03 1.060794749999999960e-15
3.721397966304100009e+03 1.037673299999999956e-15
3.725475403693800217e+03 1.158651750000000082e-15
3.729552841083489966e+03 1.052836649999999978e-15
3.733630278473190174e+03 1.063094849999999999e-15
3.737707715862879922e+03 9.710677499999998332e-16
3.741785153252580130e+03 1.067156699999999972e-15
3.745862590642269879e+03 1.139625449999999973e-15
3.749940028031970087e+03 1.027964699999999986e-15
3.754017465421659836e+03 1.004603699999999920e-15
3.758094902811350039e+03 1.076465549999999930e-15
3.762172340201049792e+03 9.998854499999999938e-16
3.766249777590739996e+03 8.009416500000000525e-16
3.770327214980440203e+03 9.647280000000001625e-16
3.774404652370129952e+03 1.028941500000000037e-15
3.778482089759830160e+03 1.003648349999999951e-15
3.782559527149519909e+03 9.477341999999999533e-16
3.786636964539220116e+03 9.593594999999999649e-16
3.790714401928909865e+03 8.865778499999998958e-16
3.794791839318610073e+03 9.580639500000001089e-16
3.798869276708299822e+03 1.025917349999999998e-15
3.802946714097990025e+03 9.792001499999999888e-16
3.807024151487689778e+03 9.157031999999998870e-16
3.811101588877379982e+03 9.233782499999999484e-16
3.815179026267080189e+03 1.028428950000000021e-15
3.819256463656769938e+03 9.984706500000001113e-16
3.823333901046470146e+03 1.016528999999999956e-15
3.827411338436159895e+03 9.737281500000000845e-16
3.831488775825860102e+03 1.027130399999999916e-15
3.835566213215549851e+03 1.017421949999999919e-15
3.839643650605250059e+03 1.071514049999999992e-15
3.843721087994939808e+03 9.872051999999999985e-16
3.847798525384640016e+03 9.776671499999998907e-16
3.851875962774330219e+03 8.677770000000000195e-16
3.855953400164019968e+03 9.693835499999999389e-16
3.860030837553720175e+03 1.058082150000000035e-15
3.864108274943409924e+03 1.037023650000000168e-15
3.868185712333110132e+03 1.024038899999999972e-15
3.872263149722799881e+03 1.036606799999999882e-15
3.876340587112500089e+03 1.106638799999999991e-15
3.880418024502189837e+03 1.048459800000000116e-15
3.884495461891890045e+03 9.403357499999999878e-16
3.888572899281579794e+03 1.022131350000000058e-15
3.892650336671280002e+03 1.131738450000000009e-15
3.896727774060970205e+03 1.110469500000000166e-15
3.900805211450669958e+03 1.008930149999999981e-15
3.904882648840360162e+03 9.624055500000000058e-16
3.908960086230049910e+03 9.809663999999999019e-16
3.913037523619750118e+03 1.120979400000000033e-15
3.917114961009439867e+03 1.097314650000000027e-15
3.921192398399140075e+03 1.153700850000000036e-15
3.925269835788829823e+03 1.107441300000000067e-15
3.929347273178530031e+03 1.104950249999999894e-15
3.933424710568219780e+03 1.166701050000000014e-15
3.937502147957919988e+03 1.055874599999999899e-15
3.941579585347610191e+03 1.082549249999999947e-15
3.945657022737309944e+03 1.204092750000000104e-15
3.949734460127000148e+03 1.142645849999999899e-15
3.953811897516699901e+03 1.110084600000000044e-15
3.957889334906390104e+03 1.092865200000000023e-15
3.961966772296089857e+03 1.062524249999999981e-15
3.966044209685780061e+03 1.225108649999999950e-15
3.970121647075469809e+03 1.211952450000000053e-15
3.974199084465170017e+03 1.138173149999999939e-15
3.978276521854860221e+03 1.265280000000000121e-15
3.982353959244559974e+03 1.255486049999999937e-15
3.986431396634250177e+03 1.233769200000000074e-15
3.990508834023949930e+03 1.167046349999999968e-15
3.994586271413640134e+03 1.115626949999999904e-15
3.998663708803339887e+03 1.162260000000000076e-15
4.002741146193030090e+03 1.143804000000000038e-15
4.006818583582729843e+03 1.234466250000000005e-15
4.010896020972420047e+03 1.141073100000000055e-15
4.014973458362119800e+03 1.145535750000000048e-15
4.019050895751810003e+03 1.139814450000000063e-15
4.023128333141500207e+03 1.084675199999999983e-15
4.027205770531199960e+03 1.120554300000000050e-15
4.031283207920890163e+03 1.099477199999999982e-15
4.035360645310589916e+03 1.128571949999999960e-15
4.039438082700280120e+03 1.098310650000000172e-15
4.043515520089979873e+03 9.785619000000001209e-16
4.047592957479670076e+03 1.139458349999999884e-15
4.051670394869369829e+03 1.109108400000000082e-15
4.055747832259060033e+03 9.735403499999999752e-16
4.059825269648759786e+03 9.834442499999998875e-16
4.063902707038449989e+03 1.066786349999999992e-15
4.067980144428150197e+03 1.055573850000000009e-15
4.072057581817839946e+03 1.142092050000000012e-15
4.076135019207530149e+03 1.049345549999999995e-15
4.080212456597229902e+03 1.000510800000000015e-15
4.084289893986920106e+03 9.509134500000000729e-16
4.088367331376619859e+03 9.657283499999999185e-16
4.092444768766310062e+03 1.031201400000000017e-15
4.096522206156009815e+03 1.050731399999999962e-15
4.100599643545700019e+03 1.003830299999999930e-15
4.104677080935400227e+03 1.061666549999999983e-15
4.108754518325090430e+03 1.042712399999999900e-15
4.112831955714789729e+03 1.016021250000000062e-15
4.116909393104479932e+03 1.010728949999999950e-15
4.120986830494180140e+03 1.064579549999999918e-15
4.125064267883870343e+03 1.075549350000000012e-15
4.129141705273559637e+03 1.092502650000000019e-15
4.133219142663259845e+03 1.048937700000000060e-15
4.137296580052950048e+03 1.058132999999999952e-15
4.141374017442650256e+03 1.217066250000000156e-15
4.145451454832339550e+03 1.150773900000000049e-15
4.149528892222039758e+03 1.007987550000000083e-15
4.153606329611729961e+03 1.068528749999999860e-15
4.157683767001430169e+03 1.138616099999999865e-15
4.161761204391120373e+03 1.138346249999999934e-15
4.165838641780819671e+03 1.120598100000000052e-15
4.169916079170509875e+03 1.066411949999999952e-15
4.173993516560210082e+03 1.050590399999999907e-15
4.178070953949900286e+03 1.055658599999999937e-15
4.182148391339589580e+03 1.084321649999999936e-15
4.186225828729289788e+03 1.064893350000000022e-15
4.190303266118979991e+03 1.049563200000000054e-15
4.194380703508680199e+03 1.070054249999999928e-15
4.198458140898370402e+03 1.031504099999999950e-15
4.202535578288069701e+03 1.095169350000000122e-15
4.206613015677759904e+03 1.106319900000000017e-15
4.210690453067460112e+03 1.017250799999999967e-15
4.214767890457150315e+03 9.066274499999999682e-16
4.218845327846849614e+03 1.024285499999999947e-15
4.222922765236539817e+03 9.967324499999998813e-16
4.227000202626240025e+03 9.894811500000000468e-16
4.231077640015930228e+03 9.948785999999999626e-16
4.235155077405620432e+03 9.443710500000000083e-16
4.239232514795319730e+03 9.898479000000000838e-16
4.243309952185009934e+03 1.014492599999999969e-15
4.247387389574710141e+03 9.617997000000000238e-16
4.251464826964400345e+03 1.018842749999999905e-15
4.255542264354099643e+03 9.863842500000000891e-16
4.259619701743789847e+03 9.222010500000000839e-16
4.263697139133490055e+03 9.242991000000000155e-16
4.267774576523180258e+03 9.577192499999998491e-16
4.271852013912879556e+03 9.620543999999999212e-16
4.275929451302569760e+03 9.571982999999999644e-16
4.280006888692269968e+03 9.472531499999999846e-16
4.284084326081960171e+03 9.207136500000000589e-16
4.288161763471650374e+03 9.379723500000001041e-16
4.292239200861349673e+03 8.737927500000000423e-16
4.296316638251039876e+03 8.604576000000000213e-16
4.300394075640740084e+03 8.860438499999999940e-16
4.304471513030430287e+03 9.569595000000001626e-16
4.308548950420129586e+03 9.512598000000000356e-16
4.312626387809819789e+03 9.700787999999999969e-16
4.316703825199519997e+03 9.621694499999999150e-16
4.320781262589210201e+03 8.994051000000000492e-16
4.324858699978910408e+03 9.390113999999999923e-16
4.328936137368599702e+03 9.459857999999999819e-16
4.333013574758299910e+03 9.782164499999999961e-16
4.337091012147990114e+03 1.028819850000000048e-15
4.341168449537690321e+03 9.657537000000000876e-16
4.345245886927379615e+03 9.583393500000000266e-16
4.349323324317069819e+03 9.680875499999999668e-16
4.353400761706770027e+03 9.177681000000000677e-16
4.357478199096460230e+03 9.227692499999999419e-16
4.361555636486160438e+03 9.024071999999999170e-16
4.365633073875849732e+03 8.926599000000000121e-16
4.369710511265549940e+03 9.132304499999999692e-16
4.373787948655240143e+03 9.916456499999998476e-16
4.377865386044940351e+03 9.758692499999999567e-16
4.381942823434629645e+03 9.903442499999998616e-16
4.386020260824329853e+03 9.933174000000000113e-16
4.390097698214020056e+03 9.955243500000000579e-16
4.394175135603720264e+03 9.575419500000000188e-16
4.398252572993409558e+03 9.390346499999999478e-16
4.402330010383099761e+03 9.840998999999999754e-16
4.406407447772799969e+03 9.997807500000001087e-16
4.410484885162490173e+03 9.203181000000000796e-16
4.414562322552190381e+03 9.426364499999999189e-16
4.418639759941879674e+03 1.045701150000000002e-15
4.422717197331579882e+03 1.065952199999999895e-15
4.426794634721270086e+03 9.641732999999998460e-16
4.430872072110970294e+03 9.621237000000000661e-16
4.434949509500659588e+03 1.017120150000000021e-15
4.439026946890359795e+03 9.527606999999999966e-16
4.443104384280049999e+03 9.739019999999999443e-16
4.447181821669740202e+03 9.419099999999999562e-16
4.451259259059440410e+03 1.020024000000000026e-15
4.455336696449129704e+03 9.641562000000001637e-16
4.459414133838829912e+03 8.557054500000000846e-16
4.463491571228520115e+03 8.489994000000000001e-16
4.467569008618220323e+03 8.902819499999999869e-16
4.471646446007909617e+03 8.746476000000000605e-16
4.475723883397609825e+03 9.057769500000000543e-16
4.479801320787300028e+03 8.925706500000001063e-16
4.483878758177000236e+03 8.883979499999999744e-16
4.487956195566690440e+03 9.124303500000000531e-16
4.492033632956389738e+03 8.791678500000000377e-16
4.496111070346079941e+03 8.943180000000000695e-16
4.500188507735780149e+03 9.425358000000000935e-16
4.504265945125470353e+03 8.423180999999999954e-16
4.508343382515159647e+03 8.339484000000000637e-16
4.512420819904859854e+03 8.515171500000000004e-16
4.516498257294550058e+03 8.320228500000000378e-16
4.520575694684250266e+03 8.153734500000000438e-16
4.524653132073939560e+03 8.207855999999998767e-16
4.528730569463639767e+03 8.035770000000000806e-16
4.532808006853329971e+03 7.582807500000000302e-16
4.536885444243020174e+03 8.252122500000000411e-16
4.540962881632720382e+03 9.121939500000000164e-16
4.545040319022409676e+03 8.637160499999998839e-16
4.549117756412109884e+03 8.743523999999999606e-16
4.553195193801800087e+03 9.080594999999999004e-16
4.557272631191500295e+03 8.739316499999999823e-16
4.561350068581189589e+03 9.547532999999999809e-16
4.565427505970889797e+03 9.126836999999999964e-16
4.569504943360580000e+03 8.858214000000000095e-16
4.573582380750280208e+03 9.071881499999999933e-16
4.577659818139970412e+03 8.430401999999999524e-16
4.581737255529669710e+03 9.535879500000001522e-16
4.585814692919359914e+03 8.432069999999998983e-16
4.589892130309060121e+03 9.627403499999998786e-16
4.593969567698750325e+03 1.038959099999999989e-15
4.598047005088439619e+03 9.698254499999998564e-16
4.602124442478139827e+03 9.058444499999999316e-16
4.606201879867830030e+03 9.245051999999999854e-16
4.610279317257530238e+03 9.745881000000000720e-16
4.614356754647220441e+03 9.331641000000000126e-16
4.618434192036919740e+03 8.924349000000000922e-16
4.622511629426609943e+03 8.648423999999999303e-16
4.626589066816310151e+03 9.092548499999998499e-16
4.630666504206000354e+03 8.526954000000000704e-16
4.634743941595699653e+03 8.468570999999999494e-16
4.638821378985389856e+03 8.422051500000000179e-16
4.642898816375090064e+03 8.159235000000000141e-16
4.646976253764780267e+03 8.213299499999999859e-16
4.651053691154479566e+03 8.907256499999999748e-16
4.655131128544169769e+03 8.776957500000000192e-16
4.659208565933859973e+03 8.942910000000000002e-16
4.663286003323560180e+03 8.975646000000000935e-16
4.667363440713250384e+03 8.283718500000000501e-16
4.671440878102949682e+03 7.946754000000000663e-16
4.675518315492639886e+03 8.202774000000000631e-16
4.679595752882340093e+03 8.453514000000000638e-16
4.683673190272030297e+03 8.835499500000000384e-16
4.687750627661729595e+03 8.377714499999999396e-16
4.691828065051419799e+03 7.921947000000000022e-16
4.695905502441120007e+03 8.140641000000000100e-16
4.699982939830810210e+03 8.057273999999999548e-16
4.704060377220510418e+03 8.206708500000000261e-16
4.708137814610199712e+03 8.178274499999999847e-16
4.712215251999889915e+03 7.743522000000000480e-16
4.716292689389590123e+03 7.233299999999999621e-16
4.720370126779280326e+03 7.587383999999999717e-16
4.724447564168979625e+03 7.851197999999999629e-16
4.728525001558669828e+03 7.493063999999999990e-16
4.732602438948370036e+03 7.968088499999999354e-16
4.736679876338060240e+03 7.869472500000000001e-16
4.740757313727760447e+03 7.710515999999999841e-16
4.744834751117449741e+03 7.502472000000000241e-16
4.748912188507149949e+03 7.496488499999999737e-16
4.752989625896840153e+03 7.797066000000000231e-16
4.757067063286530356e+03 7.644817500000000298e-16
4.761144500676229654e+03 7.035028499999999729e-16
4.765221938065929862e+03 7.704294000000000861e-16
4.769299375455620066e+03 7.634766000000000533e-16
4.773376812845310269e+03 7.277207999999999743e-16
4.777454250235009567e+03 7.486995000000000088e-16
4.781531687624699771e+03 7.743964500000000684e-16
4.785609125014399979e+03 7.335037500000000025e-16
4.789686562404090182e+03 6.855136499999999053e-16
4.793763999793790390e+03 7.372091999999999491e-16
4.797841437183479684e+03 7.583799000000000271e-16
4.801918874573179892e+03 7.389737999999999621e-16
4.805996311962870095e+03 7.570180499999999791e-16
4.810073749352560299e+03 7.299208500000000799e-16
4.814151186742259597e+03 6.963182999999999536e-16
4.818228624131949800e+03 6.959815500000000374e-16
4.822306061521650008e+03 6.926896499999999848e-16
4.826383498911340212e+03 6.886609499999999594e-16
4.830460936301040419e+03 6.995801999999999840e-16
4.834538373690729713e+03 6.423847500000000300e-16
4.838615811080429921e+03 6.187628999999999911e-16
4.842693248470120125e+03 5.997501000000000147e-16
4.846770685859820333e+03 6.413800499999999724e-16
4.850848123249509626e+03 6.970391999999999294e-16
4.854925560639209834e+03 6.687465000000000091e-16
4.859002998028900038e+03 6.786765000000000541e-16
4.863080435418590241e+03 6.766177499999999494e-16
4.867157872808290449e+03 7.381645499999999184e-16
4.871235310197979743e+03 6.700657500000000354e-16
4.875312747587679951e+03 6.286393500000000137e-16
4.879390184977370154e+03 6.848415000000000271e-16
4.883467622367070362e+03 6.684689999999999765e-16
4.887545059756759656e+03 6.863823000000001013e-16
4.891622497146459864e+03 7.374910499999998888e-16
4.895699934536150067e+03 8.044948499999999975e-16
4.899777371925850275e+03 7.467806999999999509e-16
4.903854809315539569e+03 7.067862000000000857e-16
4.907932246705239777e+03 7.538212500000000610e-16
4.912009684094929980e+03 7.145789999999999507e-16
4.916087121484620184e+03 6.676664999999999008e-16
4.920164558874320392e+03 7.492943999999999902e-16
4.924241996264009686e+03 7.234245000000000074e-16
4.928319433653709893e+03 6.336113999999999995e-16
4.932396871043400097e+03 6.857794499999999736e-16
4.936474308433100305e+03 6.559942499999999605e-16
4.940551745822789599e+03 6.293363999999999448e-16
4.944629183212489806e+03 7.517088000000000595e-16
4.948706620602180010e+03 8.341754999999999999e-16
4.952784057991880218e+03 7.812392999999999780e-16
4.956861495381570421e+03 7.988814000000000207e-16
4.960938932771269720e+03 7.639171500000000166e-16
4.965016370160959923e+03 7.591244999999999761e-16
4.969093807550660131e+03 8.091808500000000110e-16
4.973171244940350334e+03 7.795755000000000593e-16
4.977248682330039628e+03 8.044364999999999519e-16
4.981326119719739836e+03 6.916288499999999696e-16
4.985403557109430039e+03 6.671688000000000703e-16
4.989480994499130247e+03 7.066042499999999092e-16
4.993558431888820451e+03 7.211215499999999884e-16
4.997635869278519749e+03 7.483125000000000678e-16
5.001713306668209952e+03 7.523163000000000403e-16
5.005790744057910160e+03 7.886782500000000474e-16
5.009868181447600364e+03 7.505989500000000007e-16
5.013945618837299662e+03 7.286418000000000143e-16
5.018023056226989866e+03 7.697827500000000542e-16
5.022100493616690073e+03 7.660145999999999576e-16
5.026177931006380277e+03 7.512661499999999812e-16
5.030255368396069571e+03 8.311399499999999421e-16
5.034332805785769779e+03 7.812087000000000639e-16
5.038410243175459982e+03 6.965299500000001076e-16
5.042487680565160190e+03 7.314517499999999644e-16
5.046565117954850393e+03 8.168653500000000474e-16
5.050642555344549692e+03 8.042852999999999585e-16
5.054719992734239895e+03 7.811623500000000271e-16
5.058797430123940103e+03 7.798293000000000202e-16
5.062874867513630306e+03 8.124772499999999436e-16
5.066952304903329605e+03 7.901337000000000067e-16
5.071029742293019808e+03 7.896544500000000099e-16
5.075107179682720016e+03 6.965935499999999968e-16
5.079184617072410219e+03 7.382506499999999968e-16
5.083262054462100423e+03 7.855678500000000550e-16
5.087339491851799721e+03 8.293826999999999864e-16
5.091416929241499929e+03 7.673217000000000021e-16
5.095494366631190132e+03 7.583464500000000344e-16
5.099571804020880336e+03 7.822580999999999622e-16
5.103649241410579634e+03 7.333775999999999363e-16
5.107726678800269838e+03 7.187953500000000138e-16
5.111804116189970046e+03 6.831054000000000106e-16
5.115881553579660249e+03 7.054283999999999988e-16
5.119958990969359547e+03 7.797363000000000007e-16
5.124036428359049751e+03 8.423366999999999993e-16
5.128113865748749959e+03 8.285176499999999311e-16
5.132191303138440162e+03 7.529443500000000683e-16
5.136268740528130365e+03 7.399669500000000283e-16
5.140346177917829664e+03 7.526568000000000702e-16
5.144423615307519867e+03 7.164940499999999935e-16
5.148501052697220075e+03 7.059985499999999988e-16
5.152578490086910278e+03 7.366922999999999269e-16
5.156655927476609577e+03 7.336987499999999001e-16
5.160733364866299780e+03 6.784093500000000316e-16
5.164810802255999988e+03 7.544006999999999643e-16
5.168888239645690192e+03 8.506801500000000225e-16
5.172965677035390399e+03 7.755871499999999676e-16
5.177043114425079693e+03 7.629763500000000902e-16
5.181120551814779901e+03 7.374495000000000726e-16
5.185197989204470105e+03 8.283381000000001114e-16
5.189275426594170312e+03 7.568713500000000629e-16
5.193352863983859606e+03 6.626651999999999550e-16
5.197430301373549810e+03 6.316504500000000362e-16
5.201507738763250018e+03 6.828094500000000457e-16
5.205585176152940221e+03 7.097446500000000223e-16
5.209662613542640429e+03 7.027463999999998893e-16
5.213740050932329723e+03 6.449396999999999395e-16
5.217817488322029931e+03 6.225018000000000290e-16
5.221894925711720134e+03 6.922722000000000040e-16
5.225972363101420342e+03 6.651487499999999991e-16
5.230049800491109636e+03 5.952683999999999995e-16
5.234127237880809844e+03 6.693079499999999978e-16
5.238204675270500047e+03 6.509181000000000802e-16
5.242282112660200255e+03 5.796742500000000338e-16
5.246359550049889549e+03 6.703685999999999413e-16
5.250436987439579752e+03 6.091294500000000002e-16
5.254514424829279960e+03 5.439831000000000494e-16
5.258591862218970164e+03 5.765191500000000035e-16
5.262669299608670372e+03 6.384070499999999930e-16
5.266746736998359665e+03 6.353389499999999777e-16
5.270824174388059873e+03 6.133267499999999431e-16
5.274901611777750077e+03 5.919598499999999864e-16
5.278979049167450285e+03 5.811841499999999521e-16
5.283056486557139579e+03 5.664087000000000050e-16
5.287133923946839786e+03 5.715573000000000548e-16
5.291211361336529990e+03 5.668093499999999537e-16
5.295288798726230198e+03 5.598635999999999335e-16
5.299366236115920401e+03 5.895814500000000422e-16
5.303443673505609695e+03 5.333734499999999974e-16
5.307521110895309903e+03 5.639991000000000576e-16
5.311598548285000106e+03 5.618969999999999676e-16
5.315675985674700314e+03 5.958928499999999854e-16
5.319753423064389608e+03 5.890772999999999924e-16
5.323830860454089816e+03 5.343054000000000381e-16
5.327908297843780019e+03 5.502999000000000065e-16
5.331985735233480227e+03 5.024869499999999638e-16
5.336063172623170431e+03 4.920667499999999212e-16
5.340140610012869729e+03 5.368947000000000741e-16
5.344218047402559932e+03 5.059165499999999752e-16
5.348295484792250136e+03 5.424972000000000503e-16
5.352372922181950344e+03 6.026986499999999588e-16
5.356450359571639638e+03 5.856181499999999764e-16
5.360527796961339845e+03 6.066650999999999506e-16
5.364605234351030049e+03 5.318073000000000499e-16
5.368682671740730257e+03 5.352306000000000122e-16
5.372760109130419551e+03 5.351470499999999677e-16
5.376837546520119758e+03 5.352083999999999662e-16
5.380914983909809962e+03 4.787988000000000287e-16
5.384992421299510170e+03 4.761496500000000200e-16
5.389069858689200373e+03 5.078133000000000587e-16
5.393147296078899672e+03 5.133561000000000351e-16
5.397224733468589875e+03 5.523395999999999911e-16
5.401302170858290083e+03 5.716285499999999473e-16
5.405379608247980286e+03 5.292060000000000050e-16
5.409457045637669580e+03 5.102153999999999760e-16
5.413534483027369788e+03 5.494176000000000000e-16
5.417611920417059991e+03 5.134717500000000196e-16
5.421689357806760199e+03 5.051324999999999305e-16
5.425766795196450403e+03 5.773174500000000465e-16
5.429844232586149701e+03 5.914486500000000226e-16
5.433921669975839905e+03 5.247461999999999912e-16
5.437999107365540112e+03 5.427746999999999843e-16
5.442076544755230316e+03 5.476221000000000283e-16
5.446153982144929614e+03 5.669760000000000251e-16
5.450231419534619818e+03 5.426130000000000077e-16
5.454308856924320025e+03 5.278025999999999436e-16
5.458386294314010229e+03 5.778392999999999664e-16
5.462463731703700432e+03 5.829766500000000695e-16
5.466541169093399731e+03 5.286808499999999890e-16
5.470618606483089934e+03 5.523680999999999875e-16
5.474696043872790142e+03 5.282996999999999808e-16
5.478773481262480345e+03 5.230732500000000436e-16
5.482850918652179644e+03 5.251744499999999997e-16
5.486928356041869847e+03 4.703098499999999719e-16
5.491005793431570055e+03 4.735195499999999341e-16
5.495083230821260258e+03 5.524062000000000304e-16
5.499160668210959557e+03 5.414027999999999708e-16
5.503238105600649760e+03 5.643446999999999581e-16
5.507315542990339964e+03 5.746753500000000503e-16
5.511392980380040171e+03 5.040148499999999940e-16
5.515470417769730375e+03 5.313835500000000201e-16
5.519547855159429673e+03 5.018289000000000122e-16
5.523625292549119877e+03 5.314302000000000028e-16
5.527702729938820084e+03 5.471953499999999470e-16
5.531780167328510288e+03 5.696709000000000800e-16
5.535857604718209586e+03 5.626384499999999908e-16
5.539935042107899790e+03 5.782297499999999765e-16
5.544012479497599998e+03 5.709660000000000170e-16
5.548089916887290201e+03 5.045617500000000385e-16
5.552167354276990409e+03 5.291011500000000483e-16
5.556244791666679703e+03 5.954827499999999632e-16
5.560322229056379911e+03 5.658929999999999639e-16
5.564399666446070114e+03 5.471365499999999824e-16
5.568477103835770322e+03 6.001352999999999840e-16
5.572554541225459616e+03 6.142801499999999677e-16
5.576631978615149819e+03 5.313742500000000181e-16
5.580709416004850027e+03 4.492305000000000133e-16
5.584786853394540231e+03 4.966354500000000501e-16
5.588864290784240438e+03 5.682087000000000540e-16
5.592941728173929732e+03 5.716480499999999863e-16
5.597019165563629940e+03 5.513740499999999847e-16
5.601096602953320144e+03 5.369178000000000567e-16
5.605174040343020351e+03 5.287493999999999731e-16
5.609251477732709645e+03 5.140855500000000494e-16
5.613328915122399849e+03 4.768806000000000600e-16
5.617406352512100057e+03 4.712248500000000075e-16
5.621483789901790260e+03 5.235259499999999888e-16
5.625561227291489558e+03 4.709632499999999719e-16
5.629638664681179762e+03 4.809778499999999709e-16
5.633716102070879970e+03 5.662575000000000116e-16
5.637793539460570173e+03 5.349503999999999727e-16
5.641870976850270381e+03 4.817365500000000438e-16
5.645948414239959675e+03 4.481857499999999681e-16
5.650025851629659883e+03 4.732732500000000035e-16
5.654103289019350086e+03 5.251596000000000109e-16
5.658180726409050294e+03 5.396314499999999899e-16
5.662258163798739588e+03 5.406867000000000182e-16
5.666335601188439796e+03 5.551371000000000133e-16
5.670413038578129999e+03 5.441818499999999622e-16
5.674490475967820203e+03 5.466730500000000095e-16
5.678567913357520411e+03 5.742892500000000459e-16
5.682645350747209704e+03 5.140035000000000306e-16
5.686722788136909912e+03 4.931008500000000104e-16
5.690800225526600116e+03 5.656439999999999278e-16
5.694877662916300324e+03 5.530286999999999730e-16
5.698955100305989617e+03 5.351104500000000491e-16
5.703032537695689825e+03 5.555418000000000217e-16
5.707109975085380029e+03 5.143246499999999944e-16
5.711187412475080237e+03 5.573638500000000450e-16
5.715264849864770440e+03 5.460482999999999789e-16
5.719342287254469738e+03 5.182138499999999907e-16
5.723419724644159942e+03 5.223894000000000039e-16
5.727497162033850145e+03 5.595559500000000043e-16
5.731574599423550353e+03 5.485649999999999711e-16
5.735652036813239647e+03 5.239143000000000812e-16
5.739729474202939855e+03 5.284198500000000425e-16
5.743806911592630058e+03 5.687575500000000432e-16
5.747884348982330266e+03 5.967265499999999658e-16
5.751961786372019560e+03 5.291451000000000241e-16
5.756039223761719768e+03 5.653981500000000147e-16
5.760116661151409971e+03 6.256599000000000122e-16
5.764194098541110179e+03 5.295836999999999441e-16
5.768271535930800383e+03 5.539039500000000655e-16
5.772348973320499681e+03 5.937644999999999870e-16
5.776426410710189884e+03 5.901964500000000532e-16
5.780503848099880088e+03 5.706370500000000770e-16
5.784581285489580296e+03 5.507213999999999483e-16
5.788658722879269590e+03 5.145036000000000208e-16
5.792736160268969797e+03 5.035447500000000261e-16
5.796813597658660001e+03 5.108893500000000232e-16
5.800891035048360209e+03 5.188996500000000737e-16
5.804968472438050412e+03 5.242602000000000263e-16
5.809045909827749711e+03 4.897834500000000129e-16
5.813123347217439914e+03 4.749802500000000330e-16
5.817200784607140122e+03 5.080460999999999548e-16
5.821278221996830325e+03 5.432717999999999229e-16
5.825355659386529624e+03 5.648230500000000184e-16
5.829433096776219827e+03 4.969810500000000492e-16
5.833510534165910030e+03 4.938737999999999828e-16
5.837587971555610238e+03 5.573755500000000093e-16
5.841665408945300442e+03 5.728492499999999673e-16
5.845742846334999740e+03 5.684672999999999395e-16
5.849820283724689943e+03 5.420353499999999775e-16
5.853897721114390151e+03 5.334319500000000160e-16
5.857975158504080355e+03 5.189272500000000350e-16
5.862052595893779653e+03 5.399141999999999647e-16
5.866130033283469857e+03 5.115929999999999494e-16
5.870207470673170064e+03 5.287746000000000706e-16
5.874284908062860268e+03 5.250665999999999914e-16
5.878362345452549562e+03 4.668287999999999545e-16
5.882439782842249770e+03 5.316430500000000394e-16
5.886517220231939973e+03 5.243261999999999765e-16
5.890594657621640181e+03 4.727288999999999930e-16
5.894672095011330384e+03 5.129111999999999675e-16
5.898749532401029683e+03 5.193069000000000174e-16
5.902826969790719886e+03 5.431975500000000775e-16
5.906904407180420094e+03 5.262013500000000046e-16
5.910981844570110297e+03 4.907073000000000328e-16
5.915059281959809596e+03 4.937920500000000086e-16
5.919136719349499799e+03 4.863850500000000048e-16
5.923214156739200007e+03 4.442350500000000003e-16
5.927291594128890210e+03 4.607227500000000178e-16
5.931369031518590418e+03 4.882441499999999644e-16
5.935446468908279712e+03 5.108710499999999653e-16
5.939523906297979920e+03 5.089213499999999486e-16
5.943601343687670123e+03 4.553014499999999586e-16
5.947678781077360327e+03 4.443888000000000277e-16
5.951756218467059625e+03 4.955288999999999887e-16
5.955833655856749829e+03 4.793565000000000023e-16
5.959911093246450037e+03 4.321627500000000033e-16
5.963988530636140240e+03 4.415092499999999867e-16
5.968065968025840448e+03 4.545253499999999617e-16
5.972143405415529742e+03 4.566855000000000526e-16
5.976220842805229950e+03 4.860296999999999862e-16
5.980298280194920153e+03 4.822959000000000161e-16
5.984375717584610356e+03 4.133293499999999723e-16
5.988453154974309655e+03 4.576687500000000277e-16
5.992530592363999858e+03 4.750121999999999999e-16
5.996608029753700066e+03 4.389325499999999995e-16
6.000685467143390269e+03 4.364854500000000489e-16
6.004762904533089568e+03 4.391653500000000434e-16
6.008840341922779771e+03 4.003923000000000138e-16
6.012917779312479979e+03 4.256127000000000341e-16
6.016995216702170183e+03 4.461889499999999511e-16
6.021072654091870390e+03 4.567378499999999952e-16
6.025150091481559684e+03 4.560810000000000247e-16
6.029227528871259892e+03 4.310169000000000165e-16
6.033304966260950096e+03 4.549600499999999922e-16
6.037382403650640299e+03 4.648167000000000298e-16
6.041459841040339597e+03 4.410415499999999811e-16
6.045537278430029801e+03 4.249168500000000348e-16
6.049614715819730009e+03 4.194343499999999995e-16
6.053692153209420212e+03 4.392586500000000088e-16
6.057769590599120420e+03 4.360599000000000473e-16
6.061847027988809714e+03 4.248337499999999586e-16
6.065924465378509922e+03 4.319963999999999765e-16
6.070001902768200125e+03 4.272560999999999771e-16
6.074079340157900333e+03 4.145860500000000189e-16
6.078156777547589627e+03 4.059106500000000042e-16
6.082234214937289835e+03 3.973540499999999984e-16
6.086311652326980038e+03 4.180897500000000013e-16
6.090389089716680246e+03 4.072130999999999983e-16
6.094466527106370449e+03 4.059674999999999747e-16
6.098543964496059743e+03 4.086395999999999437e-16
6.102621401885759951e+03 4.000022999999999720e-16
6.106698839275450155e+03 4.139398500000000046e-16
6.110776276665150363e+03 4.237959000000000516e-16
6.114853714054839656e+03 3.897767999999999797e-16
6.118931151444539864e+03 3.703078499999999890e-16
6.123008588834230068e+03 3.980108999999999688e-16
6.127086026223930276e+03 4.102996500000000445e-16
6.131163463613619570e+03 4.088132999999999785e-16
6.135240901003319777e+03 3.932282999999999925e-16
6.139318338393009981e+03 3.414271499999999790e-16
6.143395775782710189e+03 3.616696500000000314e-16
6.147473213172400392e+03 3.681034499999999763e-16
6.151550650562089686e+03 3.229945500000000175e-16
6.155628087951789894e+03 3.325513500000000035e-16
6.159705525341480097e+03 3.577595999999999926e-16
6.163782962731180305e+03 3.768527999999999890e-16
6.167860400120869599e+03 3.674089500000000298e-16
6.171937837510569807e+03 3.566652000000000117e-16
6.176015274900260010e+03 3.512677499999999974e-16
6.180092712289960218e+03 3.517734000000000236e-16
6.184170149679650422e+03 3.785440499999999945e-16
6.188247587069349720e+03 3.727492499999999797e-16
6.192325024459039923e+03 3.641544000000000073e-16
6.196402461848740131e+03 3.531856500000000201e-16
6.200479899238430335e+03 3.333789000000000065e-16
6.204557336628129633e+03 3.438178499999999766e-16
6.208634774017819836e+03 3.475494000000000067e-16
6.212712211407510040e+03 3.397679999999999627e-16
6.216789648797210248e+03 3.626096999999999942e-16
6.220867086186900451e+03 3.500981999999999387e-16
6.224944523576599750e+03 3.579772500000000524e-16
6.229021960966289953e+03 3.626391000000000258e-16
6.233099398355990161e+03 3.648550499999999805e-16
6.237176835745680364e+03 3.321301500000000076e-16
6.241254273135379663e+03 3.253081499999999926e-16
6.245331710525069866e+03 3.419380499999999968e-16
6.249409147914760069e+03 3.438925499999999875e-16
6.253486585304460277e+03 3.410096999999999982e-16
6.257564022694149571e+03 3.328084500000000112e-16
6.261641460083849779e+03 3.320971500000000325e-16
6.265718897473539982e+03 3.428523000000000195e-16
6.269796334863240190e+03 3.257327999999999590e-16
6.273873772252930394e+03 3.385565999999999939e-16
6.277951209642629692e+03 3.549598499999999810e-16
6.282028647032319896e+03 3.166573499999999862e-16
6.286106084422010099e+03 3.174404999999999958e-16
6.290183521811710307e+03 3.268801500000000209e-16
6.294260959201409605e+03 3.240672000000000192e-16
6.298338396591099809e+03 3.166161000000000173e-16
6.302415833980790012e+03 3.221188500000000060e-16
6.306493271370490220e+03 3.286539000000000135e-16
6.310570708760180423e+03 3.182026499999999899e-16
6.314648146149879722e+03 3.361147500000000349e-16
6.318725583539569925e+03 3.119818500000000052e-16
6.322803020929270133e+03 3.236807999999999702e-16
6.326880458318960336e+03 3.116903999999999697e-16
6.330957895708659635e+03 2.916100500000000101e-16
6.335035333098349838e+03 2.830984499999999883e-16
6.339112770488050046e+03 2.912218499999999893e-16
6.343190207877740249e+03 2.997205500000000164e-16
6.347267645267430453e+03 3.245314500000000050e-16
6.351345082657129751e+03 3.181339499999999834e-16
6.355422520046829959e+03 3.228502500000000143e-16
6.359499957436520162e+03 2.972779499999999952e-16
6.363577394826210366e+03 2.768492999999999802e-16
6.367654832215909664e+03 3.074440499999999830e-16
6.371732269605599868e+03 3.070060500000000043e-16
6.375809706995300076e+03 3.038780999999999670e-16
6.379887144384990279e+03 2.949310500000000004e-16
6.383964581774689577e+03 2.979311999999999728e-16
6.388042019164379781e+03 3.036142500000000406e-16
6.392119456554079989e+03 2.848249499999999583e-16
6.396196893943770192e+03 3.063304500000000077e-16
6.400274331333470400e+03 2.956897500000000239e-16
6.404351768723159694e+03 2.870357999999999930e-16
6.408429206112849897e+03 3.092994000000000261e-16
6.412506643502550105e+03 2.930655000000000188e-16
6.416584080892250313e+03 2.897033999999999834e-16
6.420661518281939607e+03 3.063447000000000059e-16
6.424738955671629810e+03 2.790689999999999993e-16
6.428816393061330018e+03 2.702045999999999928e-16
6.432893830451020222e+03 2.819812500000000202e-16
6.436971267840720429e+03 2.726357999999999957e-16
6.441048705230409723e+03 2.708869500000000067e-16
6.445126142620109931e+03 2.957201999999999651e-16
6.449203580009800135e+03 2.861672999999999672e-16
6.453281017399500342e+03 2.791483500000000112e-16
6.457358454789189636e+03 3.045472499999999909e-16
6.461435892178889844e+03 2.802657000000000016e-16
6.465513329568580048e+03 2.745472499999999964e-16
6.469590766958280255e+03 2.860993499999999736e-16
6.473668204347969549e+03 2.734367999999999963e-16
6.477745641737659753e+03 2.699130000000000336e-16
6.481823079127359961e+03 2.802213000000000082e-16
6.485900516517050164e+03 2.785999500000000396e-16
6.489977953906750372e+03 3.053263500000000393e-16
6.494055391296439666e+03 2.746718999999999875e-16
6.498132828686139874e+03 2.923273499999999932e-16
6.502210266075830077e+03 3.160330499999999733e-16
6.506287703465530285e+03 2.981977500000000047e-16
6.510365140855219579e+03 3.071677499999999809e-16
6.514442578244909782e+03 3.013218000000000047e-16
6.518520015634609990e+03 3.074560499999999919e-16
6.522597453024300194e+03 3.225608999999999951e-16
6.526674890414000402e+03 3.170860500000000123e-16
6.530752327803689695e+03 2.868803999999999669e-16
6.534829765193389903e+03 2.762675999999999890e-16
6.538907202583080107e+03 3.383183999999999854e-16
6.542984639972780315e+03 3.200791499999999721e-16
6.547062077362469608e+03 3.204903000000000025e-16
6.551139514752169816e+03 2.783005500000000056e-16
6.555216952141860020e+03 2.989582500000000000e-16
6.559294389531550223e+03 3.044894999999999851e-16
6.563371826921250431e+03 2.763726000000000173e-16
6.567449264310949729e+03 2.526713999999999666e-16
6.571526701700639933e+03 2.820917999999999861e-16
6.575604139090330136e+03 2.918237999999999833e-16
6.579681576480030344e+03 2.630913000000000139e-16
6.583759013869719638e+03 2.785700999999999904e-16
6.587836451259419846e+03 2.993061000000000378e-16
6.591913888649110049e+03 3.097413000000000422e-16
6.595991326038810257e+03 2.957325000000000186e-16
6.600068763428499551e+03 2.789650499999999792e-16
6.604146200818199759e+03 2.641549499999999597e-16
6.608223638207889962e+03 2.549746500000000302e-16
6.612301075597590170e+03 2.625438000000000281e-16
6.616378512987280374e+03 2.640675000000000257e-16
6.620455950376979672e+03 2.418268500000000022e-16
6.624533387766669875e+03 2.725169999999999867e-16
6.628610825156360079e+03 2.902425000000000023e-16
6.632688262546060287e+03 2.699435999999999970e-16
6.636765699935749581e+03 2.805165000000000095e-16
6.640843137325449788e+03 2.855134499999999990e-16
6.644920574715139992e+03 2.631871499999999639e-16
6.648998012104840200e+03 2.753709000000000113e-16
6.653075449494530403e+03 2.678353499999999790e-16
6.657152886884229702e+03 2.507686499999999772e-16
6.661230324273919905e+03 2.632315499999999573e-16
6.665307761663620113e+03 2.891476500000000039e-16
6.669385199053310316e+03 2.940307500000000299e-16
6.673462636442999610e+03 2.929705500000000053e-16
6.677540073832699818e+03 2.661636000000000125e-16
6.681617511222390021e+03 2.378401500000000078e-16
6.685694948612090229e+03 2.533120499999999940e-16
6.689772386001780433e+03 2.697686999999999811e-16
6.693849823391479731e+03 2.803603500000000198e-16
6.697927260781169934e+03 2.721868500000000163e-16
6.702004698170870142e+03 2.680729499999999969e-16
6.706082135560560346e+03 2.770453499999999847e-16
6.710159572950259644e+03 2.681560499999999745e-16
6.714237010339949848e+03 2.559175499999999730e-16
6.718314447729650055e+03 2.438062499999999964e-16
6.722391885119340259e+03 2.786450999999999965e-16
6.726469322509029553e+03 2.763106499999999789e-16
6.730546759898729761e+03 2.617851000000000046e-16
6.734624197288419964e+03 2.674946999999999761e-16
6.738701634678120172e+03 2.737312499999999847e-16
6.742779072067810375e+03 2.840491500000000059e-16
6.746856509457509674e+03 2.687337000000000047e-16
6.750933946847199877e+03 2.582108999999999947e-16
6.755011384236900085e+03 2.808703500000000025e-16
6.759088821626590288e+03 2.742164999999999861e-16
6.763166259016289587e+03 2.767601999999999982e-16
6.767243696405979790e+03 2.699832000000000164e-16
6.771321133795679998e+03 2.637227999999999631e-16
6.775398571185370201e+03 2.853607499999999797e-16
6.779476008575060405e+03 2.805808499999999610e-16
6.783553445964759703e+03 2.884135499999999886e-16
6.787630883354449907e+03 2.905417500000000140e-16
6.791708320744150114e+03 2.811004499999999902e-16
6.795785758133840318e+03 2.739082499999999677e-16
6.799863195523539616e+03 2.661929999999999948e-16
6.803940632913229820e+03 2.501608500000000011e-16
6.808018070302930028e+03 2.574666000000000410e-16
6.812095507692620231e+03 2.791738500000000054e-16
6.816172945082320439e+03 2.654619000000000311e-16
6.820250382472009733e+03 2.662622999999999918e-16
6.824327819861709941e+03 2.702788499999999861e-16
6.828405257251400144e+03 2.738519999999999877e-16
6.832482694641100352e+03 2.628136500000000082e-16
6.836560132030789646e+03 2.793705000000000004e-16
6.840637569420489854e+03 2.896579500000000311e-16
6.844715006810180057e+03 2.675836499999999852e-16
6.848792444199870260e+03 2.727610500000000267e-16
6.852869881589569559e+03 2.622071999999999863e-16
6.856947318979259762e+03 2.454272999999999698e-16
6.861024756368959970e+03 2.538479999999999885e-16
6.865102193758650174e+03 2.255281500000000259e-16
6.869179631148350381e+03 2.633597999999999905e-16
6.873257068538039675e+03 2.549559000000000040e-16
6.877334505927739883e+03 2.112288000000000019e-16
6.881411943317430087e+03 1.919509500000000194e-16
6.885489380707130294e+03 2.203247999999999972e-16
6.889566818096819588e+03 2.452090500000000180e-16
6.893644255486509792e+03 2.322559499999999910e-16
6.897721692876210000e+03 2.330462999999999861e-16
6.901799130265900203e+03 2.589910500000000021e-16
6.905876567655600411e+03 2.465461499999999860e-16
6.909954005045289705e+03 2.413129499999999821e-16
6.914031442434989913e+03 2.725264499999999617e-16
6.918108879824680116e+03 2.568438000000000045e-16
6.922186317214380324e+03 2.470711499999999797e-16
6.926263754604069618e+03 2.443119000000000227e-16
6.930341191993759821e+03 2.439799499999999819e-16
6.934418629383460029e+03 2.397385499999999915e-16
6.938496066773160237e+03 2.427076499999999829e-16
6.942573504162850440e+03 2.562383999999999908e-16
6.946650941552539734e+03 2.479064999999999589e-16
6.950728378942239942e+03 2.323136999999999967e-16
6.954805816331930146e+03 2.408434500000000048e-16
6.958883253721630354e+03 2.642745000000000308e-16
6.962960691111319647e+03 2.705287500000000081e-16
6.967038128501019855e+03 2.679310500000000054e-16
6.971115565890710059e+03 2.879311500000000165e-16
6.975193003280410267e+03 2.388794999999999899e-16
6.979270440670099561e+03 2.218468500000000207e-16
6.983347878059799768e+03 2.563687499999999910e-16
6.987425315449489972e+03 2.499430500000000176e-16
6.991502752839190180e+03 2.749673999999999841e-16
6.995580190228880383e+03 2.938648500000000206e-16
6.999657627618569677e+03 2.553781500000000080e-16
7.003735065008269885e+03 2.598808499999999895e-16
7.007812502397960088e+03 2.879325000000000200e-16
7.011889939787660296e+03 2.700386999999999835e-16
7.015967377177349590e+03 2.615896499999999907e-16
7.020044814567049798e+03 2.841895500000000210e-16
7.024122251956740001e+03 3.021608999999999989e-16
7.028199689346440209e+03 2.718909000000000021e-16
7.032277126736130413e+03 2.845471499999999797e-16
7.036354564125829711e+03 2.630360999999999928e-16
7.040432001515519914e+03 2.529520500000000237e-16
7.044509438905210118e+03 2.704955999999999614e-16
7.048586876294910326e+03 2.890137000000000108e-16
7.052664313684599620e+03 2.927788500000000065e-16
7.056741751074299827e+03 2.720817000000000149e-16
7.060819188463990031e+03 2.693845500000000200e-16
7.064896625853690239e+03 2.787716999999999817e-16
7.068974063243380442e+03 2.415163499999999945e-16
7.073051500633079741e+03 1.570498499999999856e-16
7.077128938022769944e+03 2.529553500000000212e-16
7.081206375412470152e+03 2.743571999999999964e-16
7.085283812802160355e+03 2.702336999999999798e-16
7.089361250191859654e+03 2.819640000000000198e-16
7.093438687581549857e+03 2.780204999999999883e-16
7.097516124971240060e+03 2.872012499999999847e-16
7.101593562360940268e+03 3.104683499999999955e-16
7.105670999750629562e+03 3.014812499999999919e-16
7.109748437140329770e+03 2.868197999999999812e-16
7.113825874530029978e+03 2.826591000000000061e-16
7.117903311919720181e+03 3.030002999999999885e-16
7.121980749309410385e+03 2.898406499999999739e-16
7.126058186699109683e+03 2.667831000000000022e-16
7.130135624088799887e+03 2.997318000000000124e-16
7.134213061478500094e+03 3.247075500000000021e-16
7.138290498868190298e+03 3.050467499999999904e-16
7.142367936257889596e+03 2.916914999999999890e-16
7.146445373647579800e+03 2.679212999999999858e-16
7.150522811037270003e+03 2.616443999999999942e-16
7.154600248426970211e+03 2.903644500000000358e-16
7.158677685816670419e+03 2.960635499999999749e-16
7.162755123206359713e+03 2.831100000000000289e-16
7.166832560596049916e+03 2.862971999999999991e-16
7.170909997985750124e+03 2.739958500000000226e-16
7.174987435375440327e+03 2.643089999999999823e-16
7.179064872765139626e+03 2.609506500000000113e-16
7.183142310154829829e+03 2.528999999999999778e-16
7.187219747544530037e+03 2.822894999999999892e-16
7.191297184934220240e+03 2.798748000000000232e-16
7.195374622323920448e+03 2.670277500000000327e-16
7.199452059713609742e+03 2.694449999999999834e-16
7.203529497103309950e+03 2.576624999999999738e-16
7.207606934493000153e+03 2.372930999999999904e-16
7.211684371882690357e+03 2.482121999999999926e-16
7.215761809272389655e+03 2.611717500000000417e-16
7.219839246662079859e+03 2.453398499999999865e-16
7.223916684051780067e+03 2.584377000000000342e-16
7.227994121441470270e+03 2.735464500000000256e-16
7.232071558831169568e+03 2.644687499999999649e-16
7.236148996220859772e+03 2.501304000000000107e-16
7.240226433610559980e+03 2.614479000000000215e-16
7.244303871000250183e+03 2.597072999999999770e-16
7.248381308389950391e+03 2.425281000000000153e-16
7.252458745779639685e+03 2.358299999999999785e-16
7.256536183169339893e+03 2.326087499999999757e-16
7.260613620559030096e+03 2.663805000000000102e-16
7.264691057948730304e+03 2.856190500000000179e-16
7.268768495338419598e+03 2.302998000000000016e-16
7.272845932728109801e+03 2.336206500000000188e-16
7.276923370117810009e+03 2.424542999999999903e-16
7.281000807507500213e+03 2.335198499999999739e-16
7.285078244897200420e+03 2.473239000000000310e-16
7.289155682286889714e+03 2.278648500000000329e-16
7.293233119676589922e+03 2.275401000000000269e-16
7.297310557066280126e+03 2.397571499999999954e-16
7.301387994455980333e+03 2.537500500000000221e-16
7.305465431845669627e+03 2.498794500000000297e-16
7.309542869235369835e+03 2.486707499999999693e-16
7.313620306625060039e+03 2.392732499999999975e-16
7.317697744014750242e+03 2.504095500000000420e-16
7.321775181404450450e+03 2.574884999999999931e-16
7.325852618794139744e+03 2.465063999999999936e-16
7.329930056183839952e+03 2.289491999999999989e-16
7.334007493573530155e+03 2.470132500000000010e-16
7.338084930963230363e+03 2.491141499999999619e-16
7.342162368352919657e+03 2.632916999999999747e-16
7.346239805742619865e+03 2.655619500000000139e-16
7.350317243132310068e+03 2.522743500000000107e-16
7.354394680522010276e+03 2.311012499999999704e-16
7.358472117911699570e+03 2.266507500000000079e-16
7.362549555301399778e+03 2.466767999999999815e-16
7.366626992691089981e+03 2.473874999999999696e-16
7.370704430080780185e+03 2.504285999999999649e-16
7.374781867470480393e+03 2.633315999999999894e-16
7.378859304860169686e+03 2.337604499999999940e-16
7.382936742249869894e+03 2.028036000000000045e-16
7.387014179639560098e+03 2.113687499999999994e-16
7.391091617029260306e+03 2.019698999999999995e-16
7.395169054418949599e+03 2.403253500000000013e-16
7.399246491808649807e+03 2.661994500000000168e-16
7.403323929198340011e+03 2.140157999999999918e-16
7.407401366588040219e+03 1.980170999999999908e-16
7.411478803977730422e+03 2.174132999999999893e-16
7.415556241367429720e+03 2.213132999999999886e-16
7.419633678757119924e+03 2.175596999999999841e-16
7.423711116146820132e+03 1.969527000000000074e-16
7.427788553536510335e+03 1.967575500000000135e-16
7.431865990926199629e+03 2.340076499999999598e-16
7.435943428315899837e+03 2.287801500000000144e-16
7.440020865705590040e+03 2.135968499999999852e-16
7.444098303095290248e+03 1.955743499999999966e-16
7.448175740484980452e+03 1.902968999999999723e-16
7.452253177874679750e+03 1.964043000000000112e-16
7.456330615264369953e+03 2.142014999999999861e-16
7.460408052654070161e+03 2.072512499999999872e-16
7.464485490043760365e+03 2.085555000000000024e-16
7.468562927433459663e+03 2.249447999999999865e-16
7.472640364823149866e+03 2.036029500000000064e-16
7.476717802212840070e+03 1.957062000000000226e-16
7.480795239602540278e+03 1.827476999999999817e-16
7.484872676992229572e+03 1.815054000000000049e-16
7.488950114381929779e+03 2.091532500000000130e-16
7.493027551771619983e+03 1.948200000000000034e-16
7.497104989161320191e+03 1.888046999999999981e-16
7.501182426551010394e+03 1.865696999999999973e-16
7.505259863940709693e+03 1.930064999999999937e-16
7.509337301330399896e+03 1.927275000000000093e-16
7.513414738720100104e+03 1.772401499999999697e-16
7.517492176109790307e+03 1.789474499999999945e-16
7.521569613499489606e+03 1.833983999999999747e-16
7.525647050889179809e+03 1.844926499999999826e-16
7.529724488278870012e+03 1.831345499999999990e-16
7.533801925668570220e+03 1.587544500000000035e-16
7.537879363058260424e+03 1.715767500000000127e-16
7.541956800447959722e+03 1.782288000000000080e-16
7.546034237837649925e+03 1.791314999999999901e-16
7.550111675227350133e+03 1.950138000000000185e-16
7.554189112617040337e+03 2.058940499999999895e-16
7.558266550006739635e+03 1.980330000000000124e-16
7.562343987396429839e+03 1.815539999999999817e-16
7.566421424786130046e+03 1.958566500000000031e-16
7.570498862175820250e+03 2.006445000000000204e-16
7.574576299565519548e+03 1.753145999999999931e-16
7.578653736955209752e+03 1.669200000000000085e-16
7.582731174344899955e+03 1.730422499999999869e-16
7.586808611734600163e+03 1.802567999999999790e-16
7.590886049124290366e+03 1.879372500000000051e-16
7.594963486513989665e+03 1.734309000000000252e-16
7.599040923903679868e+03 1.115717249999999917e-16
7.603118361293380076e+03 7.447333499999999631e-17
7.607195798683070279e+03 1.244791950000000003e-16
7.611273236072769578e+03 1.666618499999999927e-16
7.615350673462459781e+03 1.880146499999999735e-16
7.619428110852159989e+03 1.848428999999999827e-16
7.623505548241850192e+03 1.574956499999999898e-16
7.627582985631550400e+03 1.328459400000000202e-16
7.631660423021239694e+03 1.311326399999999910e-16
7.635737860410929898e+03 1.411221450000000215e-16
7.639815297800630105e+03 1.714520999999999969e-16
7.643892735190320309e+03 1.651430999999999914e-16
7.647970172580019607e+03 1.603477499999999933e-16
7.652047609969709811e+03 1.792115999999999902e-16
7.656125047359410019e+03 1.775898000000000039e-16
7.660202484749100222e+03 1.452305549999999940e-16
7.664279922138800430e+03 1.457072700000000035e-16
7.668357359528489724e+03 1.542228000000000080e-16
7.672434796918189932e+03 1.643323500000000206e-16
7.676512234307880135e+03 1.669120500000000100e-16
7.680589671697580343e+03 1.719429000000000097e-16
7.684667109087269637e+03 1.689486000000000194e-16
7.688744546476969845e+03 1.685273999999999989e-16
7.692821983866660048e+03 1.721010000000000182e-16
7.696899421256350251e+03 1.631903999999999972e-16
7.700976858646049550e+03 1.672527000000000129e-16
7.705054296035739753e+03 1.706297999999999855e-16
7.709131733425439961e+03 1.646533499999999868e-16
7.713209170815130165e+03 1.638825000000000060e-16
7.717286608204830372e+03 1.527469499999999990e-16
7.721364045594519666e+03 1.509184500000000029e-16
7.725441482984209870e+03 1.725593999999999972e-16
7.729518920373910078e+03 1.849009499999999837e-16
7.733596357763610285e+03 1.770404999999999725e-16
7.737673795153299579e+03 1.693670999999999837e-16
7.741751232542999787e+03 1.871540999999999955e-16
7.745828669932689991e+03 1.966683000000000091e-16
7.749906107322380194e+03 1.695829499999999979e-16
7.753983544712080402e+03 1.612594499999999820e-16
7.758060982101769696e+03 1.882316999999999935e-16
7.762138419491469904e+03 1.692674999999999939e-16
7.766215856881160107e+03 1.518852000000000152e-16
7.770293294270860315e+03 1.418313450000000085e-16
7.774370731660549609e+03 1.632910499999999952e-16
7.778448169050249817e+03 1.684653000000000122e-16
7.782525606439940020e+03 1.573689000000000070e-16
7.786603043829630224e+03 1.746358499999999720e-16
7.790680481219330431e+03 1.978383000000000114e-16
7.794757918609019725e+03 1.902151499999999982e-16
7.798835355998719933e+03 1.684335000000000182e-16
7.802912793388410137e+03 1.743044999999999957e-16
7.806990230778110345e+03 1.741403999999999828e-16
7.811067668167799638e+03 1.887336000000000047e-16
7.815145105557499846e+03 1.697853000000000020e-16
7.819222542947190050e+03 1.318065599999999942e-16
7.823299980336890258e+03 1.483836299999999944e-16
7.827377417726579552e+03 1.746380999999999860e-16
7.831454855116269755e+03 1.585145999999999962e-16
7.835532292505969963e+03 1.595554500000000041e-16
7.839609729895670171e+03 1.728363000000000145e-16
7.843687167285360374e+03 1.907969999999999871e-16
7.847764604675049668e+03 1.754712000000000004e-16
7.851842042064749876e+03 1.636722000000000034e-16
7.855919479454440079e+03 1.821997499999999784e-16
7.859996916844140287e+03 1.537767000000000085e-16
7.864074354233829581e+03 1.616447999999999983e-16
7.868151791623529789e+03 1.742791499999999991e-16
7.872229229013219992e+03 1.771281000000000028e-16
7.876306666402920200e+03 1.926542999999999995e-16
7.880384103792610404e+03 1.602265499999999973e-16
7.884461541182309702e+03 2.130755999999999819e-16
7.888538978571999905e+03 2.021124000000000062e-16
7.892616415961700113e+03 2.227375499999999939e-16
7.896693853351390317e+03 1.781550000000000077e-16
7.900771290741079611e+03 1.825120500000000071e-16
7.904848728130779818e+03 2.190718500000000150e-16
7.908926165520470022e+03 2.018474999999999977e-16
7.913003602910170230e+03 1.667818499999999828e-16
7.917081040299860433e+03 1.418488649999999850e-16
7.921158477689559732e+03 1.840108500000000011e-16
7.925235915079249935e+03 1.777422000000000032e-16
7.929313352468950143e+03 1.728684000000000038e-16
7.933390789858640346e+03 1.688387999999999925e-16
7.937468227248339645e+03 1.795828500000000058e-16
7.941545664638029848e+03 1.742802000000000073e-16
7.945623102027720051e+03 1.799225999999999982e-16
7.949700539417420259e+03 1.944133500000000010e-16
7.953777976807119558e+03 1.710688499999999970e-16
7.957855414196809761e+03 1.535665499999999789e-16
7.961932851586499964e+03 1.656539999999999846e-16
7.966010288976200172e+03 1.848913499999999865e-16
7.970087726365890376e+03 2.081526000000000151e-16
7.974165163755589674e+03 2.037733499999999943e-16
7.978242601145279878e+03 1.739284499999999814e-16
7.982320038534980085e+03 1.663018499999999977e-16
7.986397475924670289e+03 1.860379499999999862e-16
7.990474913314369587e+03 1.985500499999999830e-16
7.994552350704059791e+03 1.831627500000000002e-16
7.998629788093749994e+03 1.759335000000000168e-16
8.002707225483450202e+03 1.834607999999999814e-16
8.006784662873140405e+03 1.884004500000000073e-16
8.010862100262839704e+03 2.035079999999999929e-16
8.014939537652529907e+03 2.042467500000000091e-16
8.019016975042230115e+03 1.980084000000000040e-16
8.023094412431920318e+03 1.899673499999999924e-16
8.027171849821619617e+03 1.864933499999999877e-16
8.031249287211309820e+03 1.773928499999999890e-16
8.035326724601010028e+03 1.766761499999999965e-16
8.039404161990700231e+03 1.832863500000000077e-16
8.043481599380400439e+03 1.985092499999999824e-16
8.047559036770089733e+03 1.869260999999999748e-16
8.051636474159779937e+03 1.823104499999999912e-16
8.055713911549480144e+03 2.165865000000000238e-16
8.059791348939180352e+03 2.171431499999999892e-16
8.063868786328869646e+03 2.015530499999999846e-16
8.067946223718559850e+03 1.943361000000000055e-16
8.072023661108260058e+03 1.875731999999999997e-16
8.076101098497950261e+03 1.848119999999999993e-16
8.080178535887649559e+03 2.051468999999999819e-16
8.084255973277339763e+03 2.025014999999999882e-16
8.088333410667039971e+03 1.873061999999999995e-16
8.092410848056730174e+03 2.084771999999999988e-16
8.096488285446430382e+03 1.867613999999999960e-16
8.100565722836119676e+03 1.607191500000000066e-16
8.104643160225809879e+03 1.800013499999999701e-16
8.108720597615510087e+03 1.824928499999999880e-16
8.112798035005200290e+03 1.842419999999999969e-16
8.116875472394899589e+03 1.770480000000000027e-16
8.120952909784599797e+03 1.685666999999999984e-16
8.125030347174290000e+03 1.805136000000000161e-16
8.129107784563980204e+03 1.669660500000000007e-16
8.133185221953680411e+03 1.734830999999999948e-16
8.137262659343369705e+03 1.749914999999999859e-16
8.141340096733069913e+03 1.480584000000000010e-16
8.145417534122760117e+03 1.416784050000000078e-16
8.149494971512460324e+03 1.484847600000000046e-16
8.153572408902149618e+03 1.705607999999999838e-16
8.157649846291849826e+03 1.756585499999999935e-16
8.161727283681540030e+03 1.653796500000000012e-16
8.165804721071230233e+03 1.458750900000000122e-16
8.169882158460930441e+03 1.700790000000000269e-16
8.173959595850619735e+03 1.509299999999999942e-16
8.178037033240319943e+03 1.423341899999999974e-16
8.182114470630010146e+03 1.578921000000000044e-16
8.186191908019710354e+03 1.666813500000000071e-16
8.190269345409399648e+03 1.697894999999999854e-16
8.194346782799100765e+03 1.658631000000000061e-16
8.198424220188790059e+03 1.626109499999999952e-16
8.202501657578490267e+03 1.570087499999999897e-16
8.206579094968179561e+03 1.688821500000000024e-16
8.210656532357879769e+03 1.697215499999999919e-16
8.214733969747570882e+03 1.526599500000000087e-16
8.218811407137260176e+03 1.590595499999999973e-16
8.222888844526960384e+03 1.697760000000000001e-16
8.226966281916649677e+03 1.454358149999999919e-16
8.231043719306349885e+03 1.309486199999999900e-16
8.235121156696039179e+03 1.525709999999999996e-16
8.239198594085739387e+03 1.718281500000000112e-16
8.243276031475430500e+03 1.725904500000000275e-16
8.247353468865130708e+03 1.635931499999999868e-16
8.251430906254820002e+03 1.594097999999999974e-16
8.255508343644520210e+03 1.549249500000000070e-16
8.259585781034209504e+03 1.519959000000000033e-16
8.263663218423909711e+03 1.657066499999999964e-16
8.267740655813600824e+03 1.519810499999999899e-16
8.271818093203290118e+03 1.245032100000000153e-16
8.275895530592990326e+03 1.305007349999999914e-16
8.279972967982679620e+03 1.439287650000000042e-16
8.284050405372379828e+03 1.370253899999999968e-16
8.288127842762069122e+03 1.345251000000000084e-16
8.292205280151769330e+03 1.499516250000000042e-16
8.296282717541460443e+03 1.694458500000000050e-16
8.300360154931160650e+03 1.500523500000000134e-16
8.304437592320849944e+03 1.286299199999999963e-16
8.308515029710550152e+03 1.301605949999999953e-16
8.312592467100239446e+03 1.462814700000000139e-16
8.316669904489939654e+03 1.455023399999999955e-16
8.320747341879630767e+03 1.395090449999999974e-16
8.324824779269320061e+03 1.519025999999999886e-16
8.328902216659020269e+03 1.362418349999999862e-16
8.332979654048709563e+03 1.106260949999999981e-16
8.337057091438409770e+03 1.154950949999999989e-16
8.341134528828100883e+03 1.184809349999999839e-16
8.345211966217799272e+03 9.801868500000000330e-17
8.349289403607490385e+03 1.199355449999999959e-16
8.353366840997190593e+03 1.256674799999999892e-16
8.357444278386879887e+03 1.131451049999999934e-16
8.361521715776580095e+03 1.252278000000000171e-16
8.365599153166269389e+03 1.247392199999999990e-16
8.369676590555969597e+03 1.193471400000000039e-16
8.373754027945660710e+03 1.121845350000000025e-16
8.377831465335359098e+03 1.018002300000000055e-16
8.381908902725050211e+03 1.042525050000000104e-16
8.385986340114739505e+03 1.021853399999999909e-16
8.390063777504439713e+03 9.069547500000000081e-17
8.394141214894130826e+03 8.636266500000000052e-17
8.398218652283829215e+03 1.054807950000000074e-16
8.402296089673520328e+03 1.111925850000000161e-16
8.406373527063220536e+03 1.015554449999999993e-16
8.410450964452909830e+03 1.125885600000000091e-16
8.414528401842610037e+03 1.067579699999999915e-16
8.418605839232299331e+03 8.830041000000000022e-17
8.422683276621999539e+03 1.058760749999999984e-16
8.426760714011690652e+03 1.230508499999999926e-16
8.430838151401390860e+03 1.430857350000000026e-16
8.434915588791080154e+03 1.174499400000000014e-16
8.438993026180769448e+03 9.966757500000000563e-17
8.443070463570469656e+03 7.969471499999999587e-17
8.447147900960160769e+03 8.975296499999998778e-17
8.451225338349859157e+03 1.273124100000000019e-16
8.455302775739550270e+03 1.089185999999999960e-16
8.459380213129250478e+03 1.055164049999999933e-16
8.463457650518939772e+03 9.509008499999999255e-17
8.467535087908639980e+03 1.019885549999999956e-16
8.471612525298329274e+03 1.245452249999999944e-16
8.475689962688029482e+03 1.179833850000000031e-16
8.479767400077720595e+03 1.024549650000000116e-16
8.483844837467420803e+03 9.967666499999999608e-17
8.487922274857110096e+03 1.053827399999999983e-16
8.491999712246799390e+03 1.116904650000000115e-16
8.496077149636499598e+03 1.172715599999999957e-16
8.500154587026190711e+03 1.194202350000000079e-16
8.504232024415889100e+03 1.141003800000000008e-16
8.508309461805580213e+03 1.182337349999999934e-16
8.512386899195280421e+03 1.246096049999999897e-16
8.516464336584969715e+03 1.192804949999999973e-16
8.520541773974669923e+03 1.258277550000000004e-16
8.524619211364359217e+03 1.162995000000000027e-16
8.528696648754059424e+03 9.394440000000000064e-17
8.532774086143750537e+03 1.121688600000000144e-16
8.536851523533450745e+03 1.214575049999999863e-16
8.540928960923140039e+03 1.258712700000000052e-16
8.545006398312829333e+03 1.253123849999999985e-16
8.549083835702529541e+03 1.461140099999999897e-16
8.553161273092220654e+03 1.454237100000000019e-16
8.557238710481920862e+03 1.440683399999999953e-16
8.561316147871610156e+03 1.498323149999999885e-16
8.565393585261310363e+03 1.383229950000000005e-16
8.569471022650999657e+03 1.203134399999999985e-16
8.573548460040699865e+03 1.355235750000000034e-16
8.577625897430389159e+03 1.164617999999999945e-16
8.581703334820089367e+03 1.067812350000000060e-16
8.585780772209780480e+03 1.351354050000000019e-16
8.589858209599480688e+03 1.510501499999999820e-16
8.593935646989169982e+03 1.606004999999999953e-16
8.598013084378870190e+03 1.657231500000000086e-16
8.602090521768559483e+03 1.711159499999999974e-16
8.606167959158250596e+03 1.664587500000000003e-16
8.610245396547950804e+03 1.496593349999999967e-16
8.614322833937640098e+03 1.534138500000000089e-16
8.618400271327340306e+03 1.880833500000000046e-16
8.622477708717029600e+03 1.836013499999999695e-16
8.626555146106729808e+03 1.626288000000000109e-16
8.630632583496419102e+03 1.523886000000000028e-16
8.634710020886119310e+03 1.501377000000000050e-16
8.638787458275810422e+03 1.712487000000000092e-16
8.642864895665510630e+03 1.451814900000000023e-16
8.646942333055199924e+03 1.230875549999999909e-16
8.651019770444889218e+03 1.544660999999999858e-16
8.655097207834589426e+03 1.684132499999999909e-16
8.659174645224280539e+03 1.466246999999999960e-16
8.663252082613980747e+03 1.547571000000000037e-16
8.667329520003670041e+03 1.409141400000000001e-16
8.671406957393370249e+03 1.454099850000000078e-16
8.675484394783059543e+03 1.767307499999999777e-16
8.679561832172759750e+03 1.622478000000000004e-16
8.683639269562450863e+03 1.742986500000000136e-16
8.687716706952149252e+03 1.661683499999999976e-16
8.691794144341840365e+03 1.443784499999999992e-16
8.695871581731529659e+03 1.237312650000000098e-16
8.699949019121229867e+03 1.565100000000000031e-16
8.704026456510930075e+03 1.333922400000000001e-16
8.708103893900619369e+03 1.289682000000000068e-16
8.712181331290310482e+03 1.642303499999999945e-16
8.716258768680010689e+03 1.571974499999999862e-16
8.720336206069699983e+03 1.660180500000000146e-16
8.724413643459400191e+03 1.733545500000000156e-16
8.728491080849089485e+03 1.728790500000000092e-16
8.732568518238789693e+03 1.710446999999999817e-16
8.736645955628480806e+03 1.682390999999999879e-16
8.740723393018179195e+03 1.693213500000000115e-16
8.744800830407870308e+03 1.577138999999999909e-16
8.748878267797570516e+03 1.612500000000000071e-16
8.752955705187259809e+03 1.216851000000000059e-16
8.757033142576949103e+03 1.213640250000000039e-16
8.761110579966649311e+03 1.799679000000000267e-16
8.765188017356340424e+03 1.743330000000000168e-16
8.769265454746040632e+03 1.641445500000000099e-16
8.773342892135729926e+03 1.460391450000000086e-16
8.777420329525430134e+03 1.308532050000000109e-16
8.781497766915119428e+03 1.249399049999999825e-16
8.785575204304819636e+03 1.395742650000000140e-16
8.789652641694510748e+03 1.478320050000000118e-16
8.793730079084200042e+03 1.425325199999999858e-16
8.797807516473900250e+03 1.471624350000000142e-16
8.801884953863600458e+03 1.735782000000000060e-16
8.805962391253289752e+03 1.554118500000000071e-16
8.810039828642989960e+03 1.603674000000000053e-16
8.814117266032679254e+03 1.858249500000000013e-16
8.818194703422370367e+03 2.008209000000000128e-16
8.822272140812070575e+03 1.957366500000000130e-16
8.826349578201759869e+03 1.424255099999999989e-16
8.830427015591460076e+03 8.556223499999999591e-17
8.834504452981149370e+03 9.651625499999999735e-17
8.838581890370849578e+03 1.032229950000000070e-16
8.842659327760540691e+03 1.272415349999999926e-16
8.846736765150240899e+03 1.638792000000000085e-16
8.850814202539930193e+03 1.829977500000000261e-16
8.854891639929619487e+03 1.439849399999999977e-16
8.858969077319319695e+03 1.261537500000000041e-16
8.863046514709019903e+03 1.269603899999999999e-16
8.867123952098709196e+03 1.349897100000000034e-16
8.871201389488400309e+03 1.879015500000000230e-16
8.875278826878100517e+03 2.190448499999999951e-16
8.879356264267789811e+03 2.074189500000000175e-16
8.883433701657490019e+03 1.821481499999999994e-16
8.887511139047179313e+03 1.153286399999999909e-16
8.891588576436879521e+03 9.338598000000000882e-17
8.895666013826570634e+03 1.063097550000000031e-16
8.899743451216270842e+03 1.287286200000000003e-16
8.903820888605960135e+03 1.887681000000000055e-16
8.907898325995660343e+03 1.575843000000000036e-16
8.911975763385349637e+03 1.352776949999999971e-16
8.916053200775040750e+03 8.011357500000000629e-17
8.920130638164739139e+03 5.234529000000000013e-17
8.924208075554430252e+03 8.794279499999999490e-17
8.928285512944130460e+03 1.228050900000000140e-16
8.932362950333819754e+03 1.432769399999999919e-16
8.936440387723519962e+03 1.459741500000000007e-16
8.940517825113209256e+03 1.709283000000000090e-16
8.944595262502900368e+03 1.336873199999999984e-16
8.948672699892600576e+03 1.054572599999999922e-16
8.952750137282300784e+03 1.450835550000000085e-16
8.956827574671990078e+03 2.052659999999999861e-16
8.960905012061679372e+03 2.135143499999999982e-16
8.964982449451379580e+03 1.450654199999999949e-16
8.969059886841079788e+03 9.758860500000000382e-17
8.973137324230770901e+03 1.217975549999999986e-16
8.977214761620460195e+03 1.263779700000000150e-16
8.981292199010160402e+03 1.209270300000000168e-16
8.985369636399849696e+03 1.002132900000000046e-16
8.989447073789549904e+03 9.618922499999999517e-17
8.993524511179239198e+03 1.143605999999999891e-16
8.997601948568939406e+03 1.093453799999999980e-16
9.001679385958630519e+03 1.134526500000000155e-16
9.005756823348319813e+03 1.340490899999999952e-16
9.009834260738020021e+03 1.309272599999999900e-16
9.013911698127720229e+03 1.007358449999999948e-16
9.017989135517409522e+03 8.081592000000000716e-17
9.022066572907100635e+03 9.565286999999998736e-17
9.026144010296800843e+03 1.170889049999999955e-16
9.030221447686490137e+03 1.178505600000000047e-16
9.034298885076190345e+03 1.085034299999999869e-16
9.038376322465879639e+03 1.162721100000000037e-16
9.042453759855579847e+03 1.460244149999999982e-16
9.046531197245269141e+03 1.581566999999999929e-16
9.050608634634969349e+03 1.369351050000000063e-16
9.054686072024660461e+03 1.298949449999999986e-16
9.058763509414360669e+03 1.082276400000000038e-16
9.062840946804049963e+03 1.245754050000000088e-16
9.066918384193739257e+03 1.399705800000000036e-16
9.070995821583439465e+03 1.229119949999999952e-16
9.075073258973130578e+03 1.191649649999999912e-16
9.079150696362830786e+03 1.223956799999999909e-16
9.083228133752520080e+03 1.264488150000000050e-16
9.087305571142220288e+03 9.849202499999999188e-17
9.091383008531909582e+03 1.025128650000000149e-16
9.095460445921609789e+03 1.251019349999999982e-16
9.099537883311300902e+03 1.163871450000000002e-16
9.103615320700999291e+03 1.170205050000000090e-16
9.107692758090690404e+03 1.114411499999999827e-16
9.111770195480390612e+03 1.127926799999999905e-16
9.115847632870079906e+03 1.047372300000000076e-16
9.119925070259780114e+03 1.017741000000000014e-16
9.124002507649469408e+03 1.201212599999999876e-16
9.128079945039169615e+03 1.360146750000000115e-16
9.132157382428860728e+03 1.254902250000000028e-16
9.136234819818550022e+03 1.092521850000000013e-16
9.140312257208250230e+03 1.181325149999999995e-16
9.144389694597939524e+03 1.162172100000000025e-16
9.148467131987639732e+03 1.052866949999999847e-16
9.152544569377330845e+03 1.020525899999999914e-16
9.156622006767029234e+03 1.010638199999999994e-16
9.160699444156720347e+03 1.143536700000000042e-16
9.164776881546420555e+03 1.089970350000000000e-16
9.168854318936109848e+03 1.151464949999999975e-16
9.172931756325799142e+03 1.101259199999999968e-16
9.177009193715499350e+03 7.404117000000000243e-17
9.181086631105190463e+03 1.100029350000000018e-16
9.185164068494890671e+03 1.168691999999999852e-16
9.189241505884590879e+03 1.170082500000000214e-16
9.193318943274280173e+03 1.024937549999999919e-16
9.197396380663969467e+03 9.434999999999999485e-17
9.201473818053669675e+03 1.134867899999999825e-16
9.205551255443360787e+03 1.315211100000000124e-16
9.209628692833059176e+03 1.023246450000000059e-16
9.213706130222750289e+03 1.074025950000000059e-16
9.217783567612450497e+03 1.294708500000000062e-16
9.221861005002139791e+03 1.057872149999999978e-16
9.225938442391830904e+03 1.103333250000000030e-16
9.230015879781529293e+03 1.540483500000000097e-16
9.234093317171220406e+03 1.522640999999999847e-16
9.238170754560920614e+03 1.140118649999999874e-16
9.242248191950609908e+03 9.729273000000000076e-17
9.246325629340310115e+03 7.465971000000000469e-17
9.250403066729999409e+03 9.120133499999998927e-17
9.254480504119690522e+03 1.235729850000000091e-16
9.258557941509390730e+03 1.175851950000000060e-16
9.262635378899089119e+03 1.034537849999999937e-16
9.266712816288780232e+03 1.019820450000000090e-16
9.270790253678480440e+03 1.050456000000000044e-16
9.274867691068169734e+03 1.120041450000000136e-16
9.278945128457869941e+03 1.260716399999999961e-16
9.283022565847559235e+03 1.184987700000000023e-16
9.287100003237250348e+03 8.920645500000000871e-17
9.291177440626950556e+03 1.053482250000000001e-16
9.295254878016639850e+03 1.069309349999999984e-16
9.299332315406340058e+03 5.456854500000000163e-17
9.303409752796029352e+03 8.556244500000000741e-17
9.307487190185729560e+03 1.089832799999999990e-16
9.311564627575420673e+03 4.009546500000000376e-17
9.315642064965109967e+03 4.664059499999999599e-17
9.319719502354810174e+03 1.527861000000000009e-16
9.323796939744499468e+03 1.544862000000000154e-16
9.327874377134199676e+03 1.784947500000000000e-16
9.331951814523890789e+03 1.435190549999999858e-16
9.336029251913589178e+03 5.412592500000000422e-17
9.340106689303280291e+03 2.576060999999999962e-17
9.344184126692980499e+03 3.743368500000000097e-17
9.348261564082669793e+03 6.281194499999999892e-17
9.352339001472370001e+03 1.051702949999999997e-16
9.356416438862059294e+03 1.319337599999999946e-16
9.360493876251759502e+03 6.553278000000000668e-17
9.372726188420840117e+03 4.297354500000000132e-17
9.376803625810540325e+03 5.343529499999999574e-17
9.380881063200229619e+03 9.072468000000000588e-17
9.384958500589920732e+03 1.468446749999999824e-16
9.389035937979619121e+03 1.383292350000000110e-16
9.393113375369310234e+03 9.257215499999999998e-17
9.397190812759010441e+03 1.304407950000000102e-16
9.401268250148699735e+03 1.420708049999999873e-16
9.405345687538399943e+03 1.125550799999999972e-16
9.409423124928089237e+03 1.317469500000000029e-16
9.413500562317789445e+03 9.774229500000000504e-17
9.417577999707480558e+03 1.086862650000000040e-16
9.421655437097180766e+03 1.425405899999999873e-16
9.425732874486870060e+03 6.168538499999999034e-17
9.429810311876570267e+03 4.647595500000000023e-17
9.433887749266259561e+03 8.521905000000000570e-17
9.437965186655959769e+03 1.258443749999999910e-16
9.442042624045650882e+03 8.852774999999999180e-17
9.446120061435340176e+03 4.318379999999999974e-17
9.450197498825040384e+03 1.618928999999999993e-16
9.454274936214729678e+03 1.321513199999999967e-16
9.458352373604429886e+03 8.415388500000001218e-17
9.462429810994119180e+03 8.014819499999999787e-17
9.466507248383819388e+03 9.976297499999999974e-17
9.470584685773510500e+03 5.366439000000000415e-17
9.474662123163199794e+03 6.426325500000000110e-17
9.478739560552900002e+03 7.296852000000000067e-17
9.482816997942600210e+03 4.927030500000000416e-17
9.486894435332289504e+03 6.370875000000000700e-17
9.490971872721980617e+03 7.896262500000000087e-17
9.495049310111680825e+03 7.006251000000000268e-17
9.499126747501379214e+03 1.136393699999999987e-16
9.503204184891070327e+03 1.315959449999999990e-16
9.507281622280759620e+03 6.287344500000000742e-17
9.511359059670459828e+03 9.867911999999999389e-17
9.515436497060149122e+03 9.295876500000001120e-17
9.519513934449849330e+03 5.619153000000000256e-17
9.523591371839540443e+03 3.569481000000000335e-17
9.527668809229240651e+03 4.163311500000000421e-17
9.531746246618929945e+03 8.400256499999999102e-17
9.535823684008619239e+03 1.067603550000000059e-16
9.539901121398319447e+03 1.430856600000000161e-16
9.543978558788019654e+03 1.277580149999999919e-16
9.548055996177710767e+03 1.232883149999999855e-16
9.552133433567400061e+03 1.162034399999999919e-16
9.556210870957100269e+03 4.948011000000000349e-17
9.560288308346789563e+03 7.932171000000000038e-17
9.568443183126180884e+03 3.092735999999999873e-17
9.572520620515879273e+03 5.022676499999999545e-17
9.576598057905570386e+03 1.358080649999999855e-16
9.580675495295270593e+03 1.059408600000000071e-16
9.584752932684959887e+03 6.170389499999999811e-17
9.588830370074660095e+03 9.766783500000001260e-17
9.592907807464349389e+03 5.617866000000000241e-17
9.596985244854040502e+03 8.070199499999999565e-17
9.601062682243740710e+03 1.533553499999999903e-16
9.605140119633430004e+03 8.746860000000000002e-17
9.609217557023130212e+03 6.064628999999999933e-17
9.613294994412819506e+03 6.092699999999999636e-17
9.617372431802519714e+03 9.479197499999999746e-17
9.621449869192210826e+03 1.631662499999999818e-16
9.625527306581909215e+03 1.085236349999999976e-16
9.629604743971600328e+03 1.658311500000000145e-16
9.633682181361289622e+03 1.095194250000000076e-16
9.637759618750989830e+03 5.047697999999999778e-17
9.641837056140679124e+03 1.189039200000000036e-16
9.645914493530379332e+03 1.339277250000000043e-16
9.649991930920079540e+03 8.698385999999999315e-17
9.654069368309770653e+03 1.199016450000000103e-16
9.658146805699459946e+03 9.498853499999999636e-17
9.662224243089160154e+03 5.470766999999999357e-17
9.666301680478849448e+03 9.973255499999999155e-17
9.670379117868549656e+03 1.272156599999999920e-16
9.674456555258240769e+03 1.248813000000000074e-16
9.678533992647939158e+03 1.141608600000000081e-16
9.682611430037630271e+03 9.728267999999999826e-17
9.686688867427330479e+03 8.941411500000000595e-17
9.690766304817019773e+03 1.053009000000000033e-16
9.694843742206710886e+03 3.657466500000000013e-17
9.698921179596409274e+03 1.198884150000000010e-16
9.702998616986100387e+03 1.378388250000000019e-16
9.707076054375800595e+03 8.707715999999999557e-17
9.711153491765489889e+03 7.431948000000000015e-17
9.715230929155190097e+03 1.700359499999999877e-16
9.719308366544879391e+03 1.719774000000000106e-16
9.723385803934579599e+03 4.515313499999999420e-17
9.727463241324270712e+03 2.475820500000000345e-17
9.731540678713969100e+03 6.377668500000000324e-17
9.735618116103660213e+03 8.230448999999999399e-17
9.739695553493349507e+03 8.790679500000000526e-17
9.743772990883049715e+03 2.644694999999999778e-17
9.747850428272749923e+03 3.734072999999999806e-17
9.751927865662439217e+03 6.339370500000000406e-17
9.756005303052130330e+03 8.750426999999999977e-17
9.760082740441830538e+03 1.434557999999999851e-16
9.764160177831519832e+03 1.139791650000000076e-16
9.768237615221220040e+03 1.076219249999999852e-16
9.772315052610909333e+03 9.851569500000000741e-17
9.776392490000609541e+03 4.279775999999999682e-17
9.780469927390300654e+03 6.236620500000000857e-17
9.784547364779989948e+03 1.073299050000000030e-16
9.788624802169690156e+03 9.761052000000000252e-17
9.792702239559390364e+03 7.841142000000000427e-17
9.796779676949079658e+03 9.168459000000000465e-17
9.800857114338770771e+03 6.210553500000000270e-17
9.804934551728469160e+03 4.383266999999999558e-17
9.809011989118169367e+03 9.037134000000000742e-17
9.813089426507860480e+03 9.838121999999998564e-17
9.817166863897549774e+03 1.187526899999999908e-16
9.821244301287249982e+03 7.326701999999999951e-17
9.825321738676939276e+03 5.520619499999999608e-17
9.829399176066639484e+03 5.298169500000000303e-17
9.833476613456330597e+03 4.990338000000000262e-17
9.837554050846030805e+03 1.310619150000000040e-16
9.841631488235720099e+03 9.535256999999999213e-17
9.845708925625409393e+03 7.865164500000000563e-17
9.849786363015109600e+03 9.187021500000001248e-17
9.853863800404800713e+03 6.152340000000000344e-17
9.857941237794499102e+03 8.230410000000000258e-17
9.862018675184190215e+03 1.220085450000000002e-16
9.866096112573890423e+03 6.727383000000000713e-17
9.870173549963579717e+03 4.645879500000000209e-17
9.874250987353279925e+03 1.593402000000000051e-16
9.878328424742969219e+03 1.043197500000000076e-16
9.882405862132669427e+03 7.937587499999999827e-17
9.886483299522360539e+03 1.234612650000000074e-16
9.890560736912049833e+03 5.358466499999999821e-17
9.894638174301750041e+03 5.824805999999998925e-17
9.898715611691450249e+03 6.547599000000000068e-17
9.902793049081139543e+03 6.169136999999999747e-17
9.906870486470830656e+03 1.671367499999999839e-16
9.910947923860530864e+03 1.285771650000000034e-16
9.915025361250220158e+03 1.276304249999999878e-16
9.919102798639920366e+03 1.878699000000000021e-16
9.923180236029609659e+03 1.602751499999999988e-16
9.927257673419309867e+03 7.513053000000000324e-17
9.931335110808999161e+03 1.072843799999999903e-17
9.935412548198699369e+03 2.288460000000000224e-17
9.939489985588390482e+03 9.349657500000000357e-18
9.943567422978090690e+03 8.778951000000000704e-17
9.947644860367779984e+03 1.128381150000000194e-16
9.951722297757469278e+03 5.972995499999999457e-17
9.955799735147169486e+03 8.867581499999999502e-17
9.959877172536869693e+03 1.177433550000000036e-16
9.963954609926560806e+03 9.824519999999999551e-17
9.968032047316250100e+03 8.475140999999998929e-17
9.972109484705950308e+03 1.322434049999999837e-16
9.976186922095639602e+03 1.222740599999999966e-16
