3.344744873046900011e+03 1.340860139120616551e-15
3.348825678345060169e+03 1.086322815880226731e-15
3.352906483643209867e+03 1.062298506475839042e-15
3.356987288941360021e+03 1.228466546651216088e-15
3.361068094239510174e+03 1.354432354183596580e-15
3.365148899537659872e+03 1.314996585489846624e-15
3.369229704835810026e+03 1.320701680963527170e-15
3.373310510133960179e+03 1.258108438672653106e-15
3.377391315432119882e+03 1.292907855904222870e-15
3.381472120730270035e+03 1.384474051108530668e-15
3.385552926028420188e+03 1.247657696711890943e-15
3.389633731326569887e+03 1.405113323453168268e-15
3.393714536624720040e+03 1.372999975604160790e-15
3.397795341922870193e+03 1.248394858944435745e-15
3.401876147221019892e+03 1.279609901384951144e-15
3.405956952519180049e+03 1.354826734947626700e-15
3.410037757817330203e+03 1.364678921430879610e-15
3.414118563115479901e+03 1.399977387638578800e-15
3.418199368413630054e+03 1.225193073698563443e-15
3.422280173711780208e+03 1.350342229847227975e-15
3.426360979009929906e+03 1.311037652340878994e-15
3.430441784308090064e+03 1.289667490318972129e-15
3.434522589606240217e+03 1.314447012651343592e-15
3.438603394904389916e+03 1.300488338690641037e-15
3.442684200202540069e+03 1.257439304172792669e-15
3.446765005500690222e+03 1.375420719985988491e-15
3.450845810798839921e+03 1.453203338426500584e-15
3.454926616096990074e+03 1.249664676325976991e-15
3.459007421395149777e+03 1.182530719155280620e-15
3.463088226693299930e+03 1.277066071518905899e-15
3.467169031991450083e+03 1.274760925049297359e-15
3.471249837289599782e+03 1.267449393385077902e-15
3.475330642587749935e+03 1.334994106532568473e-15
3.479411447885900088e+03 1.385699653396372271e-15
3.483492253184049787e+03 1.397963312645818706e-15
3.487573058482209944e+03 1.341677220587357874e-15
3.491653863780360098e+03 1.416658249750640228e-15
3.495734669078509796e+03 1.332337869254044904e-15
3.499815474376659949e+03 1.304265698737440916e-15
3.503896279674810103e+03 1.313303611562460707e-15
3.507977084972959801e+03 1.294563899349293454e-15
3.512057890271119959e+03 1.328735658780396354e-15
3.516138695569270112e+03 1.274759629086850212e-15
3.520219500867419811e+03 1.280304701545070128e-15
3.524300306165569964e+03 1.247145950946139162e-15
3.528381111463720117e+03 1.316108262864169077e-15
3.532461916761869816e+03 1.340879988372464394e-15
3.536542722060019969e+03 1.309421811165213186e-15
3.540623527358180127e+03 1.302374446653112151e-15
3.544704332656329825e+03 1.306397122857922969e-15
3.548785137954479978e+03 1.267374446073090557e-15
3.552865943252630132e+03 1.312906378512539585e-15
3.556946748550779830e+03 1.296208606703202827e-15
3.561027553848929983e+03 1.299282627702227651e-15
3.565108359147090141e+03 1.275603589027822419e-15
3.569189164445239840e+03 1.231843319324030523e-15
3.573269969743389993e+03 1.296362485321676348e-15
3.577350775041540146e+03 1.283591400817114710e-15
3.581431580339689845e+03 1.221386992079538777e-15
3.585512385637839998e+03 1.295314723919439904e-15
3.589593190935990151e+03 1.270771734592706206e-15
3.593673996234149854e+03 1.241931622253446998e-15
3.597754801532300007e+03 1.220162192001716296e-15
3.601835606830450160e+03 1.236651651889736402e-15
3.605916412128599859e+03 1.271263234924031198e-15
3.609997217426750012e+03 1.279860652972535310e-15
3.614078022724900165e+03 1.261278467333490727e-15
3.618158828023049864e+03 1.232506973383377818e-15
3.622239633321210022e+03 1.245630299791549258e-15
3.626320438619360175e+03 1.226668287730716556e-15
3.630401243917509873e+03 1.245730650119569532e-15
3.634482049215660027e+03 1.234824742105429279e-15
3.638562854513810180e+03 1.248669287946407082e-15
3.642643659811959878e+03 1.277468312265042451e-15
3.646724465110120036e+03 1.238802861115336327e-15
3.650805270408270189e+03 1.267449275162111358e-15
3.654886075706419888e+03 1.284649265058062148e-15
3.658966881004570041e+03 1.252242995527513718e-15
3.663047686302720194e+03 1.293917080653903433e-15
3.667128491600869893e+03 1.305537479553581415e-15
3.671209296899020046e+03 1.328886248174730748e-15
3.675290102197180204e+03 1.275736327130137998e-15
3.679370907495329902e+03 1.230649331179464112e-15
3.683451712793480056e+03 1.291057030141660546e-15
3.687532518091630209e+03 1.294864306572628250e-15
3.691613323389779907e+03 1.317953193870774077e-15
3.695694128687930061e+03 1.309424851895195332e-15
3.699774933986090218e+03 1.309168846114405995e-15
3.703855739284239917e+03 1.310101183260200911e-15
3.707936544582390070e+03 1.248621393840114647e-15
3.712017349880540223e+03 1.309974700418407097e-15
3.716098155178689922e+03 1.338415174146161455e-15
3.720178960476840075e+03 1.359436830710601404e-15
3.724259765774989773e+03 1.369322865826463153e-15
3.728340571073149931e+03 1.354828814660052605e-15
3.732421376371300084e+03 1.360577605774687589e-15
3.736502181669449783e+03 1.352646172825748178e-15
3.740582986967599936e+03 1.345002108041633652e-15
3.744663792265750089e+03 1.336380375836757153e-15
3.748744597563899788e+03 1.341556738946009301e-15
3.752825402862059946e+03 1.337933423506109653e-15
3.756906208160210099e+03 1.317037505454828261e-15
3.760987013458359797e+03 1.318046543235700576e-15
3.765067818756509951e+03 1.290178066138390328e-15
3.769148624054660104e+03 1.291220604840239293e-15
3.773229429352809802e+03 1.295118807970197829e-15
3.777310234650959956e+03 1.259978945562046048e-15
3.781391039949120113e+03 1.256394663299724741e-15
3.785471845247269812e+03 1.294948242497124592e-15
3.789552650545419965e+03 1.276633015623571322e-15
3.793633455843570118e+03 1.272081573826399667e-15
3.797714261141719817e+03 1.280264447682923245e-15
3.801795066439869970e+03 1.269899207747807964e-15
3.805875871738030128e+03 1.237724708903875863e-15
3.809956677036179826e+03 1.242946041791123807e-15
3.814037482334329979e+03 1.228321721092301671e-15
3.818118287632480133e+03 1.206762434354410105e-15
3.822199092930629831e+03 1.223002897050152093e-15
3.826279898228779984e+03 1.259049075488962205e-15
3.830360703526930138e+03 1.249896873277817669e-15
3.834441508825089841e+03 1.242804142997440741e-15
3.838522314123239994e+03 1.261499746445453438e-15
3.842603119421390147e+03 1.287041024396223729e-15
3.846683924719539846e+03 1.272231946414366281e-15
3.850764730017689999e+03 1.314882789186711889e-15
3.854845535315840152e+03 1.354349493220536381e-15
3.858926340613989851e+03 1.311658911740571788e-15
3.863007145912150008e+03 1.322424468495962417e-15
3.867087951210300162e+03 1.341950332542181756e-15
3.871168756508449860e+03 1.306023588278436714e-15
3.875249561806600013e+03 1.316923377598525466e-15
3.879330367104750167e+03 1.299813666689685671e-15
3.883411172402899865e+03 1.302752296936728364e-15
3.887491977701060023e+03 1.307196776444714744e-15
3.891572782999210176e+03 1.314745069776544514e-15
3.895653588297359875e+03 1.317751571250491735e-15
3.899734393595510028e+03 1.289793513849667999e-15
3.903815198893660181e+03 1.321061150428910186e-15
3.907896004191809880e+03 1.275935083778195545e-15
3.911976809489960033e+03 1.299472687228813781e-15
3.916057614788120190e+03 1.267295022016509333e-15
3.920138420086269889e+03 1.260279940509607548e-15
3.924219225384420042e+03 1.272121809996510198e-15
3.928300030682570195e+03 1.259392717813850523e-15
3.932380835980719894e+03 1.304693118263505670e-15
3.936461641278870047e+03 1.277997094927494601e-15
3.940542446577030205e+03 1.256431350192604670e-15
3.944623251875179903e+03 1.270863443908153672e-15
3.948704057173330057e+03 1.310627539270984458e-15
3.952784862471480210e+03 1.346684054102263750e-15
3.956865667769629908e+03 1.363401117430907640e-15
3.960946473067780062e+03 1.387785311199764224e-15
3.965027278365930215e+03 1.396240422452809066e-15
3.969108083664089918e+03 1.401898913691819497e-15
3.973188888962240071e+03 1.421671035479551006e-15
3.977269694260390224e+03 1.450196423429795669e-15
3.981350499558539923e+03 1.444398441079988294e-15
3.985431304856690076e+03 1.443630184953983295e-15
3.989512110154839775e+03 1.481412896744842602e-15
3.993592915452989928e+03 1.451814712247783772e-15
3.997673720751150086e+03 1.441257474594955952e-15
4.001754526049299784e+03 1.511928607667646896e-15
4.005835331347449937e+03 1.484213211490444731e-15
4.009916136645600091e+03 1.447809693912330819e-15
4.013996941943749789e+03 1.438730466434465188e-15
4.018077747241899942e+03 1.414667548490692958e-15
4.022158552540060100e+03 1.420800440144754845e-15
4.026239357838209799e+03 1.418780767380809242e-15
4.030320163136359952e+03 1.422489972521969551e-15
4.034400968434510105e+03 1.438418071496972198e-15
4.038481773732659803e+03 1.410757810761656516e-15
4.042562579030809957e+03 1.402818996865149364e-15
4.046643384328960110e+03 1.359682733208873702e-15
4.050724189627119813e+03 1.334903175585237444e-15
4.054804994925269966e+03 1.334117685371381412e-15
4.058885800223420119e+03 1.321821475617074788e-15
4.062966605521569818e+03 1.264612601987015565e-15
4.067047410819719971e+03 1.306593698528261378e-15
4.071128216117870124e+03 1.341060714271243011e-15
4.075209021416019823e+03 1.347295196159175386e-15
4.079289826714179981e+03 1.293446353788407873e-15
4.083370632012330134e+03 1.295673897875891923e-15
4.087451437310479832e+03 1.285455745320009673e-15
4.091532242608629986e+03 1.277687194553392683e-15
4.095613047906780139e+03 1.259369168849618482e-15
4.099693853204929837e+03 1.266486990672228950e-15
4.103774658503089995e+03 1.286045177143006858e-15
4.107855463801240148e+03 1.275910375922873770e-15
4.111936269099390302e+03 1.300444715574527816e-15
4.116017074397539545e+03 1.306502326972739181e-15
4.120097879695689699e+03 1.314855619624551149e-15
4.124178684993839852e+03 1.329445051254946987e-15
4.128259490291990005e+03 1.337487177209192227e-15
4.132340295590150163e+03 1.354523190695238880e-15
4.136421100888300316e+03 1.349248425873288420e-15
4.140501906186449560e+03 1.357931247585473800e-15
4.144582711484599713e+03 1.388036253703799230e-15
4.148663516782749866e+03 1.355452260175539649e-15
4.152744322080900020e+03 1.366463428708292032e-15
4.156825127379050173e+03 1.378754882364741790e-15
4.160905932677210330e+03 1.380546854332695948e-15
4.164986737975359574e+03 1.362429826987820781e-15
4.169067543273509727e+03 1.357154360616426342e-15
4.173148348571659881e+03 1.355485741432848334e-15
4.177229153869810034e+03 1.364644409915521495e-15
4.181309959167960187e+03 1.337579959542772020e-15
4.185390764466120345e+03 1.304557667844908001e-15
4.189471569764269589e+03 1.332798178124742156e-15
4.193552375062419742e+03 1.334210273649441919e-15
4.197633180360569895e+03 1.322358388563169288e-15
4.201713985658720048e+03 1.316438822774537957e-15
4.205794790956870202e+03 1.276148957276518496e-15
4.209875596255020355e+03 1.270523747477167506e-15
4.213956401553179603e+03 1.258042386530258802e-15
4.218037206851329756e+03 1.241776904798336387e-15
4.222118012149479910e+03 1.244683643247324300e-15
4.226198817447630063e+03 1.254632492588131128e-15
4.230279622745780216e+03 1.246304683451411515e-15
4.234360428043930369e+03 1.247763623936508731e-15
4.238441233342089618e+03 1.235053988792205531e-15
4.242522038640239771e+03 1.230598213408915324e-15
4.246602843938389924e+03 1.228707412730329314e-15
4.250683649236540077e+03 1.203027140603284995e-15
4.254764454534690231e+03 1.200601858516245215e-15
4.258845259832840384e+03 1.205793203666467549e-15
4.262926065130989628e+03 1.179887309717947339e-15
4.267006870429149785e+03 1.171163383581779026e-15
4.271087675727299938e+03 1.187762908093213999e-15
4.275168481025450092e+03 1.160257947354744890e-15
4.279249286323600245e+03 1.140681997002717532e-15
4.283330091621750398e+03 1.151019104319644821e-15
4.287410896919899642e+03 1.119758738393761762e-15
4.291491702218059800e+03 1.131627203443493736e-15
4.295572507516209953e+03 1.122399822166318038e-15
4.299653312814360106e+03 1.095852662015797928e-15
4.303734118112510259e+03 1.099549422275125530e-15
4.307814923410660413e+03 1.109921364715135473e-15
4.311895728708809656e+03 1.117799048043502991e-15
4.315976534006969814e+03 1.132927092363585619e-15
4.320057339305119967e+03 1.130626691926418642e-15
4.324138144603270121e+03 1.102211223067592909e-15
4.328218949901420274e+03 1.093487103214073218e-15
4.332299755199570427e+03 1.096256669442065303e-15
4.336380560497719671e+03 1.104586099121460579e-15
4.340461365795869824e+03 1.114201168356846740e-15
4.344542171094019977e+03 1.123953091844739283e-15
4.348622976392180135e+03 1.139148659284410099e-15
4.352703781690330288e+03 1.153858370445148367e-15
4.356784586988480442e+03 1.157257482992801461e-15
4.360865392286629685e+03 1.168180271963831292e-15
4.364946197584779839e+03 1.177920683803746961e-15
4.369027002882939996e+03 1.168119309687916827e-15
4.373107808181090149e+03 1.186184671605966607e-15
4.377188613479240303e+03 1.194523122657994602e-15
4.381269418777389546e+03 1.214396449177891586e-15
4.385350224075539700e+03 1.226888324778997274e-15
4.389431029373689853e+03 1.229664853638577007e-15
4.393511834671840006e+03 1.229924018177977573e-15
4.397592639970000164e+03 1.246876395333768545e-15
4.401673445268150317e+03 1.244405554413628105e-15
4.405754250566299561e+03 1.244746386936182200e-15
4.409835055864449714e+03 1.256991060221072299e-15
4.413915861162599867e+03 1.266499371533851565e-15
4.417996666460750021e+03 1.248738904379354467e-15
4.422077471758900174e+03 1.247868316056070191e-15
4.426158277057050327e+03 1.225651921433484468e-15
4.430239082355209575e+03 1.206512556624033556e-15
4.434319887653359729e+03 1.227264301500050134e-15
4.438400692951509882e+03 1.197754327500170983e-15
4.442481498249660035e+03 1.159706187663528066e-15
4.446562303547810188e+03 1.170359016265196744e-15
4.450643108845960342e+03 1.151666154818090586e-15
4.454723914144119590e+03 1.135827530145355323e-15
4.458804719442269743e+03 1.138128924897041240e-15
4.462885524740419896e+03 1.100070148036499291e-15
4.466966330038570050e+03 1.096961490292811864e-15
4.471047135336720203e+03 1.068690572473272714e-15
4.475127940634870356e+03 1.067071415511606810e-15
4.479208745933029604e+03 1.074198446422479768e-15
4.483289551231179757e+03 1.079927915810169575e-15
4.487370356529329911e+03 1.074003547899716659e-15
4.491451161827480064e+03 1.075353164966173479e-15
4.495531967125630217e+03 1.073084618283859756e-15
4.499612772423780370e+03 1.061746091224078879e-15
4.503693577721929614e+03 1.049519706834381647e-15
4.507774383020089772e+03 1.050408670743417080e-15
4.511855188318239925e+03 1.059218185598209016e-15
4.515935993616390078e+03 1.024760767754979143e-15
4.520016798914540232e+03 1.080520238030842657e-15
4.524097604212690385e+03 1.091767289722318086e-15
4.528178409510839629e+03 1.073144629607834835e-15
4.532259214808999786e+03 1.085871835155505090e-15
4.536340020107149940e+03 1.096933339985086632e-15
4.540420825405300093e+03 1.077947449035161541e-15
4.544501630703450246e+03 1.080715541491332816e-15
4.548582436001600399e+03 1.097254692628954081e-15
4.552663241299749643e+03 1.101829278589150601e-15
4.556744046597899796e+03 1.116955265268676730e-15
4.560824851896059954e+03 1.120975441919061487e-15
4.564905657194210107e+03 1.106060891869221996e-15
4.568986462492360261e+03 1.124848694092350807e-15
4.573067267790510414e+03 1.132539981623422951e-15
4.577148073088659658e+03 1.127367460701825565e-15
4.581228878386809811e+03 1.117034978345607043e-15
4.585309683684959964e+03 1.123327398921143894e-15
4.589390488983110117e+03 1.115812681162872080e-15
4.593471294281270275e+03 1.106076214606323610e-15
4.597552099579420428e+03 1.134980401511694234e-15
4.601632904877569672e+03 1.151355119884541064e-15
4.605713710175719825e+03 1.127799148743135983e-15
4.609794515473869978e+03 1.131836699750731264e-15
4.613875320772030136e+03 1.131288131668226668e-15
4.617956126070180289e+03 1.130917292271103862e-15
4.622036931368330443e+03 1.114697371728408472e-15
4.626117736666479686e+03 1.095947550672488378e-15
4.630198541964629840e+03 1.100530949689180702e-15
4.634279347262779993e+03 1.077001273243074546e-15
4.638360152560930146e+03 1.076153020639062325e-15
4.642440957859090304e+03 1.088234555666514597e-15
4.646521763157239548e+03 1.057478956732135385e-15
4.650602568455389701e+03 1.046285471874503229e-15
4.654683373753539854e+03 1.066593722773441635e-15
4.658764179051690007e+03 1.054004852078056133e-15
4.662844984349840161e+03 1.051368489295986251e-15
4.666925789647990314e+03 1.020727039838906185e-15
4.671006594946149562e+03 1.041434872207679263e-15
4.675087400244299715e+03 1.044840022504899250e-15
4.679168205542449869e+03 1.007064132672343117e-15
4.683249010840600022e+03 9.949679008973238142e-16
4.687329816138750175e+03 9.910140376491291917e-16
4.691410621436900328e+03 9.933294848407855889e-16
4.695491426735059576e+03 9.691725531392325916e-16
4.699572232033209730e+03 9.796928928250744152e-16
4.703653037331359883e+03 9.458670269933009021e-16
4.707733842629510036e+03 9.443788496550115863e-16
4.711814647927660189e+03 9.376997357515701492e-16
4.715895453225810343e+03 9.304772281444638524e-16
4.719976258523959586e+03 9.224606713291042919e-16
4.724057063822119744e+03 8.907149170975739826e-16
4.728137869120269897e+03 8.704387458727304558e-16
4.732218674418420051e+03 9.075987519585109099e-16
4.736299479716570204e+03 8.773590505091075522e-16
4.740380285014720357e+03 8.496490149924294903e-16
4.744461090312869601e+03 8.413148717894848828e-16
4.748541895611029759e+03 8.593342827223544689e-16
4.752622700909179912e+03 8.488655561641238502e-16
4.756703506207330065e+03 8.660342279469286738e-16
4.760784311505480218e+03 8.484753661465367310e-16
4.764865116803630372e+03 8.434377894981121557e-16
4.768945922101779615e+03 8.637589777761302527e-16
4.773026727399939773e+03 8.474817171704883664e-16
4.777107532698089926e+03 8.683227503783248463e-16
4.781188337996240080e+03 8.686334993277255746e-16
4.785269143294390233e+03 8.763047131779296084e-16
4.789349948592540386e+03 8.818270548875329993e-16
4.793430753890689630e+03 8.867243295901233052e-16
4.797511559188839783e+03 8.854741649301343456e-16
4.801592364486989936e+03 8.807166860179470454e-16
4.805673169785150094e+03 8.657725397077860030e-16
4.809753975083300247e+03 8.716385828691534346e-16
4.813834780381450400e+03 8.671110512614983488e-16
4.817915585679599644e+03 8.521970671683190529e-16
4.821996390977749797e+03 8.417247627518444642e-16
4.826077196275899951e+03 8.415816286741356045e-16
4.830158001574050104e+03 8.478725972707183033e-16
4.834238806872210262e+03 8.622710838817726167e-16
4.838319612170360415e+03 8.547943721412549854e-16
4.842400417468509659e+03 8.675489378872511875e-16
4.846481222766659812e+03 8.854602192751725666e-16
4.850562028064809965e+03 9.134412323951541570e-16
4.854642833362960118e+03 9.188197601211888087e-16
4.858723638661120276e+03 9.098410742889622078e-16
4.862804443959270429e+03 9.156215170210421146e-16
4.866885249257419673e+03 9.286923290842499152e-16
4.870966054555569826e+03 9.277046146198217246e-16
4.875046859853719980e+03 9.488982669427437391e-16
4.879127665151870133e+03 9.832557332406452397e-16
4.883208470450020286e+03 9.621312569544033735e-16
4.887289275748180444e+03 9.452703622296029450e-16
4.891370081046329688e+03 9.590332897384568400e-16
4.895450886344479841e+03 9.798436439581487372e-16
4.899531691642629994e+03 9.773769380381016239e-16
4.903612496940780147e+03 9.676266231961385140e-16
4.907693302238930301e+03 9.875336893875355142e-16
4.911774107537089549e+03 1.014198253341476263e-15
4.915854912835239702e+03 1.013192836205361600e-15
4.919935718133389855e+03 9.955448430238802761e-16
4.924016523431540008e+03 1.012042622905067349e-15
4.928097328729690162e+03 1.035017574028734186e-15
4.932178134027840315e+03 1.010508139124765990e-15
4.936258939325999563e+03 9.988879449296489129e-16
4.940339744624149716e+03 9.778728823391150979e-16
4.944420549922299870e+03 9.835265720654471501e-16
4.948501355220450023e+03 9.751363722541607359e-16
4.952582160518600176e+03 9.666520747400611221e-16
4.956662965816750329e+03 9.483514167396976925e-16
4.960743771114899573e+03 9.815523797258967793e-16
4.964824576413049726e+03 9.803999836702874976e-16
4.968905381711209884e+03 9.653989771934727670e-16
4.972986187009360037e+03 9.417949971228883507e-16
4.977066992307510191e+03 9.391727627900786798e-16
4.981147797605660344e+03 9.363042040847480780e-16
4.985228602903809588e+03 9.116585875472434646e-16
4.989309408201959741e+03 9.297831416033324956e-16
4.993390213500119899e+03 9.355616595018257179e-16
4.997471018798270052e+03 9.395880066197035221e-16
5.001551824096420205e+03 9.282088582177594503e-16
5.005632629394570358e+03 9.213946633116397748e-16
5.009713434692719602e+03 9.215101638088914539e-16
5.013794239990869755e+03 9.309866554383133829e-16
5.017875045289029913e+03 9.429944917142836374e-16
5.021955850587180066e+03 9.491982506715350439e-16
5.026036655885330219e+03 9.560438881177249674e-16
5.030117461183480373e+03 9.526866905757620726e-16
5.034198266481629616e+03 9.217135277450285774e-16
5.038279071779779770e+03 9.220833773042220488e-16
5.042359877077939927e+03 9.449675435427450380e-16
5.046440682376090081e+03 9.262467859761226795e-16
5.050521487674240234e+03 9.100313379569323695e-16
5.054602292972390387e+03 9.025754345517380726e-16
5.058683098270539631e+03 9.133260705621114269e-16
5.062763903568689784e+03 9.105483221535976486e-16
5.066844708866849942e+03 9.060526384123244596e-16
5.070925514165000095e+03 8.919093399485584318e-16
5.075006319463150248e+03 8.920428443175318542e-16
5.079087124761300402e+03 8.819660725707348193e-16
5.083167930059449645e+03 8.797456089248319381e-16
5.087248735357599799e+03 8.857909259874354117e-16
5.091329540655749952e+03 8.701411184850711926e-16
5.095410345953900105e+03 8.976904093014209950e-16
5.099491151252060263e+03 9.128279964173178419e-16
5.103571956550210416e+03 9.074381102813613966e-16
5.107652761848359660e+03 9.067447426885578251e-16
5.111733567146509813e+03 8.918110043940745646e-16
5.115814372444659966e+03 8.990719685952628372e-16
5.119895177742810120e+03 9.263065020757219075e-16
5.123975983040970277e+03 9.451591206097821037e-16
5.128056788339120430e+03 9.319597086684873130e-16
5.132137593637269674e+03 9.320924291147105936e-16
5.136218398935419827e+03 9.438394817142957846e-16
5.140299204233569981e+03 9.402650854416876482e-16
5.144380009531720134e+03 9.399464742771401905e-16
5.148460814829870287e+03 9.388916989426101005e-16
5.152541620128030445e+03 9.452408550623768059e-16
5.156622425426179689e+03 9.519232007861301747e-16
5.160703230724329842e+03 9.416635031038015935e-16
5.164784036022479995e+03 9.566202084281401298e-16
5.168864841320630148e+03 9.698627416338956546e-16
5.172945646618780302e+03 9.624371170924036977e-16
5.177026451916929545e+03 9.680464389257091746e-16
5.181107257215089703e+03 9.670509295144843501e-16
5.185188062513239856e+03 9.708188194726434097e-16
5.189268867811390010e+03 9.464502709121345985e-16
5.193349673109540163e+03 9.549627997249373461e-16
5.197430478407690316e+03 9.295585530548326233e-16
5.201511283705839560e+03 9.309347421633327598e-16
5.205592089003989713e+03 9.401780384218040673e-16
5.209672894302149871e+03 9.344124049544469241e-16
5.213753699600300024e+03 9.125301854259216080e-16
5.217834504898450177e+03 9.161846762947558023e-16
5.221915310196600331e+03 8.962875067379645770e-16
5.225996115494749574e+03 8.556102571432539914e-16
5.230076920792899728e+03 8.686784350676199070e-16
5.234157726091049881e+03 8.822667684580091774e-16
5.238238531389210038e+03 8.746322641967165099e-16
5.242319336687360192e+03 8.604766715721602816e-16
5.246400141985510345e+03 8.667290648552482200e-16
5.250480947283659589e+03 8.296246901692787062e-16
5.254561752581809742e+03 8.115775582992834458e-16
5.258642557879959895e+03 8.318625247382489614e-16
5.262723363178120053e+03 8.093960097045188620e-16
5.266804168476270206e+03 7.928003785765675645e-16
5.270884973774420359e+03 7.820509774161444593e-16
5.274965779072569603e+03 7.862808107542214126e-16
5.279046584370719756e+03 8.076032744861332949e-16
5.283127389668869910e+03 7.899287053527194673e-16
5.287208194967030067e+03 7.746980584269238904e-16
5.291289000265180221e+03 7.675186522076756027e-16
5.295369805563330374e+03 7.493885673619856258e-16
5.299450610861479618e+03 7.680113934668198156e-16
5.303531416159629771e+03 7.659877054457171278e-16
5.307612221457779924e+03 7.651488430268865392e-16
5.311693026755940082e+03 7.769186836146323079e-16
5.315773832054090235e+03 7.703638398469213022e-16
5.319854637352240388e+03 7.569420763918915732e-16
5.323935442650389632e+03 7.521934577860842233e-16
5.328016247948539785e+03 7.621060664756155904e-16
5.332097053246689939e+03 7.591808267971706788e-16
5.336177858544840092e+03 7.661403911682345570e-16
5.340258663842990245e+03 7.416427704318732933e-16
5.344339469141150403e+03 7.338344545219509040e-16
5.348420274439299646e+03 7.370978775200991642e-16
5.352501079737449800e+03 7.298349776346586156e-16
5.356581885035599953e+03 7.267391239487703786e-16
5.360662690333750106e+03 7.302420153721379747e-16
5.364743495631900259e+03 7.276519770080497140e-16
5.368824300930060417e+03 7.251873405993890803e-16
5.372905106228209661e+03 7.174296196631540996e-16
5.376985911526359814e+03 7.238902098949484548e-16
5.381066716824509967e+03 7.180169393489276924e-16
5.385147522122660121e+03 7.141100574643341895e-16
5.389228327420810274e+03 7.280268440543229097e-16
5.393309132718970432e+03 7.350068162237111782e-16
5.397389938017119675e+03 7.267807764261695087e-16
5.401470743315269829e+03 7.161819152592002521e-16
5.405551548613419982e+03 7.121048489028394232e-16
5.409632353911570135e+03 7.223337700792577986e-16
5.413713159209720288e+03 7.388996933345994474e-16
5.417793964507870442e+03 7.387688865790341551e-16
5.421874769806029690e+03 7.565866070421234893e-16
5.425955575104179843e+03 7.562027571630766572e-16
5.430036380402329996e+03 7.297880412206430637e-16
5.434117185700480150e+03 7.480035438225518127e-16
5.438197990998630303e+03 7.479571507878853307e-16
5.442278796296779547e+03 7.536657881718319569e-16
5.446359601594929700e+03 7.549278913455542357e-16
5.450440406893089857e+03 7.639469193252653585e-16
5.454521212191240011e+03 7.786503393571047685e-16
5.458602017489390164e+03 7.490042618973178261e-16
5.462682822787540317e+03 7.366524502060191130e-16
5.466763628085689561e+03 7.622248726549972631e-16
5.470844433383839714e+03 7.647880502314652050e-16
5.474925238681999872e+03 7.536834411167934637e-16
5.479006043980150025e+03 7.439684920743295837e-16
5.483086849278300178e+03 7.426509859607431140e-16
5.487167654576450332e+03 7.456821515326568763e-16
5.491248459874599575e+03 7.497369744003797096e-16
5.495329265172749729e+03 7.515659591662818413e-16
5.499410070470899882e+03 7.468737604013968428e-16
5.503490875769060040e+03 7.480283798277608440e-16
5.507571681067210193e+03 7.431113129199265553e-16
5.511652486365360346e+03 7.459193159157244559e-16
5.515733291663509590e+03 7.214222802758635540e-16
5.519814096961659743e+03 7.089064243192446610e-16
5.523894902259809896e+03 7.302125845877081736e-16
5.527975707557960050e+03 7.499952279348141460e-16
5.532056512856120207e+03 7.599401313398273496e-16
5.536137318154270361e+03 7.424858162902573718e-16
5.540218123452419604e+03 7.143813566587958429e-16
5.544298928750569758e+03 7.140457354986312034e-16
5.548379734048719911e+03 7.205960088688420367e-16
5.552460539346870064e+03 7.104021221702010979e-16
5.556541344645030222e+03 7.064944088194561095e-16
5.560622149943180375e+03 7.199134050952703130e-16
5.564702955241329619e+03 7.342027657304607178e-16
5.568783760539479772e+03 7.515491882212377792e-16
5.572864565837629925e+03 7.470634476642923385e-16
5.576945371135780078e+03 7.477325798130647679e-16
5.581026176433930232e+03 7.389783475695215535e-16
5.585106981732090389e+03 7.080556459971106263e-16
5.589187787030239633e+03 7.121532274777909584e-16
5.593268592328389786e+03 7.265582558764066527e-16
5.597349397626539940e+03 7.356223766095005558e-16
5.601430202924690093e+03 7.254654719101695487e-16
5.605511008222840246e+03 7.308702790502315178e-16
5.609591813520990399e+03 7.315654544220510204e-16
5.613672618819149648e+03 7.347684409107948306e-16
5.617753424117299801e+03 7.291509133237375886e-16
5.621834229415449954e+03 7.229091863851225007e-16
5.625915034713600107e+03 7.261387278747786793e-16
5.629995840011750261e+03 7.167954835583907709e-16
5.634076645309900414e+03 7.070057093914061454e-16
5.638157450608059662e+03 7.176790639850426149e-16
5.642238255906209815e+03 7.122130983095707964e-16
5.646319061204359969e+03 7.256905946393075071e-16
5.650399866502510122e+03 7.402224480236296766e-16
5.654480671800660275e+03 7.491072676322818738e-16
5.658561477098810428e+03 7.337475676681691562e-16
5.662642282396959672e+03 7.427503887876707890e-16
5.666723087695119830e+03 7.696326784855315766e-16
5.670803892993269983e+03 7.350340746445828512e-16
5.674884698291420136e+03 7.430361073833754458e-16
5.678965503589570289e+03 7.625073565971921028e-16
5.683046308887720443e+03 7.492692865491467792e-16
5.687127114185879691e+03 7.541790620146602613e-16
5.691207919484029844e+03 7.580994262972106010e-16
5.695288724782179997e+03 7.712316235904987487e-16
5.699369530080330151e+03 7.908620097954477060e-16
5.703450335378480304e+03 7.805023244551030439e-16
5.707531140676629548e+03 7.872821868279244752e-16
5.711611945974779701e+03 7.831614023962509203e-16
5.715692751272929854e+03 7.921353785672045922e-16
5.719773556571090012e+03 8.059872753711109406e-16
5.723854361869240165e+03 7.903714323859401802e-16
5.727935167167390318e+03 7.783159913087348613e-16
5.732015972465539562e+03 7.852560941656779057e-16
5.736096777763689715e+03 7.970920427960411845e-16
5.740177583061839869e+03 7.920983577788102580e-16
5.744258388359990022e+03 7.710417942037914215e-16
5.748339193658150180e+03 7.857789185975553104e-16
5.752419998956300333e+03 7.988584670684721880e-16
5.756500804254449577e+03 7.917897575856595836e-16
5.760581609552599730e+03 7.905024575092892097e-16
5.764662414850749883e+03 7.999474564592207788e-16
5.768743220148900036e+03 7.853851669768697608e-16
5.772824025447060194e+03 7.819123102043964216e-16
5.776904830745210347e+03 7.617401086242501569e-16
5.780985636043359591e+03 7.906991545269463093e-16
5.785066441341509744e+03 7.777223488796170599e-16
5.789147246639659897e+03 7.666861340094109390e-16
5.793228051937810051e+03 7.683683611524456138e-16
5.797308857235970208e+03 7.640318898556061773e-16
5.801389662534120362e+03 7.591629954046151865e-16
5.805470467832269605e+03 7.660194378217368944e-16
5.809551273130419759e+03 7.703246447444204202e-16
5.813632078428569912e+03 7.564164846137371319e-16
5.817712883726720065e+03 7.602225815877627125e-16
5.821793689024880223e+03 7.685154301528911502e-16
5.825874494323030376e+03 7.701600166026856812e-16
5.829955299621179620e+03 7.508175835757563853e-16
5.834036104919329773e+03 7.368165983284160981e-16
5.838116910217479926e+03 7.464988549570570851e-16
5.842197715515630080e+03 7.297924338909690766e-16
5.846278520813780233e+03 7.430183121451691817e-16
5.850359326111940391e+03 7.375258051306578894e-16
5.854440131410089634e+03 7.398629212986307333e-16
5.858520936708239788e+03 7.414073267054991727e-16
5.862601742006389941e+03 7.006215366858730166e-16
5.866682547304540094e+03 6.880988284730201810e-16
5.870763352602690247e+03 7.180008862484631707e-16
5.874844157900840401e+03 7.297488427551604980e-16
5.878924963198999649e+03 7.123801279239027180e-16
5.883005768497149802e+03 6.960945948056435048e-16
5.887086573795299955e+03 6.970056553667271892e-16
5.891167379093450108e+03 6.852646464280449872e-16
5.895248184391600262e+03 6.711245315208837118e-16
5.899328989689750415e+03 6.902383831754997646e-16
5.903409794987899659e+03 7.004016176786985964e-16
5.907490600286059816e+03 6.717199280462651837e-16
5.911571405584209970e+03 6.642340616936682968e-16
5.915652210882360123e+03 6.824797781056352781e-16
5.919733016180510276e+03 6.701876997656739660e-16
5.923813821478660429e+03 6.756712999305201438e-16
5.927894626776809673e+03 6.428638089807096314e-16
5.931975432074969831e+03 6.408935381778179858e-16
5.936056237373119984e+03 6.490608816856571901e-16
5.940137042671270137e+03 6.524091814240049017e-16
5.944217847969420291e+03 6.585610795893883330e-16
5.948298653267570444e+03 6.467631511226639526e-16
5.952379458565719688e+03 6.401032331931908108e-16
5.956460263863869841e+03 6.446184435126605418e-16
5.960541069162019994e+03 6.478285640597717538e-16
5.964621874460180152e+03 6.290483510544595619e-16
5.968702679758330305e+03 6.462110661050330116e-16
5.972783485056479549e+03 6.593610579859034464e-16
5.976864290354629702e+03 6.518931114827649080e-16
5.980945095652779855e+03 6.365665793079092856e-16
5.985025900950930009e+03 6.177792318920794229e-16
5.989106706249090166e+03 6.416292675996108165e-16
5.993187511547240319e+03 6.293265768416120909e-16
5.997268316845389563e+03 6.316118495124800009e-16
6.001349122143539716e+03 6.370156756127178645e-16
6.005429927441689870e+03 6.240437699466078144e-16
6.009510732739840023e+03 6.239693502097485290e-16
6.013591538037990176e+03 6.264888819450487322e-16
6.017672343336150334e+03 6.186158096044278163e-16
6.021753148634299578e+03 6.201269411409444561e-16
6.025833953932449731e+03 6.229009009687466919e-16
6.029914759230599884e+03 6.228764326723076608e-16
6.033995564528750037e+03 6.150027649746895257e-16
6.038076369826900191e+03 6.154001662654774221e-16
6.042157175125060348e+03 6.231682898332361253e-16
6.046237980423209592e+03 6.176474236591595690e-16
6.050318785721359745e+03 6.172143781269510754e-16
6.054399591019509899e+03 6.148545996062393713e-16
6.058480396317660052e+03 6.203701319073941164e-16
6.062561201615810205e+03 6.114598745194918093e-16
6.066642006913970363e+03 6.052782969954203639e-16
6.070722812212119607e+03 6.048106734818470854e-16
6.074803617510269760e+03 6.031621530292667300e-16
6.078884422808419913e+03 5.949799634586621929e-16
6.082965228106570066e+03 6.003937948224210863e-16
6.087046033404720220e+03 5.878804396879581007e-16
6.091126838702870373e+03 5.799198850697472211e-16
6.095207644001029621e+03 5.858277157092504560e-16
6.099288449299179774e+03 5.804470721766849928e-16
6.103369254597329927e+03 5.585923685967395496e-16
6.107450059895480081e+03 5.607932876701771045e-16
6.111530865193630234e+03 5.708717206196215770e-16
6.115611670491780387e+03 5.595974881995788313e-16
6.119692475789929631e+03 5.502933481933325149e-16
6.123773281088089789e+03 5.673239558179642467e-16
6.127854086386239942e+03 5.600571367867824698e-16
6.131934891684390095e+03 5.560928038373108467e-16
6.136015696982540248e+03 5.499668024617936171e-16
6.140096502280690402e+03 5.391880319393556183e-16
6.144177307578839645e+03 5.426718838759142864e-16
6.148258112876999803e+03 5.367064632281337461e-16
6.152338918175149956e+03 5.338896747547346083e-16
6.156419723473300110e+03 5.320400697014180708e-16
6.160500528771450263e+03 5.280629310242284138e-16
6.164581334069600416e+03 5.375293178710438866e-16
6.168662139367749660e+03 5.288931889255951317e-16
6.172742944665899813e+03 5.402099379577687528e-16
6.176823749964059971e+03 5.361541109616382015e-16
6.180904555262210124e+03 5.251164071388145098e-16
6.184985360560360277e+03 5.326236069136942253e-16
6.189066165858510431e+03 5.336100762551418874e-16
6.193146971156659674e+03 5.246830823552089347e-16
6.197227776454809828e+03 5.263680007910868509e-16
6.201308581752969985e+03 5.275853193042928338e-16
6.205389387051120138e+03 5.111676013411933259e-16
6.209470192349270292e+03 5.053794504691057421e-16
6.213550997647420445e+03 5.059690051059754729e-16
6.217631802945569689e+03 5.151947208224125735e-16
6.221712608243719842e+03 5.095265567736665244e-16
6.225793413541869995e+03 5.058301632452434524e-16
6.229874218840030153e+03 5.015848545761156220e-16
6.233955024138180306e+03 4.949073528845443224e-16
6.238035829436329550e+03 5.020999242049097833e-16
6.242116634734479703e+03 4.985242901978092186e-16
6.246197440032629856e+03 4.963694592782844858e-16
6.250278245330780010e+03 4.947858762159464056e-16
6.254359050628930163e+03 4.915492426050735199e-16
6.258439855927090321e+03 4.965040038137230506e-16
6.262520661225239564e+03 4.994176110558139739e-16
6.266601466523389718e+03 5.090260123233493305e-16
6.270682271821539871e+03 5.090282485654047042e-16
6.274763077119690024e+03 4.962836336527086867e-16
6.278843882417840177e+03 5.029990008366314338e-16
6.282924687716000335e+03 5.085851510380316275e-16
6.287005493014149579e+03 5.127695922932217307e-16
6.291086298312299732e+03 5.112914867666905810e-16
6.295167103610449885e+03 4.923658280937014637e-16
6.299247908908600039e+03 5.117967197841443383e-16
6.303328714206750192e+03 5.214733927162080897e-16
6.307409519504910349e+03 5.120034051160092097e-16
6.311490324803059593e+03 5.083707089634789605e-16
6.315571130101209746e+03 5.174985929726696622e-16
6.319651935399359900e+03 5.233618622104428345e-16
6.323732740697510053e+03 5.112538051437251125e-16
6.327813545995660206e+03 5.233644617449737074e-16
6.331894351293810359e+03 5.240839342534924547e-16
6.335975156591959603e+03 5.120613058396502787e-16
6.340055961890119761e+03 5.036387048924419432e-16
6.344136767188269914e+03 5.061719883335927069e-16
6.348217572486420067e+03 5.106666884563718483e-16
6.352298377784570221e+03 5.024674822554011707e-16
6.356379183082720374e+03 4.960185788699616650e-16
6.360459988380869618e+03 5.042804173901229228e-16
6.364540793679019771e+03 5.123574402432648579e-16
6.368621598977179929e+03 5.031320642420944660e-16
6.372702404275330082e+03 5.035556004598066547e-16
6.376783209573480235e+03 5.088180191928098271e-16
6.380864014871630388e+03 5.062289297965255957e-16
6.384944820169779632e+03 4.954319109017211616e-16
6.389025625467929785e+03 4.905526230076102740e-16
6.393106430766089943e+03 4.935926851994315404e-16
6.397187236064240096e+03 4.872992264729586088e-16
6.401268041362390250e+03 5.035007775392534772e-16
6.405348846660540403e+03 5.015480333484273920e-16
6.409429651958689647e+03 4.930338958937833848e-16
6.413510457256839800e+03 4.921437681334235138e-16
6.417591262554999958e+03 4.885458824251283955e-16
6.421672067853150111e+03 4.916818025562963734e-16
6.425752873151300264e+03 4.758049036417086906e-16
6.429833678449450417e+03 4.791679957708640497e-16
6.433914483747599661e+03 5.210376657272630056e-16
6.437995289045749814e+03 5.540938604657289752e-16
6.442076094343899967e+03 5.610084565370597787e-16
6.446156899642060125e+03 5.151609345157526082e-16
6.450237704940210278e+03 4.759360082101204856e-16
6.454318510238360432e+03 4.724444630765063796e-16
6.458399315536509675e+03 4.873874369557847659e-16
6.462480120834659829e+03 4.862332026200770837e-16
6.466560926132809982e+03 4.693327930748661796e-16
6.470641731430960135e+03 4.756934086473538356e-16
6.474722536729120293e+03 4.735395553251232837e-16
6.478803342027270446e+03 4.732996672200553332e-16
6.482884147325419690e+03 4.726201445323003928e-16
6.486964952623569843e+03 4.799958684507023901e-16
6.491045757921719996e+03 4.736610444261916480e-16
6.495126563219870150e+03 4.753267383611261557e-16
6.499207368518030307e+03 4.792295059916791044e-16
6.503288173816179551e+03 4.719821556617680535e-16
6.507368979114329704e+03 4.744640670929447948e-16
6.511449784412479858e+03 4.719354620470596961e-16
6.515530589710630011e+03 4.734386158335962315e-16
6.519611395008780164e+03 4.808608420671575770e-16
6.523692200306930317e+03 4.724603973865906120e-16
6.527773005605089566e+03 4.711785102284519178e-16
6.531853810903239719e+03 4.731292882031127984e-16
6.535934616201389872e+03 4.607497262087024341e-16
6.540015421499540025e+03 4.582428802451452330e-16
6.544096226797690179e+03 4.628006777815719910e-16
6.548177032095840332e+03 4.553835664457651668e-16
6.552257837393999580e+03 4.631685218280316757e-16
6.556338642692149733e+03 4.591727802426717750e-16
6.560419447990299886e+03 4.621525932625588551e-16
6.564500253288450040e+03 4.627292934330121765e-16
6.568581058586600193e+03 4.579173710367118648e-16
6.572661863884750346e+03 4.584128331551223290e-16
6.576742669182909594e+03 4.544468870018000102e-16
6.580823474481059748e+03 4.531044329087904794e-16
6.584904279779209901e+03 4.614235814755173446e-16
6.588985085077360054e+03 4.552035634659856495e-16
6.593065890375510207e+03 4.523027409166175925e-16
6.597146695673660361e+03 4.607299660849598467e-16
6.601227500971809604e+03 4.563410501364079978e-16
6.605308306269959758e+03 4.511192414226295483e-16
6.609389111568119915e+03 4.459698422618166195e-16
6.613469916866270069e+03 4.423608852295113811e-16
6.617550722164420222e+03 4.545046044639959829e-16
6.621631527462570375e+03 4.534534411736618060e-16
6.625712332760719619e+03 4.393323757952361813e-16
6.629793138058869772e+03 4.448374552834433548e-16
6.633873943357029930e+03 4.443844744180825713e-16
6.637954748655180083e+03 4.456814948627602939e-16
6.642035553953330236e+03 4.594583895373565174e-16
6.646116359251480390e+03 4.499818588543495618e-16
6.650197164549629633e+03 4.460464813742737577e-16
6.654277969847779787e+03 4.500040047397554621e-16
6.658358775145939944e+03 4.459856551727441385e-16
6.662439580444090097e+03 4.451079893699393744e-16
6.666520385742240251e+03 4.532714797101462710e-16
6.670601191040390404e+03 4.466363515452297761e-16
6.674681996338539648e+03 4.375433483105196680e-16
6.678762801636689801e+03 4.391295562590107926e-16
6.682843606934839954e+03 4.507094475901641213e-16
6.686924412233000112e+03 4.492275207450661656e-16
6.691005217531150265e+03 4.447365009564407413e-16
6.695086022829300418e+03 4.458569323838911836e-16
6.699166828127449662e+03 4.443104646195737324e-16
6.703247633425599815e+03 4.370936662401862738e-16
6.707328438723749969e+03 4.291631008798136981e-16
6.711409244021900122e+03 4.401082386577522703e-16
6.715490049320060280e+03 4.365196973350990275e-16
6.719570854618210433e+03 4.298372670797120163e-16
6.723651659916359677e+03 4.435277214571656682e-16
6.727732465214509830e+03 4.542785836019055809e-16
6.731813270512659983e+03 4.456845309527212674e-16
6.735894075810810136e+03 4.362686534324747421e-16
6.739974881108970294e+03 4.388141380828426022e-16
6.744055686407120447e+03 4.408248969224111203e-16
6.748136491705269691e+03 4.403457775007105343e-16
6.752217297003419844e+03 4.349739137529473137e-16
6.756298102301569998e+03 4.389616684570034843e-16
6.760378907599720151e+03 4.515220654602858542e-16
6.764459712897870304e+03 4.466235864137934508e-16
6.768540518196019548e+03 4.353623997163806415e-16
6.772621323494179705e+03 4.420194907612418743e-16
6.776702128792329859e+03 4.494913370855466689e-16
6.780782934090480012e+03 4.323212184130665320e-16
6.784863739388630165e+03 4.211136300338332982e-16
6.788944544686780318e+03 4.415336500234203745e-16
6.793025349984939567e+03 4.424427053645900169e-16
6.797106155283089720e+03 4.316847477480695673e-16
6.801186960581239873e+03 4.339731204412750934e-16
6.805267765879390026e+03 4.424999043053164742e-16
6.809348571177540180e+03 4.435193648543977957e-16
6.813429376475690333e+03 4.420395527886277496e-16
6.817510181773839577e+03 4.375061318343089175e-16
6.821590987071999734e+03 4.232083804483964999e-16
6.825671792370149888e+03 4.127839971906158963e-16
6.829752597668300041e+03 4.140879917190262309e-16
6.833833402966450194e+03 4.217986724500155180e-16
6.837914208264600347e+03 4.134934247691168455e-16
6.841995013562749591e+03 4.169135355179311719e-16
6.846075818860909749e+03 4.258962926658717663e-16
6.850156624159059902e+03 4.254346656043594453e-16
6.854237429457210055e+03 4.216450308307737909e-16
6.858318234755360209e+03 4.091965264422767671e-16
6.862399040053510362e+03 4.211728796230393874e-16
6.866479845351659606e+03 4.156659766569659380e-16
6.870560650649809759e+03 4.109620302208564563e-16
6.874641455947959912e+03 3.891807574602078413e-16
6.878722261246120070e+03 3.812318574689439218e-16
6.882803066544270223e+03 3.918346171636814847e-16
6.886883871842420376e+03 3.951920695720995501e-16
6.890964677140569620e+03 3.972206329676420775e-16
6.895045482438719773e+03 3.904148513817226940e-16
6.899126287736869926e+03 3.860031203307502390e-16
6.903207093035030084e+03 3.867989287085521531e-16
6.907287898333180237e+03 3.856873349147310863e-16
6.911368703631330391e+03 3.979236799137231144e-16
6.915449508929479634e+03 3.998580511150007138e-16
6.919530314227629788e+03 4.076412200854844985e-16
6.923611119525779941e+03 4.154671390947510958e-16
6.927691924823940099e+03 4.064115792498014563e-16
6.931772730122090252e+03 4.083402917144602402e-16
6.935853535420240405e+03 4.131089622512120661e-16
6.939934340718389649e+03 4.158157324808104155e-16
6.944015146016539802e+03 4.153033691463969335e-16
6.948095951314689955e+03 4.089043806294682545e-16
6.952176756612840109e+03 4.184838304869674840e-16
6.956257561911000266e+03 4.153863629302428102e-16
6.960338367209150420e+03 4.062861904620526811e-16
6.964419172507299663e+03 4.263277320103926720e-16
6.968499977805449817e+03 4.298948786752290806e-16
6.972580783103599970e+03 4.379181007164487213e-16
6.976661588401750123e+03 4.476532304429747804e-16
6.980742393699900276e+03 4.403854691639724309e-16
6.984823198998060434e+03 4.362739188965531706e-16
6.988904004296209678e+03 4.429672593409119674e-16
6.992984809594359831e+03 4.418986203776681385e-16
6.997065614892509984e+03 4.477259133591340412e-16
7.001146420190660137e+03 4.483136879612809991e-16
7.005227225488810291e+03 4.414639750068863149e-16
7.009308030786960444e+03 4.418192646794008469e-16
7.013388836085119692e+03 4.512040016976704628e-16
7.017469641383269845e+03 4.525157272385430823e-16
7.021550446681419999e+03 4.505688692427207952e-16
7.025631251979570152e+03 4.467279576545261530e-16
7.029712057277720305e+03 4.573887557797362010e-16
7.033792862575869549e+03 4.511579420985974904e-16
7.037873667874029707e+03 4.653245888157579641e-16
7.041954473172179860e+03 4.686780455776445932e-16
7.046035278470330013e+03 4.633757216259766582e-16
7.050116083768480166e+03 4.586005164268286968e-16
7.054196889066630320e+03 4.608867539885920395e-16
7.058277694364779563e+03 4.609149865677912537e-16
7.062358499662939721e+03 4.651219473701693679e-16
7.066439304961089874e+03 4.686906661825759675e-16
7.070520110259240028e+03 4.519844585868967818e-16
7.074600915557390181e+03 4.505859944115666834e-16
7.078681720855540334e+03 4.560517818504416357e-16
7.082762526153689578e+03 4.681007444681596587e-16
7.086843331451839731e+03 4.581180211315780730e-16
7.090924136749989884e+03 4.460632875288757548e-16
7.095004942048150042e+03 4.500180917204860237e-16
7.099085747346300195e+03 4.517478055583855234e-16
7.103166552644450348e+03 4.521976467242290200e-16
7.107247357942599592e+03 4.474253455986973115e-16
7.111328163240749745e+03 4.486642527092677400e-16
7.115408968538899899e+03 4.577224470355125102e-16
7.119489773837060056e+03 4.508683310476915647e-16
7.123570579135210210e+03 4.452144755090888938e-16
7.127651384433360363e+03 4.557976428074629372e-16
7.131732189731509607e+03 4.469025910107174360e-16
7.135812995029659760e+03 4.490985477409483987e-16
7.139893800327809913e+03 4.622005323471236862e-16
7.143974605625970071e+03 4.519173568003001356e-16
7.148055410924120224e+03 4.541612147292719562e-16
7.152136216222270377e+03 4.523428057796077225e-16
7.156217021520419621e+03 4.459747889910381779e-16
7.160297826818569774e+03 4.490798148759430695e-16
7.164378632116719928e+03 4.577542013788634128e-16
7.168459437414870081e+03 4.440902293904173419e-16
7.172540242713020234e+03 4.291461681834552651e-16
7.176621048011180392e+03 4.443144615483081469e-16
7.180701853309329636e+03 4.460274785744530398e-16
7.184782658607479789e+03 4.488260972592485764e-16
7.188863463905629942e+03 4.433095370009979325e-16
7.192944269203780095e+03 4.297124250162233114e-16
7.197025074501940253e+03 4.241527429705992119e-16
7.201105879800090406e+03 4.335424315132810909e-16
7.205186685098239650e+03 4.344531016356863959e-16
7.209267490396389803e+03 4.301132208257872513e-16
7.213348295694539956e+03 4.416305431148908366e-16
7.217429100992690110e+03 4.408089746568486569e-16
7.221509906290840263e+03 4.290948136997909834e-16
7.225590711589000421e+03 4.441172814726252278e-16
7.229671516887149664e+03 4.414408606023487695e-16
7.233752322185299818e+03 4.460675103437072125e-16
7.237833127483449971e+03 4.462729827563209328e-16
7.241913932781600124e+03 4.319427743356325052e-16
7.245994738079750277e+03 4.211211050354876728e-16
7.250075543377910435e+03 4.321707706846861913e-16
7.254156348676059679e+03 4.202215648772546404e-16
7.258237153974209832e+03 4.184408832797791837e-16
7.262317959272359985e+03 4.281298581380511051e-16
7.266398764570510139e+03 4.384207732772813556e-16
7.270479569868660292e+03 4.434737175171015747e-16
7.274560375166810445e+03 4.293121017478182028e-16
7.278641180464959689e+03 4.221423895112446660e-16
7.282721985763119847e+03 4.243587724570072099e-16
7.286802791061270000e+03 4.266481736061727342e-16
7.290883596359420153e+03 4.400348266279029213e-16
7.294964401657570306e+03 4.266584349348582336e-16
7.299045206955719550e+03 4.218514388694047761e-16
7.303126012253869703e+03 4.220286774901611966e-16
7.307206817552029861e+03 4.399456489658471588e-16
7.311287622850180014e+03 4.390589488976306554e-16
7.315368428148330167e+03 4.299942926885328043e-16
7.319449233446480321e+03 4.239837270589300772e-16
7.323530038744629564e+03 4.198940994092185248e-16
7.327610844042779718e+03 4.186523956445274840e-16
7.331691649340939875e+03 4.101750432455465709e-16
7.335772454639090029e+03 4.138550248765233913e-16
7.339853259937240182e+03 4.225570942374924603e-16
7.343934065235390335e+03 4.174881335984351154e-16
7.348014870533539579e+03 4.371851484815087712e-16
7.352095675831689732e+03 4.146939229393099066e-16
7.356176481129849890e+03 4.041537127201392699e-16
7.360257286428000043e+03 4.118546012383362840e-16
7.364338091726150196e+03 4.162437409147814490e-16
7.368418897024300350e+03 4.193409964476828673e-16
7.372499702322449593e+03 4.129853583882956679e-16
7.376580507620599747e+03 4.106344165843572869e-16
7.380661312918749900e+03 4.100640190216966307e-16
7.384742118216900053e+03 4.081156557854311911e-16
7.388822923515060211e+03 4.024321503528713580e-16
7.392903728813210364e+03 3.854905549684461328e-16
7.396984534111359608e+03 3.997526469505163273e-16
7.401065339409509761e+03 4.222523278857955153e-16
7.405146144707659914e+03 3.964518752040232642e-16
7.409226950005810068e+03 3.924303269324353740e-16
7.413307755303970225e+03 3.820436380402239558e-16
7.417388560602120378e+03 3.886179240211101654e-16
7.421469365900269622e+03 3.902780091883012922e-16
7.425550171198419775e+03 3.860590238767758482e-16
7.429630976496569929e+03 3.955581777633474033e-16
7.433711781794720082e+03 3.936598235246213086e-16
7.437792587092880240e+03 3.846197790427143000e-16
7.441873392391030393e+03 3.788905141806131711e-16
7.445954197689179637e+03 3.748220924871621393e-16
7.450035002987329790e+03 3.746193755198356958e-16
7.454115808285479943e+03 3.707602066812855864e-16
7.458196613583630096e+03 3.815421419557337430e-16
7.462277418881780250e+03 3.626827957526824604e-16
7.466358224179930403e+03 3.630780522769818047e-16
7.470439029478089651e+03 3.635295863177684155e-16
7.474519834776239804e+03 3.581573692117137467e-16
7.478600640074389958e+03 3.593761112066887695e-16
7.482681445372540111e+03 3.780094988612107948e-16
7.486762250670690264e+03 3.783174661753861976e-16
7.490843055968840417e+03 3.598447187860229725e-16
7.494923861266999666e+03 3.546905404336864415e-16
7.499004666565149819e+03 3.500583548059518164e-16
7.503085471863299972e+03 3.615862800942003003e-16
7.507166277161450125e+03 3.600789045212457160e-16
7.511247082459600279e+03 3.421957622768029917e-16
7.515327887757750432e+03 3.469871654309900748e-16
7.519408693055909680e+03 3.510903282345301237e-16
7.523489498354059833e+03 3.462823685482383669e-16
7.527570303652209986e+03 3.482600055851032728e-16
7.531651108950360140e+03 3.515030972677498602e-16
7.535731914248510293e+03 3.456191786618448267e-16
7.539812719546660446e+03 3.602279918161651314e-16
7.543893524844809690e+03 3.634748191069020593e-16
7.547974330142959843e+03 3.485435162050105699e-16
7.552055135441120001e+03 3.495095381450904806e-16
7.556135940739270154e+03 3.340576314141804743e-16
7.560216746037420307e+03 3.567039746700318411e-16
7.564297551335569551e+03 3.598815137626335246e-16
7.568378356633719704e+03 3.445854041295249097e-16
7.572459161931869858e+03 3.282655192188046292e-16
7.576539967230030015e+03 3.331976181539842836e-16
7.580620772528180169e+03 3.382162915451196968e-16
7.584701577826330322e+03 3.426324527163354499e-16
7.588782383124479566e+03 3.389097510521775621e-16
7.592863188422629719e+03 3.336230856158243863e-16
7.596943993720779872e+03 3.438060756595608109e-16
7.601024799018940030e+03 3.409977864642443898e-16
7.605105604317090183e+03 3.220741384519540713e-16
7.609186409615240336e+03 3.338594914718576223e-16
7.613267214913389580e+03 3.305121766620314413e-16
7.617348020211539733e+03 3.186355752966963498e-16
7.621428825509689887e+03 3.345240805936844560e-16
7.625509630807840040e+03 3.246668894141298932e-16
7.629590436105990193e+03 3.109490066812466261e-16
7.633671241404150351e+03 3.142883160694065981e-16
7.637752046702299594e+03 3.194240467578528567e-16
7.641832852000449748e+03 3.119801833845469323e-16
7.645913657298599901e+03 3.111390903772257210e-16
7.649994462596750054e+03 3.169159131435451601e-16
7.654075267894900207e+03 3.139272011274274002e-16
7.658156073193060365e+03 3.086137211445409032e-16
7.662236878491209609e+03 3.086182183719468411e-16
7.666317683789359762e+03 3.314001085433340733e-16
7.670398489087509915e+03 3.285969395466722689e-16
7.674479294385660069e+03 3.158698238507415069e-16
7.678560099683810222e+03 3.162488570579256718e-16
7.682640904981970380e+03 3.278701378308805732e-16
7.686721710280119623e+03 3.273145959800252713e-16
7.690802515578269777e+03 3.412187616815840530e-16
7.694883320876419930e+03 3.426200623255582735e-16
7.698964126174570083e+03 3.171823464213799630e-16
7.703044931472720236e+03 3.011176337077335053e-16
7.707125736770880394e+03 2.946769764783626498e-16
7.711206542069029638e+03 3.157570406084213660e-16
7.715287347367179791e+03 3.230712687705550135e-16
7.719368152665329944e+03 3.140586904195619917e-16
7.723448957963480098e+03 3.316661722620194224e-16
7.727529763261630251e+03 3.478297402386820659e-16
7.731610568559780404e+03 3.310288520051134226e-16
7.735691373857929648e+03 3.235415835390730285e-16
7.739772179156089805e+03 3.323583742139180423e-16
7.743852984454239959e+03 3.321915517258934035e-16
7.747933789752390112e+03 3.342632563213247480e-16
7.752014595050540265e+03 3.491574438910720494e-16
7.756095400348690418e+03 3.323519647638198353e-16
7.760176205646839662e+03 3.085943260082839086e-16
7.764257010944999820e+03 3.131246351400028935e-16
7.768337816243149973e+03 3.136412481726928802e-16
7.772418621541300126e+03 3.033041974936080589e-16
7.776499426839450280e+03 2.972206470278448155e-16
7.780580232137600433e+03 3.124963673876099641e-16
7.784661037435749677e+03 3.365119835735658421e-16
7.788741842733899830e+03 3.324453871036413254e-16
7.792822648032059988e+03 3.261240064172056564e-16
7.796903453330210141e+03 3.340379257447448249e-16
7.800984258628360294e+03 3.182069185772300549e-16
7.805065063926510447e+03 2.889762279734704231e-16
7.809145869224659691e+03 2.973381741096871441e-16
7.813226674522819849e+03 3.317896878163283622e-16
7.817307479820970002e+03 3.345200528919786738e-16
7.821388285119120155e+03 3.171784684050654301e-16
7.825469090417270309e+03 3.096680055284626292e-16
7.829549895715419552e+03 3.254077799871100638e-16
7.833630701013569706e+03 3.030067693315979154e-16
7.837711506311719859e+03 3.090840078861098964e-16
7.841792311609870012e+03 3.047056630459529001e-16
7.845873116908030170e+03 3.304908694378211979e-16
7.849953922206180323e+03 3.503039733072650964e-16
7.854034727504329567e+03 3.378204318456333768e-16
7.858115532802479720e+03 3.129460843101155022e-16
7.862196338100629873e+03 3.118875685274091097e-16
7.866277143398780026e+03 3.114860489005211002e-16
7.870357948696930180e+03 3.032141680493488698e-16
7.874438753995080333e+03 3.103483307177892305e-16
7.878519559293239581e+03 3.172421471618847612e-16
7.882600364591389734e+03 3.388226755433825405e-16
7.886681169889539888e+03 3.301077786575342699e-16
7.890761975187690041e+03 3.223937344829458693e-16
7.894842780485840194e+03 3.166170222872113767e-16
7.898923585783990347e+03 3.107495320496656435e-16
7.903004391082149596e+03 3.417728898030073826e-16
7.907085196380299749e+03 3.701429520341549522e-16
7.911166001678449902e+03 3.646533259359400391e-16
7.915246806976600055e+03 3.661378690825732152e-16
7.919327612274750209e+03 3.549765959961094299e-16
7.923408417572900362e+03 3.131293165783029515e-16
7.927489222871059610e+03 2.973736567291602972e-16
7.931570028169209763e+03 3.024312565222698059e-16
7.935650833467359917e+03 3.171237686326755532e-16
7.939731638765510070e+03 3.417904210488411115e-16
7.943812444063660223e+03 3.368482662774007458e-16
7.947893249361810376e+03 3.247767401237936435e-16
7.951974054659969624e+03 3.113516764334264944e-16
7.956054859958119778e+03 3.076057800711018611e-16
7.960135665256269931e+03 3.097167244096964001e-16
7.964216470554420084e+03 3.327149394362795383e-16
7.968297275852570237e+03 3.483638403985403227e-16
7.972378081150720391e+03 3.433041868424559503e-16
7.976458886448869634e+03 3.457070152813670086e-16
7.980539691747019788e+03 3.379359783864439944e-16
7.984620497045179945e+03 3.364366252583135056e-16
7.988701302343330099e+03 3.390785917690572492e-16
7.992782107641480252e+03 3.425867243061547377e-16
7.996862912939630405e+03 3.427470540014984078e-16
8.000943718237779649e+03 3.490660117729346600e-16
8.005024523535929802e+03 3.658329569599540880e-16
8.009105328834089960e+03 3.712755278909865392e-16
8.013186134132240113e+03 3.746274810479464879e-16
8.017266939430390266e+03 3.528565341342340424e-16
8.021347744728540420e+03 3.428270442676629320e-16
8.025428550026689663e+03 3.514184308700551393e-16
8.029509355324839817e+03 3.453460419304407536e-16
8.033590160622999974e+03 3.360165304416153480e-16
8.037670965921150128e+03 3.379145562645356698e-16
8.041751771219300281e+03 3.577943921277089188e-16
8.045832576517450434e+03 3.699777448162229310e-16
8.049913381815599678e+03 3.572974727855593344e-16
8.053994187113749831e+03 3.419943960316918745e-16
8.058074992411909989e+03 3.407677830026781613e-16
8.062155797710060142e+03 3.611187372003536201e-16
8.066236603008210295e+03 3.693927796913749001e-16
8.070317408306360448e+03 3.546975361356171654e-16
8.074398213604509692e+03 3.530562513371499967e-16
8.078479018902659845e+03 3.588441657378307937e-16
8.082559824200809999e+03 3.736096286435146132e-16
8.086640629498960152e+03 3.683587273802192778e-16
8.090721434797120310e+03 3.482286599373270078e-16
8.094802240095269553e+03 3.614156043140306824e-16
8.098883045393419707e+03 3.771316687205183175e-16
8.102963850691569860e+03 3.632638971616143661e-16
8.107044655989720013e+03 3.683139348911710617e-16
8.111125461287870166e+03 3.465481503029646620e-16
8.115206266586030324e+03 3.361624535523584688e-16
8.119287071884179568e+03 3.347944543229289676e-16
8.123367877182329721e+03 3.365645947102946301e-16
8.127448682480479874e+03 3.229136987625382833e-16
8.131529487778630028e+03 3.269072865106042100e-16
8.135610293076780181e+03 3.356450956541578635e-16
8.139691098374940339e+03 3.465565351037371196e-16
8.143771903673089582e+03 3.402723904452126031e-16
8.147852708971239736e+03 3.366945197185807046e-16
8.151933514269389889e+03 3.367424638687362129e-16
8.156014319567540042e+03 3.277052247332535639e-16
8.160095124865690195e+03 3.190644401089569664e-16
8.164175930163850353e+03 3.242153730300281635e-16
8.168256735461999597e+03 3.160980282110870189e-16
8.172337540760149750e+03 3.102049428593975730e-16
8.176418346058299903e+03 3.221842171822988144e-16
8.180499151356450056e+03 3.235847452518665315e-16
8.184579956654600210e+03 3.243808293452018206e-16
8.188660761952750363e+03 3.330218453135963183e-16
8.192741567250910521e+03 3.311443017333765485e-16
8.196822372549060674e+03 3.245081047287989072e-16
8.200903177847210827e+03 3.161567070784051666e-16
8.204983983145359161e+03 3.097000524176660685e-16
8.209064788443509315e+03 3.207385442568642606e-16
8.213145593741659468e+03 3.193358735835106907e-16
8.217226399039809621e+03 3.016505095981745066e-16
8.221307204337970688e+03 3.170617759639742159e-16
8.225388009636120842e+03 3.198714182015109291e-16
8.229468814934269176e+03 3.003487454078805493e-16
8.233549620232419329e+03 2.889553639887780022e-16
8.237630425530569482e+03 2.876971922377296666e-16
8.241711230828719636e+03 2.946942816542488920e-16
8.245792036126869789e+03 2.893390160884820250e-16
8.249872841425030856e+03 2.680415604236812948e-16
8.253953646723179190e+03 2.599502727690869273e-16
8.258034452021329344e+03 2.600413839592938489e-16
8.262115257319479497e+03 2.806996065774161542e-16
8.266196062617629650e+03 2.920161689941220885e-16
8.270276867915779803e+03 2.892011851555007343e-16
8.274357673213929957e+03 2.982257329662530290e-16
8.278438478512089205e+03 2.752631827517440816e-16
8.282519283810239358e+03 2.609302431381700204e-16
8.286600089108389511e+03 2.723682519239772137e-16
8.290680894406539664e+03 2.691686011035325892e-16
8.294761699704689818e+03 2.567374808972999113e-16
8.298842505002839971e+03 2.746591004744269875e-16
8.302923310300999219e+03 2.905648562553233768e-16
8.307004115599149372e+03 2.703324292596532546e-16
8.311084920897299526e+03 2.672958754122259003e-16
8.315165726195449679e+03 2.618168847824177668e-16
8.319246531493599832e+03 2.446798073798663934e-16
8.323327336791749985e+03 2.604582841843472181e-16
8.327408142089900139e+03 2.667992027254357511e-16
8.331488947388059387e+03 2.570587166698726608e-16
8.335569752686209540e+03 2.594052540240330471e-16
8.339650557984359693e+03 2.374512625754150654e-16
8.343731363282509847e+03 2.089166124855962817e-16
8.347812168580660000e+03 2.148235934956062389e-16
8.351892973878819248e+03 2.020851250557599293e-16
8.355973779176969401e+03 2.384577486259051238e-16
8.360054584475119555e+03 2.538460794069378611e-16
8.364135389773269708e+03 2.259969681155561791e-16
8.368216195071419861e+03 2.262866517995692546e-16
8.372297000369570014e+03 2.208784376789960273e-16
8.376377805667720168e+03 2.333464725209705156e-16
8.380458610965870321e+03 2.159612258813170196e-16
8.384539416264029569e+03 2.125429821112951776e-16
8.388620221562179722e+03 2.213014275953433128e-16
8.392701026860329875e+03 2.180763818692552647e-16
8.396781832158480029e+03 2.218924191214297347e-16
8.400862637456630182e+03 2.158528396218011527e-16
8.404943442754780335e+03 2.013942000898626589e-16
8.409024248052930488e+03 2.134301628687977432e-16
8.413105053351089737e+03 2.337452308873894576e-16
8.417185858649239890e+03 2.251601051977502961e-16
8.421266663947390043e+03 2.093037482640646007e-16
8.425347469245540196e+03 1.983492239353883527e-16
8.429428274543690350e+03 2.201096809806476834e-16
8.433509079841840503e+03 2.301850021607951471e-16
8.437589885139990656e+03 2.209533809597951110e-16
8.441670690438149904e+03 2.176344108566572070e-16
8.445751495736300058e+03 2.184459106679148975e-16
8.449832301034450211e+03 2.361870599282502755e-16
8.453913106332600364e+03 2.374985298858816382e-16
8.457993911630759612e+03 2.145094644288155798e-16
8.462074716928909766e+03 2.225430890113523782e-16
8.466155522227059919e+03 2.425359694620778970e-16
8.470236327525210072e+03 2.300757025979173284e-16
8.474317132823360225e+03 2.148192381276650897e-16
8.478397938121510379e+03 2.260312571818391511e-16
8.482478743419660532e+03 2.342323188216469491e-16
8.486559548717810685e+03 2.332908560197088062e-16
8.490640354015969933e+03 2.377210510491910226e-16
8.494721159314120086e+03 2.420182470703868008e-16
8.498801964612270240e+03 2.582636961731046541e-16
8.502882769910420393e+03 2.592781523668640751e-16
8.506963575208570546e+03 2.519118292430699666e-16
8.511044380506720699e+03 2.618137608604503004e-16
8.515125185804879948e+03 2.484835577527579830e-16
8.519205991103030101e+03 2.588417100050729369e-16
8.523286796401180254e+03 2.704927133762908406e-16
8.527367601699330407e+03 2.560830295357638461e-16
8.531448406997480561e+03 2.570332295028692921e-16
8.535529212295630714e+03 2.685358904074184278e-16
8.539610017593780867e+03 2.558318556360806055e-16
8.543690822891940115e+03 2.612281267525572492e-16
8.547771628190090269e+03 2.669808397196859669e-16
8.551852433488240422e+03 2.608373103048189653e-16
8.555933238786390575e+03 2.592124605397839182e-16
8.560014044084540728e+03 2.518307011023903825e-16
8.564094849382690882e+03 2.410693196332074516e-16
8.568175654680839216e+03 2.561541047699343687e-16
8.572256459979000283e+03 2.689993140341247305e-16
8.576337265277150436e+03 2.728572053346980732e-16
8.580418070575300590e+03 2.810803779177751196e-16
8.584498875873450743e+03 2.747011753450955276e-16
8.588579681171600896e+03 2.750113317449167506e-16
8.592660486469749230e+03 2.766004326886835665e-16
8.596741291767899384e+03 2.608702714777060683e-16
8.600822097066049537e+03 2.639357113913186020e-16
8.604902902364210604e+03 2.691296030497945564e-16
8.608983707662360757e+03 2.703237465129263423e-16
8.613064512960509091e+03 3.014440402683312694e-16
8.617145318258659245e+03 3.426169007095525769e-16
8.621226123556809398e+03 3.495250636410245192e-16
8.625306928854959551e+03 3.183561355070862643e-16
8.629387734153120618e+03 3.088210734141924744e-16
8.633468539451270772e+03 3.061578613317453363e-16
8.637549344749419106e+03 2.932654369771274256e-16
8.641630150047569259e+03 2.756159995830381123e-16
8.645710955345719412e+03 2.630864288002322007e-16
8.649791760643880480e+03 2.614080129637856781e-16
8.653872565942030633e+03 2.742400692546021085e-16
8.657953371240180786e+03 3.259803448700794513e-16
8.662034176538329120e+03 3.085603430347551171e-16
8.666114981836479274e+03 2.859238087862964016e-16
8.670195787134629427e+03 3.070446985849040814e-16
8.674276592432779580e+03 3.091694717012864184e-16
8.678357397730940647e+03 3.163214003838051618e-16
8.682438203029090801e+03 3.129542481782613358e-16
8.686519008327239135e+03 2.932391061475898026e-16
8.690599813625389288e+03 2.792269780318450971e-16
8.694680618923539441e+03 2.994618749959531400e-16
8.698761424221689595e+03 3.001600528456864619e-16
8.702842229519839748e+03 2.929006232048095734e-16
8.706923034818000815e+03 3.025151402207579621e-16
8.711003840116149149e+03 3.063622138870124270e-16
8.715084645414299303e+03 2.924193209570168632e-16
8.719165450712449456e+03 2.781545174465559248e-16
8.723246256010599609e+03 2.847621827901548916e-16
8.727327061308749762e+03 2.895665476600137985e-16
8.731407866606899915e+03 2.876216235945833390e-16
8.735488671905059164e+03 2.898293572179619974e-16
8.739569477203209317e+03 2.823421467593415298e-16
8.743650282501359470e+03 3.032468810662843202e-16
8.747731087799509623e+03 3.368080087013628379e-16
8.751811893097659777e+03 3.033047572479680121e-16
8.755892698395809930e+03 2.794849976927428731e-16
8.759973503693960083e+03 2.758631647579394926e-16
8.764054308992119331e+03 2.574272786556620679e-16
8.768135114290269485e+03 2.567411756675884724e-16
8.772215919588419638e+03 2.772853858867201931e-16
8.776296724886569791e+03 2.954226288568783723e-16
8.780377530184719944e+03 2.893753948813362604e-16
8.784458335482870098e+03 2.790553649751250846e-16
8.788539140781029346e+03 2.771222807174458090e-16
8.792619946079179499e+03 2.922973408235657782e-16
8.796700751377329652e+03 3.012852965231796420e-16
8.800781556675479806e+03 2.878636525901350406e-16
8.804862361973629959e+03 2.790120446332218815e-16
8.808943167271780112e+03 2.788204495831487207e-16
8.813023972569939360e+03 2.522464649656442716e-16
8.817104777868089514e+03 2.519559074861683626e-16
8.821185583166239667e+03 2.929334838702250378e-16
8.825266388464389820e+03 3.048887662773917015e-16
8.829347193762539973e+03 2.990924927536693071e-16
8.833427999060690126e+03 2.860868338489505788e-16
8.837508804358840280e+03 2.797497801091535989e-16
8.841589609656999528e+03 2.614254766803756551e-16
8.845670414955149681e+03 2.534906122515799517e-16
8.849751220253299834e+03 2.669285957398363428e-16
8.853832025551449988e+03 2.423571038117508845e-16
8.857912830849600141e+03 2.251615057105330517e-16
8.861993636147750294e+03 2.341099317292252438e-16
8.866074441445909542e+03 2.414705692367948759e-16
8.870155246744059696e+03 2.904395692774315343e-16
8.874236052042209849e+03 3.199150833054931773e-16
8.878316857340360002e+03 3.090281384435143291e-16
8.882397662638510155e+03 3.170997642891332384e-16
8.886478467936660309e+03 3.016093910554721717e-16
8.890559273234810462e+03 2.504264930669575365e-16
8.894640078532960615e+03 2.165185437940093241e-16
8.898720883831119863e+03 2.338837124986899862e-16
8.902801689129270017e+03 2.516282653380953073e-16
8.906882494427420170e+03 2.235446613093736935e-16
8.910963299725570323e+03 1.982496701534344343e-16
8.915044105023720476e+03 2.325307817873310882e-16
8.919124910321870630e+03 2.436774100743958651e-16
8.923205715620029878e+03 2.245444846997890500e-16
8.927286520918180031e+03 2.249414672061414191e-16
8.931367326216330184e+03 2.499658144805159259e-16
8.935448131514480338e+03 2.772243779653004808e-16
8.939528936812630491e+03 2.526102929504793387e-16
8.943609742110780644e+03 2.193980544483817699e-16
8.947690547408939892e+03 2.158761247015789998e-16
8.951771352707090045e+03 1.965385612839728593e-16
8.955852158005240199e+03 2.208576262793460565e-16
8.959932963303390352e+03 2.379319354745701905e-16
8.964013768601540505e+03 2.387975453000866853e-16
8.968094573899690658e+03 2.305063353229782339e-16
8.972175379197849907e+03 2.246821653703206833e-16
8.976256184496000060e+03 2.298358191860450021e-16
8.980336989794150213e+03 2.409344789179459076e-16
8.984417795092300366e+03 2.696774589311331036e-16
8.988498600390450520e+03 2.757738773900683225e-16
8.992579405688600673e+03 2.540207827411460432e-16
8.996660210986750826e+03 2.480532091813195821e-16
9.000741016284899160e+03 2.466202383083409956e-16
9.004821821583060228e+03 2.574443541474178229e-16
9.008902626881210381e+03 2.512404077095446211e-16
9.012983432179360534e+03 2.094553795537537850e-16
9.017064237477510687e+03 2.074953337642078743e-16
9.021145042775660841e+03 2.046002102397930551e-16
9.025225848073809175e+03 2.120785902661576455e-16
9.029306653371959328e+03 2.193645534426616130e-16
9.033387458670120395e+03 2.384502580297861771e-16
9.037468263968270549e+03 2.701767816791782687e-16
9.041549069266420702e+03 2.643542886068391136e-16
9.045629874564570855e+03 2.414088894063847472e-16
9.049710679862719189e+03 2.332699726820920203e-16
9.053791485160869343e+03 2.223502660153988365e-16
9.057872290459030410e+03 2.070309466109382642e-16
9.061953095757180563e+03 2.152295692615294609e-16
9.066033901055330716e+03 2.293497930905770261e-16
9.070114706353480869e+03 2.295358519849194702e-16
9.074195511651629204e+03 2.109862868114796437e-16
9.078276316949779357e+03 1.968911964020218161e-16
9.082357122247929510e+03 2.113112266628832179e-16
9.086437927546079663e+03 2.230621656491249682e-16
9.090518732844240731e+03 2.340003522740331521e-16
9.094599538142390884e+03 2.350833815160738085e-16
9.098680343440539218e+03 2.206288472044312804e-16
9.102761148738689371e+03 2.257742309576514971e-16
9.106841954036850439e+03 2.164715033200500947e-16
9.110922759335000592e+03 2.098476852687319220e-16
9.115003564633150745e+03 2.169009041952965432e-16
9.119084369931300898e+03 2.146473353856299536e-16
9.123165175229449233e+03 2.139298121502896940e-16
9.127245980527599386e+03 2.140889411433905637e-16
9.131326785825749539e+03 2.155576197795235885e-16
9.135407591123899692e+03 2.130456595854216930e-16
9.139488396422060760e+03 2.076215337915713223e-16
9.143569201720209094e+03 2.064791282933657337e-16
9.147650007018359247e+03 2.139575187207891540e-16
9.151730812316509400e+03 2.113749814187040544e-16
9.155811617614659554e+03 1.917917971597605231e-16
9.159892422912809707e+03 2.116733182187505623e-16
9.163973228210970774e+03 2.038534399512860603e-16
9.168054033509119108e+03 2.156985879256075346e-16
9.172134838807269261e+03 2.054915293908993269e-16
9.176215644105419415e+03 1.798946652739733385e-16
9.180296449403569568e+03 1.964876258087062026e-16
9.184377254701719721e+03 2.040126207926287834e-16
9.188458059999869874e+03 1.739751038370603786e-16
9.192538865298029123e+03 1.703135008986353981e-16
9.196619670596179276e+03 1.682137420521187657e-16
9.200700475894329429e+03 1.592828212884274427e-16
9.204781281192479582e+03 2.038505007552351499e-16
9.208862086490629736e+03 2.162725942837888583e-16
9.212942891788779889e+03 2.137686462285970133e-16
9.217023697086930042e+03 2.288623520985612142e-16
9.221104502385089290e+03 2.312105961021295076e-16
9.225185307683239444e+03 2.116782420182414038e-16
9.229266112981389597e+03 2.161503915740206730e-16
9.233346918279539750e+03 2.361620316282389393e-16
9.237427723577689903e+03 2.226074092042010683e-16
9.241508528875840057e+03 1.979834225598925037e-16
9.245589334173999305e+03 2.142335668008290356e-16
9.249670139472149458e+03 2.205812110593568782e-16
9.253750944770299611e+03 2.092312637318522737e-16
9.257831750068449765e+03 1.918659603069864415e-16
9.261912555366599918e+03 1.725833526680344960e-16
9.265993360664759166e+03 1.935336453940248998e-16
9.270074165962909319e+03 2.123911916653021033e-16
9.274154971261059472e+03 2.140874924956440351e-16
9.278235776559209626e+03 2.071208145613761566e-16
9.282316581857359779e+03 1.873236775363794136e-16
9.286397387155509932e+03 1.925356903578585463e-16
9.290478192453660085e+03 1.950729393687305978e-16
9.294558997751810239e+03 2.033607343410063132e-16
9.298639803049969487e+03 2.174473086816358148e-16
9.302720608348119640e+03 1.981500055823981084e-16
9.306801413646269793e+03 2.538309083245470587e-16
9.310882218944419947e+03 2.381412968057345351e-16
9.314963024242570100e+03 2.389812772642821067e-16
9.319043829540720253e+03 2.303218660222891098e-16
9.323124634838870406e+03 1.980306484510864694e-16
9.327205440137029655e+03 2.119055950488164930e-16
9.331286245435179808e+03 2.037481668714646383e-16
9.335367050733329961e+03 2.561369369020297925e-16
9.339447856031480114e+03 2.620511948522830050e-16
9.343528661329630268e+03 2.382301430417743379e-16
9.347609466627780421e+03 2.781468481011943167e-16
9.351690271925930574e+03 2.396530570716986713e-16
9.355771077224089822e+03 2.534936483461631078e-16
9.359851882522239976e+03 2.901473888725257457e-16
9.363932687820390129e+03 2.744157610168251450e-16
9.368013493118540282e+03 3.046467333216217828e-16
9.372094298416690435e+03 2.098672281444885400e-16
9.376175103714840589e+03 2.107795280074470112e-16
9.380255909012990742e+03 2.721471802928439129e-16
9.384336714311149990e+03 2.121299113048956953e-16
9.388417519609300143e+03 1.712532670972434168e-16
9.392498324907450296e+03 1.589250572316844725e-16
9.396579130205600450e+03 1.736608445080217358e-16
9.400659935503750603e+03 1.951371510967945069e-16
9.404740740801900756e+03 1.838692043730045154e-16
9.408821546100060004e+03 1.668473730307622760e-16
9.412902351398210158e+03 1.643456324753902966e-16
9.416983156696360311e+03 1.986028400874500574e-16
9.421063961994510464e+03 2.106443145143884130e-16
9.425144767292660617e+03 1.714283428752308449e-16
9.429225572590810771e+03 1.535375000431638878e-16
9.433306377888970019e+03 2.329834577596429271e-16
9.437387183187120172e+03 2.091995351186819659e-16
9.441467988485270325e+03 1.961601363735568101e-16
9.445548793783420479e+03 1.413770441051945391e-16
9.449629599081570632e+03 1.624266943836916075e-16
9.453710404379720785e+03 2.247107974103896032e-16
9.457791209677880033e+03 2.192818302086914035e-16
9.461872014976030187e+03 2.239946440526299392e-16
9.465952820274180340e+03 2.076391223325816454e-16
9.470033625572330493e+03 1.804418039809916126e-16
9.474114430870480646e+03 2.014876257195001671e-16
9.478195236168630800e+03 2.018433242994834895e-16
9.482276041466779134e+03 1.810599076134159321e-16
9.486356846764929287e+03 1.882138184111742653e-16
9.490437652063090354e+03 2.080067240941452044e-16
9.494518457361240507e+03 2.087309367097181299e-16
9.498599262659390661e+03 1.803233318939060683e-16
9.502680067957540814e+03 1.941679979280893955e-16
9.506760873255689148e+03 1.926837810543220582e-16
9.510841678553839301e+03 2.198514324336067805e-16
9.514922483851989455e+03 2.347023808654018237e-16
9.519003289150150522e+03 2.119333242592969500e-16
9.523084094448300675e+03 1.874289900012187704e-16
9.527164899746450828e+03 1.766531937680243257e-16
9.531245705044599163e+03 2.025297379173392024e-16
9.535326510342749316e+03 2.026947808694104552e-16
9.539407315640899469e+03 1.825647035645076102e-16
9.543488120939060536e+03 1.778024963531229240e-16
9.547568926237210690e+03 1.951036628392024597e-16
9.551649731535360843e+03 2.130991097637149722e-16
9.555730536833509177e+03 2.358317132630088147e-16
9.559811342131659330e+03 2.230381345647027186e-16
9.563892147429820398e+03 2.028905534770228714e-16
9.567972952727970551e+03 1.928752189334046763e-16
9.572053758026120704e+03 1.988616493440196226e-16
9.576134563324270857e+03 1.532355593262649000e-16
9.580215368622419192e+03 1.574857000080776461e-16
9.584296173920569345e+03 2.032292512515046414e-16
9.588376979218719498e+03 2.089172224600242349e-16
9.592457784516880565e+03 2.049505414902857336e-16
9.596538589815030718e+03 2.149185068709699534e-16
9.600619395113180872e+03 2.225912099666215824e-16
9.604700200411329206e+03 2.173427332785044174e-16
9.608781005709479359e+03 1.825151358641832614e-16
9.612861811007629512e+03 1.614318130545830079e-16
9.616942616305779666e+03 2.037008238781466195e-16
9.621023421603940733e+03 2.107623943310798091e-16
9.625104226902090886e+03 1.864295234900117993e-16
9.629185032200239220e+03 1.674652851093720132e-16
9.633265837498389374e+03 1.771412904747416150e-16
9.637346642796539527e+03 1.622527034029598289e-16
9.641427448094689680e+03 1.375160830437463696e-16
9.645508253392839833e+03 1.463109156266936477e-16
9.649589058691000901e+03 1.663755025988414117e-16
9.653669863989149235e+03 1.892195314496595677e-16
9.657750669287299388e+03 1.924214769786509332e-16
9.661831474585449541e+03 2.050324672879710260e-16
9.665912279883599695e+03 2.282134556606461923e-16
9.669993085181749848e+03 2.117385404002677835e-16
9.674073890479900001e+03 2.022478845277974212e-16
9.678154695778059249e+03 2.050752245019745271e-16
9.682235501076209403e+03 1.924709523371599554e-16
9.686316306374359556e+03 1.950377701090275952e-16
9.690397111672509709e+03 2.061955423677042957e-16
9.694477916970659862e+03 1.471945490470452544e-16
9.698558722268810016e+03 1.683810354836806694e-16
9.702639527566960169e+03 2.145292373332497155e-16
9.706720332865119417e+03 1.642020019689506175e-16
9.710801138163269570e+03 1.679382701784223057e-16
9.714881943461419723e+03 2.364985477923726206e-16
9.718962748759569877e+03 2.169921031311718927e-16
9.723043554057729125e+03 1.737650358931160407e-16
9.727124359355870183e+03 2.238932999902785938e-16
9.731205164654029431e+03 2.169531779915463544e-16
9.735285969952179585e+03 1.641604726886263335e-16
9.739366775250329738e+03 1.610652004539514117e-16
9.743447580548479891e+03 1.859883930746050847e-16
9.747528385846630044e+03 1.467649407134752770e-16
9.751609191144780198e+03 1.612893887195424655e-16
9.755689996442939446e+03 2.031529996546750392e-16
9.759770801741089599e+03 2.035083061413757879e-16
9.763851607039239752e+03 2.110180657842945382e-16
9.767932412337389906e+03 1.837295116818097331e-16
9.772013217635540059e+03 2.242690575161219659e-16
9.776094022933690212e+03 1.947890875682373780e-16
9.780174828231840365e+03 1.698727728772363477e-16
9.784255633529999614e+03 1.872578491223946858e-16
9.788336438828149767e+03 1.563965355531011412e-16
9.792417244126299920e+03 1.389490736014667497e-16
9.796498049424450073e+03 1.304842997182534881e-16
9.800578854722600227e+03 1.600478547314157132e-16
9.804659660020750380e+03 1.868195157798011435e-16
9.808740465318900533e+03 1.520964949542466457e-16
9.812821270617059781e+03 1.323395228969464101e-16
9.816902075915209934e+03 1.367142454010457729e-16
9.820982881213360088e+03 1.590983400417102955e-16
9.825063686511510241e+03 1.876669023906539351e-16
9.829144491809660394e+03 2.028827704138491014e-16
9.833225297107810547e+03 1.927488955106467261e-16
9.837306102405960701e+03 1.417876861332830050e-16
9.841386907704119949e+03 7.847753142934027521e-17
9.845467713002270102e+03 9.072506970400376868e-17
9.849548518300420255e+03 8.587816656053806541e-17
9.853629323598570409e+03 7.944951317764225669e-17
9.857710128896720562e+03 1.852089358811443196e-16
9.861790934194879810e+03 1.763264103865612724e-16
9.865871739493029963e+03 2.038193007911322621e-16
9.869952544791180117e+03 1.655038576369416658e-16
9.874033350089330270e+03 1.604485054899166634e-16
9.878114155387480423e+03 1.565679659280583649e-16
9.882194960685630576e+03 1.676042833876547339e-16
9.886275765983789825e+03 1.885155453482789027e-16
9.890356571281930883e+03 1.514840242940973231e-16
9.894437376580090131e+03 1.243563267147672474e-16
9.898518181878240284e+03 1.969639629113296786e-16
9.902598987176390438e+03 2.365550898753423644e-16
9.906679792474540591e+03 1.921631178074459223e-16
9.910760597772690744e+03 2.037054829806718928e-16
9.914841403070840897e+03 2.342137231788351062e-16
9.918922208369000145e+03 1.672338295020598130e-16
9.923003013667150299e+03 7.087275244824598237e-17
9.927083818965300452e+03 1.032125455208576303e-16
9.931164624263450605e+03 1.568628426351055989e-16
9.935245429561600758e+03 1.277529106500746575e-16
9.939326234859749093e+03 1.190762174705172801e-16
9.943407040157899246e+03 1.297347136644372660e-16
9.947487845456060313e+03 1.778873260929868812e-16
9.951568650754210466e+03 2.091966824845769884e-16
9.955649456052360620e+03 2.058300249638845961e-16
9.959730261350510773e+03 2.064456888408382643e-16
9.963811066648659107e+03 1.962735793507307966e-16
9.967891871946809260e+03 1.622751877803375491e-16
9.971972677244970328e+03 1.013977108069260779e-16
9.976053482543120481e+03 9.922262052505199832e-17
9.980134287841270634e+03 1.485443572711217194e-16
9.984215093139420787e+03 1.864985310798125697e-16
9.988295898437569122e+03 1.898709594588832450e-16
