3301.06  4.001882E-16
3303.44  3.830816E-16
3305.82  1.110194E-16
3308.2  8.039341E-17
3310.581  2.158414E-16
3312.961  2.268819E-16
3315.341  1.863699E-16
3317.721  1.003112E-16
3320.101  6.970599E-17
3322.481  6.755642E-17
3324.861  1.436858E-16
3327.241  1.468957E-16
3329.622  2.961514E-16
3332.002  3.714208E-16
3334.382  2.501390E-16
3336.762  1.733732E-16
3339.142  1.325343E-16
3341.522  1.510614E-16
3343.902  1.900941E-16
3346.282  2.620183E-16
3348.663  2.212210E-16
3351.043  2.026134E-16
3353.423  2.080407E-16
3355.803  1.452574E-16
3358.183  1.531870E-17
3360.563  2.652543E-17
3362.943  1.283095E-16
3365.323  2.074216E-16
3367.704  2.172773E-16
3370.084  2.298247E-16
3372.464  7.084753E-17
3374.844  1.013175E-16
3377.224  2.328555E-16
3379.604  2.820187E-16
3381.984  2.735088E-16
3384.365  2.364894E-16
3386.745  1.964029E-16
3389.125  2.124527E-16
3391.505  1.966809E-16
3393.885  1.518687E-16
3396.265  2.189389E-16
3398.646  2.269504E-16
3401.026  1.910255E-16
3403.406  1.429710E-16
3405.786  6.021130E-17
3408.166  1.597731E-16
3410.546  1.880064E-16
3412.926  1.899143E-16
3415.306  1.157937E-16
3417.687  5.851685E-17
3420.067  1.008947E-16
3422.447  1.511325E-16
3424.827  1.700031E-16
3427.207  1.780610E-16
3429.587  2.037108E-16
3431.967  1.857772E-16
3434.347  7.434631E-17
3436.728  7.695376E-17
3439.108  1.875018E-16
3441.488  1.403711E-16
3443.868  1.275757E-16
3446.248  1.339120E-16
3448.628  1.753272E-16
3451.008  2.314387E-16
3453.388  1.751376E-16
3455.769  1.447200E-16
3458.149  1.727677E-16
3460.529  1.169412E-16
3462.909  1.705021E-16
3465.289  1.822084E-16
3467.669  1.892401E-16
3470.049  1.440903E-16
3472.429  1.635925E-16
3474.81  1.692598E-16
3477.19  2.034736E-16
3479.57  1.601622E-16
3481.95  1.050672E-16
3484.33  1.452414E-16
3486.71  1.500935E-16
3489.09  1.377265E-16
3491.47  1.909125E-16
3493.851  1.652947E-16
3496.231  1.402050E-16
3498.611  2.048725E-16
3500.991  1.628618E-16
3503.371  2.576704E-16
3505.751  2.909661E-16
3508.131  1.781866E-16
3510.511  1.627177E-16
3512.892  1.813808E-16
3515.272  2.272858E-16
3517.652  2.501293E-16
3520.032  2.451764E-16
3522.412  1.883254E-16
3524.792  1.982035E-16
3527.172  2.104303E-16
3529.552  2.165477E-16
3531.933  2.475738E-16
3534.313  2.587459E-16
3536.693  2.269875E-16
3539.073  2.415938E-16
3541.453  2.146782E-16
3543.833  2.208900E-16
3546.213  2.570839E-16
3548.594  2.380313E-16
3550.974  1.812621E-16
3553.354  1.932255E-16
3555.734  1.825403E-16
3558.114  1.975593E-16
3560.494  1.695118E-16
3562.875  1.627442E-16
3565.255  1.675604E-16
3567.635  2.126994E-16
3570.015  2.566881E-16
3572.395  2.427067E-16
3574.775  2.085651E-16
3577.155  1.908320E-16
3579.535  2.619539E-16
3581.916  2.977840E-16
3584.296  3.131269E-16
3586.676  2.584609E-16
3589.056  2.776069E-16
3591.436  2.389635E-16
3593.816  2.237436E-16
3596.196  2.442570E-16
3598.576  2.685725E-16
3600.957  2.641806E-16
3603.337  2.259779E-16
3605.717  2.145112E-16
3608.097  2.262670E-16
3610.477  1.953858E-16
3612.857  1.579027E-16
3615.237  1.336047E-16
3617.617  1.381857E-16
3619.998  1.297173E-16
3622.378  1.397319E-16
3624.758  1.581182E-16
3627.138  1.148918E-16
3629.518  1.098341E-16
3631.898  2.136008E-16
3634.278  2.616482E-16
3636.658  2.052423E-16
3639.039  2.168266E-16
3641.419  2.951939E-16
3643.799  3.176492E-16
3646.179  2.761084E-16
3648.559  2.469828E-16
3650.939  1.994978E-16
3653.319  2.341706E-16
3655.699  2.323824E-16
3658.08  2.513534E-16
3660.46  2.608100E-16
3662.84  2.225935E-16
3665.22  2.369988E-16
3667.6  2.575994E-16
3669.98  2.328946E-16
3672.36  2.224741E-16
3674.74  2.574961E-16
3677.121  2.487345E-16
3679.501  2.355092E-16
3681.881  1.830086E-16
3684.261  1.718917E-16
3686.641  2.113486E-16
3689.021  2.048039E-16
3691.401  2.075587E-16
3693.781  2.477841E-16
3696.162  2.343531E-16
3698.542  1.904049E-16
3700.922  2.102740E-16
3703.302  2.330468E-16
3705.682  1.764325E-16
3708.062  1.820410E-16
3710.442  2.168573E-16
3712.823  2.096352E-16
3715.203  2.024148E-16
3717.583  2.504399E-16
3719.963  2.407714E-16
3722.343  2.276497E-16
3724.723  2.111702E-16
3727.103  2.422062E-16
3729.483  2.759176E-16
3731.864  2.260558E-16
3734.244  2.044736E-16
3736.624  2.057625E-16
3739.004  2.236358E-16
3741.384  2.272788E-16
3743.764  2.472325E-16
3746.145  2.622846E-16
3748.525  2.144945E-16
3750.905  1.988476E-16
3753.285  1.920663E-16
3755.665  1.872974E-16
3758.045  1.903709E-16
3760.425  2.241752E-16
3762.805  2.468338E-16
3765.186  2.314556E-16
3767.566  2.261070E-16
3769.946  2.182095E-16
3772.326  2.055874E-16
3774.706  2.350460E-16
3777.086  2.567730E-16
3779.466  2.519236E-16
3781.846  2.208501E-16
3784.227  2.165221E-16
3786.607  2.163942E-16
3788.987  1.995877E-16
3791.367  2.090039E-16
3793.747  2.200915E-16
3796.127  2.111842E-16
3798.507  2.224303E-16
3800.887  1.782116E-16
3803.268  1.869715E-16
3805.648  2.373819E-16
3808.028  2.254728E-16
3810.408  2.022466E-16
3812.788  2.122268E-16
3815.168  2.450895E-16
3817.548  2.821085E-16
3819.928  2.342860E-16
3822.309  2.176849E-16
3824.689  2.520339E-16
3827.069  2.496145E-16
3829.449  2.550370E-16
3831.829  2.698547E-16
3834.209  2.492581E-16
3836.589  2.557334E-16
3838.969  2.510202E-16
3841.35  2.061467E-16
3843.73  2.273292E-16
3846.11  2.337144E-16
3848.49  2.374555E-16
3850.87  2.115365E-16
3853.25  2.247831E-16
3855.63  2.205442E-16
3858.01  1.940241E-16
3860.391  2.516966E-16
3862.771  2.693957E-16
3865.151  2.492016E-16
3867.531  2.301979E-16
3869.911  2.246773E-16
3872.291  2.395406E-16
3874.671  2.459109E-16
3877.052  2.112892E-16
3879.432  2.206757E-16
3881.812  2.280853E-16
3884.192  2.486937E-16
3886.572  2.890005E-16
3888.952  3.096947E-16
3891.332  3.020812E-16
3893.712  2.598004E-16
3896.093  2.551836E-16
3898.473  2.511664E-16
3900.853  2.603214E-16
3903.233  2.381047E-16
3905.613  2.219546E-16
3907.993  2.338097E-16
3910.374  2.657276E-16
3912.754  2.578457E-16
3915.134  2.676735E-16
3917.514  2.547553E-16
3919.894  2.191988E-16
3922.274  2.266835E-16
3924.654  2.414095E-16
3927.034  2.633507E-16
3929.415  2.458111E-16
3931.795  2.308292E-16
3934.175  2.395754E-16
3936.555  2.622357E-16
3938.935  2.718352E-16
3941.315  2.562346E-16
3943.695  2.351420E-16
3946.075  2.747166E-16
3948.456  2.777140E-16
3950.836  2.398576E-16
3953.216  2.412409E-16
3955.596  2.388908E-16
3957.976  2.176792E-16
3960.356  2.344147E-16
3962.736  2.366814E-16
3965.116  2.272575E-16
3967.497  2.142591E-16
3969.877  2.630604E-16
3972.257  3.064605E-16
3974.637  3.193585E-16
3977.017  2.975417E-16
3979.397  2.490994E-16
3981.777  2.307484E-16
3984.157  2.398711E-16
3986.538  2.501680E-16
3988.918  2.549141E-16
3991.298  2.747256E-16
3993.678  2.864021E-16
3996.058  2.671296E-16
3998.438  2.612538E-16
4000.818  2.688565E-16
4003.198  2.453627E-16
4005.579  2.476171E-16
4007.959  2.393341E-16
4010.339  2.398866E-16
4012.719  2.622393E-16
4015.099  2.674106E-16
4017.479  2.737975E-16
4019.859  2.586086E-16
4022.24  2.602097E-16
4024.62  2.825611E-16
4027.  2.893104E-16
4029.38  2.610488E-16
4031.76  2.690222E-16
4034.14  2.802415E-16
4036.52  2.627738E-16
4038.9  2.603591E-16
4041.281  2.401910E-16
4043.661  2.487669E-16
4046.041  2.437342E-16
4048.421  2.168578E-16
4050.801  2.301063E-16
4053.181  2.341880E-16
4055.561  1.902336E-16
4057.941  2.023596E-16
4060.322  2.417477E-16
4062.702  2.474627E-16
4065.082  2.465430E-16
4067.462  2.458537E-16
4069.842  2.204972E-16
4072.222  2.257771E-16
4074.602  2.149896E-16
4076.982  1.993203E-16
4079.363  2.310040E-16
4081.743  2.306992E-16
4084.123  2.200682E-16
4086.503  2.214280E-16
4088.883  2.201670E-16
4091.263  2.250680E-16
4093.644  2.271138E-16
4096.023  2.424616E-16
4098.404  2.536668E-16
4100.784  2.463905E-16
4103.164  2.512984E-16
4105.544  2.867153E-16
4107.924  2.833530E-16
4110.304  2.722734E-16
4112.685  2.347881E-16
4115.064  2.205039E-16
4117.445  2.157778E-16
4119.825  2.590297E-16
4122.205  2.778730E-16
4124.585  2.509757E-16
4126.965  2.275970E-16
4129.345  2.429855E-16
4131.726  2.585512E-16
4134.105  2.665492E-16
4136.486  2.787512E-16
4138.866  2.874692E-16
4141.246  2.955857E-16
4143.626  2.707516E-16
4146.006  2.627488E-16
4148.386  2.770859E-16
4150.767  2.920075E-16
4153.146  2.883604E-16
4155.527  2.929701E-16
4157.907  2.843778E-16
4160.287  2.537238E-16
4162.667  2.804308E-16
4165.047  2.737118E-16
4167.428  2.712757E-16
4169.808  2.347068E-16
4172.188  2.500394E-16
4174.568  2.484617E-16
4176.948  2.520584E-16
4179.328  2.622904E-16
4181.708  2.481497E-16
4184.088  2.534279E-16
4186.469  2.538010E-16
4188.849  2.548160E-16
4191.229  2.362322E-16
4193.609  2.332592E-16
4195.989  2.184003E-16
4198.369  2.362793E-16
4200.75  2.290781E-16
4203.129  1.945228E-16
4205.51  2.096744E-16
4207.89  2.065930E-16
4210.27  1.875646E-16
4212.65  2.185217E-16
4215.03  2.267137E-16
4217.41  2.177317E-16
4219.791  2.170965E-16
4222.17  2.242603E-16
4224.551  2.284954E-16
4226.931  2.059849E-16
4229.311  1.984532E-16
4231.691  2.152547E-16
4234.071  2.177099E-16
4236.451  2.196082E-16
4238.832  2.006180E-16
4241.211  2.083455E-16
4243.592  2.248314E-16
4245.972  2.173525E-16
4248.352  2.068319E-16
4250.732  2.114500E-16
4253.112  2.301552E-16
4255.492  2.602382E-16
4257.873  2.447520E-16
4260.252  2.397240E-16
4262.633  2.431615E-16
4265.013  2.296197E-16
4267.393  2.197196E-16
4269.773  2.481395E-16
4272.153  2.717971E-16
4274.533  2.721870E-16
4276.914  2.199549E-16
4279.293  2.176728E-16
4281.674  2.512915E-16
4284.054  2.421904E-16
4286.434  2.602847E-16
4288.814  2.686315E-16
4291.194  2.622184E-16
4293.574  2.650909E-16
4295.955  2.496482E-16
4298.334  2.238282E-16
4300.715  2.360522E-16
4303.095  2.756167E-16
4305.475  2.715682E-16
4307.855  2.675775E-16
4310.235  2.761790E-16
4312.615  2.774687E-16
4314.996  2.544538E-16
4317.375  2.704630E-16
4319.756  2.965754E-16
4322.136  2.548540E-16
4324.516  2.218354E-16
4326.896  2.267791E-16
4329.276  2.585321E-16
4331.656  2.738882E-16
4334.037  2.710352E-16
4336.417  2.514897E-16
4338.797  2.542582E-16
4341.177  2.951249E-16
4343.557  2.999662E-16
4345.937  2.944958E-16
4348.317  2.728278E-16
4350.698  2.545590E-16
4353.078  2.809545E-16
4355.458  3.172730E-16
4357.838  3.004737E-16
4360.218  2.846807E-16
4362.598  2.643383E-16
4364.979  2.707202E-16
4367.358  2.819380E-16
4369.739  2.982671E-16
4372.119  3.061310E-16
4374.499  2.855124E-16
4376.879  2.687525E-16
4379.259  2.631821E-16
4381.639  2.795698E-16
4384.02  3.065567E-16
4386.399  3.041147E-16
4388.78  2.935203E-16
4391.16  3.074457E-16
4393.54  3.346854E-16
4395.92  3.151332E-16
4398.3  2.782088E-16
4400.68  2.777766E-16
4403.061  2.980674E-16
4405.44  2.656534E-16
4407.821  2.537897E-16
4410.201  2.980616E-16
4412.581  2.896394E-16
4414.961  2.684986E-16
4417.341  2.789615E-16
4419.721  3.076705E-16
4422.102  3.133150E-16
4424.481  2.917766E-16
4426.862  2.694955E-16
4429.242  2.549370E-16
4431.622  2.712313E-16
4434.002  2.989962E-16
4436.382  3.107451E-16
4438.762  2.836622E-16
4441.143  2.573037E-16
4443.522  2.722857E-16
4445.903  2.944899E-16
4448.283  3.039013E-16
4450.663  2.949077E-16
4453.043  2.745479E-16
4455.423  2.679173E-16
4457.803  2.687620E-16
4460.184  2.515382E-16
4462.563  2.536107E-16
4464.944  2.784693E-16
4467.324  2.835943E-16
4469.704  2.547302E-16
4472.084  2.426879E-16
4474.464  2.449683E-16
4476.844  2.619991E-16
4479.225  2.813131E-16
4481.604  2.676989E-16
4483.985  2.414822E-16
4486.365  2.477343E-16
4488.745  2.567034E-16
4491.125  2.523259E-16
4493.505  2.575513E-16
4495.885  2.570071E-16
4498.266  2.422904E-16
4500.646  2.319357E-16
4503.026  2.497103E-16
4505.406  2.622831E-16
4507.786  2.553098E-16
4510.166  2.361543E-16
4512.546  2.315181E-16
4514.927  2.400274E-16
4517.307  2.315682E-16
4519.687  2.116245E-16
4522.067  2.369764E-16
4524.447  2.333504E-16
4526.827  2.247997E-16
4529.208  2.344968E-16
4531.587  2.447168E-16
4533.968  2.338279E-16
4536.348  2.400744E-16
4538.728  2.316492E-16
4541.108  2.392831E-16
4543.488  2.598391E-16
4545.868  2.725362E-16
4548.249  2.637429E-16
4550.628  2.540836E-16
4553.009  2.593134E-16
4555.389  2.529736E-16
4557.769  2.408628E-16
4560.149  2.338783E-16
4562.529  2.285801E-16
4564.909  2.384140E-16
4567.29  2.284283E-16
4569.669  2.334870E-16
4572.05  2.395298E-16
4574.43  2.534811E-16
4576.81  2.271598E-16
4579.19  2.268851E-16
4581.57  2.742452E-16
4583.95  2.559012E-16
4586.331  2.477004E-16
4588.71  2.276949E-16
4591.091  2.348078E-16
4593.471  2.393863E-16
4595.851  2.534621E-16
4598.231  2.443736E-16
4600.611  2.194663E-16
4602.991  2.159361E-16
4605.372  2.186254E-16
4607.751  2.364308E-16
4610.132  2.311993E-16
4612.512  2.273164E-16
4614.892  2.303393E-16
4617.272  2.194386E-16
4619.652  2.131997E-16
4622.032  2.228530E-16
4624.413  2.273759E-16
4626.792  2.381617E-16
4629.173  2.227066E-16
4631.553  2.180546E-16
4633.933  2.422861E-16
4636.313  2.336873E-16
4638.693  2.201584E-16
4641.073  2.016380E-16
4643.454  1.982626E-16
4645.833  1.965009E-16
4648.214  1.943395E-16
4650.594  2.105547E-16
4652.974  2.199162E-16
4655.354  2.282098E-16
4657.734  2.545720E-16
4660.114  2.285895E-16
4662.495  2.041606E-16
4664.875  2.043553E-16
4667.255  1.819112E-16
4669.635  1.847931E-16
4672.015  1.748385E-16
4674.395  1.894744E-16
4676.775  2.237011E-16
4679.155  2.290735E-16
4681.536  2.285789E-16
4683.916  2.133273E-16
4686.296  2.016598E-16
4688.676  1.877661E-16
4691.056  1.955447E-16
4693.437  2.246888E-16
4695.816  2.207155E-16
4698.197  2.156153E-16
4700.577  2.175868E-16
4702.957  2.103414E-16
4705.337  2.055417E-16
4707.717  2.310863E-16
4710.097  2.271658E-16
4712.478  2.006479E-16
4714.857  1.986658E-16
4717.238  2.045545E-16
4719.618  2.063384E-16
4721.998  2.080221E-16
4724.378  1.938401E-16
4726.758  1.751601E-16
4729.138  1.743937E-16
4731.519  2.195860E-16
4733.898  2.452887E-16
4736.279  2.199816E-16
4738.659  1.763902E-16
4741.039  1.903565E-16
4743.419  2.194788E-16
4745.799  2.293862E-16
4748.179  2.236324E-16
4750.56  1.868063E-16
4752.939  1.772952E-16
4755.32  2.029202E-16
4757.7  2.179324E-16
4760.08  2.052981E-16
4762.46  1.961380E-16
4764.84  2.008588E-16
4767.22  2.308050E-16
4769.601  2.524905E-16
4771.98  2.401734E-16
4774.361  2.190995E-16
4776.741  2.387771E-16
4779.121  2.380221E-16
4781.501  2.300778E-16
4783.881  2.111540E-16
4786.261  2.144564E-16
4788.642  2.260172E-16
4791.021  2.058706E-16
4793.402  1.948349E-16
4795.782  1.921306E-16
4798.162  2.086780E-16
4800.542  2.249801E-16
4802.922  2.251752E-16
4805.302  2.315037E-16
4807.683  2.377192E-16
4810.062  2.125929E-16
4812.443  1.934766E-16
4814.823  1.925373E-16
4817.203  1.955020E-16
4819.583  1.959414E-16
4821.963  2.064841E-16
4824.343  2.131281E-16
4826.724  2.111363E-16
4829.104  2.163876E-16
4831.484  1.978054E-16
4833.864  1.803403E-16
4836.244  1.839435E-16
4838.624  1.907471E-16
4841.004  2.007418E-16
4843.384  2.118434E-16
4845.765  1.973598E-16
4848.145  1.824541E-16
4850.525  1.941014E-16
4852.905  2.009226E-16
4855.285  1.959587E-16
4857.665  1.743369E-16
4860.045  1.632499E-16
4862.426  1.864774E-16
4864.806  2.154003E-16
4867.186  2.153043E-16
4869.566  2.060147E-16
4871.946  1.943236E-16
4874.326  1.925083E-16
4876.707  1.993375E-16
4879.086  1.886708E-16
4881.467  1.823562E-16
4883.847  1.709281E-16
4886.227  1.920228E-16
4888.607  2.099616E-16
4890.987  1.771145E-16
4893.367  1.802060E-16
4895.748  1.840147E-16
4898.127  2.002680E-16
4900.508  2.107114E-16
4902.888  1.726057E-16
4905.268  1.575380E-16
4907.648  1.870744E-16
4910.028  2.083894E-16
4912.408  2.022423E-16
4914.789  1.851897E-16
4917.168  1.842116E-16
4919.549  1.807800E-16
4921.929  1.664134E-16
4924.309  1.961687E-16
4926.689  1.977227E-16
4929.069  1.846846E-16
4931.449  1.929305E-16
4933.83  1.868955E-16
4936.209  1.802657E-16
4938.59  1.773986E-16
4940.97  1.747438E-16
4943.35  1.955891E-16
4945.73  2.099548E-16
4948.11  2.179099E-16
4950.49  2.392664E-16
4952.871  2.376343E-16
4955.25  2.187383E-16
4957.631  1.997312E-16
4960.011  1.981959E-16
4962.391  2.310926E-16
4964.771  2.512528E-16
4967.151  2.288471E-16
4969.531  2.458603E-16
4971.912  2.341501E-16
4974.292  2.368920E-16
4976.672  2.174294E-16
4979.052  2.178390E-16
4981.432  1.895297E-16
4983.812  1.722417E-16
4986.192  2.238949E-16
4988.572  2.543508E-16
4990.953  2.690641E-16
4993.333  2.562334E-16
4995.713  2.648742E-16
4998.093  2.635161E-16
5000.473  2.551474E-16
5002.853  2.163120E-16
5005.233  2.299223E-16
5007.613  2.443088E-16
5009.994  2.726940E-16
5012.374  2.795155E-16
5014.754  2.722027E-16
5017.134  2.670771E-16
5019.514  2.756253E-16
5021.894  3.050085E-16
5024.274  3.074802E-16
5026.654  3.208178E-16
5029.035  3.037616E-16
5031.415  2.930803E-16
5033.795  3.003280E-16
5036.175  2.923647E-16
5038.555  2.930272E-16
5040.936  3.147089E-16
5043.315  3.099124E-16
5045.696  3.069234E-16
5048.076  3.022306E-16
5050.456  3.186204E-16
5052.836  3.194466E-16
5055.216  3.360995E-16
5057.596  3.097948E-16
5059.977  3.155337E-16
5062.356  3.186110E-16
5064.737  3.184003E-16
5067.117  3.272726E-16
5069.497  3.150985E-16
5071.877  2.985574E-16
5074.257  3.444642E-16
5076.637  3.665760E-16
5079.018  3.587216E-16
5081.397  3.543183E-16
5083.778  3.231620E-16
5086.158  3.060009E-16
5088.538  2.972155E-16
5090.918  2.882013E-16
5093.298  2.726706E-16
5095.678  2.487990E-16
5098.059  2.613085E-16
5100.438  3.330002E-16
5102.819  3.046587E-16
5105.199  3.002839E-16
5107.579  2.757069E-16
5109.959  2.276203E-16
5112.339  3.273014E-16
5114.719  3.798231E-16
5117.1  3.839782E-16
5119.479  3.609285E-16
5121.86  3.070777E-16
5124.24  2.738410E-16
5126.62  2.784212E-16
5129.  2.786092E-16
5131.38  3.006668E-16
5133.76  3.502390E-16
5136.141  3.944552E-16
5138.521  3.540434E-16
5140.901  3.018740E-16
5143.281  3.003389E-16
5145.661  3.172220E-16
5148.041  2.773280E-16
5150.421  2.814440E-16
5152.801  3.365345E-16
5155.182  3.251871E-16
5157.562  3.473115E-16
5159.942  3.552403E-16
5162.322  2.929324E-16
5164.702  2.715941E-16
5167.082  2.987634E-16
5169.462  3.221122E-16
5171.842  3.211733E-16
5174.223  3.159929E-16
5176.603  3.122288E-16
5178.983  3.318960E-16
5181.363  3.410463E-16
5183.743  3.104631E-16
5186.123  2.783464E-16
5188.503  2.985017E-16
5190.883  3.215654E-16
5193.264  3.231886E-16
5195.644  3.184061E-16
5198.024  3.197141E-16
5200.404  3.182634E-16
5202.784  2.885139E-16
5205.165  2.680055E-16
5207.544  2.917555E-16
5209.925  3.125168E-16
5212.305  2.722511E-16
5214.685  2.595042E-16
5217.065  2.732722E-16
5219.445  2.903622E-16
5221.825  2.891179E-16
5224.206  2.601874E-16
5226.585  2.321772E-16
5228.966  2.404708E-16
5231.346  2.794103E-16
5233.726  3.039707E-16
5236.106  2.845702E-16
5238.486  2.483066E-16
5240.866  2.353100E-16
5243.247  2.434891E-16
5245.626  2.317668E-16
5248.007  2.107107E-16
5250.387  2.321514E-16
5252.767  2.409331E-16
5255.147  2.145937E-16
5257.527  1.836531E-16
5259.907  1.991641E-16
5262.288  2.510811E-16
5264.667  2.518475E-16
5267.048  2.482085E-16
5269.428  2.441218E-16
5271.808  2.380845E-16
5274.188  2.331070E-16
5276.568  2.122264E-16
5278.948  2.170926E-16
5281.329  2.419162E-16
5283.708  2.567625E-16
5286.089  2.456457E-16
5288.469  2.302104E-16
5290.849  2.579207E-16
5293.229  2.703715E-16
5295.609  2.580040E-16
5297.989  2.541477E-16
5300.37  2.527177E-16
5302.75  2.153056E-16
5305.13  1.988947E-16
5307.51  2.168341E-16
5309.89  2.229985E-16
5312.27  1.980991E-16
5314.65  1.950841E-16
5317.03  2.338491E-16
5319.411  2.434433E-16
5321.791  2.241204E-16
5324.171  2.102466E-16
5326.551  1.995790E-16
5328.931  2.308178E-16
5331.311  2.335513E-16
5333.691  2.207018E-16
5336.071  2.256518E-16
5338.452  2.335027E-16
5340.832  2.472123E-16
5343.212  2.419829E-16
5345.592  2.224706E-16
5347.972  2.082585E-16
5350.352  2.080638E-16
5352.732  2.189190E-16
5355.112  2.362114E-16
5357.493  2.320594E-16
5359.873  2.264727E-16
5362.253  2.343134E-16
5364.633  2.245493E-16
5367.013  2.143789E-16
5369.393  2.154483E-16
5371.773  2.199240E-16
5374.153  2.091288E-16
5376.534  1.941142E-16
5378.914  2.201989E-16
5381.294  2.254202E-16
5383.674  2.143512E-16
5386.054  2.202039E-16
5388.435  2.362256E-16
5390.814  2.347931E-16
5393.195  2.299431E-16
5395.575  2.241265E-16
5397.955  2.180981E-16
5400.335  2.237555E-16
5402.715  2.432813E-16
5405.095  2.412536E-16
5407.476  2.237667E-16
5409.855  2.205916E-16
5412.236  2.343278E-16
5414.616  2.413702E-16
5416.996  2.424673E-16
5419.376  2.523685E-16
5421.756  2.671241E-16
5424.136  2.641484E-16
5426.517  2.403943E-16
5428.896  2.301354E-16
5431.277  2.445286E-16
5433.657  2.593136E-16
5436.037  2.497730E-16
5438.417  2.345151E-16
5440.797  2.485834E-16
5443.177  2.584596E-16
5445.558  2.639424E-16
5447.937  2.702219E-16
5450.318  2.675793E-16
5452.698  2.525222E-16
5455.078  2.498801E-16
5457.458  2.600087E-16
5459.838  2.669595E-16
5462.218  2.627157E-16
5464.599  2.627910E-16
5466.979  2.826740E-16
5469.359  2.822693E-16
5471.739  2.773330E-16
5474.119  2.686640E-16
5476.499  2.567132E-16
5478.879  2.653391E-16
5481.259  2.646135E-16
5483.64  2.520785E-16
5486.02  2.357492E-16
5488.4  2.334342E-16
5490.78  2.503163E-16
5493.16  2.519983E-16
5495.54  2.522918E-16
5497.92  2.620170E-16
5500.3  2.664147E-16
5502.681  2.550257E-16
5505.061  2.473080E-16
5507.441  2.481726E-16
5509.821  2.470126E-16
5512.201  2.363744E-16
5514.581  2.287806E-16
5516.961  2.394020E-16
5519.341  2.456628E-16
5521.722  2.413498E-16
5524.102  2.343692E-16
5526.482  2.407391E-16
5528.862  2.578661E-16
5531.242  2.473550E-16
5533.622  2.219976E-16
5536.002  2.148171E-16
5538.382  2.223827E-16
5540.763  2.288578E-16
5543.143  2.457347E-16
5545.523  2.387031E-16
5547.903  2.261103E-16
5550.283  2.259789E-16
5552.664  2.305519E-16
5555.043  2.300553E-16
5557.424  2.245535E-16
5559.804  2.145934E-16
5562.184  2.067841E-16
5564.564  2.018524E-16
5566.944  1.945244E-16
5569.324  1.933427E-16
5571.705  2.132683E-16
5574.084  2.214349E-16
5576.465  2.077185E-16
5578.845  2.128681E-16
5581.225  2.258925E-16
5583.605  2.044039E-16
5585.985  2.087567E-16
5588.365  2.388742E-16
5590.746  2.440084E-16
5593.125  2.400357E-16
5595.506  2.266179E-16
5597.886  2.267596E-16
5600.266  2.259038E-16
5602.646  2.116673E-16
5605.026  2.022128E-16
5607.406  1.999552E-16
5609.787  2.110048E-16
5612.167  2.162847E-16
5614.547  2.155870E-16
5616.927  2.224937E-16
5619.307  2.233210E-16
5621.687  2.205127E-16
5624.067  2.154539E-16
5626.447  2.178329E-16
5628.828  2.265574E-16
5631.208  2.267268E-16
5633.588  2.342408E-16
5635.968  2.355840E-16
5638.348  2.306998E-16
5640.728  2.265966E-16
5643.108  2.216849E-16
5645.488  2.201165E-16
5647.869  2.210228E-16
5650.249  2.269705E-16
5652.629  2.237202E-16
5655.009  2.082155E-16
5657.389  2.141007E-16
5659.769  2.211586E-16
5662.149  2.138666E-16
5664.529  2.045894E-16
5666.91  2.058209E-16
5669.29  2.096802E-16
5671.67  2.169578E-16
5674.05  2.248948E-16
5676.43  2.169700E-16
5678.81  2.069563E-16
5681.19  2.198150E-16
5683.57  2.181099E-16
5685.951  2.190710E-16
5688.331  2.254538E-16
5690.711  2.278064E-16
5693.091  2.258349E-16
5695.471  2.242701E-16
5697.851  2.212368E-16
5700.231  2.165033E-16
5702.611  2.096552E-16
5704.992  2.045546E-16
5707.372  2.074039E-16
5709.752  2.106662E-16
5712.132  2.187779E-16
5714.512  2.220874E-16
5716.892  2.173834E-16
5719.272  2.176877E-16
5721.652  2.194872E-16
5724.033  2.155845E-16
5726.413  2.089361E-16
5728.793  2.092118E-16
5731.173  2.170234E-16
5733.553  2.210888E-16
5735.934  2.276188E-16
5738.313  2.360895E-16
5740.694  2.243363E-16
5743.074  2.020278E-16
5745.454  2.122247E-16
5747.834  2.141572E-16
5750.214  2.145022E-16
5752.594  2.208660E-16
5754.975  2.209953E-16
5757.354  2.103959E-16
5759.735  2.094500E-16
5762.115  2.089718E-16
5764.495  2.154552E-16
5766.875  2.274569E-16
5769.255  2.315362E-16
5771.635  2.311302E-16
5774.016  2.266015E-16
5776.396  2.358774E-16
5778.776  2.464139E-16
5781.156  2.399522E-16
5783.536  2.355676E-16
5785.916  2.430312E-16
5788.296  2.454745E-16
5790.676  2.443893E-16
5793.057  2.435957E-16
5795.437  2.406272E-16
5797.817  2.534723E-16
5800.197  2.483702E-16
5802.577  2.401133E-16
5804.957  2.439126E-16
5807.337  2.438033E-16
5809.717  2.376494E-16
5812.098  2.360901E-16
5814.478  2.364806E-16
5816.858  2.411019E-16
5819.238  2.466505E-16
5821.618  2.441768E-16
5823.998  2.651958E-16
5826.378  2.721780E-16
5828.758  2.558612E-16
5831.139  2.427742E-16
5833.519  2.483421E-16
5835.899  2.672993E-16
5838.279  2.680602E-16
5840.659  2.609327E-16
5843.039  2.608350E-16
5845.419  2.615137E-16
5847.799  2.632849E-16
5850.18  2.697985E-16
5852.56  2.695477E-16
5854.94  2.667952E-16
5857.32  2.695701E-16
5859.7  2.681587E-16
5862.08  2.677818E-16
5864.46  2.579528E-16
5866.84  2.487101E-16
5869.221  2.525756E-16
5871.601  2.581956E-16
5873.981  2.535349E-16
5876.361  2.565335E-16
5878.741  2.558342E-16
5881.121  2.524465E-16
5883.501  2.626114E-16
5885.881  2.696927E-16
5888.262  2.738398E-16
5890.642  2.737905E-16
5893.022  2.807589E-16
5895.402  2.882499E-16
5897.782  2.678716E-16
5900.163  2.560189E-16
5902.542  2.608818E-16
5904.923  2.665422E-16
5907.303  2.658857E-16
5909.683  2.661193E-16
5912.063  2.643322E-16
5914.443  2.634162E-16
5916.823  2.648965E-16
5919.204  2.649844E-16
5921.583  2.634792E-16
5923.964  2.684037E-16
5926.344  2.708262E-16
5928.724  2.725833E-16
5931.104  2.702584E-16
5933.484  2.606245E-16
5935.864  2.553705E-16
5938.245  2.600762E-16
5940.625  2.678775E-16
5943.005  2.640366E-16
5945.385  2.546505E-16
5947.765  2.579001E-16
5950.145  2.551664E-16
5952.525  2.429628E-16
5954.905  2.494238E-16
5957.286  2.680107E-16
5959.666  2.659248E-16
5962.046  2.583216E-16
5964.426  2.564168E-16
5966.806  2.524907E-16
5969.186  2.528246E-16
5971.566  2.612111E-16
5973.946  2.597465E-16
5976.327  2.628301E-16
5978.707  2.654471E-16
5981.087  2.609823E-16
5983.467  2.571230E-16
5985.847  2.611257E-16
5988.227  2.577349E-16
5990.607  2.497052E-16
5992.987  2.452865E-16
5995.368  2.458903E-16
5997.748  2.455598E-16
6000.128  2.412674E-16
6002.508  2.442593E-16
6004.888  2.459790E-16
6007.268  2.450388E-16
6009.648  2.489552E-16
6012.028  2.528394E-16
6014.409  2.511167E-16
6016.789  2.623665E-16
6019.169  2.660373E-16
6021.549  2.513863E-16
6023.929  2.470838E-16
6026.309  2.422326E-16
6028.689  2.455537E-16
6031.069  2.468213E-16
6033.45  2.404948E-16
6035.83  2.386744E-16
6038.21  2.445169E-16
6040.59  2.566024E-16
6042.97  2.628101E-16
6045.35  2.517792E-16
6047.73  2.357026E-16
6050.11  2.386538E-16
6052.491  2.378154E-16
6054.871  2.444943E-16
6057.251  2.592509E-16
6059.631  2.632871E-16
6062.011  2.528144E-16
6064.391  2.503906E-16
6066.771  2.440723E-16
6069.152  2.421082E-16
6071.532  2.448150E-16
6073.912  2.396191E-16
6076.292  2.411926E-16
6078.672  2.469870E-16
6081.052  2.445712E-16
6083.433  2.372985E-16
6085.812  2.353645E-16
6088.193  2.352763E-16
6090.573  2.376144E-16
6092.953  2.440226E-16
6095.333  2.425614E-16
6097.713  2.336036E-16
6100.093  2.352979E-16
6102.474  2.389205E-16
6104.854  2.388015E-16
6107.234  2.405841E-16
6109.614  2.436958E-16
6111.994  2.394429E-16
6114.374  2.308487E-16
6116.754  2.294313E-16
6119.134  2.393434E-16
6121.515  2.452173E-16
6123.895  2.321261E-16
6126.275  2.135759E-16
6128.655  2.179342E-16
6131.035  2.337845E-16
6133.415  2.416189E-16
6135.795  2.373351E-16
6138.175  2.285778E-16
6140.556  2.228177E-16
6142.936  2.213724E-16
6145.316  2.264387E-16
6147.696  2.293380E-16
6150.076  2.211528E-16
6152.456  2.154276E-16
6154.836  2.100276E-16
6157.216  2.080359E-16
6159.597  2.111766E-16
6161.977  2.119831E-16
6164.357  2.047685E-16
6166.737  2.049625E-16
6169.117  2.109049E-16
6171.497  2.107975E-16
6173.877  2.035791E-16
6176.257  1.995903E-16
6178.638  1.995521E-16
6181.018  2.099964E-16
6183.398  2.195652E-16
6185.778  2.152052E-16
6188.158  2.012934E-16
6190.538  1.925451E-16
6192.918  1.998936E-16
6195.298  2.087270E-16
6197.679  2.052966E-16
6200.059  1.959630E-16
6202.439  1.959258E-16
6204.819  2.055890E-16
6207.199  2.064913E-16
6209.579  1.959580E-16
6211.959  1.915849E-16
6214.339  1.987584E-16
6216.72  1.904143E-16
6219.1  1.856407E-16
6221.48  1.918882E-16
6223.86  1.963705E-16
6226.24  1.903282E-16
6228.62  1.811863E-16
6231.  1.848595E-16
6233.38  1.922359E-16
6235.761  1.953437E-16
6238.141  1.967917E-16
6240.521  1.928663E-16
6242.901  1.790940E-16
6245.281  1.778026E-16
6247.662  1.844436E-16
6250.042  1.825732E-16
6252.422  1.787557E-16
6254.802  1.779439E-16
6257.182  1.775941E-16
6259.562  1.766885E-16
6261.942  1.764235E-16
6264.322  1.766259E-16
6266.703  1.768450E-16
6269.083  1.829607E-16
6271.463  1.861943E-16
6273.843  1.768572E-16
6276.223  1.655187E-16
6278.603  1.703011E-16
6280.983  1.674732E-16
6283.363  1.595402E-16
6285.744  1.546689E-16
6288.124  1.496437E-16
6290.504  1.420431E-16
6292.884  1.446603E-16
6295.264  1.552733E-16
6297.644  1.789256E-16
6300.024  2.016702E-16
6302.404  1.983569E-16
6304.785  1.841796E-16
6307.165  1.763546E-16
6309.545  1.660332E-16
6311.925  1.546719E-16
6314.305  1.558067E-16
6316.685  1.622015E-16
6319.065  1.577668E-16
6321.445  1.603144E-16
6323.826  1.658078E-16
6326.206  1.595200E-16
6328.586  1.539123E-16
6330.966  1.626904E-16
6333.346  1.688776E-16
6335.726  1.672356E-16
6338.106  1.650361E-16
6340.486  1.631468E-16
6342.867  1.566525E-16
6345.247  1.531258E-16
6347.627  1.468775E-16
6350.007  1.402276E-16
6352.387  1.432536E-16
6354.767  1.522674E-16
6357.147  1.616104E-16
6359.527  1.515263E-16
6361.908  1.500200E-16
6364.288  1.663989E-16
6366.668  1.542929E-16
6369.048  1.379810E-16
6371.428  1.370025E-16
6373.808  1.458761E-16
6376.188  1.470387E-16
6378.568  1.387675E-16
6380.949  1.418296E-16
6383.329  1.449553E-16
6385.709  1.409510E-16
6388.089  1.367975E-16
6390.469  1.400882E-16
6392.849  1.460634E-16
6395.229  1.455799E-16
6397.609  1.485885E-16
6399.99  1.432060E-16
6402.37  1.299233E-16
6404.75  1.379624E-16
6407.13  1.433836E-16
6409.51  1.415437E-16
6411.89  1.386507E-16
6414.271  1.364902E-16
6416.651  1.352693E-16
6419.031  1.407439E-16
6421.411  1.400201E-16
6423.791  1.323037E-16
6426.171  1.321760E-16
6428.551  1.418088E-16
6430.932  1.414350E-16
6433.312  1.398533E-16
6435.692  1.317927E-16
6438.072  1.245031E-16
6440.452  1.275863E-16
6442.832  1.318666E-16
6445.212  1.333451E-16
6447.592  1.344151E-16
6449.973  1.348682E-16
6452.353  1.357048E-16
6454.733  1.371803E-16
6457.113  1.317467E-16
6459.493  1.296013E-16
6461.873  1.307598E-16
6464.253  1.341666E-16
6466.633  1.399769E-16
6469.014  1.410183E-16
6471.394  1.383770E-16
6473.774  1.347790E-16
6476.154  1.273306E-16
6478.534  1.219868E-16
6480.914  1.326057E-16
6483.294  1.445953E-16
6485.674  1.449527E-16
6488.055  1.366746E-16
6490.435  1.274940E-16
6492.815  1.228387E-16
6495.195  1.308707E-16
6497.575  1.431074E-16
6499.955  1.436955E-16
6502.335  1.374660E-16
6504.715  1.389785E-16
6507.096  1.425048E-16
6509.476  1.437237E-16
6511.856  1.468896E-16
6514.236  1.512955E-16
6516.616  1.508599E-16
6518.996  1.455881E-16
6521.376  1.438911E-16
6523.756  1.431854E-16
6526.137  1.407300E-16
6528.517  1.374962E-16
6530.897  1.378744E-16
6533.277  1.459272E-16
6535.657  1.427247E-16
6538.037  1.422742E-16
6540.417  1.466198E-16
6542.797  1.396583E-16
6545.178  1.309160E-16
6547.558  1.280306E-16
6549.938  1.326725E-16
6552.318  1.349047E-16
6554.698  1.293351E-16
6557.078  1.277403E-16
6559.458  1.375862E-16
6561.838  1.393993E-16
6564.219  1.395815E-16
6566.599  1.450171E-16
6568.979  1.448267E-16
6571.359  1.469485E-16
6573.739  1.452162E-16
6576.119  1.451080E-16
6578.5  1.506068E-16
6580.879  1.546381E-16
6583.26  1.532306E-16
6585.64  1.559685E-16
6588.02  1.537133E-16
6590.4  1.470014E-16
6592.78  1.438763E-16
6595.161  1.419806E-16
6597.541  1.431537E-16
6599.921  1.430223E-16
6602.301  1.455334E-16
6604.681  1.501457E-16
6607.061  1.490412E-16
6609.441  1.480956E-16
6611.821  1.464438E-16
6614.202  1.477578E-16
6616.582  1.470265E-16
6618.962  1.393291E-16
6621.342  1.387068E-16
6623.722  1.464510E-16
6626.102  1.495625E-16
6628.482  1.427354E-16
6630.862  1.382696E-16
6633.243  1.463603E-16
6635.623  1.472648E-16
6638.003  1.447730E-16
6640.383  1.406154E-16
6642.763  1.371063E-16
6645.143  1.410787E-16
6647.523  1.460555E-16
6649.903  1.504015E-16
6652.284  1.523889E-16
6654.664  1.503514E-16
6657.044  1.469092E-16
6659.424  1.470381E-16
6661.804  1.447530E-16
6664.184  1.429073E-16
6666.564  1.427611E-16
6668.944  1.416124E-16
6671.325  1.405146E-16
6673.705  1.420275E-16
6676.085  1.350892E-16
6678.465  1.268092E-16
6680.845  1.252052E-16
6683.225  1.245375E-16
6685.605  1.286830E-16
6687.985  1.356942E-16
6690.366  1.372714E-16
6692.746  1.339128E-16
6695.126  1.351343E-16
6697.506  1.408811E-16
6699.886  1.353236E-16
6702.266  1.311279E-16
6704.646  1.339231E-16
6707.026  1.328077E-16
6709.407  1.267631E-16
6711.787  1.305833E-16
6714.167  1.322575E-16
6716.547  1.274719E-16
6718.927  1.249577E-16
6721.307  1.270101E-16
6723.688  1.254386E-16
6726.067  1.302237E-16
6728.448  1.319183E-16
6730.828  1.275319E-16
6733.208  1.274360E-16
6735.588  1.295409E-16
6737.968  1.388780E-16
6740.348  1.517433E-16
6742.729  1.569586E-16
6745.108  1.509771E-16
6747.489  1.435865E-16
6749.869  1.396771E-16
6752.249  1.371269E-16
6754.629  1.376727E-16
6757.009  1.450700E-16
6759.389  1.536125E-16
6761.77  1.486048E-16
6764.15  1.428377E-16
6766.53  1.441198E-16
6768.91  1.460643E-16
6771.29  1.433125E-16
6773.67  1.438178E-16
6776.05  1.520202E-16
6778.431  1.547056E-16
6780.811  1.501647E-16
6783.191  1.469966E-16
6785.571  1.465795E-16
6787.951  1.551154E-16
6790.331  1.669737E-16
6792.711  1.707906E-16
6795.091  1.668991E-16
6797.472  1.634478E-16
6799.852  1.543941E-16
6802.232  1.497394E-16
6804.612  1.523131E-16
6806.992  1.565034E-16
6809.372  1.594634E-16
6811.752  1.636976E-16
6814.132  1.646899E-16
6816.513  1.612817E-16
6818.893  1.568511E-16
6821.273  1.564080E-16
6823.653  1.599498E-16
6826.033  1.564688E-16
6828.413  1.532206E-16
6830.793  1.592688E-16
6833.173  1.679229E-16
6835.554  1.670223E-16
6837.934  1.643913E-16
6840.314  1.634157E-16
6842.694  1.617686E-16
6845.074  1.563004E-16
6847.454  1.510073E-16
6849.834  1.554237E-16
6852.214  1.603402E-16
6854.595  1.593580E-16
6856.975  1.521774E-16
6859.355  1.510550E-16
6861.735  1.666530E-16
6864.115  1.637752E-16
6866.495  1.507240E-16
6868.875  1.492087E-16
6871.255  1.553826E-16
6873.636  1.527231E-16
6876.016  1.529045E-16
6878.396  1.542567E-16
6880.776  1.507924E-16
6883.156  1.457068E-16
6885.536  1.472023E-16
6887.917  1.521304E-16
6890.296  1.494366E-16
6892.677  1.456567E-16
6895.057  1.481836E-16
6897.437  1.530404E-16
6899.817  1.525613E-16
6902.197  1.510772E-16
6904.577  1.525715E-16
6906.958  1.590583E-16
6909.337  1.632110E-16
6911.718  1.572616E-16
6914.098  1.486570E-16
6916.478  1.482301E-16
6918.858  1.490510E-16
6921.238  1.484591E-16
6923.618  1.507829E-16
6925.999  1.474825E-16
6928.378  1.474137E-16
6930.759  1.510040E-16
6933.139  1.524651E-16
6935.519  1.511637E-16
6937.899  1.510184E-16
6940.279  1.468964E-16
6942.66  1.423640E-16
6945.04  1.397429E-16
6947.42  1.427605E-16
6949.8  1.522870E-16
6952.18  1.512951E-16
6954.56  1.495179E-16
6956.94  1.490651E-16
6959.32  1.475912E-16
6961.701  1.469009E-16
6964.081  1.463314E-16
6966.461  1.498514E-16
6968.841  1.560581E-16
6971.221  1.599179E-16
6973.601  1.585689E-16
6975.981  1.538001E-16
6978.361  1.495862E-16
6980.742  1.515841E-16
6983.122  1.577447E-16
6985.502  1.594476E-16
6987.882  1.527357E-16
6990.262  1.462406E-16
6992.642  1.480326E-16
6995.022  1.502295E-16
6997.402  1.484337E-16
6999.783  1.493270E-16
7002.163  1.526254E-16
7004.543  1.530450E-16
7006.923  1.574618E-16
7009.303  1.668154E-16
7011.683  1.713954E-16
7014.063  1.665715E-16
7016.443  1.594662E-16
7018.824  1.540367E-16
7021.204  1.512394E-16
7023.584  1.495117E-16
7025.964  1.493126E-16
7028.344  1.585187E-16
7030.724  1.664816E-16
7033.104  1.721055E-16
7035.484  1.736802E-16
7037.865  1.661970E-16
7040.245  1.611291E-16
7042.625  1.712076E-16
7045.005  1.795670E-16
7047.385  1.798021E-16
7049.765  1.778750E-16
7052.146  1.693113E-16
7054.525  1.682352E-16
7056.906  1.752805E-16
7059.286  1.801854E-16
7061.666  1.811864E-16
7064.046  1.859514E-16
7066.426  1.883890E-16
7068.806  1.849045E-16
7071.187  1.770240E-16
7073.566  1.703226E-16
7075.947  1.704303E-16
7078.327  1.776681E-16
7080.707  1.855640E-16
7083.087  1.887407E-16
7085.467  1.900735E-16
7087.847  1.927483E-16
7090.228  1.936504E-16
7092.607  1.979773E-16
7094.988  1.932023E-16
7097.368  1.862743E-16
7099.748  1.893415E-16
7102.128  1.947604E-16
7104.508  1.976432E-16
7106.889  1.937895E-16
7109.269  1.921121E-16
7111.649  1.934846E-16
7114.029  1.899775E-16
7116.409  1.897818E-16
7118.789  1.924394E-16
7121.169  1.948365E-16
7123.549  1.941463E-16
7125.93  1.890063E-16
7128.31  1.817212E-16
7130.69  1.795383E-16
7133.07  1.822729E-16
7135.45  1.861121E-16
7137.83  1.882545E-16
7140.21  1.888554E-16
7142.59  1.906845E-16
7144.971  1.909556E-16
7147.351  1.906775E-16
7149.731  1.896500E-16
7152.111  1.851397E-16
7154.491  1.803378E-16
7156.871  1.785486E-16
7159.251  1.785376E-16
7161.631  1.795653E-16
7164.012  1.850092E-16
7166.392  1.952490E-16
7168.772  1.952974E-16
7171.152  1.858949E-16
7173.532  1.789946E-16
7175.912  1.803254E-16
7178.292  1.830086E-16
7180.672  1.808530E-16
7183.053  1.806771E-16
7185.433  1.817730E-16
7187.813  1.775283E-16
7190.193  1.697381E-16
7192.573  1.697663E-16
7194.953  1.740805E-16
7197.333  1.817271E-16
7199.713  1.849318E-16
7202.094  1.787904E-16
7204.474  1.760849E-16
7206.854  1.786135E-16
7209.234  1.762654E-16
7211.614  1.730765E-16
7213.994  1.770799E-16
7216.375  1.822870E-16
7218.754  1.838483E-16
7221.135  1.841833E-16
7223.515  1.815123E-16
7225.895  1.777412E-16
7228.275  1.756474E-16
7230.655  1.670183E-16
7233.035  1.670555E-16
7235.416  1.749432E-16
7237.795  1.824635E-16
7240.176  1.849175E-16
7242.556  1.806703E-16
7244.936  1.800315E-16
7247.316  1.782163E-16
7249.696  1.789381E-16
7252.076  1.826445E-16
7254.457  1.774334E-16
7256.836  1.733357E-16
7259.217  1.670493E-16
7261.597  1.628702E-16
7263.977  1.654422E-16
7266.357  1.698626E-16
7268.737  1.725295E-16
7271.117  1.764772E-16
7273.498  1.827883E-16
7275.877  1.863243E-16
7278.258  1.829841E-16
7280.638  1.778708E-16
7283.018  1.770067E-16
7285.398  1.738562E-16
7287.778  1.680479E-16
7290.159  1.638028E-16
7292.539  1.605393E-16
7294.919  1.606833E-16
7297.299  1.594647E-16
7299.679  1.568142E-16
7302.059  1.556192E-16
7304.439  1.596913E-16
7306.819  1.737754E-16
7309.2  1.801202E-16
7311.58  1.781380E-16
7313.96  1.698734E-16
7316.34  1.547292E-16
7318.72  1.435268E-16
7321.1  1.451303E-16
7323.48  1.580383E-16
7325.86  1.635509E-16
7328.241  1.506829E-16
7330.621  1.365208E-16
7333.001  1.406115E-16
7335.381  1.523736E-16
7337.761  1.587423E-16
7340.141  1.589810E-16
7342.521  1.551906E-16
7344.901  1.436357E-16
7347.282  1.418493E-16
7349.662  1.496350E-16
7352.042  1.552630E-16
7354.422  1.522502E-16
7356.802  1.424705E-16
7359.182  1.328710E-16
7361.563  1.313477E-16
7363.942  1.387536E-16
7366.323  1.447465E-16
7368.703  1.401494E-16
7371.083  1.373915E-16
7373.463  1.349337E-16
7375.843  1.356832E-16
7378.223  1.425714E-16
7380.604  1.480688E-16
7382.983  1.439226E-16
7385.364  1.397293E-16
7387.744  1.375035E-16
7390.124  1.357310E-16
7392.504  1.355138E-16
7394.884  1.379749E-16
7397.264  1.465826E-16
7399.645  1.478806E-16
7402.024  1.391003E-16
7404.405  1.325291E-16
7406.785  1.355199E-16
7409.165  1.413872E-16
7411.545  1.412128E-16
7413.925  1.344167E-16
7416.305  1.263424E-16
7418.686  1.215571E-16
7421.065  1.216384E-16
7423.446  1.255045E-16
7425.826  1.258126E-16
7428.206  1.220644E-16
7430.586  1.197838E-16
7432.966  1.188097E-16
7435.346  1.213953E-16
7437.727  1.263416E-16
7440.106  1.225141E-16
7442.487  1.124438E-16
7444.867  1.150035E-16
7447.247  1.171670E-16
7449.627  1.238389E-16
7452.007  1.309601E-16
7454.388  1.298464E-16
7456.768  1.218791E-16
7459.148  1.131068E-16
7461.528  1.130121E-16
7463.908  1.191754E-16
7466.288  1.225826E-16
7468.668  1.204545E-16
7471.048  1.187944E-16
7473.429  1.187349E-16
7475.809  1.182987E-16
7478.189  1.174872E-16
7480.569  1.184190E-16
7482.949  1.219920E-16
7485.329  1.262101E-16
7487.709  1.250815E-16
7490.089  1.196293E-16
7492.47  1.155744E-16
7494.85  1.148868E-16
7497.23  1.151030E-16
7499.61  1.190522E-16
7501.99  1.232699E-16
7504.37  1.184777E-16
7506.75  1.085104E-16
7509.13  1.119086E-16
7511.511  1.107899E-16
7513.891  1.072954E-16
7516.271  1.105139E-16
7518.651  1.197337E-16
7521.031  1.267868E-16
7523.411  1.250790E-16
7525.792  1.233951E-16
7528.171  1.246315E-16
7530.552  1.248643E-16
7532.932  1.202808E-16
7535.312  1.085929E-16
7537.692  1.061567E-16
7540.072  1.089371E-16
7542.452  1.100434E-16
7544.833  1.109286E-16
7547.212  1.092262E-16
7549.593  1.102673E-16
7551.973  1.083983E-16
7554.353  1.037000E-16
7556.733  1.029328E-16
7559.113  1.064250E-16
7561.493  1.087308E-16
7563.874  1.015978E-16
7566.253  1.012973E-16
7568.634  1.091456E-16
7571.014  1.052810E-16
7573.394  1.062088E-16
7575.774  1.056156E-16
7578.154  1.080322E-16
7580.534  1.148216E-16
7582.915  1.156100E-16
7585.294  1.165796E-16
7587.675  1.138955E-16
7590.055  1.100347E-16
7592.435  1.087906E-16
7594.815  1.061198E-16
7597.195  9.548866E-17
7599.575  8.713752E-17
7601.956  9.431400E-17
7604.335  1.070928E-16
7606.716  1.149041E-16
7609.096  1.123944E-16
7611.476  1.073766E-16
7613.856  1.083130E-16
7616.236  1.098529E-16
7618.616  1.113526E-16
7620.997  9.175643E-17
7623.376  9.821130E-17
7625.757  9.819124E-17
7628.137  9.260309E-17
7630.517  9.013657E-17
7632.897  9.391025E-17
7635.277  9.522642E-17
7637.658  1.036555E-16
7640.038  1.072488E-16
7642.418  1.031142E-16
7644.798  1.016135E-16
7647.178  1.062768E-16
7649.558  1.066373E-16
7651.938  1.039573E-16
7654.318  9.988275E-17
7656.699  9.642728E-17
7659.079  9.320667E-17
7661.459  9.276827E-17
7663.839  9.210773E-17
7666.219  9.449390E-17
7668.599  9.884427E-17
7670.979  1.005911E-16
7673.359  9.995969E-17
7675.74  9.739613E-17
7678.12  9.598398E-17
7680.5  9.731035E-17
7682.88  9.794331E-17
7685.26  9.502390E-17
7687.64  9.472959E-17
7690.021  9.536242E-17
7692.4  9.644717E-17
7694.781  9.802056E-17
7697.161  9.710505E-17
7699.541  9.250668E-17
7701.921  9.589361E-17
7704.301  9.411528E-17
7706.681  9.212422E-17
7709.062  1.000008E-16
7711.441  1.012310E-16
7713.822  1.004363E-16
7716.202  1.093381E-16
7718.582  1.184014E-16
7720.962  1.112091E-16
7723.342  1.038247E-16
7725.722  1.053366E-16
7728.103  1.094888E-16
7730.482  1.068380E-16
7732.863  9.919328E-17
7735.243  9.455378E-17
7737.623  9.255354E-17
7740.003  9.478753E-17
7742.383  1.002626E-16
7744.763  1.087557E-16
7747.144  1.159377E-16
7749.523  1.132794E-16
7751.904  1.074367E-16
7754.284  1.070636E-16
7756.664  1.046384E-16
7759.044  9.854311E-17
7761.424  9.857075E-17
7763.804  9.284951E-17
7766.185  8.715292E-17
7768.564  9.318632E-17
7770.945  1.011538E-16
7773.325  9.676847E-17
7775.705  9.668175E-17
7778.085  1.039650E-16
7780.465  1.069206E-16
7782.845  1.063886E-16
7785.226  1.065137E-16
7787.605  1.025694E-16
7789.986  1.151635E-16
7792.366  1.225965E-16
7794.746  1.144831E-16
7797.126  1.031660E-16
7799.506  1.001238E-16
7801.887  1.082679E-16
7804.267  1.140148E-16
7806.647  1.166562E-16
7809.027  1.146771E-16
7811.407  1.045201E-16
7813.787  9.857575E-17
7816.167  9.611392E-17
7818.547  1.052549E-16
7820.928  1.189826E-16
7823.308  1.208944E-16
7825.688  1.119010E-16
7828.068  1.011912E-16
7830.448  1.000462E-16
7832.828  1.029179E-16
7835.208  1.042208E-16
7837.588  1.081975E-16
7839.969  1.056539E-16
7842.349  9.614381E-17
7844.729  9.124185E-17
7847.109  1.031278E-16
7849.489  1.252918E-16
7851.869  1.313445E-16
7854.25  1.203855E-16
7856.629  1.167903E-16
7859.01  1.150814E-16
7861.39  1.026386E-16
7863.77  1.014824E-16
7866.15  1.059864E-16
7868.53  1.090329E-16
7870.91  1.103196E-16
7873.291  1.115171E-16
7875.67  1.100885E-16
7878.051  1.021460E-16
7880.431  9.545333E-17
7882.811  1.019975E-16
7885.191  1.162790E-16
7887.571  1.208613E-16
7889.951  1.166768E-16
7892.332  1.190843E-16
7894.711  1.144342E-16
7897.092  1.037941E-16
7899.472  1.014370E-16
7901.852  1.000671E-16
7904.232  9.760455E-17
7906.612  9.289617E-17
7908.992  9.197202E-17
7911.373  1.033805E-16
7913.752  1.227655E-16
7916.133  1.285566E-16
7918.513  1.257416E-16
7920.893  1.202529E-16
7923.273  1.163708E-16
7925.653  1.145266E-16
7928.033  1.068483E-16
7930.414  1.105011E-16
7932.793  1.173151E-16
7935.174  1.163897E-16
7937.554  1.109836E-16
7939.934  1.066653E-16
7942.314  1.056518E-16
7944.694  1.085505E-16
7947.074  1.184253E-16
7949.455  1.243649E-16
7951.834  1.094690E-16
7954.215  9.329415E-17
7956.595  8.867495E-17
7958.975  9.787067E-17
7961.355  1.124279E-16
7963.735  1.197497E-16
7966.115  1.158276E-16
7968.496  1.079773E-16
7970.875  1.032745E-16
7973.256  1.048044E-16
7975.636  1.137434E-16
7978.016  1.276819E-16
7980.396  1.324346E-16
7982.776  1.206222E-16
7985.157  1.098750E-16
7987.537  1.154101E-16
7989.917  1.281021E-16
7992.297  1.403939E-16
7994.677  1.461360E-16
7997.057  1.464868E-16
7999.438  1.401140E-16
8001.817  1.299263E-16
8004.198  1.338210E-16
8006.578  1.360436E-16
8008.958  1.337599E-16
8011.338  1.357084E-16
8013.718  1.428621E-16
8016.098  1.438165E-16
8018.479  1.329306E-16
8020.858  1.343293E-16
8023.239  1.457684E-16
8025.619  1.535290E-16
8027.999  1.593922E-16
8030.379  1.494280E-16
8032.759  1.414413E-16
8035.139  1.409028E-16
8037.52  1.389943E-16
8039.899  1.369523E-16
8042.28  1.472151E-16
8044.66  1.518558E-16
8047.04  1.476048E-16
8049.42  1.459615E-16
8051.8  1.490196E-16
8054.18  1.469142E-16
8056.561  1.527962E-16
8058.94  1.590299E-16
8061.321  1.577565E-16
8063.701  1.550655E-16
8066.081  1.548031E-16
8068.461  1.418399E-16
8070.841  1.405925E-16
8073.221  1.486923E-16
8075.602  1.486675E-16
8077.981  1.412966E-16
8080.362  1.369089E-16
8082.742  1.367945E-16
8085.122  1.391327E-16
8087.502  1.403269E-16
8089.882  1.410226E-16
8092.262  1.467681E-16
8094.643  1.493406E-16
8097.022  1.446771E-16
8099.403  1.397156E-16
8101.783  1.410620E-16
8104.163  1.436290E-16
8106.543  1.385499E-16
8108.923  1.334484E-16
8111.303  1.341904E-16
8113.684  1.389160E-16
8116.063  1.419357E-16
8118.444  1.389073E-16
8120.824  1.359104E-16
8123.204  1.348352E-16
8125.584  1.355856E-16
8127.964  1.383508E-16
8130.344  1.402275E-16
8132.725  1.364624E-16
8135.104  1.318632E-16
8137.485  1.341344E-16
8139.865  1.391956E-16
8142.245  1.370958E-16
8144.625  1.382016E-16
8147.005  1.373305E-16
8149.386  1.339609E-16
8151.766  1.310839E-16
8154.146  1.288053E-16
8156.526  1.290297E-16
8158.906  1.303948E-16
8161.286  1.333347E-16
8163.667  1.325816E-16
8166.046  1.260010E-16
8168.427  1.239773E-16
8170.807  1.232624E-16
8173.187  1.229839E-16
8175.567  1.263914E-16
8177.947  1.302721E-16
8180.327  1.269955E-16
8182.708  1.251714E-16
8185.087  1.273733E-16
8187.468  1.294446E-16
8189.848  1.280790E-16
8192.228  1.244753E-16
8194.608  1.215423E-16
8196.988  1.238573E-16
8199.368  1.230429E-16
8201.748  1.224201E-16
8204.129  1.258390E-16
8206.509  1.179921E-16
8208.889  1.170603E-16
8211.269  1.194678E-16
8213.649  1.188883E-16
8216.029  1.172756E-16
8218.409  1.161001E-16
8220.789  1.143085E-16
8223.17  1.141469E-16
8225.55  1.161274E-16
8227.93  1.169966E-16
8230.31  1.149095E-16
8232.69  1.149104E-16
8235.07  1.197806E-16
8237.45  1.195741E-16
8239.83  1.158031E-16
8242.211  1.158611E-16
8244.591  1.134750E-16
8246.971  1.202098E-16
8249.351  1.227885E-16
8251.731  1.131917E-16
8254.111  1.025968E-16
8256.491  1.030395E-16
8258.871  1.099339E-16
8261.252  1.141162E-16
8263.632  1.102123E-16
8266.012  1.028112E-16
8268.392  1.015855E-16
8270.772  1.060269E-16
8273.152  1.006144E-16
8275.532  1.030930E-16
8277.912  1.203111E-16
8280.293  1.315321E-16
8282.673  1.272670E-16
8285.053  1.189065E-16
8287.433  1.251724E-16
8289.813  1.242621E-16
8292.193  1.021674E-16
8294.573  9.919058E-17
8296.953  1.302973E-16
8299.334  1.376659E-16
8301.714  1.234976E-16
8304.094  1.140825E-16
8306.474  1.063560E-16
8308.854  1.117093E-16
8311.234  1.135286E-16
8313.614  1.070740E-16
8315.994  1.051798E-16
8318.375  1.091473E-16
8320.755  9.960025E-17
8323.135  9.234158E-17
8325.516  8.959812E-17
8327.896  8.854759E-17
8330.275  8.743447E-17
8332.655  8.317296E-17
8335.036  7.929916E-17
8337.416  8.049991E-17
8339.796  8.540758E-17
8342.176  1.041866E-16
8344.557  1.366003E-16
8346.937  1.339367E-16
8349.316  1.139795E-16
8351.696  1.144820E-16
8354.077  1.190228E-16
8356.457  9.903168E-17
8358.837  9.060299E-17
8361.217  9.841561E-17
8363.598  1.064708E-16
8365.978  1.013873E-16
8368.357  9.221084E-17
8370.737  9.475400E-17
8373.118  8.785958E-17
8375.498  8.073823E-17
8377.878  8.388584E-17
8380.258  9.520096E-17
8382.639  1.008257E-16
8385.019  8.355628E-17
8387.398  7.323450E-17
8389.778  7.624539E-17
8392.159  7.437779E-17
8394.539  7.084550E-17
8396.919  9.995524E-17
8399.299  1.448777E-16
8401.68  1.406850E-16
8404.06  9.294934E-17
8406.439  6.314741E-17
8408.819  6.938032E-17
8411.2  8.120934E-17
8413.58  9.608619E-17
8415.96  9.700960E-17
8418.34  7.867881E-17
8420.721  6.320415E-17
8423.101  5.352899E-17
8425.48  6.501638E-17
8427.86  1.103045E-16
8430.241  1.527822E-16
8432.621  1.395534E-16
8435.001  8.695722E-17
8437.381  6.252433E-17
8439.762  6.721895E-17
8442.142  7.486782E-17
8444.521  7.496219E-17
8446.901  7.380458E-17
8449.282  8.545218E-17
8451.662  9.403649E-17
8454.042  8.754060E-17
8456.422  6.977934E-17
8458.803  5.488671E-17
8461.183  6.230706E-17
8463.563  9.312861E-17
8465.942  1.042934E-16
8468.323  8.326954E-17
8470.703  6.082622E-17
8473.083  4.871919E-17
8475.463  5.487616E-17
8477.844  6.086382E-17
8480.224  6.187375E-17
8482.604  6.537021E-17
8484.983  6.597909E-17
8487.364  6.281642E-17
8489.744  6.803127E-17
8492.124  7.684738E-17
8494.505  7.704904E-17
8496.885  6.995443E-17
8499.265  6.599611E-17
8501.645  7.519018E-17
8504.025  8.834387E-17
8506.405  8.807616E-17
8508.785  7.409453E-17
8511.165  6.698096E-17
8513.546  6.770778E-17
8515.926  7.687384E-17
8518.306  8.146079E-17
8520.686  7.594006E-17
8523.066  7.738205E-17
8525.446  7.931714E-17
8527.826  8.189948E-17
8530.206  8.082741E-17
8532.587  7.675099E-17
8534.967  7.924319E-17
8537.347  8.662121E-17
8539.727  9.367226E-17
8542.107  9.447166E-17
8544.487  8.986133E-17
8546.867  8.716514E-17
8549.247  8.994856E-17
8551.628  9.193115E-17
8554.008  9.347829E-17
8556.388  9.668297E-17
8558.768  9.841894E-17
8561.148  9.578836E-17
8563.528  9.815329E-17
8565.908  1.029060E-16
8568.288  1.041380E-16
8570.669  1.008413E-16
8573.049  9.670705E-17
8575.429  9.551116E-17
8577.809  9.709654E-17
8580.189  9.614484E-17
8582.569  9.361574E-17
8584.949  9.587174E-17
8587.329  1.010527E-16
8589.71  1.019113E-16
8592.09  9.515376E-17
8594.47  9.102185E-17
8596.85  9.775778E-17
8599.23  1.051499E-16
8601.61  1.026110E-16
8603.99  9.297536E-17
8606.37  8.665890E-17
8608.751  8.484347E-17
8611.131  8.394406E-17
8613.511  9.623244E-17
8615.891  1.088619E-16
8618.271  1.174926E-16
8620.651  1.250687E-16
8623.031  1.306935E-16
8625.411  1.314478E-16
8627.792  1.249684E-16
8630.172  1.139747E-16
8632.552  1.139519E-16
8634.932  1.273041E-16
8637.313  1.293364E-16
8639.692  1.176273E-16
8642.072  1.038578E-16
8644.45200000002  9.664525E-17
8646.833  1.004690E-16
8649.213  1.172451E-16
8651.593  1.367919E-16
8653.973  1.335296E-16
8656.354  1.247154E-16
8658.733  1.330082E-16
8661.113  1.476410E-16
8663.494  1.493537E-16
8665.874  1.517716E-16
8668.254  1.545587E-16
8670.634  1.450993E-16
8673.015  1.243801E-16
8675.395  1.131428E-16
8677.774  1.195032E-16
8680.154  1.335104E-16
8682.535  1.395958E-16
8684.915  1.359397E-16
8687.295  1.319166E-16
8689.675  1.245115E-16
8692.056  1.182649E-16
8694.436  1.184883E-16
8696.815  1.223783E-16
8699.195  1.215975E-16
8701.576  1.152970E-16
8703.956  1.163454E-16
8706.336  1.183338E-16
8708.716  1.117882E-16
8711.097  1.034764E-16
8713.477  1.067592E-16
8715.856  1.125458E-16
8718.236  1.150549E-16
8720.617  1.181688E-16
8722.997  1.185907E-16
8725.377  1.087037E-16
8727.757  1.052778E-16
8730.138  1.103292E-16
8732.518  1.130994E-16
8734.897  1.113467E-16
8737.277  1.116897E-16
8739.658  1.110949E-16
8742.038  1.073455E-16
8744.418  1.057544E-16
8746.798  1.058453E-16
8749.179  9.970715E-17
8751.559  8.719711E-17
8753.938  8.477488E-17
8756.318  9.119167E-17
8758.699  1.026181E-16
8761.079  1.083229E-16
8763.459  1.041280E-16
8765.839  1.252020E-16
8768.22  1.469231E-16
8770.6  1.290489E-16
8772.979  1.018366E-16
8775.359  1.175864E-16
8777.74  1.331578E-16
8780.12  1.245100E-16
8782.5  1.076785E-16
8784.88  1.023435E-16
8787.261  1.099783E-16
8789.641  1.215499E-16
8792.021  1.264262E-16
8794.4  1.196119E-16
8796.781  1.088134E-16
8799.161  1.028060E-16
8801.541  1.013821E-16
8803.921  1.029423E-16
8806.302  1.014463E-16
8808.682  1.000456E-16
8811.062  9.601508E-17
8813.441  8.549865E-17
8815.822  8.330057E-17
8818.202  8.202407E-17
8820.582  8.114961E-17
8822.962  1.043904E-16
8825.343  1.467351E-16
8827.723  1.458247E-16
8830.103  9.541689E-17
8832.482  8.391901E-17
8834.863  1.191908E-16
8837.243  1.392346E-16
8839.623  1.261611E-16
8842.004  1.110883E-16
8844.384  1.033687E-16
8846.764  1.015409E-16
8849.144  1.025095E-16
8851.524  1.003561E-16
8853.904  8.931391E-17
8856.284  8.055733E-17
8858.664  7.797906E-17
8861.045  8.290350E-17
8863.425  9.784159E-17
8865.805  1.159040E-16
8868.185  1.139554E-16
8870.565  9.727529E-17
8872.945  7.907573E-17
8875.325  6.547837E-17
8877.705  6.061348E-17
8880.086  7.302262E-17
8882.466  1.038933E-16
8884.846  1.400257E-16
8887.226  1.453990E-16
8889.606  1.074615E-16
8891.986  8.301478E-17
8894.366  7.960557E-17
8896.746  7.534195E-17
8899.127  6.926472E-17
8901.507  7.608556E-17
8903.887  8.590191E-17
8906.267  7.278771E-17
8908.647  4.861813E-17
8911.027  4.224360E-17
8913.407  6.360600E-17
8915.787  1.027789E-16
8918.168  1.535571E-16
8920.548  1.522769E-16
8922.928  1.008423E-16
8925.308  6.327856E-17
8927.688  7.032560E-17
8930.068  7.662064E-17
8932.448  7.761036E-17
8934.828  7.867042E-17
8937.209  8.173996E-17
8939.589  8.861891E-17
8941.969  9.754271E-17
8944.349  8.825573E-17
8946.729  7.060098E-17
8949.109  5.942780E-17
8951.489  6.093036E-17
8953.869  7.897947E-17
8956.25  1.102545E-16
8958.63  1.130935E-16
8961.01  8.630208E-17
8963.39  6.458696E-17
8965.771  6.504801E-17
8968.15  6.767798E-17
8970.53  6.631488E-17
8972.91  6.435280E-17
8975.291  6.274026E-17
8977.671  5.959261E-17
8980.051  5.804627E-17
8982.431  6.504608E-17
8984.812  7.381985E-17
8987.191  7.285605E-17
8989.571  6.558965E-17
8991.951  6.373204E-17
8994.332  5.675246E-17
8996.712  6.355687E-17
8999.092  8.532061E-17
9001.472  9.804685E-17
9003.853  8.379350E-17
9006.232  5.740062E-17
9008.612  5.207656E-17
9010.993  5.994660E-17
9013.373  6.478197E-17
9015.753  6.730311E-17
9018.133  6.907396E-17
9020.514  6.414035E-17
9022.894  6.032412E-17
9025.273  5.999281E-17
9027.653  6.045931E-17
9030.034  6.304013E-17
9032.414  6.410672E-17
9034.794  6.208970E-17
9037.174  6.317566E-17
9039.555  6.822694E-17
9041.935  7.093872E-17
9044.314  7.452429E-17
9046.694  8.597873E-17
9049.075  9.308058E-17
9051.455  8.268656E-17
9053.835  6.563669E-17
9056.215  6.611250E-17
9058.596  7.134176E-17
9060.976  7.141379E-17
9063.355  6.653662E-17
9065.735  6.221609E-17
9068.116  6.127334E-17
9070.496  5.802315E-17
9072.876  5.646255E-17
9075.256  5.410600E-17
9077.637  5.073926E-17
9080.017  5.278079E-17
9082.396  5.786304E-17
9084.776  6.040398E-17
9087.157  6.080417E-17
9089.537  5.996510E-17
9091.917  5.922844E-17
9094.297  6.287498E-17
9096.678  6.608333E-17
9099.058  6.855932E-17
9101.437  7.389875E-17
9103.817  7.561275E-17
9106.198  6.443409E-17
9108.578  6.029014E-17
9110.958  5.942784E-17
9113.338  5.788067E-17
9115.719  5.623329E-17
9118.099  5.452217E-17
9120.479  5.400426E-17
9122.858  4.783335E-17
9125.239  4.318689E-17
9127.619  4.607721E-17
9129.999  5.018565E-17
9132.379  4.892759E-17
9134.76  4.918159E-17
9137.14  5.041546E-17
9139.52  5.193016E-17
9141.899  5.486103E-17
9144.28  5.887169E-17
9146.66  6.393089E-17
9149.04  5.644195E-17
9151.42  4.815697E-17
9153.801  4.999574E-17
9156.181  5.404343E-17
9158.561  6.256950E-17
9160.94  6.767977E-17
9163.321  5.973021E-17
9165.701  5.030762E-17
9168.081  5.323339E-17
9170.461  5.522522E-17
9172.842  5.617639E-17
9175.222  5.823791E-17
9177.602  5.786087E-17
9179.981  5.424195E-17
9182.362  5.529422E-17
9184.742  6.236153E-17
9187.122  6.024000E-17
9189.503  5.179937E-17
9191.883  4.769824E-17
9194.263  4.859490E-17
9196.643  5.343729E-17
9199.023  5.685099E-17
9201.403  5.367690E-17
9203.783  5.172669E-17
9206.163  5.730063E-17
9208.544  5.759140E-17
9210.924  5.565506E-17
9213.304  5.590533E-17
9215.684  5.804210E-17
9218.064  5.844124E-17
9220.444  5.481666E-17
9222.824  5.030773E-17
9225.204  5.382967E-17
9227.585  6.025156E-17
9229.965  6.182433E-17
9232.345  6.261860E-17
9234.725  5.871865E-17
9237.105  5.769184E-17
9239.485  5.613874E-17
9241.865  5.182896E-17
9244.245  4.778336E-17
9246.626  4.588803E-17
9249.006  5.079573E-17
9251.386  5.188739E-17
9253.766  5.261724E-17
9256.146  6.096950E-17
9258.526  6.585372E-17
9260.906  5.908038E-17
9263.286  5.432306E-17
9265.667  5.241609E-17
9268.047  4.860630E-17
9270.427  4.969186E-17
9272.807  6.024268E-17
9275.187  6.319813E-17
9277.567  5.715731E-17
9279.947  5.457389E-17
9282.327  5.853661E-17
9284.708  5.760708E-17
9287.088  5.717349E-17
9289.468  6.036145E-17
9291.848  6.133682E-17
9294.229  5.511096E-17
9296.608  4.653485E-17
9298.988  4.352560E-17
9301.368  5.449708E-17
9303.749  6.443128E-17
9306.129  1.075292E-16
9308.509  1.243905E-16
9310.889  1.192337E-16
9313.27  1.094546E-16
9315.649  7.500499E-17
9318.029  4.171288E-17
9320.409  5.453323E-17
9322.79  7.045608E-17
9325.17  5.985149E-17
9327.55  4.577027E-17
9329.93  4.654155E-17
9332.311  5.641055E-17
9334.69  6.544425E-17
9337.07  6.843068E-17
9339.45  6.509543E-17
9341.831  6.034867E-17
9344.211  5.476262E-17
9346.591  4.864778E-17
9348.971  5.406689E-17
9351.352  5.588548E-17
9353.731  4.966256E-17
9356.111  4.636711E-17
9358.492  5.314345E-17
9360.872  6.186496E-17
9363.252  6.513670E-17
9365.632  6.798636E-17
9368.013  5.641257E-17
9370.393  3.705143E-17
9372.772  5.949726E-17
9375.152  1.129851E-16
9377.533  1.353486E-16
9379.913  1.180600E-16
9382.293  1.121626E-16
9384.673  1.443550E-16
9387.054  1.645157E-16
9389.434  1.630003E-16
9391.813  1.461242E-16
9394.193  1.352513E-16
9396.574  1.425916E-16
9398.954  1.449812E-16
9401.334  1.468270E-16
9403.714  7.674791E-17
9406.095  6.011941E-17
9408.475  4.558827E-17
9410.854  4.037911E-17
9413.234  4.680461E-17
9415.615  7.017499E-17
9417.995  9.599882E-17
9420.375  1.022387E-16
9422.755  8.636173E-17
9425.136  6.673571E-17
9427.516  5.093340E-17
9429.896  4.356543E-17
9432.275  5.012030E-17
9434.656  7.535136E-17
9437.036  1.169534E-16
9439.416  1.537257E-16
9441.796  1.572729E-16
9444.177  1.243247E-16
9446.557  8.647230E-17
9448.937  7.518476E-17
9451.316  7.040562E-17
9453.697  6.146278E-17
9456.077  5.880886E-17
9458.457  6.778360E-17
9460.837  7.209367E-17
9463.218  5.623332E-17
9465.598  3.611202E-17
9467.978  3.657767E-17
9470.357  6.081284E-17
9472.738  1.019111E-16
9475.118  1.599270E-16
9477.498  1.809533E-16
9479.878  1.540074E-16
9482.259  1.088371E-16
9484.639  7.398016E-17
9487.019  5.508751E-17
9489.398  4.983509E-17
9491.779  4.928061E-17
9494.159  5.598998E-17
9496.539  6.757164E-17
9498.919  7.545377E-17
9501.3  9.448439E-17
9503.68  1.131161E-16
9506.06  9.695309E-17
9508.439  6.127055E-17
9510.82  5.174057E-17
9513.2  5.659807E-17
9515.58  6.572190E-17
9517.96  8.603156E-17
9520.341  1.040859E-16
9522.721  9.573737E-17
9525.101  7.112159E-17
9527.48  7.064782E-17
9529.861  8.003254E-17
9532.241  7.959087E-17
9534.621  7.011199E-17
9537.002  6.143112E-17
9539.382  6.001803E-17
9541.762  5.991981E-17
9544.142  6.001884E-17
9546.522  5.963748E-17
9548.902  6.104600E-17
9551.282  7.373809E-17
9553.662  7.871373E-17
9556.043  7.178772E-17
9558.423  5.940672E-17
9560.803  5.374055E-17
9563.183  7.062319E-17
9565.563  1.068004E-16
9567.943  1.307175E-16
9570.323  1.227423E-16
9572.703  9.727068E-17
9575.084  8.168248E-17
9577.464  7.704514E-17
9579.844  7.487685E-17
9582.224  7.656151E-17
9584.604  7.769141E-17
9586.984  6.957168E-17
9589.364  6.252752E-17
9591.744  6.730412E-17
9594.125  6.559362E-17
9596.505  5.919059E-17
9598.885  6.151525E-17
9601.265  6.040236E-17
9603.646  5.681489E-17
9606.025  6.318585E-17
9608.405  6.802622E-17
9610.785  6.302257E-17
9613.166  6.266747E-17
9615.546  6.482305E-17
9617.926  7.650421E-17
9620.306  8.876290E-17
9622.687  8.846648E-17
9625.066  7.457860E-17
9627.446  5.742632E-17
9629.826  6.010128E-17
9632.207  6.861492E-17
9634.587  7.037950E-17
9636.967  6.762293E-17
9639.347  5.876722E-17
9641.728  5.050971E-17
9644.107  4.479790E-17
9646.487  4.955466E-17
9648.867  6.097509E-17
9651.248  6.297374E-17
9653.628  6.514329E-17
9656.008  6.896648E-17
9658.388  6.542653E-17
9660.769  5.616683E-17
9663.148  5.169786E-17
9665.528  4.953748E-17
9667.908  5.221215E-17
9670.289  5.562657E-17
9672.669  5.388690E-17
9675.049  5.238606E-17
9677.429  6.306841E-17
9679.81  7.385285E-17
9682.189  8.164266E-17
9684.569  7.894576E-17
9686.949  6.942851E-17
9689.33  6.949376E-17
9691.71  6.819255E-17
9694.09  6.038539E-17
9696.47  5.450136E-17
9698.851  5.493125E-17
9701.23  5.605961E-17
