3800.  5.647679E-17
3802.  2.719229E-16
3804.  2.377545E-16
3806.  1.305270E-16
3808.  9.931700E-17
3810.  3.173012E-16
3812.  2.652613E-16
3814.  2.000212E-16
3816.  2.524274E-16
3818.  2.110290E-16
3820.  2.286011E-16
3822.  2.385291E-16
3824.  1.817825E-16
3826.  2.829591E-16
3828.  2.425083E-16
3830.  1.922612E-16
3832.  2.641479E-16
3834.  2.429011E-16
3836.  3.075065E-16
3838.  2.297349E-16
3840.  2.034930E-16
3842.  1.382987E-16
3844.  1.695288E-16
3846.  1.649182E-16
3848.  1.391943E-16
3850.  2.003209E-16
3852.  1.218880E-16
3854.  1.686042E-16
3856.  1.859418E-16
3858.  2.505979E-16
3860.  2.130509E-16
3862.  2.110681E-16
3864.  2.151089E-16
3866.  1.999035E-16
3868.  1.897982E-16
3870.  1.703471E-16
3872.  1.714790E-16
3874.  1.517378E-16
3876.  2.010835E-16
3878.  2.048981E-16
3880.  1.815459E-16
3882.  2.061955E-16
3884.  2.365850E-16
3886.  1.395019E-16
3888.  1.641197E-16
3890.  1.398867E-16
3892.  1.747167E-16
3894.  2.008175E-16
3896.  1.778131E-16
3898.  2.675723E-16
3900.  2.358157E-16
3902.  2.041825E-16
3904.  2.381033E-16
3906.  2.401459E-16
3908.  1.640287E-16
3910.  1.462682E-16
3912.  2.078860E-16
3914.  1.894653E-16
3916.  1.740149E-16
3918.  1.977056E-16
3920.  1.979655E-16
3922.  2.116419E-16
3924.  2.106977E-16
3926.  2.452891E-16
3928.  2.574703E-16
3930.  2.171178E-16
3932.  1.825873E-16
3934.  1.498052E-16
3936.  2.372664E-16
3938.  2.348819E-16
3940.  2.258606E-16
3942.  2.033161E-16
3944.  1.912663E-16
3946.  1.699335E-16
3948.  2.342594E-16
3950.  1.859689E-16
3952.  1.816592E-16
3954.  2.088607E-16
3956.  2.143551E-16
3958.  2.272288E-16
3960.  1.768171E-16
3962.  1.649627E-16
3964.  1.349078E-16
3966.  1.991619E-16
3968.  1.790751E-16
3970.  1.909180E-16
3972.  2.126644E-16
3974.  2.253906E-16
3976.  2.448523E-16
3978.  2.290562E-16
3980.  1.834872E-16
3982.  2.429583E-16
3984.  2.020482E-16
3986.  2.076595E-16
3988.  2.187562E-16
3990.  1.944172E-16
3992.  2.187546E-16
3994.  2.081126E-16
3996.  2.006684E-16
3998.  2.117372E-16
4000.  2.155896E-16
4002.  1.752167E-16
4004.  2.187761E-16
4006.  1.616059E-16
4008.  1.980299E-16
4010.  2.285503E-16
4012.  2.149883E-16
4014.  2.284007E-16
4016.  2.197405E-16
4018.  1.835460E-16
4020.  1.508577E-16
4022.  2.110550E-16
4024.  1.479242E-16
4026.  1.859020E-16
4028.  1.948831E-16
4030.  2.013684E-16
4032.  1.738725E-16
4034.  1.841717E-16
4036.  1.595942E-16
4038.  1.637739E-16
4040.  2.191138E-16
4042.  2.145306E-16
4044.  1.590700E-16
4046.  1.713631E-16
4048.  1.956768E-16
4050.  2.038485E-16
4052.  1.939963E-16
4054.  1.757941E-16
4056.  1.653900E-16
4058.  1.829499E-16
4060.  1.854573E-16
4062.  1.743255E-16
4064.  1.803393E-16
4066.  1.762115E-16
4068.  1.702616E-16
4070.  1.554345E-16
4072.  1.614817E-16
4074.  2.066246E-16
4076.  1.869763E-16
4078.  1.912012E-16
4080.  1.825335E-16
4082.  1.743896E-16
4084.  1.707247E-16
4086.  1.937339E-16
4088.  1.992936E-16
4090.  2.104531E-16
4092.  1.820617E-16
4094.  1.598492E-16
4096.  1.578402E-16
4098.  1.750666E-16
4100.  1.879388E-16
4102.  1.761994E-16
4104.  1.886633E-16
4106.  1.887925E-16
4108.  1.903463E-16
4110.  1.749854E-16
4112.  1.982038E-16
4114.  2.096378E-16
4116.  1.795571E-16
4118.  1.735070E-16
4120.  2.077730E-16
4122.  1.927270E-16
4124.  2.000448E-16
4126.  2.095370E-16
4128.  2.051836E-16
4130.  1.910734E-16
4132.  1.938612E-16
4134.  2.086728E-16
4136.  2.070827E-16
4138.  1.994960E-16
4140.  1.765061E-16
4142.  1.997385E-16
4144.  2.206626E-16
4146.  2.340400E-16
4148.  2.168588E-16
4150.  2.175506E-16
4152.  2.516071E-16
4154.  2.164201E-16
4156.  1.924022E-16
4158.  2.027094E-16
4160.  2.098945E-16
4162.  1.991197E-16
4164.  2.050863E-16
4166.  2.158489E-16
4168.  2.175357E-16
4170.  2.090860E-16
4172.  2.070058E-16
4174.  2.151291E-16
4176.  2.214783E-16
4178.  2.096586E-16
4180.  2.069151E-16
4182.  2.009426E-16
4184.  2.083301E-16
4186.  2.138301E-16
4188.  2.031279E-16
4190.  2.013316E-16
4192.  1.935312E-16
4194.  1.827805E-16
4196.  1.958107E-16
4198.  1.964584E-16
4200.  1.892431E-16
4202.  1.887968E-16
4204.  2.135143E-16
4206.  2.109226E-16
4208.  1.919050E-16
4210.  1.936613E-16
4212.  1.844689E-16
4214.  1.870311E-16
4216.  1.834986E-16
4218.  1.866932E-16
4220.  2.001946E-16
4222.  2.086971E-16
4224.  1.973903E-16
4226.  1.935940E-16
4228.  1.805882E-16
4230.  1.791032E-16
4232.  1.769844E-16
4234.  1.891115E-16
4236.  1.932353E-16
4238.  1.785792E-16
4240.  1.860659E-16
4242.  1.899430E-16
4244.  1.830417E-16
4246.  2.070487E-16
4248.  2.065157E-16
4250.  2.119240E-16
4252.  2.017897E-16
4254.  1.989862E-16
4256.  1.982537E-16
4258.  2.090945E-16
4260.  2.178792E-16
4262.  2.047981E-16
4264.  2.019516E-16
4266.  2.055237E-16
4268.  1.956514E-16
4270.  2.036453E-16
4272.  2.143555E-16
4274.  2.155021E-16
4276.  2.238988E-16
4278.  2.089160E-16
4280.  2.028270E-16
4282.  2.104808E-16
4284.  2.137701E-16
4286.  2.127660E-16
4288.  2.203363E-16
4290.  2.223267E-16
4292.  2.117061E-16
4294.  2.130559E-16
4296.  2.114315E-16
4298.  2.270848E-16
4300.  2.074649E-16
4302.  2.079138E-16
4304.  1.986928E-16
4306.  1.947396E-16
4308.  2.001648E-16
4310.  2.075174E-16
4312.  2.113267E-16
4314.  2.069837E-16
4316.  2.027661E-16
4318.  2.142464E-16
4320.  2.173028E-16
4322.  2.221134E-16
4324.  2.193905E-16
4326.  2.168454E-16
4328.  2.115882E-16
4330.  2.078842E-16
4332.  2.025015E-16
4334.  2.048535E-16
4336.  2.131468E-16
4338.  2.152386E-16
4340.  2.170085E-16
4342.  2.242635E-16
4344.  2.127951E-16
4346.  2.102768E-16
4348.  2.179921E-16
4350.  2.151612E-16
4352.  2.248852E-16
4354.  2.408386E-16
4356.  2.206474E-16
4358.  2.172817E-16
4360.  2.131347E-16
4362.  2.018430E-16
4364.  2.105558E-16
4366.  2.327550E-16
4368.  2.360629E-16
4370.  2.373199E-16
4372.  2.370387E-16
4374.  2.309666E-16
4376.  2.193823E-16
4378.  2.262952E-16
4380.  2.222673E-16
4382.  2.284457E-16
4384.  2.312874E-16
4386.  2.400446E-16
4388.  2.365530E-16
4390.  2.314068E-16
4392.  2.360480E-16
4394.  2.395541E-16
4396.  2.447569E-16
4398.  2.295367E-16
4400.  2.195497E-16
4402.  2.255516E-16
4404.  2.348380E-16
4406.  2.442283E-16
4408.  2.418983E-16
4410.  2.278511E-16
4412.  2.420904E-16
4414.  2.461275E-16
4416.  2.421291E-16
4418.  2.309708E-16
4420.  2.235250E-16
4422.  2.317132E-16
4424.  2.396361E-16
4426.  2.399318E-16
4428.  2.402880E-16
4430.  2.397411E-16
4432.  2.412957E-16
4434.  2.324816E-16
4436.  2.297154E-16
4438.  2.306176E-16
4440.  2.238677E-16
4442.  2.177554E-16
4444.  2.212890E-16
4446.  2.178002E-16
4448.  2.125753E-16
4450.  2.215782E-16
4452.  2.232437E-16
4454.  2.166241E-16
4456.  2.125520E-16
4458.  2.148016E-16
4460.  2.166985E-16
4462.  2.119824E-16
4464.  2.152205E-16
4466.  2.146660E-16
4468.  2.071463E-16
4470.  2.052783E-16
4472.  2.103937E-16
4474.  2.212282E-16
4476.  2.098719E-16
4478.  1.971335E-16
4480.  2.020680E-16
4482.  2.060476E-16
4484.  1.981635E-16
4486.  1.989920E-16
4488.  2.068292E-16
4490.  2.095136E-16
4492.  2.041691E-16
4494.  1.948904E-16
4496.  2.054281E-16
4498.  2.199783E-16
4500.  2.152484E-16
4502.  2.098116E-16
4504.  2.004893E-16
4506.  1.902290E-16
4508.  1.916026E-16
4510.  1.882924E-16
4512.  1.842169E-16
4514.  1.881248E-16
4516.  1.914268E-16
4518.  1.914136E-16
4520.  1.934736E-16
4522.  1.932029E-16
4524.  1.898189E-16
4526.  1.872705E-16
4528.  1.932683E-16
4530.  1.892864E-16
4532.  1.751645E-16
4534.  1.795611E-16
4536.  1.825239E-16
4538.  1.809620E-16
4540.  1.875167E-16
4542.  1.813572E-16
4544.  1.837957E-16
4546.  1.845766E-16
4548.  1.791536E-16
4550.  1.796021E-16
4552.  1.760569E-16
4554.  1.732021E-16
4556.  1.770722E-16
4558.  1.839458E-16
4560.  1.913522E-16
4562.  1.893768E-16
4564.  1.880376E-16
4566.  1.879030E-16
4568.  1.869960E-16
4570.  1.891298E-16
4572.  1.899785E-16
4574.  1.866097E-16
4576.  1.923019E-16
4578.  1.967895E-16
4580.  1.874202E-16
4582.  1.858830E-16
4584.  1.894404E-16
4586.  2.010575E-16
4588.  2.021506E-16
4590.  1.927456E-16
4592.  1.957138E-16
4594.  2.002987E-16
4596.  1.934491E-16
4598.  1.852381E-16
4600.  1.817465E-16
4602.  1.838411E-16
4604.  1.835574E-16
4606.  1.891447E-16
4608.  1.925347E-16
4610.  1.858085E-16
4612.  1.812969E-16
4614.  1.833985E-16
4616.  1.910556E-16
4618.  1.841685E-16
4620.  1.751415E-16
4622.  1.746553E-16
4624.  1.782981E-16
4626.  1.813965E-16
4628.  1.829327E-16
4630.  1.756125E-16
4632.  1.690783E-16
4634.  1.699907E-16
4636.  1.691295E-16
4638.  1.678943E-16
4640.  1.670742E-16
4642.  1.741603E-16
4644.  1.789013E-16
4646.  1.817364E-16
4648.  1.820574E-16
4650.  1.742588E-16
4652.  1.675827E-16
4654.  1.703873E-16
4656.  1.787279E-16
4658.  1.817323E-16
4660.  1.783204E-16
4662.  1.702792E-16
4664.  1.699813E-16
4666.  1.656860E-16
4668.  1.626076E-16
4670.  1.727097E-16
4672.  1.778585E-16
4674.  1.776788E-16
4676.  1.752918E-16
4678.  1.698468E-16
4680.  1.696513E-16
4682.  1.690137E-16
4684.  1.691278E-16
4686.  1.669149E-16
4688.  1.655153E-16
4690.  1.694960E-16
4692.  1.692010E-16
4694.  1.613387E-16
4696.  1.645656E-16
4698.  1.617010E-16
4700.  1.620571E-16
4702.  1.676846E-16
4704.  1.655123E-16
4706.  1.634781E-16
4708.  1.632169E-16
4710.  1.714624E-16
4712.  1.745020E-16
4714.  1.697500E-16
4716.  1.662577E-16
4718.  1.642467E-16
4720.  1.677117E-16
4722.  1.698771E-16
4724.  1.661147E-16
4726.  1.643013E-16
4728.  1.687715E-16
4730.  1.674203E-16
4732.  1.574113E-16
4734.  1.603209E-16
4736.  1.557147E-16
4738.  1.559764E-16
4740.  1.690328E-16
4742.  1.710715E-16
4744.  1.663618E-16
4746.  1.611297E-16
4748.  1.660316E-16
4750.  1.674971E-16
4752.  1.673399E-16
4754.  1.693879E-16
4756.  1.671491E-16
4758.  1.709834E-16
4760.  1.736961E-16
4762.  1.736377E-16
4764.  1.777046E-16
4766.  1.814561E-16
4768.  1.803879E-16
4770.  1.790742E-16
4772.  1.779016E-16
4774.  1.798648E-16
4776.  1.783453E-16
4778.  1.750713E-16
4780.  1.749414E-16
4782.  1.736659E-16
4784.  1.764698E-16
4786.  1.797571E-16
4788.  1.800490E-16
4790.  1.810229E-16
4792.  1.786532E-16
4794.  1.814657E-16
4796.  1.816646E-16
4798.  1.812082E-16
4800.  1.861524E-16
4802.  1.837555E-16
4804.  1.800831E-16
4806.  1.816219E-16
4808.  1.837638E-16
4810.  1.826270E-16
4812.  1.833440E-16
4814.  1.841506E-16
4816.  1.845762E-16
4818.  1.809880E-16
4820.  1.769069E-16
4822.  1.783875E-16
4824.  1.768621E-16
4826.  1.724796E-16
4828.  1.696661E-16
4830.  1.716396E-16
4832.  1.707908E-16
4834.  1.691446E-16
4836.  1.738773E-16
4838.  1.768921E-16
4840.  1.742198E-16
4842.  1.741744E-16
4844.  1.742503E-16
4846.  1.735845E-16
4848.  1.720874E-16
4850.  1.698721E-16
4852.  1.648849E-16
4854.  1.696397E-16
4856.  1.748968E-16
4858.  1.770871E-16
4860.  1.754475E-16
4862.  1.770082E-16
4864.  1.766537E-16
4866.  1.718302E-16
4868.  1.714862E-16
4870.  1.722049E-16
4872.  1.743038E-16
4874.  1.756663E-16
4876.  1.762437E-16
4878.  1.717602E-16
4880.  1.680293E-16
4882.  1.670821E-16
4884.  1.656248E-16
4886.  1.651195E-16
4888.  1.654860E-16
4890.  1.616718E-16
4892.  1.677043E-16
4894.  1.707595E-16
4896.  1.623765E-16
4898.  1.610094E-16
4900.  1.615229E-16
4902.  1.613960E-16
4904.  1.614933E-16
4906.  1.642444E-16
4908.  1.698484E-16
4910.  1.639786E-16
4912.  1.587376E-16
4914.  1.617693E-16
4916.  1.611974E-16
4918.  1.598430E-16
4920.  1.642961E-16
4922.  1.655808E-16
4924.  1.599482E-16
4926.  1.584542E-16
4928.  1.616380E-16
4930.  1.685398E-16
4932.  1.675953E-16
4934.  1.686063E-16
4936.  1.782943E-16
4938.  1.777161E-16
4940.  1.718860E-16
4942.  1.728453E-16
4944.  1.766922E-16
4946.  1.739912E-16
4948.  1.769856E-16
4950.  1.813474E-16
4952.  1.864136E-16
4954.  1.823822E-16
4956.  1.788980E-16
4958.  1.812568E-16
4960.  1.799036E-16
4962.  1.818783E-16
4964.  1.883097E-16
4966.  1.903494E-16
4968.  1.901465E-16
4970.  1.895912E-16
4972.  1.879391E-16
4974.  1.843140E-16
4976.  1.823276E-16
4978.  1.856260E-16
4980.  1.895281E-16
4982.  1.888809E-16
4984.  1.871152E-16
4986.  1.911777E-16
4988.  1.938775E-16
4990.  1.936512E-16
4992.  1.975395E-16
4994.  1.985422E-16
4996.  1.989152E-16
4998.  1.991010E-16
5000.  1.941432E-16
5002.  1.998225E-16
5004.  1.994102E-16
5006.  2.027034E-16
5008.  2.046730E-16
5010.  2.052685E-16
5012.  2.075100E-16
5014.  2.009411E-16
5016.  1.975037E-16
5018.  2.028361E-16
5020.  2.056883E-16
5022.  2.112220E-16
5024.  2.079186E-16
5026.  2.083420E-16
5028.  2.071101E-16
5030.  2.017011E-16
5032.  2.043315E-16
5034.  2.097758E-16
5036.  2.078454E-16
5038.  2.115007E-16
5040.  2.136606E-16
5042.  2.095705E-16
5044.  2.110416E-16
5046.  2.166988E-16
5048.  2.142447E-16
5050.  2.114331E-16
5052.  2.161011E-16
5054.  2.180445E-16
5056.  2.159788E-16
5058.  2.173598E-16
5060.  2.187987E-16
5062.  2.206589E-16
5064.  2.160288E-16
5066.  2.170028E-16
5068.  2.153970E-16
5070.  2.157654E-16
5072.  2.204889E-16
5074.  2.204618E-16
5076.  2.245321E-16
5078.  2.200235E-16
5080.  2.109407E-16
5082.  2.122266E-16
5084.  2.115949E-16
5086.  2.090030E-16
5088.  2.082811E-16
5090.  2.133731E-16
5092.  2.128700E-16
5094.  2.143584E-16
5096.  2.152003E-16
5098.  2.218903E-16
5100.  2.211927E-16
5102.  2.161936E-16
5104.  2.171800E-16
5106.  2.253333E-16
5108.  2.253336E-16
5110.  2.204892E-16
5112.  2.208581E-16
5114.  2.191935E-16
5116.  2.187169E-16
5118.  2.247068E-16
5120.  2.305260E-16
5122.  2.250215E-16
5124.  2.256643E-16
5126.  2.215022E-16
5128.  2.227626E-16
5130.  2.232136E-16
5132.  2.161919E-16
5134.  2.184775E-16
5136.  2.249617E-16
5138.  2.246176E-16
5140.  2.241318E-16
5142.  2.265958E-16
5144.  2.268489E-16
5146.  2.255175E-16
5148.  2.255261E-16
5150.  2.220913E-16
5152.  2.196336E-16
5154.  2.214793E-16
5156.  2.157450E-16
5158.  2.167379E-16
5160.  2.162523E-16
5162.  2.142606E-16
5164.  2.133652E-16
5166.  2.150258E-16
5168.  2.156772E-16
5170.  2.134847E-16
5172.  2.091040E-16
5174.  2.138021E-16
5176.  2.095788E-16
5178.  2.060959E-16
5180.  2.061017E-16
5182.  2.024313E-16
5184.  2.131661E-16
5186.  2.106169E-16
5188.  2.040863E-16
5190.  2.000705E-16
5192.  1.998104E-16
5194.  1.983447E-16
5196.  1.985747E-16
5198.  2.026890E-16
5200.  2.028490E-16
5202.  1.997390E-16
5204.  1.987409E-16
5206.  1.977205E-16
5208.  1.898816E-16
5210.  1.939097E-16
5212.  1.840923E-16
5214.  1.848225E-16
5216.  1.853554E-16
5218.  1.862178E-16
5220.  1.874610E-16
5222.  1.862400E-16
5224.  1.797693E-16
5226.  1.779219E-16
5228.  1.782026E-16
5230.  1.779447E-16
5232.  1.758085E-16
5234.  1.713943E-16
5236.  1.681326E-16
5238.  1.691381E-16
5240.  1.695274E-16
5242.  1.694673E-16
5244.  1.630206E-16
5246.  1.652062E-16
5248.  1.658664E-16
5250.  1.607623E-16
5252.  1.587440E-16
5254.  1.580909E-16
5256.  1.572291E-16
5258.  1.613458E-16
5260.  1.611279E-16
5262.  1.592170E-16
5264.  1.546180E-16
5266.  1.535389E-16
5268.  1.522127E-16
5270.  1.510924E-16
5272.  1.480792E-16
5274.  1.479296E-16
5276.  1.496626E-16
5278.  1.481010E-16
5280.  1.445983E-16
5282.  1.409545E-16
5284.  1.449451E-16
5286.  1.440484E-16
5288.  1.414907E-16
5290.  1.468368E-16
5292.  1.425621E-16
5294.  1.397378E-16
5296.  1.439366E-16
5298.  1.462013E-16
5300.  1.376174E-16
5302.  1.428749E-16
5304.  1.416218E-16
5306.  1.423216E-16
5308.  1.382156E-16
5310.  1.365839E-16
5312.  1.427371E-16
5314.  1.441862E-16
5316.  1.411409E-16
5318.  1.458710E-16
5320.  1.411952E-16
5322.  1.421858E-16
5324.  1.410855E-16
5326.  1.413624E-16
5328.  1.463349E-16
5330.  1.446838E-16
5332.  1.435348E-16
5334.  1.451795E-16
5336.  1.476225E-16
5338.  1.510978E-16
5340.  1.474745E-16
5342.  1.497196E-16
5344.  1.493659E-16
5346.  1.491102E-16
5348.  1.485773E-16
5350.  1.491962E-16
5352.  1.480911E-16
5354.  1.503010E-16
5356.  1.472207E-16
5358.  1.434616E-16
5360.  1.462116E-16
5362.  1.467343E-16
5364.  1.455208E-16
5366.  1.397147E-16
5368.  1.413815E-16
5370.  1.453830E-16
5372.  1.494896E-16
5374.  1.437446E-16
5376.  1.435647E-16
5378.  1.465436E-16
5380.  1.437549E-16
5382.  1.441074E-16
5384.  1.438281E-16
5386.  1.423792E-16
5388.  1.444456E-16
5390.  1.466754E-16
5392.  1.456862E-16
5394.  1.420678E-16
5396.  1.395351E-16
5398.  1.428850E-16
5400.  1.454726E-16
5402.  1.441416E-16
5404.  1.452212E-16
5406.  1.469751E-16
5408.  1.489644E-16
5410.  1.513887E-16
5412.  1.531479E-16
5414.  1.558934E-16
5416.  1.590901E-16
5418.  1.605401E-16
5420.  1.551665E-16
5422.  1.537495E-16
5424.  1.587907E-16
5426.  1.650425E-16
5428.  1.661162E-16
5430.  1.694118E-16
5432.  1.661135E-16
5434.  1.650298E-16
5436.  1.647345E-16
5438.  1.685190E-16
5440.  1.637754E-16
5442.  1.652789E-16
5444.  1.699513E-16
5446.  1.693301E-16
5448.  1.665294E-16
5450.  1.642831E-16
5452.  1.697121E-16
5454.  1.690376E-16
5456.  1.697333E-16
5458.  1.711556E-16
5460.  1.669826E-16
5462.  1.671111E-16
5464.  1.679188E-16
5466.  1.677239E-16
5468.  1.698774E-16
5470.  1.677526E-16
5472.  1.686633E-16
5474.  1.649499E-16
5476.  1.708387E-16
5478.  1.723474E-16
5480.  1.713632E-16
5482.  1.749356E-16
5484.  1.730326E-16
5486.  1.678521E-16
5488.  1.719063E-16
5490.  1.705735E-16
5492.  1.760783E-16
5494.  1.738420E-16
5496.  1.719931E-16
5498.  1.690241E-16
5500.  1.712132E-16
5502.  1.751609E-16
5504.  1.770207E-16
5506.  1.702423E-16
5508.  1.685561E-16
5510.  1.722715E-16
5512.  1.757192E-16
5514.  1.709298E-16
5516.  1.727360E-16
5518.  1.731737E-16
5520.  1.725727E-16
5522.  1.763748E-16
5524.  1.763452E-16
5526.  1.768129E-16
5528.  1.730624E-16
5530.  1.700271E-16
5532.  1.728186E-16
5534.  1.694111E-16
5536.  1.717114E-16
5538.  1.691697E-16
5540.  1.678876E-16
5542.  1.646499E-16
5544.  1.634293E-16
5546.  1.713022E-16
5548.  1.683445E-16
5550.  1.633239E-16
5552.  1.672954E-16
5554.  1.657681E-16
5556.  1.657297E-16
5558.  1.603315E-16
5560.  1.604826E-16
5562.  1.635440E-16
5564.  1.613626E-16
5566.  1.599471E-16
5568.  1.585658E-16
5570.  1.622367E-16
5572.  1.619218E-16
5574.  1.659354E-16
5576.  1.693480E-16
5578.  1.755175E-16
5580.  1.679665E-16
5582.  1.629529E-16
5584.  1.569012E-16
5586.  1.558720E-16
5588.  1.609714E-16
5590.  1.599579E-16
5592.  1.562558E-16
5594.  1.606460E-16
5596.  1.586295E-16
5598.  1.549112E-16
5600.  1.556155E-16
5602.  1.587945E-16
5604.  1.583256E-16
5606.  1.550488E-16
5608.  1.568846E-16
5610.  1.613236E-16
5612.  1.600246E-16
5614.  1.576285E-16
5616.  1.552619E-16
5618.  1.528827E-16
5620.  1.513179E-16
5622.  1.504078E-16
5624.  1.492356E-16
5626.  1.483258E-16
5628.  1.486959E-16
5630.  1.483883E-16
5632.  1.435860E-16
5634.  1.426456E-16
5636.  1.440608E-16
5638.  1.453542E-16
5640.  1.464322E-16
5642.  1.480413E-16
5644.  1.464103E-16
5646.  1.454725E-16
5648.  1.471283E-16
5650.  1.470353E-16
5652.  1.451648E-16
5654.  1.430406E-16
5656.  1.433925E-16
5658.  1.455943E-16
5660.  1.452510E-16
5662.  1.468225E-16
5664.  1.467832E-16
5666.  1.448735E-16
5668.  1.430044E-16
5670.  1.428502E-16
5672.  1.425450E-16
5674.  1.423706E-16
5676.  1.409727E-16
5678.  1.412906E-16
5680.  1.434947E-16
5682.  1.428275E-16
5684.  1.408908E-16
5686.  1.429259E-16
5688.  1.467703E-16
5690.  1.451246E-16
5692.  1.448712E-16
5694.  1.461433E-16
5696.  1.472317E-16
5698.  1.503488E-16
5700.  1.507322E-16
5702.  1.498112E-16
5704.  1.496318E-16
5706.  1.499545E-16
5708.  1.486600E-16
5710.  1.470472E-16
5712.  1.467324E-16
5714.  1.473777E-16
5716.  1.506186E-16
5718.  1.516301E-16
5720.  1.497481E-16
5722.  1.508970E-16
5724.  1.509943E-16
5726.  1.479291E-16
5728.  1.457371E-16
5730.  1.485672E-16
5732.  1.512274E-16
5734.  1.516614E-16
5736.  1.540438E-16
5738.  1.522716E-16
5740.  1.514313E-16
5742.  1.546122E-16
5744.  1.586329E-16
5746.  1.601237E-16
5748.  1.603789E-16
5750.  1.625605E-16
5752.  1.574333E-16
5754.  1.563654E-16
5756.  1.623343E-16
5758.  1.630135E-16
5760.  1.622957E-16
5762.  1.632887E-16
5764.  1.608365E-16
5766.  1.605728E-16
5768.  1.632958E-16
5770.  1.657926E-16
5772.  1.656011E-16
5774.  1.632830E-16
5776.  1.643842E-16
5778.  1.656763E-16
5780.  1.646768E-16
5782.  1.672364E-16
5784.  1.691313E-16
5786.  1.695406E-16
5788.  1.698609E-16
5790.  1.680689E-16
5792.  1.667147E-16
5794.  1.662590E-16
5796.  1.668821E-16
5798.  1.653699E-16
5800.  1.638195E-16
5802.  1.669035E-16
5804.  1.714182E-16
5806.  1.717870E-16
5808.  1.721173E-16
5810.  1.720707E-16
5812.  1.695095E-16
5814.  1.686123E-16
5816.  1.721405E-16
5818.  1.742005E-16
5820.  1.718487E-16
5822.  1.682967E-16
5824.  1.697154E-16
5826.  1.705291E-16
5828.  1.722513E-16
5830.  1.757035E-16
5832.  1.757693E-16
5834.  1.749943E-16
5836.  1.734260E-16
5838.  1.734246E-16
5840.  1.742933E-16
5842.  1.761129E-16
5844.  1.762892E-16
5846.  1.762395E-16
5848.  1.748692E-16
5850.  1.738075E-16
5852.  1.737622E-16
5854.  1.752280E-16
5856.  1.763560E-16
5858.  1.774008E-16
5860.  1.793537E-16
5862.  1.794882E-16
5864.  1.789670E-16
5866.  1.801532E-16
5868.  1.817055E-16
5870.  1.800433E-16
5872.  1.783481E-16
5874.  1.780191E-16
5876.  1.819025E-16
5878.  1.837135E-16
5880.  1.821513E-16
5882.  1.826425E-16
5884.  1.846368E-16
5886.  1.850697E-16
5888.  1.821329E-16
5890.  1.781098E-16
5892.  1.779704E-16
5894.  1.795925E-16
5896.  1.820681E-16
5898.  1.823159E-16
5900.  1.834468E-16
5902.  1.816915E-16
5904.  1.777991E-16
5906.  1.802947E-16
5908.  1.825196E-16
5910.  1.816826E-16
5912.  1.828429E-16
5914.  1.839455E-16
5916.  1.802438E-16
5918.  1.765940E-16
5920.  1.780668E-16
5922.  1.810004E-16
5924.  1.801194E-16
5926.  1.782358E-16
5928.  1.796273E-16
5930.  1.782796E-16
5932.  1.791635E-16
5934.  1.816262E-16
5936.  1.770751E-16
5938.  1.737160E-16
5940.  1.752102E-16
5942.  1.789759E-16
5944.  1.759438E-16
5946.  1.739232E-16
5948.  1.763978E-16
5950.  1.754492E-16
5952.  1.737420E-16
5954.  1.698664E-16
5956.  1.710865E-16
5958.  1.739986E-16
5960.  1.751080E-16
5962.  1.720391E-16
5964.  1.672830E-16
5966.  1.701670E-16
5968.  1.735110E-16
5970.  1.728480E-16
5972.  1.687327E-16
5974.  1.666444E-16
5976.  1.672869E-16
5978.  1.676968E-16
5980.  1.706926E-16
5982.  1.736729E-16
5984.  1.746822E-16
5986.  1.728459E-16
5988.  1.725954E-16
5990.  1.737345E-16
5992.  1.716291E-16
5994.  1.707553E-16
5996.  1.719066E-16
5998.  1.714335E-16
6000.  1.697245E-16
6002.  1.647774E-16
6004.  1.658410E-16
6006.  1.697979E-16
6008.  1.646517E-16
6010.  1.620758E-16
6012.  1.654111E-16
6014.  1.647589E-16
6016.  1.625331E-16
6018.  1.629343E-16
6020.  1.626957E-16
6022.  1.649030E-16
6024.  1.640707E-16
6026.  1.599914E-16
6028.  1.593741E-16
6030.  1.622541E-16
6032.  1.639578E-16
6034.  1.626345E-16
6036.  1.603851E-16
6038.  1.602624E-16
6040.  1.596988E-16
6042.  1.572097E-16
6044.  1.584440E-16
6046.  1.616791E-16
6048.  1.613853E-16
6050.  1.571339E-16
6052.  1.561087E-16
6054.  1.552930E-16
6056.  1.564829E-16
6058.  1.595368E-16
6060.  1.586257E-16
6062.  1.567515E-16
6064.  1.564440E-16
6066.  1.566750E-16
6068.  1.574311E-16
6070.  1.576034E-16
6072.  1.576010E-16
6074.  1.552678E-16
6076.  1.529270E-16
6078.  1.557321E-16
6080.  1.579041E-16
6082.  1.558528E-16
6084.  1.547318E-16
6086.  1.548039E-16
6088.  1.555343E-16
6090.  1.549037E-16
6092.  1.533248E-16
6094.  1.532896E-16
6096.  1.534919E-16
6098.  1.529719E-16
6100.  1.514473E-16
6102.  1.529954E-16
6104.  1.546296E-16
6106.  1.538636E-16
6108.  1.548571E-16
6110.  1.550604E-16
6112.  1.526511E-16
6114.  1.519987E-16
6116.  1.515158E-16
6118.  1.518226E-16
6120.  1.521044E-16
6122.  1.516925E-16
6124.  1.534312E-16
6126.  1.523039E-16
6128.  1.497838E-16
6130.  1.485916E-16
6132.  1.462625E-16
6134.  1.461653E-16
6136.  1.491965E-16
6138.  1.497226E-16
6140.  1.479841E-16
6142.  1.478435E-16
6144.  1.481624E-16
6146.  1.486949E-16
6148.  1.466715E-16
6150.  1.426501E-16
6152.  1.413483E-16
6154.  1.426903E-16
6156.  1.425453E-16
6158.  1.421899E-16
6160.  1.439895E-16
6162.  1.425243E-16
6164.  1.402364E-16
6166.  1.384512E-16
6168.  1.387819E-16
6170.  1.392436E-16
6172.  1.378334E-16
6174.  1.361109E-16
6176.  1.375080E-16
6178.  1.376444E-16
6180.  1.330560E-16
6182.  1.335894E-16
6184.  1.336893E-16
6186.  1.296885E-16
6188.  1.275640E-16
6190.  1.265208E-16
6192.  1.282426E-16
6194.  1.282410E-16
6196.  1.285292E-16
6198.  1.307757E-16
6200.  1.287108E-16
6202.  1.280984E-16
6204.  1.245791E-16
6206.  1.233573E-16
6208.  1.229985E-16
6210.  1.259154E-16
6212.  1.242026E-16
6214.  1.222199E-16
6216.  1.217472E-16
6218.  1.205070E-16
6220.  1.221165E-16
6222.  1.190548E-16
6224.  1.167898E-16
6226.  1.154692E-16
6228.  1.156420E-16
6230.  1.199668E-16
6232.  1.187260E-16
6234.  1.153710E-16
6236.  1.127451E-16
6238.  1.146168E-16
6240.  1.162085E-16
6242.  1.193271E-16
6244.  1.155381E-16
6246.  1.107389E-16
6248.  1.096147E-16
6250.  1.095553E-16
6252.  1.108368E-16
6254.  1.123750E-16
6256.  1.115747E-16
6258.  1.103925E-16
6260.  1.124021E-16
6262.  1.126004E-16
6264.  1.132063E-16
6266.  1.133571E-16
6268.  1.112018E-16
6270.  1.073131E-16
6272.  1.066107E-16
6274.  1.058881E-16
6276.  1.026871E-16
6278.  1.029275E-16
6280.  1.063300E-16
6282.  1.050921E-16
6284.  9.882836E-17
6286.  1.008459E-16
6288.  1.067536E-16
6290.  1.029318E-16
6292.  1.028941E-16
6294.  1.066206E-16
6296.  1.049958E-16
6298.  1.037478E-16
6300.  1.048787E-16
6302.  1.040007E-16
6304.  9.985990E-17
6306.  1.000163E-16
6308.  9.929178E-17
6310.  9.637880E-17
6312.  9.866780E-17
6314.  9.956884E-17
6316.  9.696515E-17
6318.  9.533859E-17
6320.  9.427436E-17
6322.  9.629459E-17
6324.  9.564049E-17
6326.  9.650107E-17
6328.  9.783292E-17
6330.  9.680102E-17
6332.  9.408391E-17
6334.  9.310427E-17
6336.  9.054487E-17
6338.  9.172193E-17
6340.  9.231430E-17
6342.  9.207253E-17
6344.  9.282954E-17
6346.  8.990110E-17
6348.  8.825618E-17
6350.  9.128522E-17
6352.  9.008143E-17
6354.  8.846114E-17
6356.  8.473253E-17
6358.  8.498362E-17
6360.  8.857342E-17
6362.  8.345338E-17
6364.  8.255691E-17
6366.  8.628860E-17
6368.  8.528280E-17
6370.  8.652575E-17
6372.  8.848845E-17
6374.  8.715740E-17
6376.  8.665134E-17
6378.  8.505465E-17
6380.  8.629555E-17
6382.  8.695294E-17
6384.  8.831806E-17
6386.  8.435190E-17
6388.  8.274228E-17
6390.  8.414225E-17
6392.  8.397819E-17
6394.  8.518630E-17
6396.  8.512225E-17
6398.  8.435340E-17
6400.  8.231629E-17
6402.  8.286444E-17
6404.  8.141053E-17
6406.  8.134583E-17
6408.  8.331524E-17
6410.  8.278023E-17
6412.  8.215642E-17
6414.  8.135669E-17
6416.  8.174187E-17
6418.  8.051141E-17
6420.  8.037207E-17
6422.  7.958512E-17
6424.  7.700482E-17
6426.  8.010031E-17
6428.  8.223557E-17
6430.  8.097829E-17
6432.  8.017988E-17
6434.  8.070201E-17
6436.  8.166613E-17
6438.  8.191979E-17
6440.  8.025016E-17
6442.  7.801888E-17
6444.  8.012812E-17
6446.  8.013488E-17
6448.  7.919734E-17
6450.  8.103061E-17
6452.  8.086260E-17
6454.  8.038355E-17
6456.  8.134224E-17
6458.  8.055048E-17
6460.  7.926487E-17
6462.  7.883631E-17
6464.  7.972358E-17
6466.  7.809351E-17
6468.  7.900102E-17
6470.  7.978887E-17
6472.  8.036806E-17
6474.  8.322219E-17
6476.  7.908150E-17
6478.  7.923955E-17
6480.  8.135415E-17
6482.  7.953162E-17
6484.  8.033505E-17
6486.  8.404208E-17
6488.  8.133968E-17
6490.  8.142361E-17
6492.  8.408345E-17
6494.  8.485753E-17
6496.  8.501692E-17
6498.  8.223658E-17
6500.  8.302205E-17
6502.  8.506279E-17
6504.  8.689926E-17
6506.  8.322734E-17
6508.  8.504086E-17
6510.  8.538082E-17
6512.  8.645587E-17
6514.  8.731032E-17
6516.  8.695843E-17
6518.  8.703522E-17
6520.  8.675231E-17
6522.  8.754156E-17
6524.  8.585539E-17
6526.  8.902418E-17
6528.  8.986701E-17
6530.  8.773520E-17
6532.  8.681126E-17
6534.  8.679051E-17
6536.  8.925413E-17
6538.  8.978317E-17
6540.  9.050873E-17
6542.  9.140127E-17
6544.  8.995677E-17
6546.  9.033522E-17
6548.  9.263313E-17
6550.  8.971598E-17
6552.  8.613396E-17
6554.  9.030666E-17
6556.  9.417161E-17
6558.  9.118875E-17
6560.  9.046696E-17
6562.  9.294056E-17
6564.  9.102404E-17
6566.  8.904675E-17
6568.  9.096915E-17
6570.  9.403359E-17
6572.  9.453057E-17
6574.  9.425082E-17
6576.  9.308212E-17
6578.  9.598827E-17
6580.  9.504874E-17
6582.  9.718084E-17
6584.  9.633558E-17
6586.  9.211292E-17
6588.  9.650595E-17
6590.  9.921208E-17
6592.  9.968619E-17
6594.  1.000139E-16
6596.  9.705039E-17
6598.  9.497467E-17
6600.  9.417865E-17
6602.  9.689623E-17
6604.  9.597169E-17
6606.  9.468411E-17
6608.  9.323192E-17
6610.  9.721434E-17
6612.  9.706864E-17
6614.  9.564807E-17
6616.  9.313574E-17
6618.  9.280015E-17
6620.  9.621404E-17
6622.  9.465356E-17
6624.  9.333810E-17
6626.  9.482349E-17
6628.  9.636864E-17
6630.  9.605996E-17
6632.  9.744994E-17
6634.  9.672534E-17
6636.  9.417706E-17
6638.  9.413717E-17
6640.  9.294440E-17
6642.  9.487615E-17
6644.  9.715417E-17
6646.  9.481519E-17
6648.  9.549322E-17
6650.  9.739844E-17
6652.  9.626995E-17
6654.  9.845500E-17
6656.  9.921384E-17
6658.  9.663221E-17
6660.  9.518605E-17
6662.  9.435739E-17
6664.  9.437948E-17
6666.  9.361200E-17
6668.  9.298760E-17
6670.  9.316444E-17
6672.  9.360107E-17
6674.  9.455128E-17
6676.  9.333524E-17
6678.  9.165217E-17
6680.  9.408113E-17
6682.  9.445605E-17
6684.  9.240251E-17
6686.  9.367037E-17
6688.  9.162236E-17
6690.  9.257939E-17
6692.  8.992734E-17
6694.  8.857351E-17
6696.  8.950990E-17
6698.  8.877677E-17
6700.  8.849114E-17
6702.  8.751502E-17
6704.  9.063562E-17
6706.  8.766321E-17
6708.  8.618243E-17
6710.  8.768268E-17
6712.  8.841266E-17
6714.  8.764217E-17
6716.  8.824389E-17
6718.  8.820376E-17
6720.  8.871889E-17
6722.  8.758006E-17
6724.  8.802578E-17
6726.  9.075053E-17
6728.  8.904339E-17
6730.  9.051537E-17
6732.  8.902981E-17
6734.  9.006257E-17
6736.  8.929466E-17
6738.  8.914458E-17
6740.  8.874515E-17
6742.  9.074789E-17
6744.  9.342216E-17
6746.  9.145290E-17
6748.  9.199183E-17
6750.  9.229342E-17
6752.  9.490146E-17
6754.  9.654427E-17
6756.  9.413100E-17
6758.  9.497701E-17
6760.  9.581055E-17
6762.  9.707120E-17
6764.  9.838348E-17
6766.  9.840399E-17
6768.  9.799130E-17
6770.  9.529617E-17
6772.  9.699039E-17
6774.  9.929336E-17
6776.  9.875241E-17
6778.  9.896051E-17
6780.  9.859337E-17
6782.  9.942283E-17
6784.  1.022352E-16
6786.  1.011010E-16
6788.  1.027409E-16
6790.  1.053042E-16
6792.  1.020452E-16
6794.  1.039974E-16
6796.  1.043066E-16
6798.  1.016629E-16
6800.  1.034927E-16
6802.  1.019177E-16
6804.  1.034200E-16
6806.  1.020433E-16
6808.  1.022859E-16
6810.  1.027981E-16
6812.  1.076194E-16
6814.  1.066617E-16
6816.  1.091443E-16
6818.  1.059081E-16
6820.  1.065749E-16
6822.  1.077225E-16
6824.  1.079845E-16
6826.  1.100712E-16
6828.  1.124327E-16
6830.  1.086481E-16
6832.  1.083325E-16
6834.  1.131787E-16
6836.  1.110212E-16
6838.  1.092709E-16
6840.  1.086237E-16
6842.  1.062315E-16
6844.  1.064643E-16
6846.  1.072719E-16
6848.  1.064792E-16
6850.  1.071441E-16
6852.  1.068710E-16
6854.  1.068863E-16
6856.  1.073964E-16
6858.  1.057238E-16
6860.  1.074226E-16
6862.  1.105082E-16
6864.  1.087397E-16
6866.  1.085834E-16
6868.  1.121697E-16
6870.  1.088279E-16
6872.  1.098907E-16
6874.  1.116024E-16
6876.  1.108731E-16
6878.  1.102749E-16
6880.  1.083855E-16
6882.  1.067276E-16
6884.  1.062730E-16
6886.  1.106739E-16
6888.  1.092673E-16
6890.  1.054656E-16
6892.  1.084767E-16
6894.  1.068410E-16
6896.  1.063080E-16
6898.  1.053199E-16
6900.  1.033618E-16
6902.  1.027631E-16
6904.  1.026865E-16
6906.  1.008726E-16
6908.  9.938987E-17
6910.  9.823417E-17
6912.  1.000102E-16
6914.  9.857109E-17
6916.  9.940965E-17
6918.  1.023591E-16
6920.  1.009545E-16
6922.  1.021838E-16
6924.  1.014519E-16
6926.  9.853300E-17
6928.  9.656487E-17
6930.  9.548490E-17
6932.  9.508132E-17
6934.  9.709569E-17
6936.  9.708326E-17
6938.  9.515653E-17
6940.  9.435895E-17
6942.  9.483487E-17
6944.  9.484331E-17
6946.  9.586312E-17
6948.  9.635927E-17
6950.  9.686255E-17
6952.  9.846488E-17
6954.  9.467160E-17
6956.  9.598798E-17
6958.  9.660500E-17
6960.  9.630919E-17
6962.  9.753707E-17
6964.  9.574557E-17
6966.  9.706848E-17
6968.  1.001472E-16
6970.  9.963707E-17
6972.  9.671044E-17
6974.  9.658496E-17
6976.  1.011811E-16
6978.  1.011276E-16
6980.  9.823142E-17
6982.  9.796941E-17
6984.  9.695316E-17
6986.  1.016088E-16
6988.  1.003222E-16
6990.  1.025042E-16
6992.  1.027238E-16
6994.  1.010447E-16
6996.  1.039909E-16
6998.  1.032944E-16
7000.  1.011287E-16
7002.  1.021895E-16
7004.  1.037249E-16
7006.  1.020165E-16
7008.  1.010294E-16
7010.  1.017729E-16
7012.  1.023062E-16
7014.  1.039419E-16
7016.  1.063011E-16
7018.  1.063818E-16
7020.  1.045451E-16
7022.  1.055731E-16
7024.  1.067989E-16
7026.  1.077676E-16
7028.  1.094500E-16
7030.  1.109053E-16
7032.  1.120482E-16
7034.  1.119593E-16
7036.  1.113238E-16
7038.  1.099454E-16
7040.  1.119316E-16
7042.  1.141266E-16
7044.  1.143980E-16
7046.  1.119819E-16
7048.  1.128834E-16
7050.  1.165745E-16
7052.  1.172923E-16
7054.  1.170383E-16
7056.  1.163381E-16
7058.  1.167062E-16
7060.  1.184304E-16
7062.  1.208014E-16
7064.  1.182171E-16
7066.  1.185212E-16
7068.  1.214769E-16
7070.  1.213628E-16
7072.  1.205083E-16
7074.  1.207240E-16
7076.  1.206732E-16
7078.  1.217819E-16
7080.  1.233942E-16
7082.  1.235575E-16
7084.  1.255240E-16
7086.  1.266064E-16
7088.  1.270419E-16
7090.  1.282320E-16
7092.  1.281184E-16
7094.  1.259595E-16
7096.  1.251849E-16
7098.  1.283326E-16
7100.  1.282604E-16
7102.  1.277471E-16
7104.  1.254991E-16
7106.  1.250215E-16
7108.  1.279547E-16
7110.  1.276322E-16
7112.  1.281960E-16
7114.  1.302710E-16
7116.  1.312111E-16
7118.  1.295152E-16
7120.  1.291434E-16
7122.  1.302275E-16
7124.  1.337455E-16
7126.  1.345767E-16
7128.  1.310731E-16
7130.  1.304708E-16
7132.  1.319601E-16
7134.  1.298737E-16
7136.  1.284159E-16
7138.  1.296969E-16
7140.  1.299773E-16
7142.  1.305629E-16
7144.  1.292657E-16
7146.  1.282919E-16
7148.  1.279418E-16
7150.  1.304440E-16
7152.  1.298035E-16
7154.  1.281756E-16
7156.  1.299330E-16
7158.  1.304427E-16
7160.  1.272539E-16
7162.  1.255666E-16
7164.  1.275336E-16
7166.  1.275477E-16
7168.  1.262475E-16
7170.  1.280544E-16
7172.  1.271712E-16
7174.  1.253999E-16
7176.  1.262204E-16
7178.  1.267146E-16
7180.  1.270910E-16
7182.  1.275065E-16
7184.  1.262381E-16
7186.  1.241508E-16
7188.  1.243992E-16
7190.  1.258352E-16
7192.  1.258484E-16
7194.  1.265880E-16
7196.  1.276041E-16
7198.  1.265995E-16
7200.  1.264401E-16
7202.  1.251012E-16
7204.  1.248807E-16
7206.  1.267161E-16
7208.  1.229043E-16
7210.  1.210222E-16
7212.  1.198470E-16
7214.  1.188670E-16
7216.  1.222132E-16
7218.  1.250976E-16
7220.  1.239160E-16
7222.  1.212962E-16
7224.  1.197559E-16
7226.  1.211550E-16
7228.  1.245280E-16
7230.  1.226023E-16
7232.  1.202788E-16
7234.  1.221774E-16
7236.  1.226650E-16
7238.  1.204292E-16
7240.  1.156964E-16
7242.  1.157497E-16
7244.  1.180991E-16
7246.  1.176234E-16
7248.  1.181981E-16
7250.  1.177941E-16
7252.  1.142680E-16
7254.  1.145267E-16
7256.  1.184604E-16
7258.  1.182958E-16
7260.  1.165336E-16
7262.  1.155416E-16
7264.  1.141153E-16
7266.  1.129104E-16
7268.  1.130897E-16
7270.  1.146988E-16
7272.  1.154827E-16
7274.  1.144198E-16
7276.  1.106612E-16
7278.  1.117947E-16
7280.  1.138105E-16
7282.  1.114247E-16
7284.  1.082545E-16
7286.  1.085412E-16
7288.  1.101814E-16
7290.  1.097018E-16
7292.  1.097569E-16
7294.  1.096589E-16
7296.  1.087712E-16
7298.  1.086640E-16
7300.  1.077226E-16
7302.  1.073543E-16
7304.  1.105219E-16
7306.  1.154865E-16
7308.  1.195265E-16
7310.  1.203282E-16
7312.  1.170871E-16
7314.  1.103490E-16
7316.  1.046910E-16
7318.  1.031187E-16
7320.  1.024985E-16
7322.  1.016429E-16
7324.  1.015538E-16
7326.  1.037304E-16
7328.  1.021130E-16
7330.  9.921353E-17
7332.  9.853167E-17
7334.  9.905274E-17
7336.  9.944246E-17
7338.  9.717521E-17
7340.  9.693402E-17
7342.  9.627452E-17
7344.  9.211626E-17
7346.  9.216127E-17
7348.  9.461219E-17
7350.  9.508367E-17
7352.  9.379417E-17
7354.  9.267422E-17
7356.  9.439533E-17
7358.  9.506279E-17
7360.  9.295637E-17
7362.  9.027316E-17
7364.  8.909369E-17
7366.  8.834497E-17
7368.  8.975254E-17
7370.  8.936087E-17
7372.  8.691300E-17
7374.  8.783012E-17
7376.  9.101442E-17
7378.  9.098271E-17
7380.  8.773991E-17
7382.  8.801936E-17
7384.  8.984767E-17
7386.  8.840798E-17
7388.  8.621651E-17
7390.  8.625179E-17
7392.  8.746333E-17
7394.  8.859694E-17
7396.  8.760334E-17
7398.  8.554390E-17
7400.  8.445602E-17
7402.  8.519207E-17
7404.  8.415226E-17
7406.  8.407840E-17
7408.  8.440449E-17
7410.  8.370468E-17
7412.  8.414939E-17
7414.  8.465775E-17
7416.  8.458118E-17
7418.  8.386271E-17
7420.  8.258930E-17
7422.  8.272586E-17
7424.  8.450312E-17
7426.  8.301188E-17
7428.  8.115995E-17
7430.  8.222800E-17
7432.  8.115863E-17
7434.  8.020344E-17
7436.  8.230665E-17
7438.  8.352008E-17
7440.  8.179638E-17
7442.  8.154028E-17
7444.  8.247175E-17
7446.  8.254926E-17
7448.  8.227950E-17
7450.  8.093898E-17
7452.  8.092585E-17
7454.  8.094384E-17
7456.  8.118036E-17
7458.  8.212316E-17
7460.  8.238707E-17
7462.  8.192523E-17
7464.  8.040323E-17
7466.  7.971540E-17
7468.  8.058821E-17
7470.  7.882193E-17
7472.  7.939514E-17
7474.  7.976104E-17
7476.  7.928374E-17
7478.  8.074178E-17
7480.  8.052599E-17
7482.  8.093888E-17
7484.  8.139206E-17
7486.  8.046092E-17
7488.  8.075449E-17
7490.  7.973275E-17
7492.  7.951969E-17
7494.  8.163248E-17
7496.  8.025085E-17
7498.  7.863976E-17
7500.  8.117568E-17
7502.  8.163432E-17
7504.  7.857527E-17
7506.  7.753089E-17
7508.  7.915567E-17
7510.  7.881196E-17
7512.  7.786413E-17
7514.  7.748014E-17
7516.  7.885768E-17
7518.  7.860631E-17
7520.  7.721185E-17
7522.  7.647423E-17
7524.  7.695112E-17
7526.  8.053534E-17
7528.  7.998407E-17
7530.  7.861665E-17
7532.  7.982988E-17
7534.  7.905218E-17
7536.  7.819581E-17
7538.  7.749374E-17
7540.  7.508441E-17
7542.  7.382233E-17
7544.  7.409408E-17
7546.  7.561936E-17
7548.  7.623426E-17
7550.  7.710043E-17
7552.  7.730822E-17
7554.  7.573152E-17
7556.  7.505440E-17
7558.  7.502416E-17
7560.  7.496456E-17
7562.  7.403394E-17
7564.  7.393590E-17
7566.  7.478474E-17
7568.  7.350402E-17
7570.  7.248451E-17
7572.  7.104242E-17
7574.  7.067817E-17
7576.  7.342115E-17
7578.  7.472636E-17
7580.  7.307674E-17
7582.  7.354041E-17
7584.  7.267314E-17
7586.  7.148847E-17
7588.  7.369535E-17
7590.  7.196563E-17
7592.  7.289059E-17
7594.  7.457742E-17
7596.  7.289388E-17
7598.  7.162201E-17
7600.  7.114847E-17
7602.  7.325867E-17
7604.  7.301265E-17
7606.  7.476304E-17
7608.  8.051753E-17
7610.  7.342165E-17
7612.  6.947720E-17
7614.  7.442205E-17
7616.  7.503738E-17
7618.  7.239983E-17
7620.  7.077129E-17
7622.  7.485381E-17
7624.  7.441979E-17
7626.  7.142588E-17
7628.  7.473345E-17
7630.  7.219344E-17
7632.  7.020128E-17
7634.  7.123582E-17
7636.  7.279094E-17
7638.  7.537559E-17
7640.  7.268611E-17
7642.  7.319551E-17
7644.  7.649430E-17
7646.  6.961224E-17
7648.  7.137243E-17
7650.  7.416219E-17
7652.  7.106622E-17
7654.  6.897614E-17
7656.  7.125665E-17
7658.  7.131547E-17
7660.  7.243089E-17
7662.  6.906324E-17
7664.  6.652594E-17
7666.  6.762914E-17
7668.  7.090931E-17
7670.  7.133393E-17
7672.  7.118797E-17
7674.  7.206780E-17
7676.  7.254845E-17
7678.  7.080454E-17
7680.  6.938184E-17
7682.  7.117946E-17
7684.  7.259887E-17
7686.  7.173028E-17
7688.  6.828360E-17
7690.  6.699302E-17
7692.  6.888914E-17
7694.  6.858620E-17
7696.  6.914022E-17
7698.  7.029262E-17
7700.  6.915560E-17
7702.  6.950454E-17
7704.  6.966066E-17
7706.  7.066256E-17
7708.  7.243443E-17
7710.  7.212165E-17
7712.  7.084163E-17
7714.  6.825693E-17
7716.  6.872511E-17
7718.  7.242535E-17
7720.  7.390337E-17
7722.  7.344756E-17
7724.  6.991779E-17
7726.  6.548700E-17
7728.  6.882074E-17
7730.  7.066216E-17
7732.  7.201175E-17
7734.  7.168239E-17
7736.  7.144625E-17
7738.  7.046530E-17
7740.  6.967553E-17
7742.  7.071311E-17
7744.  7.146843E-17
7746.  7.399376E-17
7748.  7.629140E-17
7750.  7.411651E-17
7752.  7.169260E-17
7754.  7.199798E-17
7756.  7.481827E-17
7758.  7.412995E-17
7760.  7.215219E-17
7762.  7.341578E-17
7764.  7.300921E-17
7766.  7.079512E-17
7768.  7.019134E-17
7770.  7.203299E-17
7772.  7.325740E-17
7774.  7.408539E-17
7776.  7.513354E-17
7778.  7.356574E-17
7780.  7.300832E-17
7782.  7.590911E-17
7784.  7.729460E-17
7786.  7.545041E-17
7788.  7.679103E-17
7790.  7.918731E-17
7792.  7.605673E-17
7794.  7.420960E-17
7796.  7.537430E-17
7798.  7.214705E-17
7800.  7.208109E-17
7802.  7.502390E-17
7804.  7.647537E-17
7806.  7.661723E-17
7808.  7.671953E-17
7810.  7.711336E-17
7812.  7.677695E-17
7814.  7.743450E-17
7816.  7.839454E-17
7818.  7.851271E-17
7820.  8.039368E-17
7822.  8.093018E-17
7824.  7.979800E-17
7826.  7.720130E-17
7828.  7.603922E-17
7830.  7.700185E-17
7832.  7.712555E-17
7834.  7.975490E-17
7836.  8.076382E-17
7838.  8.085921E-17
7840.  8.178218E-17
7842.  7.890612E-17
7844.  7.825119E-17
7846.  7.782972E-17
7848.  7.762598E-17
7850.  7.992963E-17
7852.  7.541407E-17
7854.  7.334290E-17
7856.  7.856452E-17
7858.  7.489621E-17
7860.  7.243067E-17
7862.  7.258485E-17
7864.  7.286390E-17
7866.  7.632435E-17
7868.  7.665397E-17
7870.  7.486135E-17
7872.  7.511923E-17
7874.  7.599081E-17
7876.  7.695486E-17
7878.  7.875066E-17
7880.  7.712252E-17
7882.  7.844569E-17
7884.  7.747542E-17
7886.  7.620583E-17
7888.  7.785059E-17
7890.  7.993269E-17
7892.  8.130262E-17
7894.  8.017105E-17
7896.  7.721020E-17
7898.  7.596462E-17
7900.  7.834291E-17
7902.  7.926683E-17
7904.  8.013654E-17
7906.  7.966722E-17
7908.  7.839979E-17
7910.  8.184443E-17
7912.  7.898689E-17
7914.  7.581783E-17
7916.  7.735585E-17
7918.  7.932100E-17
7920.  8.042359E-17
7922.  7.963118E-17
7924.  8.137804E-17
7926.  8.214562E-17
7928.  8.015728E-17
7930.  8.217750E-17
7932.  7.925646E-17
7934.  8.095837E-17
7936.  8.140666E-17
7938.  8.028338E-17
7940.  8.211548E-17
7942.  8.209756E-17
7944.  8.116766E-17
7946.  8.263062E-17
7948.  8.327100E-17
7950.  8.172072E-17
7952.  7.982180E-17
7954.  8.352128E-17
7956.  8.514302E-17
7958.  8.579732E-17
7960.  8.885931E-17
7962.  8.385431E-17
7964.  8.231252E-17
7966.  8.561474E-17
7968.  8.678711E-17
7970.  9.123917E-17
7972.  8.917250E-17
7974.  8.891362E-17
7976.  9.082571E-17
7978.  9.227139E-17
7980.  8.879150E-17
7982.  9.445683E-17
7984.  9.449693E-17
7986.  9.614204E-17
7988.  9.857800E-17
7990.  9.994143E-17
7992.  1.032443E-16
7994.  1.051864E-16
7996.  1.055090E-16
7998.  1.035368E-16
8000.  1.017746E-16
8002.  1.027097E-16
8004.  1.038917E-16
8006.  1.062724E-16
8008.  1.079289E-16
8010.  1.095350E-16
8012.  1.093519E-16
8014.  1.088467E-16
8016.  1.140144E-16
8018.  1.181751E-16
8020.  1.177933E-16
8022.  1.174768E-16
8024.  1.178629E-16
8026.  1.207687E-16
8028.  1.266029E-16
8030.  1.277176E-16
8032.  1.253558E-16
8034.  1.262353E-16
8036.  1.277372E-16
8038.  1.309902E-16
8040.  1.304347E-16
8042.  1.328619E-16
8044.  1.326504E-16
8046.  1.337679E-16
8048.  1.368665E-16
8050.  1.341980E-16
8052.  1.364368E-16
8054.  1.329347E-16
8056.  1.330968E-16
8058.  1.345517E-16
8060.  1.380161E-16
8062.  1.366884E-16
8064.  1.332209E-16
8066.  1.355187E-16
8068.  1.398201E-16
8070.  1.393741E-16
8072.  1.383291E-16
8074.  1.364479E-16
8076.  1.389697E-16
8078.  1.400502E-16
8080.  1.420182E-16
8082.  1.408164E-16
8084.  1.374450E-16
8086.  1.386245E-16
8088.  1.384712E-16
8090.  1.368799E-16
8092.  1.388210E-16
8094.  1.381407E-16
8096.  1.347374E-16
8098.  1.372238E-16
8100.  1.327825E-16
8102.  1.327497E-16
8104.  1.317490E-16
8106.  1.289772E-16
8108.  1.307471E-16
8110.  1.300547E-16
8112.  1.309276E-16
8114.  1.309049E-16
8116.  1.305740E-16
8118.  1.341533E-16
8120.  1.333961E-16
8122.  1.334221E-16
8124.  1.325604E-16
8126.  1.325999E-16
8128.  1.330166E-16
8130.  1.344925E-16
8132.  1.353230E-16
8134.  1.403087E-16
8136.  1.365176E-16
8138.  1.310669E-16
8140.  1.294688E-16
8142.  1.278601E-16
8144.  1.268493E-16
8146.  1.280784E-16
8148.  1.288141E-16
8150.  1.291706E-16
8152.  1.291146E-16
8154.  1.292844E-16
8156.  1.292876E-16
8158.  1.288195E-16
8160.  1.296826E-16
8162.  1.290837E-16
8164.  1.325815E-16
8166.  1.297587E-16
8168.  1.281801E-16
8170.  1.285937E-16
8172.  1.298039E-16
8174.  1.302193E-16
8176.  1.316865E-16
8178.  1.317379E-16
8180.  1.336507E-16
8182.  1.309758E-16
8184.  1.288124E-16
8186.  1.294766E-16
8188.  1.316415E-16
8190.  1.297767E-16
8192.  1.329118E-16
8194.  1.304526E-16
8196.  1.281172E-16
8198.  1.284191E-16
8200.  1.270056E-16
8202.  1.265052E-16
8204.  1.275678E-16
8206.  1.276141E-16
8208.  1.267487E-16
8210.  1.244947E-16
8212.  1.215315E-16
8214.  1.200554E-16
8216.  1.186413E-16
8218.  1.176069E-16
8220.  1.178057E-16
8222.  1.187919E-16
8224.  1.196625E-16
8226.  1.174769E-16
8228.  1.177784E-16
8230.  1.161673E-16
8232.  1.148297E-16
8234.  1.143756E-16
8236.  1.138760E-16
8238.  1.136654E-16
8240.  1.118287E-16
8242.  1.107661E-16
8244.  1.101554E-16
8246.  1.094753E-16
8248.  1.099075E-16
8250.  1.103135E-16
8252.  1.087957E-16
8254.  1.052841E-16
8256.  1.099488E-16
8258.  1.089353E-16
8260.  1.049351E-16
8262.  1.061380E-16
8264.  1.054280E-16
8266.  1.045905E-16
8268.  1.055319E-16
8270.  1.070036E-16
8272.  1.034411E-16
8274.  1.009897E-16
8276.  1.035242E-16
8278.  1.033513E-16
8280.  1.010477E-16
8282.  1.007859E-16
8284.  1.029316E-16
8286.  1.000762E-16
8288.  9.881109E-17
8290.  1.022476E-16
8292.  9.627109E-17
8294.  9.730022E-17
8296.  1.008622E-16
8298.  9.628136E-17
8300.  9.156128E-17
8302.  9.521949E-17
8304.  9.974775E-17
8306.  1.016829E-16
8308.  9.320589E-17
8310.  9.047751E-17
8312.  9.320344E-17
8314.  9.713966E-17
8316.  9.379496E-17
8318.  9.366864E-17
8320.  9.662373E-17
8322.  9.577422E-17
8324.  9.513842E-17
8326.  9.471323E-17
8328.  9.468849E-17
8330.  9.122556E-17
8332.  8.967178E-17
8334.  9.177251E-17
8336.  9.062077E-17
8338.  8.843307E-17
8340.  9.079600E-17
8342.  9.155549E-17
8344.  8.639256E-17
8346.  8.461682E-17
8348.  8.684493E-17
8350.  8.621389E-17
8352.  8.444269E-17
8354.  8.450758E-17
8356.  8.305310E-17
8358.  8.381275E-17
8360.  8.544941E-17
8362.  8.484505E-17
8364.  8.337222E-17
8366.  8.180280E-17
8368.  7.971948E-17
8370.  7.842061E-17
8372.  7.818252E-17
8374.  7.984920E-17
8376.  7.789201E-17
8378.  7.880498E-17
8380.  7.510326E-17
8382.  7.333439E-17
8384.  7.551960E-17
8386.  7.503566E-17
8388.  7.289180E-17
8390.  7.305480E-17
8392.  7.011432E-17
8394.  6.944676E-17
8396.  6.702748E-17
8398.  6.821099E-17
8400.  7.477310E-17
8402.  7.474577E-17
8404.  7.236271E-17
8406.  7.081345E-17
8408.  6.927802E-17
8410.  7.032140E-17
8412.  7.041164E-17
8414.  6.994336E-17
8416.  6.991061E-17
8418.  7.008402E-17
8420.  7.211375E-17
8422.  7.134504E-17
8424.  7.094571E-17
8426.  7.032825E-17
8428.  7.009147E-17
8430.  6.854890E-17
8432.  7.098885E-17
8434.  6.783383E-17
8436.  6.732278E-17
8438.  6.741953E-17
8440.  6.726576E-17
8442.  6.719090E-17
8444.  6.673345E-17
8446.  6.735316E-17
8448.  6.846022E-17
8450.  6.542045E-17
8452.  6.275107E-17
8454.  6.068598E-17
8456.  6.034082E-17
8458.  6.299401E-17
8460.  6.697661E-17
8462.  6.910266E-17
8464.  6.612375E-17
8466.  6.215033E-17
8468.  6.198270E-17
8470.  6.248054E-17
8472.  6.157574E-17
8474.  5.963312E-17
8476.  5.822881E-17
8478.  5.845906E-17
8480.  5.896646E-17
8482.  5.862940E-17
8484.  5.765979E-17
8486.  5.858169E-17
8488.  5.985233E-17
8490.  5.854650E-17
8492.  5.674515E-17
8494.  5.788239E-17
8496.  6.057774E-17
8498.  6.317657E-17
8500.  6.320193E-17
8502.  6.141025E-17
8504.  5.951612E-17
8506.  6.014600E-17
8508.  6.017321E-17
8510.  6.185247E-17
8512.  6.217252E-17
8514.  6.238040E-17
8516.  6.348345E-17
8518.  6.309396E-17
8520.  6.283708E-17
8522.  6.222495E-17
8524.  6.257764E-17
8526.  6.380225E-17
8528.  6.370459E-17
8530.  6.617173E-17
8532.  6.963610E-17
8534.  7.116986E-17
8536.  7.158188E-17
8538.  6.990787E-17
8540.  6.987518E-17
8542.  7.195814E-17
8544.  7.166826E-17
8546.  7.344447E-17
8548.  7.533224E-17
8550.  7.526473E-17
8552.  7.578401E-17
8554.  7.727435E-17
8556.  7.787592E-17
8558.  7.831743E-17
8560.  7.841760E-17
8562.  7.946283E-17
8564.  8.020625E-17
8566.  7.995231E-17
8568.  8.038891E-17
8570.  8.174818E-17
8572.  8.348379E-17
8574.  8.499021E-17
8576.  8.631465E-17
8578.  8.677232E-17
8580.  8.606880E-17
8582.  8.621901E-17
8584.  8.644879E-17
8586.  8.684235E-17
8588.  8.846911E-17
8590.  9.014849E-17
8592.  9.065097E-17
8594.  8.939175E-17
8596.  8.917043E-17
8598.  8.993337E-17
8600.  9.090564E-17
8602.  9.336596E-17
8604.  9.346109E-17
8606.  9.215971E-17
8608.  9.327643E-17
8610.  9.321201E-17
8612.  9.300946E-17
8614.  9.373138E-17
8616.  9.547035E-17
8618.  9.559013E-17
8620.  9.572388E-17
8622.  9.909537E-17
8624.  9.770493E-17
8626.  9.237499E-17
8628.  9.291165E-17
8630.  9.712967E-17
8632.  9.884241E-17
8634.  9.737769E-17
8636.  9.767758E-17
8638.  1.001485E-16
8640.  1.037605E-16
8642.  1.047648E-16
8644.  1.023637E-16
8646.  1.035983E-16
8648.  1.050125E-16
8650.  1.021788E-16
8652.  1.001354E-16
8654.  1.019119E-16
8656.  1.039177E-16
8658.  1.022163E-16
8660.  1.025800E-16
8662.  1.065070E-16
8664.  1.066636E-16
8666.  1.074451E-16
8668.  1.090165E-16
8670.  1.076218E-16
8672.  1.058056E-16
8674.  1.044863E-16
8676.  1.067151E-16
8678.  1.105883E-16
8680.  1.106927E-16
8682.  1.100198E-16
8684.  1.103612E-16
8686.  1.100468E-16
8688.  1.114846E-16
8690.  1.109928E-16
8692.  1.098861E-16
8694.  1.107724E-16
8696.  1.120547E-16
8698.  1.137645E-16
8700.  1.130274E-16
8702.  1.112711E-16
8704.  1.100639E-16
8706.  1.095054E-16
8708.  1.098814E-16
8710.  1.102706E-16
8712.  1.086635E-16
8714.  1.067851E-16
8716.  1.078553E-16
8718.  1.103950E-16
8720.  1.093158E-16
8722.  1.051052E-16
8724.  1.025905E-16
8726.  1.024269E-16
8728.  1.030261E-16
8730.  1.041543E-16
8732.  1.062748E-16
8734.  1.056648E-16
8736.  1.045549E-16
8738.  1.043228E-16
8740.  1.032031E-16
8742.  1.033444E-16
8744.  1.043959E-16
8746.  1.033368E-16
8748.  1.021581E-16
8750.  1.034234E-16
8752.  1.036769E-16
8754.  1.046825E-16
8756.  1.064574E-16
8758.  1.066634E-16
8760.  1.043943E-16
8762.  1.038145E-16
8764.  1.025072E-16
8766.  9.951521E-17
8768.  9.762227E-17
8770.  9.730155E-17
8772.  1.010893E-16
8774.  1.030847E-16
8776.  9.999741E-17
8778.  9.976742E-17
8780.  1.012065E-16
8782.  1.018342E-16
8784.  9.954768E-17
8786.  9.874380E-17
8788.  1.000549E-16
8790.  1.005698E-16
8792.  1.015555E-16
8794.  1.009484E-16
8796.  9.826220E-17
8798.  9.774327E-17
8800.  1.007449E-16
8802.  1.013938E-16
8804.  9.965161E-17
8806.  9.931494E-17
8808.  9.921854E-17
8810.  1.002034E-16
8812.  9.968521E-17
8814.  9.710884E-17
8816.  9.577014E-17
8818.  9.846615E-17
8820.  1.010498E-16
8822.  1.046497E-16
8824.  1.032832E-16
8826.  9.606930E-17
8828.  9.341940E-17
8830.  9.712132E-17
8832.  9.500353E-17
8834.  9.162221E-17
8836.  9.011065E-17
8838.  8.815648E-17
8840.  8.901846E-17
8842.  8.946643E-17
8844.  8.956632E-17
8846.  8.794125E-17
8848.  8.579738E-17
8850.  8.743136E-17
8852.  8.779519E-17
8854.  8.555994E-17
8856.  8.350595E-17
8858.  8.215664E-17
8860.  8.256277E-17
8862.  8.267426E-17
8864.  8.064958E-17
8866.  7.949993E-17
8868.  8.282126E-17
8870.  7.954375E-17
8872.  7.546968E-17
8874.  7.732001E-17
8876.  7.829762E-17
8878.  7.836241E-17
8880.  7.894223E-17
8882.  8.064099E-17
8884.  7.929133E-17
8886.  7.085390E-17
8888.  7.396423E-17
8890.  7.794201E-17
8892.  7.272946E-17
8894.  7.441384E-17
8896.  7.500581E-17
8898.  7.255995E-17
8900.  7.250186E-17
8902.  7.213800E-17
8904.  7.005982E-17
8906.  7.076287E-17
8908.  7.103846E-17
8910.  7.052429E-17
8912.  7.342011E-17
8914.  7.849717E-17
8916.  7.850843E-17
8918.  7.603177E-17
8920.  7.470802E-17
8922.  7.083084E-17
8924.  7.096229E-17
8926.  6.998716E-17
8928.  6.776057E-17
8930.  6.787917E-17
8932.  6.865116E-17
8934.  6.647043E-17
8936.  6.589529E-17
8938.  6.773267E-17
8940.  6.988864E-17
8942.  6.881233E-17
8944.  6.900781E-17
8946.  6.968582E-17
8948.  6.708917E-17
8950.  6.773331E-17
8952.  6.886875E-17
8954.  6.798699E-17
8956.  6.674229E-17
8958.  6.779560E-17
8960.  6.734005E-17
8962.  6.676122E-17
8964.  6.744326E-17
8966.  6.891751E-17
8968.  6.889862E-17
8970.  6.841719E-17
8972.  6.747580E-17
8974.  6.632308E-17
8976.  6.648675E-17
8978.  6.704141E-17
8980.  6.674115E-17
8982.  6.663498E-17
8984.  6.683052E-17
8986.  6.688974E-17
8988.  6.624357E-17
8990.  6.577445E-17
8992.  6.519127E-17
8994.  6.510618E-17
8996.  6.693523E-17
8998.  6.767229E-17
9000.  6.802430E-17
9002.  6.657503E-17
9004.  6.453124E-17
9006.  6.811760E-17
9008.  6.698563E-17
9010.  6.782525E-17
9012.  6.761364E-17
9014.  6.691693E-17
9016.  6.698082E-17
9018.  6.780026E-17
9020.  6.796390E-17
9022.  6.766668E-17
9024.  6.515076E-17
9026.  6.532409E-17
9028.  6.590816E-17
9030.  6.740917E-17
9032.  7.002762E-17
9034.  6.946022E-17
9036.  6.867032E-17
9038.  6.918592E-17
9040.  6.834841E-17
9042.  6.352244E-17
9044.  6.369400E-17
9046.  6.377093E-17
9048.  6.469963E-17
9050.  6.602136E-17
9052.  6.637479E-17
9054.  6.275871E-17
9056.  6.217092E-17
9058.  6.404685E-17
9060.  6.480268E-17
9062.  6.435673E-17
9064.  6.359937E-17
9066.  6.449058E-17
9068.  6.355115E-17
9070.  6.308047E-17
9072.  6.189840E-17
9074.  6.274726E-17
9076.  6.304002E-17
9078.  6.282502E-17
9080.  6.223097E-17
9082.  6.308762E-17
9084.  6.375088E-17
9086.  6.307052E-17
9088.  6.199547E-17
9090.  6.272256E-17
9092.  6.316911E-17
9094.  6.306526E-17
9096.  5.957251E-17
9098.  5.960836E-17
9100.  6.133321E-17
9102.  6.077562E-17
9104.  5.966277E-17
9106.  5.992025E-17
9108.  6.102258E-17
9110.  5.910225E-17
9112.  5.948340E-17
9114.  6.103017E-17
9116.  5.911488E-17
9118.  5.850779E-17
9120.  5.796829E-17
9122.  5.963682E-17
9124.  6.070122E-17
9126.  5.856333E-17
9128.  5.953501E-17
9130.  5.997171E-17
9132.  5.983943E-17
9134.  5.984126E-17
9136.  6.006894E-17
9138.  5.983715E-17
9140.  6.007301E-17
9142.  5.986410E-17
9144.  5.915971E-17
9146.  5.846529E-17
9148.  5.956346E-17
9150.  5.758601E-17
9152.  5.830175E-17
9154.  6.077600E-17
9156.  6.097691E-17
9158.  5.995571E-17
9160.  5.947959E-17
9162.  5.861807E-17
9164.  5.759764E-17
9166.  5.825257E-17
9168.  5.882400E-17
9170.  5.923833E-17
9172.  5.940541E-17
9174.  5.975215E-17
9176.  6.180684E-17
9178.  6.280088E-17
9180.  6.060729E-17
9182.  6.011347E-17
9184.  6.146573E-17
9186.  6.060224E-17
9188.  6.125650E-17
9190.  6.027162E-17
9192.  5.905344E-17
9194.  6.023841E-17
9196.  6.038473E-17
9198.  6.149003E-17
9200.  6.114209E-17
9202.  6.187548E-17
9204.  6.195609E-17
9206.  6.394140E-17
9208.  6.349474E-17
9210.  6.221272E-17
9212.  6.390496E-17
9214.  6.117912E-17
9216.  6.318098E-17
9218.  6.459685E-17
9220.  6.491867E-17
9222.  6.538568E-17
9224.  6.359435E-17
9226.  6.261083E-17
9228.  6.437513E-17
9230.  6.622118E-17
9232.  6.639237E-17
9234.  6.705027E-17
9236.  6.583047E-17
9238.  6.497610E-17
9240.  6.527372E-17
9242.  6.507309E-17
9244.  6.328487E-17
9246.  6.422321E-17
9248.  6.698371E-17
9250.  6.471542E-17
9252.  6.292785E-17
9254.  6.377076E-17
9256.  6.512608E-17
9258.  6.245329E-17
9260.  6.231074E-17
9262.  6.274904E-17
9264.  6.237422E-17
9266.  6.283117E-17
9268.  6.337558E-17
9270.  6.346426E-17
9272.  6.293785E-17
9274.  6.411222E-17
9276.  6.423420E-17
9278.  6.444483E-17
9280.  6.504131E-17
9282.  6.423551E-17
9284.  6.320627E-17
9286.  6.552102E-17
9288.  6.442992E-17
9290.  6.461815E-17
9292.  6.461233E-17
9294.  6.733615E-17
9296.  6.776362E-17
9298.  6.272354E-17
9300.  6.266550E-17
9302.  6.636414E-17
9304.  6.563689E-17
9306.  6.632062E-17
9308.  7.465662E-17
9310.  7.828552E-17
9312.  7.248611E-17
9314.  6.783799E-17
9316.  6.693581E-17
9318.  6.594883E-17
9320.  6.484298E-17
9322.  6.964364E-17
9324.  7.092180E-17
9326.  6.563609E-17
9328.  6.716404E-17
9330.  7.117961E-17
9332.  7.493364E-17
9334.  7.180085E-17
9336.  7.337210E-17
9338.  7.401271E-17
9340.  7.435559E-17
9342.  8.085825E-17
9344.  8.007372E-17
9346.  7.582548E-17
9348.  7.369177E-17
9350.  7.562331E-17
9352.  8.000496E-17
9354.  8.378064E-17
9356.  8.490647E-17
9358.  8.118860E-17
9360.  7.950567E-17
9362.  7.819811E-17
9364.  8.114817E-17
9366.  8.420486E-17
9368.  8.486449E-17
9370.  8.478646E-17
9372.  9.606476E-17
9374.  8.443840E-17
9376.  7.714813E-17
9378.  7.531370E-17
9380.  8.118992E-17
9382.  8.504679E-17
9384.  8.455551E-17
9386.  8.575345E-17
9388.  7.952639E-17
9390.  7.948598E-17
9392.  8.120470E-17
9394.  8.191396E-17
9396.  8.177404E-17
9398.  8.401705E-17
9400.  8.701637E-17
9402.  8.880161E-17
9404.  9.120284E-17
9406.  9.226406E-17
9408.  8.868532E-17
9410.  8.755895E-17
9412.  9.017435E-17
9414.  9.176468E-17
9416.  9.241148E-17
9418.  8.977342E-17
9420.  9.382522E-17
9422.  9.425955E-17
9424.  9.772661E-17
9426.  9.394413E-17
9428.  9.511046E-17
9430.  9.293446E-17
9432.  9.229972E-17
9434.  9.948701E-17
9436.  1.030230E-16
9438.  9.773598E-17
9440.  9.435422E-17
9442.  9.122513E-17
9444.  9.198667E-17
9446.  9.457961E-17
9448.  9.410211E-17
9450.  9.453645E-17
9452.  9.660188E-17
9454.  9.747726E-17
9456.  9.822019E-17
9458.  1.011533E-16
9460.  9.892355E-17
9462.  9.523133E-17
9464.  9.142144E-17
9466.  9.065268E-17
9468.  9.656800E-17
9470.  9.896546E-17
9472.  9.647190E-17
9474.  9.828134E-17
9476.  9.244237E-17
9478.  9.827553E-17
9480.  8.610850E-17
9482.  9.944604E-17
9484.  9.672451E-17
9486.  9.010826E-17
9488.  8.990549E-17
9490.  9.214969E-17
9492.  9.183664E-17
9494.  9.438214E-17
9496.  9.321076E-17
9498.  9.655315E-17
9500.  9.302755E-17
9502.  9.761336E-17
9504.  9.828169E-17
9506.  9.182986E-17
9508.  9.113508E-17
9510.  9.642302E-17
9512.  9.914486E-17
9514.  1.019844E-16
9516.  1.092532E-16
9518.  1.079432E-16
9520.  1.063346E-16
9522.  1.065358E-16
9524.  1.025246E-16
9526.  1.010149E-16
9528.  1.006261E-16
9530.  1.038324E-16
9532.  1.056580E-16
9534.  1.038859E-16
9536.  1.048685E-16
9538.  1.050547E-16
9540.  1.052352E-16
9542.  1.054137E-16
9544.  1.055845E-16
9546.  1.057649E-16
9548.  1.059338E-16
9550.  1.061173E-16
9552.  1.062996E-16
9554.  1.064750E-16
9556.  1.066450E-16
9558.  1.068206E-16
9560.  1.069888E-16
9562.  1.071679E-16
9564.  1.073436E-16
9566.  1.075178E-16
9568.  1.075424E-16
9570.  1.073418E-16
9572.  1.016692E-16
9574.  1.126966E-16
9576.  1.131320E-16
9578.  1.074587E-16
9580.  1.076686E-16
9582.  1.084996E-16
9584.  1.072393E-16
9586.  1.021031E-16
9588.  1.038477E-16
9590.  1.050476E-16
9592.  1.062226E-16
9594.  1.071812E-16
9596.  1.038182E-16
9598.  1.021514E-16
9600.  1.017761E-16
9602.  1.011886E-16
9604.  1.014945E-16
9606.  1.012361E-16
9608.  1.010482E-16
9610.  1.048328E-16
9612.  1.038306E-16
9614.  1.048072E-16
9616.  1.012018E-16
9618.  9.933341E-17
9620.  9.965765E-17
9622.  9.586988E-17
9624.  9.617070E-17
9626.  9.656560E-17
9628.  9.827160E-17
9630.  1.008445E-16
9632.  9.977370E-17
9634.  9.872306E-17
9636.  9.830952E-17
9638.  9.886096E-17
9640.  9.881080E-17
9642.  9.977736E-17
9644.  9.776339E-17
9646.  1.007529E-16
9648.  1.030116E-16
9650.  9.845633E-17
9652.  9.445424E-17
9654.  9.808699E-17
9656.  1.012959E-16
9658.  9.946628E-17
9660.  9.861391E-17
9662.  9.455173E-17
9664.  9.386004E-17
9666.  9.582590E-17
9668.  9.450828E-17
9670.  9.265541E-17
9672.  9.228561E-17
9674.  9.344904E-17
9676.  9.608624E-17
9678.  9.562698E-17
9680.  9.179246E-17
9682.  9.115724E-17
9684.  9.243565E-17
9686.  9.477806E-17
9688.  9.638765E-17
9690.  9.514206E-17
9692.  9.428432E-17
9694.  1.003390E-16
9696.  1.000050E-16
9698.  9.416037E-17
9700.  9.170854E-17
9702.  8.897366E-17
9704.  9.038392E-17
9706.  9.481054E-17
9708.  9.069370E-17
9710.  9.106582E-17
9712.  8.251522E-17
9714.  8.157426E-17
9716.  9.251725E-17
9718.  9.450969E-17
9720.  8.857920E-17
9722.  9.071606E-17
9724.  8.838177E-17
9726.  8.863286E-17
9728.  9.112478E-17
9730.  9.054359E-17
9732.  8.546752E-17
9734.  8.842705E-17
9736.  8.819607E-17
9738.  8.731967E-17
9740.  8.730268E-17
9742.  8.264748E-17
9744.  8.154732E-17
9746.  8.475590E-17
9748.  8.671584E-17
9750.  8.661646E-17
9752.  8.509717E-17
9754.  8.367552E-17
9756.  8.417502E-17
9758.  8.454172E-17
9760.  8.465414E-17
9762.  8.547958E-17
9764.  8.396583E-17
9766.  8.228410E-17
9768.  8.429392E-17
9770.  8.454366E-17
9772.  8.002579E-17
9774.  7.651081E-17
9776.  7.903440E-17
9778.  7.968237E-17
9780.  7.733852E-17
9782.  7.723867E-17
9784.  7.841039E-17
9786.  8.241524E-17
9788.  8.786596E-17
9790.  8.131110E-17
9792.  7.556419E-17
9794.  7.672103E-17
9796.  7.828429E-17
9798.  7.882139E-17
9800.  8.117403E-17
9802.  7.509309E-17
9804.  7.944493E-17
9806.  8.228918E-17
9808.  7.685156E-17
9810.  7.567737E-17
9812.  7.724589E-17
9814.  7.328743E-17
9816.  7.281047E-17
9818.  7.618983E-17
9820.  7.537083E-17
9822.  7.283994E-17
9824.  7.510125E-17
9826.  7.791990E-17
9828.  7.429849E-17
9830.  7.168349E-17
9832.  7.357815E-17
9834.  7.322782E-17
9836.  7.238349E-17
9838.  7.125675E-17
9840.  7.000946E-17
9842.  7.222711E-17
9844.  7.519427E-17
9846.  7.320893E-17
9848.  6.822862E-17
9850.  7.011865E-17
9852.  6.703940E-17
9854.  7.066146E-17
9856.  7.471540E-17
9858.  7.242888E-17
9860.  6.959938E-17
9862.  6.929762E-17
9864.  7.391525E-17
9866.  7.282679E-17
9868.  6.875574E-17
9870.  6.865873E-17
9872.  7.319485E-17
9874.  6.928818E-17
9876.  6.487938E-17
9878.  6.795353E-17
9880.  7.087227E-17
9882.  7.072778E-17
9884.  6.708837E-17
9886.  6.517281E-17
9888.  6.500059E-17
9890.  6.911863E-17
9892.  7.142060E-17
9894.  7.205288E-17
9896.  6.729737E-17
9898.  6.430094E-17
9900.  6.961954E-17
9902.  7.043083E-17
9904.  6.938107E-17
9906.  7.005614E-17
9908.  6.928882E-17
9910.  7.053632E-17
9912.  6.704753E-17
9914.  5.610140E-17
9916.  5.719133E-17
9918.  6.471027E-17
9920.  6.298102E-17
9922.  6.108308E-17
9924.  6.111361E-17
9926.  6.367430E-17
9928.  6.736777E-17
9930.  6.577697E-17
9932.  6.240393E-17
9934.  6.602197E-17
9936.  6.894384E-17
9938.  6.630955E-17
9940.  7.072300E-17
9942.  6.887738E-17
9944.  6.027747E-17
9946.  6.114791E-17
9948.  6.164673E-17
9950.  6.277087E-17
9952.  6.798435E-17
9954.  7.147388E-17
9956.  6.171717E-17
9958.  7.069951E-17
9960.  7.176622E-17
9962.  6.176666E-17
9964.  6.214804E-17
9966.  6.156466E-17
9968.  6.565071E-17
9970.  6.741276E-17
9972.  6.540927E-17
9974.  6.132732E-17
9976.  6.005356E-17
9978.  5.881098E-17
9980.  5.967848E-17
9982.  6.078484E-17
9984.  6.085102E-17
9986.  6.379602E-17
9988.  6.336737E-17
9990.  6.259776E-17
9992.  5.948661E-17
9994.  5.575944E-17
9996.  6.234824E-17
9998.  6.939496E-17
10000.  6.744356E-17
10002.  6.291470E-17
10004.  6.527425E-17
10006.  6.754306E-17
10008.  7.196607E-17
10010.  7.351752E-17
10012.  6.476616E-17
10014.  6.121716E-17
10016.  5.856695E-17
10018.  5.571079E-17
10020.  6.320934E-17
10022.  7.161941E-17
10024.  6.501414E-17
10026.  5.454963E-17
10028.  5.628365E-17
10030.  6.546393E-17
10032.  6.679297E-17
10034.  6.198365E-17
10036.  6.298150E-17
10038.  6.413192E-17
10040.  6.540488E-17
10042.  6.383647E-17
10044.  5.954538E-17
10046.  5.926517E-17
10048.  5.717027E-17
10050.  5.941931E-17
10052.  6.380343E-17
10054.  6.442237E-17
10056.  6.771108E-17
10058.  6.107283E-17
10060.  5.487416E-17
10062.  6.157492E-17
10064.  5.894688E-17
10066.  5.816259E-17
10068.  5.930143E-17
10070.  5.461951E-17
10072.  6.050910E-17
10074.  6.577095E-17
10076.  6.320513E-17
10078.  6.585826E-17
10080.  7.059631E-17
10082.  6.752200E-17
10084.  6.334772E-17
10086.  6.598444E-17
10088.  6.519215E-17
10090.  6.312539E-17
10092.  6.431999E-17
10094.  6.258546E-17
10096.  6.134255E-17
10098.  6.329513E-17
10100.  6.657397E-17
10102.  6.970428E-17
10104.  6.908271E-17
10106.  6.220119E-17
10108.  5.594201E-17
10110.  5.826903E-17
10112.  6.439993E-17
10114.  6.785695E-17
10116.  6.687131E-17
10118.  7.354397E-17
10120.  8.061602E-17
10122.  7.381558E-17
10124.  6.774549E-17
10126.  6.319713E-17
10128.  6.317160E-17
10130.  6.307088E-17
10132.  6.528706E-17
10134.  6.921421E-17
10136.  6.274377E-17
10138.  6.327120E-17
10140.  6.841521E-17
10142.  7.209083E-17
10144.  6.737825E-17
10146.  6.216035E-17
10148.  6.425530E-17
10150.  7.357284E-17
10152.  7.251699E-17
10154.  6.058665E-17
10156.  6.276307E-17
10158.  6.840326E-17
10160.  6.820755E-17
10162.  7.026037E-17
10164.  7.574049E-17
10166.  7.159266E-17
10168.  7.767297E-17
10170.  7.710025E-17
10172.  6.732464E-17
10174.  6.838411E-17
10176.  7.688142E-17
10178.  9.041278E-17
10180.  8.937953E-17
10182.  8.203835E-17
10184.  7.701265E-17
10186.  8.317491E-17
10188.  8.495365E-17
10190.  7.214180E-17
10192.  7.000511E-17
10194.  7.917882E-17
10196.  9.628027E-17
10198.  9.440400E-17
10200.  8.424570E-17
10202.  8.793150E-17
10204.  8.963086E-17
10206.  9.962983E-17
10208.  9.983306E-17
10210.  7.262177E-17
10212.  6.877700E-17
10214.  9.125337E-17
10216.  9.657745E-17
10218.  9.482810E-17
10220.  8.872042E-17
10222.  9.141809E-17
10224.  9.633054E-17
10226.  8.581890E-17
10228.  8.392097E-17
10230.  8.786520E-17
10232.  7.594372E-17
10234.  8.488769E-17
10236.  9.301328E-17
10238.  9.980575E-17
10240.  1.041479E-16
10242.  1.000694E-16
10244.  8.989397E-17
10246.  9.115825E-17
10248.  9.128600E-17
10250.  8.787386E-17
10252.  8.942315E-17
10254.  9.121343E-17
10256.  9.700408E-17
10258.  1.004861E-16
10260.  8.714462E-17
10262.  8.732356E-17
10264.  9.062889E-17
10266.  9.645247E-17
10268.  9.888333E-17
10270.  8.559386E-17
10272.  7.869949E-17
10274.  9.337378E-17
10276.  1.000563E-16
10278.  1.047165E-16
10280.  1.231001E-16
10282.  1.203610E-16
10284.  1.033491E-16
10286.  1.033411E-16
10288.  1.142148E-16
10290.  1.090938E-16
10292.  9.739092E-17
10294.  8.100278E-17
10296.  7.915583E-17
10298.  9.004727E-17
10300.  9.950762E-17
10302.  1.072165E-16
10304.  1.072446E-16
10306.  1.085150E-16
10308.  1.033100E-16
10310.  8.128943E-17
10312.  7.916186E-17
10314.  9.617599E-17
10316.  9.879804E-17
10318.  1.047379E-16
10320.  1.100992E-16
10322.  1.016611E-16
10324.  1.057075E-16
10326.  1.080307E-16
10328.  9.869674E-17
10330.  9.454919E-17
10332.  9.931066E-17
10334.  1.050586E-16
10336.  1.069275E-16
10338.  1.002797E-16
10340.  8.396171E-17
10342.  8.405626E-17
10344.  9.802113E-17
10346.  1.045242E-16
10348.  8.790237E-17
10350.  1.056139E-16
10352.  1.041459E-16
10354.  8.735739E-17
10356.  8.874859E-17
10358.  9.937393E-17
10360.  1.039298E-16
10362.  9.973988E-17
10364.  1.154367E-16
10366.  1.168881E-16
10368.  1.197965E-16
10370.  1.065552E-16
10372.  9.313805E-17
10374.  7.403548E-17
10376.  9.720757E-17
10378.  9.842379E-17
10380.  8.225386E-17
10382.  8.719030E-17
10384.  1.138844E-16
10386.  1.284455E-16
10388.  1.014821E-16
10390.  9.639410E-17
10392.  9.503741E-17
10394.  1.036586E-16
10396.  1.087557E-16
10398.  8.473149E-17
10400.  8.170219E-17
10402.  9.998637E-17
10404.  9.990908E-17
10406.  8.766152E-17
10408.  9.282620E-17
10410.  1.050347E-16
10412.  1.327652E-16
10414.  1.155051E-16
10416.  9.836073E-17
10418.  1.040121E-16
10420.  1.060181E-16
10422.  7.452209E-17
10424.  6.411651E-17
10426.  9.082957E-17
10428.  1.019348E-16
10430.  6.952001E-17
10432.  6.659885E-17
10434.  8.472303E-17
10436.  8.325631E-17
10438.  9.292856E-17
10440.  1.042891E-16
10442.  1.012074E-16
10444.  9.455653E-17
10446.  8.679601E-17
10448.  8.909694E-17
10450.  7.317888E-17
10452.  9.645117E-17
10454.  1.051682E-16
10456.  9.856785E-17
10458.  8.089503E-17
10460.  8.584646E-17
10462.  1.003257E-16
10464.  1.215643E-16
10466.  1.227194E-16
10468.  1.220159E-16
10470.  1.092078E-16
10472.  1.224360E-16
10474.  7.154690E-17
10476.  7.795531E-17
10478.  1.114071E-16
10480.  1.006785E-16
10482.  1.004014E-16
10484.  9.831191E-17
10486.  1.121211E-16
10488.  1.175421E-16
10490.  8.691497E-17
10492.  1.000116E-16
10494.  9.767273E-17
10496.  8.058913E-17
10498.  1.035122E-16
10500.  1.010848E-16
10502.  8.482220E-17
10504.  1.341602E-16
10506.  1.035758E-16
10508.  1.258641E-16
10510.  1.095827E-16
10512.  8.437660E-17
10514.  8.551862E-17
10516.  8.046264E-17
10518.  7.928950E-17
10520.  1.206770E-16
10522.  9.775409E-17
10524.  1.244363E-16
10526.  1.359343E-16
10528.  1.100374E-16
10530.  1.237345E-16
10532.  1.126839E-16
10534.  1.162635E-16
10536.  1.119540E-16
10538.  1.161094E-16
10540.  1.255416E-16
10542.  1.163772E-16
10544.  1.098902E-16
10546.  7.819701E-17
10548.  6.862759E-17
10550.  1.004102E-16
10552.  9.407898E-17
10554.  8.656609E-17
10556.  1.090374E-16
10558.  1.250336E-16
10560.  9.459437E-17
10562.  7.730170E-17
10564.  7.890749E-17
10566.  6.709239E-17
10568.  1.104165E-16
10570.  1.114699E-16
10572.  7.202401E-17
10574.  7.547468E-17
10576.  7.814392E-17
10578.  9.336008E-17
10580.  1.032592E-16
10582.  1.111251E-16
10584.  9.298619E-17
10586.  9.419618E-17
10588.  1.112048E-16
10590.  1.052016E-16
10592.  9.446780E-17
10594.  9.351822E-17
10596.  1.006999E-16
10598.  8.867602E-17
10600.  7.849767E-17
10602.  9.983819E-17
10604.  1.280588E-16
10606.  1.050417E-16
10608.  1.060171E-16
10610.  1.006987E-16
10612.  1.105196E-16
10614.  1.213291E-16
10616.  8.432576E-17
10618.  7.458737E-17
10620.  1.255456E-16
10622.  1.372717E-16
10624.  1.002675E-16
10626.  1.128152E-16
10628.  1.013147E-16
10630.  9.773793E-17
10632.  8.685743E-17
10634.  1.022029E-16
10636.  1.084282E-16
