4139.59999706127  6.484934E-16
4148.79999683522  6.555197E-16
4157.99999660916  6.143416E-16
4167.1999963831  6.266641E-16
4176.39999615705  6.991515E-16
4185.59999593099  6.498843E-16
4194.79999570493  5.844911E-16
4203.99999547888  5.869067E-16
4213.19999525282  6.211211E-16
4222.39999502677  6.039718E-16
4231.59999480071  6.224517E-16
4240.79999457465  6.318158E-16
4249.9999943486  6.945048E-16
4259.19999412254  6.545137E-16
4268.39999389649  6.591948E-16
4277.59999367043  6.587652E-16
4286.79999344437  6.422816E-16
4295.99999321832  6.273113E-16
4305.19999299226  6.148931E-16
4314.39999276621  6.145932E-16
4323.59999254015  6.313510E-16
4332.79999231409  6.007255E-16
4341.99999208804  6.655653E-16
4351.19999186198  6.285998E-16
4360.39999163592  6.586877E-16
4369.59999140987  6.300909E-16
4378.79999118381  6.526146E-16
4387.99999095776  6.888625E-16
4397.1999907317  6.750823E-16
4406.39999050564  6.512428E-16
4415.59999027959  6.283991E-16
4424.79999005353  6.357161E-16
4433.99998982748  5.928612E-16
4443.19998960142  6.270260E-16
4452.39998937536  6.015596E-16
4461.59998914931  5.570967E-16
4470.79998892325  5.544228E-16
4479.9999886972  5.583211E-16
4489.19998847114  5.514323E-16
4498.39998824508  5.281128E-16
4507.59998801903  5.048968E-16
4516.79998779297  5.159850E-16
4525.99998756691  5.507787E-16
4535.19998734086  5.276813E-16
4544.3999871148  5.423471E-16
4553.59998688875  5.448728E-16
4562.79998666269  5.579212E-16
4571.99998643664  5.761676E-16
4581.19998621058  5.564267E-16
4590.39998598452  5.660337E-16
4599.59998575847  5.565135E-16
4608.79998553241  5.441348E-16
4617.99998530635  5.563450E-16
4627.1999850803  5.493905E-16
4636.39998485424  5.250611E-16
4645.59998462819  5.484219E-16
4654.79998440213  5.260877E-16
4663.99998417607  5.251866E-16
4673.19998395002  5.296216E-16
4682.39998372396  5.166673E-16
4691.59998349791  5.064834E-16
4700.79998327185  5.086943E-16
4709.9999830458  5.006676E-16
4719.19998281974  5.041234E-16
4728.39998259368  4.908176E-16
4737.59998236763  4.826244E-16
4746.79998214157  4.770573E-16
4755.99998191551  4.888885E-16
4765.19998168946  5.057556E-16
4774.3999814634  4.963291E-16
4783.59998123735  4.900298E-16
4792.79998101129  4.874877E-16
4801.99998078523  5.034808E-16
4811.19998055918  4.695636E-16
4820.39998033312  4.579633E-16
4829.59998010707  4.542822E-16
4838.79997988101  4.527323E-16
4847.99997965495  4.411211E-16
4857.1999794289  4.234597E-16
4866.39997920284  4.367869E-16
4875.59997897679  4.324382E-16
4884.79997875073  4.368316E-16
4893.99997852467  4.369451E-16
4903.19997829862  4.389153E-16
4912.39997807256  4.089594E-16
4921.59997784651  4.234445E-16
4930.79997762045  4.707293E-16
4939.99997739439  4.535806E-16
4949.19997716834  4.699096E-16
4958.39997694228  4.734848E-16
4967.59997671622  4.797487E-16
4976.79997649017  4.734738E-16
4985.99997626411  4.805032E-16
4995.19997603806  5.085422E-16
5004.399975812  5.136950E-16
5013.59997558594  5.048235E-16
5022.79997535989  5.159237E-16
5031.99997513383  5.500464E-16
5041.19997490778  5.341617E-16
5050.39997468172  5.394500E-16
5059.59997445566  5.542815E-16
5068.79997422961  5.320563E-16
5077.99997400355  5.203661E-16
5087.1999737775  5.396985E-16
5096.39997355144  5.344722E-16
5105.59997332538  5.442556E-16
5114.79997309933  5.385033E-16
5123.99997287327  5.579719E-16
5133.19997264721  5.612301E-16
5142.39997242116  5.643755E-16
5151.5999721951  5.551709E-16
5160.79997196905  5.611717E-16
5169.99997174299  5.747491E-16
5179.19997151694  5.068366E-16
5188.39997129088  5.206088E-16
5197.59997106482  5.309529E-16
5206.79997083877  5.036078E-16
5215.99997061271  5.047889E-16
5225.19997038665  4.823263E-16
5234.3999701606  4.616875E-16
5243.59996993454  4.441770E-16
5252.79996970849  4.453469E-16
5261.99996948243  4.425388E-16
5271.19996925637  4.212108E-16
5280.39996903032  4.125227E-16
5289.59996880426  3.960359E-16
5298.79996857821  4.078783E-16
5307.99996835215  4.091134E-16
5317.19996812609  3.962137E-16
5326.39996790004  4.189967E-16
5335.59996767398  4.129187E-16
5344.79996744792  4.239694E-16
5353.99996722187  4.067122E-16
5363.19996699581  4.131604E-16
5372.39996676976  4.021454E-16
5381.5999665437  3.983659E-16
5390.79996631764  3.959277E-16
5399.99996609159  4.006657E-16
5409.19996586553  4.076048E-16
5418.39996563948  4.255376E-16
5427.59996541342  4.454597E-16
5436.79996518736  4.353071E-16
5445.99996496131  4.509243E-16
5455.19996473525  4.369329E-16
5464.3999645092  4.276046E-16
5473.59996428314  4.429841E-16
5482.79996405708  4.311284E-16
5491.99996383103  4.233118E-16
5501.19996360497  4.211104E-16
5510.39996337892  4.143263E-16
5519.59996315286  4.501673E-16
5528.7999629268  4.276897E-16
5537.99996270075  4.086882E-16
5547.19996247469  4.240250E-16
5556.39996224864  3.891856E-16
5565.59996202258  3.957133E-16
5574.79996179652  4.353149E-16
5583.99996157047  4.092750E-16
5593.19996134441  3.891404E-16
5602.39996111836  3.963189E-16
5611.5999608923  3.850496E-16
5620.79996066624  3.873702E-16
5629.99996044019  3.814959E-16
5639.19996021413  3.717869E-16
5648.39995998807  3.585642E-16
5657.59995976202  3.742445E-16
5666.79995953596  3.709336E-16
5675.99995930991  3.654401E-16
5685.19995908385  3.794772E-16
5694.3999588578  3.709327E-16
5703.59995863174  3.747691E-16
5712.79995840568  3.607613E-16
5721.99995817963  3.771318E-16
5731.19995795357  3.916098E-16
5740.39995772751  3.734688E-16
5749.59995750146  3.784542E-16
5758.7999572754  3.791192E-16
5767.99995704935  3.827147E-16
5777.19995682329  3.976608E-16
5786.39995659723  3.988318E-16
5795.59995637118  4.077858E-16
5804.79995614512  4.091097E-16
5813.99995591906  4.075488E-16
5823.19995569301  4.062335E-16
5832.39995546695  4.135104E-16
5841.5999552409  4.067022E-16
5850.79995501484  4.210561E-16
5859.99995478878  4.327108E-16
5869.19995456273  4.035722E-16
5878.39995433667  4.334669E-16
5887.59995411062  4.305943E-16
5896.79995388456  4.203496E-16
5905.9999536585  4.260516E-16
5915.19995343245  4.163650E-16
5924.39995320639  4.254992E-16
5933.59995298034  4.248356E-16
5942.79995275428  4.131486E-16
5951.99995252822  4.045634E-16
5961.19995230217  4.110727E-16
5970.39995207611  3.977665E-16
5979.59995185006  4.090157E-16
5988.799951624  4.203812E-16
5997.99995139794  4.204612E-16
6007.19995117189  3.972488E-16
6016.39995094583  3.899157E-16
6025.59995071977  4.136390E-16
6034.79995049372  4.091092E-16
6043.99995026766  4.061531E-16
6053.19995004161  4.033554E-16
6062.39994981555  3.949842E-16
6071.5999495895  3.933269E-16
6080.79994936344  3.841857E-16
6089.99994913738  4.070659E-16
6099.19994891133  3.842673E-16
6108.39994868527  3.770728E-16
6117.59994845921  3.765757E-16
6126.79994823316  3.861070E-16
6135.9999480071  3.673657E-16
6145.19994778105  3.709592E-16
6154.39994755499  3.580695E-16
6163.59994732893  3.512709E-16
6172.79994710288  3.504869E-16
6181.99994687682  3.379983E-16
6191.19994665077  3.256530E-16
6200.39994642471  3.212646E-16
6209.59994619865  3.152933E-16
6218.7999459726  3.297744E-16
6227.99994574654  3.170003E-16
6237.19994552049  3.123391E-16
6246.39994529443  3.076399E-16
6255.59994506837  3.006251E-16
6264.79994484232  3.095411E-16
6273.99994461626  2.908381E-16
6283.19994439021  2.874826E-16
6292.39994416415  2.752935E-16
6301.59994393809  2.965032E-16
6310.79994371204  2.611394E-16
6319.99994348598  2.693484E-16
6329.19994325992  2.648961E-16
6338.39994303387  2.617393E-16
6347.59994280781  2.724517E-16
6356.79994258176  2.510470E-16
6365.9999423557  2.563929E-16
6375.19994212965  2.460313E-16
6384.39994190359  2.433670E-16
6393.59994167753  2.416687E-16
6402.79994145148  2.433249E-16
6411.99994122542  2.424111E-16
6421.19994099936  2.372147E-16
6430.39994077331  2.406539E-16
6439.59994054725  2.361784E-16
6448.7999403212  2.307857E-16
6457.99994009514  2.287574E-16
6467.19993986908  2.454299E-16
6476.39993964303  2.484533E-16
6485.59993941697  2.433732E-16
6494.79993919092  2.367785E-16
6503.99993896486  2.471274E-16
6513.1999387388  2.320448E-16
6522.39993851275  2.472124E-16
6531.59993828669  2.378204E-16
6540.79993806063  2.223497E-16
6549.99993783458  2.353152E-16
6559.19993760852  2.312621E-16
6568.39993738247  2.285547E-16
6577.59993715641  2.427617E-16
6586.79993693035  2.307945E-16
6595.9999367043  2.360898E-16
6605.19993647824  2.247938E-16
6614.39993625219  2.330135E-16
6623.59993602613  2.286096E-16
6632.79993580007  2.334574E-16
6641.99993557402  2.389058E-16
6651.19993534796  2.403252E-16
6660.39993512191  2.276169E-16
6669.59993489585  2.288632E-16
6678.79993466979  2.175684E-16
6687.99993444374  2.282781E-16
6697.19993421768  2.155816E-16
6706.39993399163  2.158012E-16
6715.59993376557  2.290478E-16
6724.79993353951  2.248259E-16
6733.99993331346  2.339648E-16
6743.1999330874  2.330276E-16
6752.39993286134  2.407295E-16
6761.59993263529  2.383293E-16
6770.79993240923  2.449816E-16
6779.99993218318  2.257685E-16
6789.19993195712  2.445353E-16
6798.39993173107  2.427381E-16
6807.59993150501  2.467385E-16
6816.79993127895  2.502808E-16
6825.9999310529  2.603690E-16
6835.19993082684  2.484690E-16
6844.39993060078  2.513029E-16
6853.59993037473  2.418020E-16
6862.79993014867  2.327415E-16
6871.99992992262  2.383318E-16
6881.19992969656  2.491414E-16
6890.3999294705  2.474433E-16
6899.59992924445  2.488031E-16
6908.79992901839  2.513012E-16
6917.99992879234  2.420694E-16
6927.19992856628  2.508020E-16
6936.39992834022  2.524002E-16
6945.59992811417  2.371568E-16
6954.79992788811  2.455153E-16
6963.99992766206  2.604449E-16
6973.199927436  2.448476E-16
6982.39992720994  2.492602E-16
6991.59992698389  2.522848E-16
7000.79992675783  2.621986E-16
7009.99992653177  2.630646E-16
7019.19992630572  2.500758E-16
7028.39992607966  2.720508E-16
7037.59992585361  2.781137E-16
7046.79992562755  2.717581E-16
7055.9999254015  2.745545E-16
7065.19992517544  2.776025E-16
7074.39992494938  2.730255E-16
7083.59992472333  3.001618E-16
7092.79992449727  2.769962E-16
7101.99992427121  2.850289E-16
7111.19992404516  3.010630E-16
7120.3999238191  3.006230E-16
7129.59992359305  2.736730E-16
7138.79992336699  2.909877E-16
7147.99992314093  3.179071E-16
7157.19992291488  2.772456E-16
7166.39992268882  2.879832E-16
7175.59992246276  2.799934E-16
7184.79992223671  2.744323E-16
7193.99992201065  2.569321E-16
7203.1999217846  2.671750E-16
7212.39992155854  2.823814E-16
7221.59992133249  2.648183E-16
7230.79992110643  2.771893E-16
7239.99992088037  2.513559E-16
7249.19992065432  2.548564E-16
7258.39992042826  2.691873E-16
7267.5999202022  2.619673E-16
7276.79991997615  2.551300E-16
7285.99991975009  2.372882E-16
7295.19991952404  2.513892E-16
7304.39991929798  2.590494E-16
7313.59991907192  2.617685E-16
7322.79991884587  2.456590E-16
7331.99991861981  2.362380E-16
7341.19991839376  2.265511E-16
7350.3999181677  2.487473E-16
7359.59991794164  2.370206E-16
7368.79991771559  2.081328E-16
7377.99991748953  2.193927E-16
7387.19991726348  2.382102E-16
7396.39991703742  2.113828E-16
7405.59991681136  2.250068E-16
7414.79991658531  2.073070E-16
7423.99991635925  2.135964E-16
7433.1999161332  2.099150E-16
7442.39991590714  1.970155E-16
7451.59991568108  2.122427E-16
7460.79991545503  2.043758E-16
7469.99991522897  1.825173E-16
7479.19991500292  1.789289E-16
7488.39991477686  1.814847E-16
7497.5999145508  2.066640E-16
7506.79991432475  1.679876E-16
7515.99991409869  1.773184E-16
7525.19991387264  1.933679E-16
7534.39991364658  1.838838E-16
7543.59991342052  1.796094E-16
7552.79991319447  1.819369E-16
7561.99991296841  1.829646E-16
7571.19991274235  1.544891E-16
7580.3999125163  2.211010E-16
7589.59991229024  1.602723E-16
7598.79991206419  1.374920E-16
7607.99991183813  1.669969E-16
7617.19991161207  2.024865E-16
7626.39991138602  1.522486E-16
7635.59991115996  1.709014E-16
7644.79991093391  1.546980E-16
7653.99991070785  1.510014E-16
7663.19991048179  1.624785E-16
7672.39991025574  1.687583E-16
7681.59991002968  1.606569E-16
7690.79990980363  1.637349E-16
7699.99990957757  1.254459E-16
7709.19990935151  1.855104E-16
7718.39990912546  1.414711E-16
7727.5999088994  1.389177E-16
7736.79990867335  1.555720E-16
7745.99990844729  1.953742E-16
7755.19990822123  2.169355E-16
7764.39990799518  1.577710E-16
7773.59990776912  1.163030E-16
7782.79990754307  1.165069E-16
7791.99990731701  1.518330E-16
7801.19990709095  1.796780E-16
7810.3999068649  1.627246E-16
7819.59990663884  1.210635E-16
7828.79990641278  1.538023E-16
7837.99990618673  1.623590E-16
7847.19990596067  1.495696E-16
7856.39990573462  1.525778E-16
7865.59990550856  1.570845E-16
7874.7999052825  1.637922E-16
7883.99990505645  1.726033E-16
