3.342803955078099989e+03 1.502477082022891248e-15
3.346881356948259963e+03 1.352191951167053477e-15
3.350958758818419938e+03 1.348751370348239516e-15
3.355036160688569908e+03 1.457915964791788417e-15
3.359113562558729882e+03 1.494689464463266272e-15
3.363190964428879852e+03 1.569890976578490534e-15
3.367268366299039826e+03 1.549520986301739417e-15
3.371345768169199800e+03 1.528513681006265636e-15
3.375423170039350225e+03 1.560231823235522450e-15
3.379500571909510199e+03 1.539784142182392165e-15
3.383577973779670174e+03 1.566731973581013332e-15
3.387655375649820144e+03 1.600107890074500485e-15
3.391732777519980118e+03 1.545525990824723728e-15
3.395810179390130088e+03 1.562091064504878664e-15
3.399887581260290062e+03 1.520440966646659512e-15
3.403964983130450037e+03 1.536396269756167787e-15
3.408042385000600007e+03 1.529911138631719219e-15
3.412119786870759981e+03 1.535424094147338650e-15
3.416197188740919955e+03 1.537533511667585214e-15
3.420274590611069925e+03 1.615958503800999666e-15
3.424351992481229900e+03 1.560342682121311601e-15
3.428429394351379869e+03 1.568878513149182469e-15
3.432506796221539844e+03 1.546142259626929240e-15
3.436584198091699818e+03 1.502513696086111542e-15
3.440661599961849788e+03 1.561014715313659218e-15
3.444739001832010217e+03 1.569063998194966707e-15
3.448816403702170192e+03 1.504914732003490127e-15
3.452893805572320161e+03 1.495220392384299739e-15
3.456971207442480136e+03 1.570256100473424925e-15
3.461048609312630106e+03 1.472438998060695020e-15
3.465126011182790080e+03 1.471196363274401073e-15
3.469203413052950054e+03 1.541368712328727917e-15
3.473280814923100024e+03 1.534911161211363876e-15
3.477358216793259999e+03 1.514752350425516091e-15
3.481435618663409969e+03 1.521870652545925606e-15
3.485513020533569943e+03 1.558765235743018378e-15
3.489590422403729917e+03 1.508984474464034590e-15
3.493667824273879887e+03 1.515345032031385036e-15
3.497745226144039862e+03 1.540028868825420138e-15
3.501822628014199836e+03 1.462169613165738970e-15
3.505900029884349806e+03 1.506986507476654349e-15
3.509977431754509780e+03 1.512382426959937631e-15
3.514054833624670209e+03 1.463862002717802249e-15
3.518132235494820179e+03 1.395254687302533606e-15
3.522209637364980154e+03 1.445649368225289413e-15
3.526287039235130123e+03 1.459556801264071484e-15
3.530364441105290098e+03 1.488272648473198509e-15
3.534441842975450072e+03 1.480353716007069107e-15
3.538519244845600042e+03 1.428492515907618596e-15
3.542596646715760016e+03 1.404599070994548454e-15
3.546674048585909986e+03 1.443424229059292168e-15
3.550751450456069961e+03 1.401437947468628900e-15
3.554828852326229935e+03 1.441161525434616264e-15
3.558906254196379905e+03 1.442609264925048867e-15
3.562983656066539879e+03 1.396897711850811352e-15
3.567061057936699854e+03 1.372445435386161100e-15
3.571138459806849824e+03 1.354904524891774359e-15
3.575215861677009798e+03 1.380736934057524199e-15
3.579293263547160223e+03 1.364865338978730890e-15
3.583370665417320197e+03 1.329145192728629828e-15
3.587448067287480171e+03 1.353888005246375421e-15
3.591525469157630141e+03 1.387561418413532828e-15
3.595602871027790115e+03 1.407785698310354535e-15
3.599680272897950090e+03 1.399910918340643643e-15
3.603757674768100060e+03 1.395922607631909115e-15
3.607835076638260034e+03 1.430723490607229495e-15
3.611912478508410004e+03 1.417215103905591056e-15
3.615989880378569978e+03 1.434118892800493412e-15
3.620067282248729953e+03 1.430452012837253848e-15
3.624144684118879923e+03 1.424415221484290164e-15
3.628222085989039897e+03 1.412193957269872959e-15
3.632299487859199871e+03 1.404869670970310499e-15
3.636376889729349841e+03 1.412786866059266449e-15
3.640454291599509816e+03 1.428307498050483496e-15
3.644531693469659785e+03 1.417248746653353390e-15
3.648609095339820215e+03 1.440425828542359957e-15
3.652686497209980189e+03 1.455790531600197877e-15
3.656763899080130159e+03 1.439614755060485583e-15
3.660841300950290133e+03 1.460168042507592961e-15
3.664918702820440103e+03 1.451005769701968012e-15
3.668996104690600077e+03 1.437174051284665212e-15
3.673073506560760052e+03 1.438905520406277924e-15
3.677150908430910022e+03 1.451022632558114967e-15
3.681228310301069996e+03 1.463582598924778973e-15
3.685305712171229970e+03 1.447184958937523157e-15
3.689383114041379940e+03 1.443466115245770280e-15
3.693460515911539915e+03 1.436084208131479889e-15
3.697537917781689885e+03 1.452872618002649154e-15
3.701615319651849859e+03 1.470658084924747273e-15
3.705692721522009833e+03 1.494420859321182802e-15
3.709770123392159803e+03 1.488898078333932815e-15
3.713847525262319778e+03 1.488246271596628988e-15
3.717924927132480207e+03 1.535025334417230849e-15
3.722002329002630177e+03 1.514210185161845043e-15
3.726079730872790151e+03 1.516280095929523917e-15
3.730157132742940121e+03 1.571653560882462958e-15
3.734234534613100095e+03 1.551916877088962795e-15
3.738311936483260070e+03 1.529537341809673626e-15
3.742389338353410039e+03 1.506524374987676094e-15
3.746466740223570014e+03 1.509179892994394927e-15
3.750544142093729988e+03 1.498099431238266217e-15
3.754621543963879958e+03 1.492456722316798884e-15
3.758698945834039932e+03 1.478957150849393945e-15
3.762776347704189902e+03 1.456219306817030015e-15
3.766853749574349877e+03 1.472894366440286425e-15
3.770931151444509851e+03 1.438894692718736476e-15
3.775008553314659821e+03 1.449659956994347043e-15
3.779085955184819795e+03 1.459985089363080589e-15
3.783163357054970220e+03 1.454803489150164935e-15
3.787240758925130194e+03 1.458522442419567384e-15
3.791318160795290169e+03 1.462273263242384178e-15
3.795395562665440139e+03 1.433663411572475971e-15
3.799472964535600113e+03 1.426746972468729666e-15
3.803550366405760087e+03 1.418223439200113551e-15
3.807627768275910057e+03 1.424325052367815229e-15
3.811705170146070031e+03 1.401134409462704417e-15
3.815782572016230006e+03 1.382656839761682799e-15
3.819859973886379976e+03 1.383073032414838773e-15
3.823937375756539950e+03 1.364796614427684991e-15
3.828014777626689920e+03 1.398782005065940544e-15
3.832092179496849894e+03 1.437789104860228838e-15
3.836169581367009869e+03 1.439975817432367745e-15
3.840246983237159839e+03 1.426098118341061196e-15
3.844324385107319813e+03 1.457624480697182242e-15
3.848401786977469783e+03 1.472386710183476474e-15
3.852479188847630212e+03 1.482820228109945143e-15
3.856556590717790186e+03 1.477631537575827116e-15
3.860633992587940156e+03 1.465745216432755679e-15
3.864711394458100131e+03 1.513036542255621206e-15
3.868788796328260105e+03 1.514423416736644979e-15
3.872866198198410075e+03 1.498284173699829235e-15
3.876943600068570049e+03 1.496057496607176846e-15
3.881021001938720019e+03 1.491154851316999630e-15
3.885098403808879993e+03 1.463215378725778207e-15
3.889175805679039968e+03 1.436554168339424998e-15
3.893253207549189938e+03 1.461720663643866549e-15
3.897330609419349912e+03 1.410817446720593773e-15
3.901408011289509886e+03 1.396394744979620104e-15
3.905485413159659856e+03 1.390851574119941077e-15
3.909562815029819831e+03 1.383277643875504513e-15
3.913640216899969801e+03 1.388930684619747296e-15
3.917717618770129775e+03 1.397740083372100812e-15
3.921795020640290204e+03 1.393049493707570838e-15
3.925872422510440174e+03 1.383801758493274490e-15
3.929949824380600148e+03 1.389651546559305781e-15
3.934027226250750118e+03 1.387745218072392337e-15
3.938104628120910093e+03 1.402966231215690551e-15
3.942182029991070067e+03 1.443184344717346326e-15
3.946259431861220037e+03 1.463849725695081676e-15
3.950336833731380011e+03 1.501166938222776701e-15
3.954414235601539986e+03 1.492174988364830810e-15
3.958491637471689955e+03 1.531747964646716792e-15
3.962569039341849930e+03 1.532072052093100506e-15
3.966646441211999900e+03 1.544594838643347027e-15
3.970723843082159874e+03 1.532666146465983428e-15
3.974801244952319848e+03 1.558347836646605307e-15
3.978878646822469818e+03 1.588920267680739810e-15
3.982956048692629793e+03 1.599719589279471572e-15
3.987033450562790222e+03 1.604319958000861804e-15
3.991110852432940192e+03 1.599508161965157599e-15
3.995188254303100166e+03 1.599424588078018528e-15
3.999265656173260140e+03 1.592879209367366198e-15
4.003343058043410110e+03 1.590338088381895090e-15
4.007420459913570085e+03 1.590206353476738311e-15
4.011497861783720055e+03 1.598206331894324884e-15
4.015575263653880029e+03 1.563515700244474698e-15
4.019652665524040003e+03 1.553143136179068050e-15
4.023730067394189973e+03 1.542505541704424613e-15
4.027807469264349947e+03 1.538970385511032740e-15
4.031884871134499917e+03 1.525234724382666321e-15
4.035962273004659892e+03 1.510473727543151666e-15
4.040039674874819866e+03 1.490145043388463736e-15
4.044117076744969836e+03 1.459216293576105229e-15
4.048194478615129810e+03 1.439910158370086691e-15
4.052271880485279780e+03 1.442657805049278029e-15
4.056349282355440209e+03 1.442255793717751621e-15
4.060426684225600184e+03 1.413055827692081607e-15
4.064504086095750154e+03 1.419425919945736839e-15
4.068581487965910128e+03 1.440720112251890277e-15
4.072658889836070102e+03 1.433100420192016316e-15
4.076736291706220072e+03 1.419034405981344447e-15
4.080813693576380047e+03 1.405059293727435548e-15
4.084891095446540021e+03 1.396558685915818797e-15
4.088968497316689991e+03 1.405505974203677427e-15
4.093045899186849965e+03 1.402378745994315735e-15
4.097123301057000390e+03 1.415353574435903277e-15
4.101200702927159909e+03 1.425618837598504364e-15
4.105278104797320339e+03 1.437714842859526475e-15
4.109355506667469854e+03 1.470643040357175131e-15
4.113432908537630283e+03 1.499230432880140857e-15
4.117510310407779798e+03 1.478351895478597479e-15
4.121587712277940227e+03 1.454498892239998418e-15
4.125665114148099747e+03 1.471666976684091284e-15
4.129742516018250171e+03 1.478775299533253089e-15
4.133819917888409691e+03 1.489698692176198401e-15
4.137897319758570120e+03 1.478457906450160389e-15
4.141974721628719635e+03 1.512006305114457963e-15
4.146052123498880064e+03 1.517706134251709097e-15
4.150129525369029579e+03 1.529278680335579766e-15
4.154206927239190009e+03 1.536217935554323210e-15
4.158284329109350438e+03 1.540575104595732819e-15
4.162361730979499953e+03 1.550717014012216603e-15
4.166439132849660382e+03 1.552940296780063344e-15
4.170516534719819902e+03 1.538442338112775694e-15
4.174593936589970326e+03 1.507962155568207793e-15
4.178671338460129846e+03 1.499574361800462242e-15
4.182748740330280270e+03 1.511157552610140891e-15
4.186826142200439790e+03 1.496554671500346762e-15
4.190903544070600219e+03 1.473481211397838659e-15
4.194980945940749734e+03 1.471814038151897505e-15
4.199058347810910163e+03 1.453079606424654602e-15
4.203135749681059679e+03 1.433804955659839394e-15
4.207213151551220108e+03 1.437215607179505451e-15
4.211290553421379627e+03 1.424083008748453744e-15
4.215367955291530052e+03 1.423978586912004356e-15
4.219445357161689572e+03 1.416381098368349638e-15
4.223522759031850001e+03 1.419429718948571795e-15
4.227600160902000425e+03 1.416911534334260662e-15
4.231677562772159945e+03 1.389933871770711483e-15
4.235754964642320374e+03 1.396018542727383455e-15
4.239832366512469889e+03 1.380482169565291990e-15
4.243909768382630318e+03 1.366401212227038010e-15
4.247987170252779833e+03 1.357002207495690018e-15
4.252064572122940262e+03 1.366822746893508245e-15
4.256141973993099782e+03 1.346479180763730844e-15
4.260219375863250207e+03 1.344748451157480315e-15
4.264296777733409726e+03 1.337929633380218785e-15
4.268374179603560151e+03 1.330898914993537247e-15
4.272451581473719671e+03 1.321309221644438252e-15
4.276528983343880100e+03 1.302182066872951045e-15
4.280606385214029615e+03 1.304680335293130724e-15
4.284683787084190044e+03 1.278922301453573704e-15
4.288761188954349564e+03 1.277628549207087979e-15
4.292838590824499988e+03 1.288656891845934999e-15
4.296915992694660417e+03 1.298218649556041179e-15
4.300993394564809932e+03 1.290030745038158626e-15
4.305070796434970362e+03 1.303686141718221284e-15
4.309148198305129881e+03 1.302664391653140018e-15
4.313225600175280306e+03 1.275261523360767214e-15
4.317303002045439825e+03 1.274091885398137327e-15
4.321380403915590250e+03 1.265260786583121594e-15
4.325457805785749770e+03 1.258744393701117264e-15
4.329535207655910199e+03 1.264504362380314557e-15
4.333612609526059714e+03 1.271838416721666900e-15
4.337690011396220143e+03 1.285683210808864872e-15
4.341767413266379663e+03 1.280382483568765772e-15
4.345844815136530087e+03 1.306166611690148986e-15
4.349922217006689607e+03 1.331865446267675727e-15
4.353999618876850036e+03 1.330455363071038635e-15
4.358077020746999551e+03 1.371461707554565994e-15
4.362154422617159980e+03 1.378263043268249233e-15
4.366231824487310405e+03 1.364712933255849352e-15
4.370309226357469925e+03 1.376957512784534288e-15
4.374386628227630354e+03 1.390781801706489708e-15
4.378464030097779869e+03 1.418383058892057901e-15
4.382541431967940298e+03 1.423491891521547260e-15
4.386618833838089813e+03 1.412492055878005961e-15
4.390696235708250242e+03 1.419941514784543034e-15
4.394773637578409762e+03 1.423660318674582418e-15
4.398851039448560186e+03 1.441609252530617966e-15
4.402928441318719706e+03 1.460617683437988631e-15
4.407005843188870131e+03 1.436913337565337309e-15
4.411083245059029650e+03 1.426131900166042615e-15
4.415160646929190079e+03 1.434032785931925213e-15
4.419238048799349599e+03 1.398229124957922951e-15
4.423315450669500024e+03 1.398912960520646369e-15
4.427392852539660453e+03 1.374586247111164349e-15
4.431470254409809968e+03 1.358519358688469985e-15
4.435547656279970397e+03 1.336403748867507634e-15
4.439625058150129917e+03 1.310090281914792711e-15
4.443702460020280341e+03 1.301692329900824043e-15
4.447779861890439861e+03 1.269668751290838549e-15
4.451857263760590286e+03 1.272882162422466108e-15
4.455934665630749805e+03 1.251136525570589490e-15
4.460012067500910234e+03 1.247328109347660390e-15
4.464089469371059749e+03 1.252791606470423610e-15
4.468166871241220178e+03 1.247174151147485111e-15
4.472244273111379698e+03 1.244219851055855374e-15
4.476321674981530123e+03 1.219958024611144988e-15
4.480399076851689642e+03 1.198810848628450827e-15
4.484476478721840067e+03 1.214157289511465429e-15
4.488553880591999587e+03 1.225015222245611298e-15
4.492631282462160016e+03 1.213129408093735136e-15
4.496708684332310440e+03 1.214031145409117188e-15
4.500786086202469960e+03 1.220384346304170219e-15
4.504863488072620385e+03 1.225500120766854913e-15
4.508940889942779904e+03 1.258427495268364836e-15
4.513018291812940333e+03 1.261520784033434857e-15
4.517095693683089848e+03 1.248819795604865690e-15
4.521173095553250278e+03 1.246429743918178113e-15
4.525250497423409797e+03 1.262534777291505793e-15
4.529327899293560222e+03 1.255459225116667434e-15
4.533405301163719741e+03 1.262529936707292647e-15
4.537482703033880171e+03 1.262704654068586149e-15
4.541560104904029686e+03 1.266622666583772151e-15
4.545637506774190115e+03 1.271480217689627237e-15
4.549714908644339630e+03 1.283986535267875290e-15
4.553792310514500059e+03 1.291662714100082934e-15
4.557869712384659579e+03 1.277560705476291602e-15
4.561947114254810003e+03 1.286542449407058567e-15
4.566024516124970432e+03 1.298216382950047593e-15
4.570101917995119948e+03 1.297779573712999895e-15
4.574179319865280377e+03 1.280700588534822980e-15
4.578256721735439896e+03 1.276542456625805430e-15
4.582334123605590321e+03 1.281555629699950503e-15
4.586411525475749841e+03 1.293665746733141365e-15
4.590488927345910270e+03 1.280385308552550030e-15
4.594566329216059785e+03 1.272797273910948324e-15
4.598643731086220214e+03 1.290239815373373064e-15
4.602721132956369729e+03 1.282458784489698068e-15
4.606798534826530158e+03 1.267523664178547766e-15
4.610875936696689678e+03 1.260851686419020804e-15
4.614953338566840102e+03 1.269716385468238953e-15
4.619030740436999622e+03 1.258734874607921491e-15
4.623108142307160051e+03 1.239739005747778890e-15
4.627185544177309566e+03 1.217054363929479591e-15
4.631262946047469995e+03 1.209527483238465723e-15
4.635340347917620420e+03 1.206228046707308816e-15
4.639417749787779940e+03 1.192766232628731392e-15
4.643495151657940369e+03 1.205578685249234685e-15
4.647572553528089884e+03 1.203893868896709214e-15
4.651649955398250313e+03 1.200558187968012892e-15
4.655727357268409833e+03 1.183450048543061790e-15
4.659804759138560257e+03 1.153615112514606441e-15
4.663882161008719777e+03 1.152746180669437958e-15
4.667959562878870202e+03 1.151589365933880123e-15
4.672036964749029721e+03 1.137617626564894901e-15
4.676114366619190150e+03 1.126952782641140619e-15
4.680191768489339665e+03 1.130240174299289340e-15
4.684269170359500094e+03 1.111678365135789832e-15
4.688346572229649610e+03 1.089246625583905687e-15
4.692423974099810039e+03 1.075592378226173636e-15
4.696501375969969558e+03 1.055911338069291126e-15
4.700578777840119983e+03 1.041810260841926409e-15
4.704656179710280412e+03 1.016453536220682708e-15
4.708733581580439932e+03 1.000403894594824803e-15
4.712810983450590356e+03 9.930920609516361948e-16
4.716888385320749876e+03 9.758166736220920770e-16
4.720965787190900301e+03 9.708065109814925824e-16
4.725043189061059820e+03 9.659263272839915135e-16
4.729120590931220249e+03 9.569498290969437188e-16
4.733197992801369764e+03 9.592970792032005521e-16
4.737275394671530194e+03 9.626183154099609135e-16
4.741352796541689713e+03 9.526503167950570830e-16
4.745430198411840138e+03 9.486688938381095439e-16
4.749507600281999657e+03 9.521546033654727689e-16
4.753585002152160087e+03 9.514993959686989951e-16
4.757662404022309602e+03 9.607422327306444893e-16
4.761739805892470031e+03 9.650795648552055421e-16
4.765817207762619546e+03 9.679455738809661834e-16
4.769894609632779975e+03 9.851040897372537300e-16
4.773972011502930400e+03 9.884670450268350821e-16
4.778049413373089919e+03 9.783209620491006294e-16
4.782126815243250348e+03 9.798291087760217121e-16
4.786204217113399864e+03 9.846138363430070348e-16
4.790281618983560293e+03 9.823190403412791059e-16
4.794359020853719812e+03 9.767279328134832409e-16
4.798436422723870237e+03 9.962260637872880127e-16
4.802513824594029757e+03 9.782794676644795597e-16
4.806591226464190186e+03 9.534455195499970179e-16
4.810668628334339701e+03 9.592242444697709485e-16
4.814746030204500130e+03 9.609691917041985595e-16
4.818823432074649645e+03 9.548632347000308172e-16
4.822900833944810074e+03 9.494975392878467417e-16
4.826978235814969594e+03 9.760926127946359724e-16
4.831055637685120018e+03 9.919447834875166199e-16
4.835133039555280448e+03 9.869276415002409537e-16
4.839210441425429963e+03 9.919966570104409659e-16
4.843287843295590392e+03 1.011072640483435654e-15
4.847365245165749911e+03 1.027878096036340769e-15
4.851442647035900336e+03 1.020595660624536693e-15
4.855520048906059856e+03 1.039556775758073502e-15
4.859597450776210280e+03 1.053993658229549537e-15
4.863674852646369800e+03 1.048054344382463460e-15
4.867752254516530229e+03 1.051136779848886146e-15
4.871829656386679744e+03 1.056393164426443509e-15
4.875907058256840173e+03 1.068787251869254490e-15
4.879984460126999693e+03 1.066942098063549762e-15
4.884061861997150118e+03 1.093513003379793637e-15
4.888139263867309637e+03 1.104948674620785077e-15
4.892216665737470066e+03 1.099497593029472256e-15
4.896294067607619581e+03 1.118903798051421469e-15
4.900371469477780010e+03 1.123860320035356968e-15
4.904448871347930435e+03 1.128041696873548373e-15
4.908526273218089955e+03 1.127383775218739395e-15
4.912603675088250384e+03 1.133458007266224863e-15
4.916681076958399899e+03 1.136494883901333067e-15
4.920758478828560328e+03 1.124450643259641539e-15
4.924835880698719848e+03 1.122628019860349554e-15
4.928913282568870272e+03 1.119595042436622713e-15
4.932990684439029792e+03 1.104328203576170031e-15
4.937068086309180217e+03 1.101616749729953915e-15
4.941145488179339736e+03 1.085242759962677369e-15
4.945222890049500165e+03 1.057337936489088078e-15
4.949300291919649680e+03 1.055113635438788335e-15
4.953377693789810110e+03 1.063919985463509565e-15
4.957455095659969629e+03 1.051937024961114713e-15
4.961532497530120054e+03 1.032598555290080445e-15
4.965609899400279573e+03 1.032618067246648206e-15
4.969687301270429998e+03 1.027693188789692876e-15
4.973764703140590427e+03 1.025541497516491948e-15
4.977842105010749947e+03 1.022397623386594896e-15
4.981919506880900371e+03 1.024716569820678743e-15
4.985996908751059891e+03 1.019787843069976404e-15
4.990074310621210316e+03 1.023149792372715033e-15
4.994151712491369835e+03 1.020118054306198267e-15
4.998229114361530264e+03 1.009432273795948092e-15
5.002306516231679780e+03 1.015578180510818951e-15
5.006383918101840209e+03 1.009384013326454183e-15
5.010461319971999728e+03 1.034911512321087936e-15
5.014538721842150153e+03 1.027383208902039288e-15
5.018616123712309673e+03 1.015937798884722947e-15
5.022693525582470102e+03 9.969760935310200957e-16
5.026770927452619617e+03 1.018203917622616145e-15
5.030848329322780046e+03 1.014735929059782464e-15
5.034925731192929561e+03 9.947015478953213615e-16
5.039003133063089990e+03 1.002173398968880553e-15
5.043080534933250419e+03 9.882028917865778989e-16
5.047157936803399934e+03 9.768844798905126064e-16
5.051235338673560364e+03 9.891799245841186900e-16
5.055312740543709879e+03 9.730169632908477863e-16
5.059390142413870308e+03 9.738159569539452093e-16
5.063467544284029827e+03 9.757736915716507407e-16
5.067544946154180252e+03 9.675343341336855503e-16
5.071622348024339772e+03 9.717209864530823405e-16
5.075699749894500201e+03 9.618313421153459466e-16
5.079777151764649716e+03 9.910661898051273408e-16
5.083854553634810145e+03 9.866492697909269145e-16
5.087931955504959660e+03 9.787648661798151087e-16
5.092009357375120089e+03 9.849793556401448484e-16
5.096086759245279609e+03 9.974296174456127622e-16
5.100164161115430034e+03 9.888299724240874632e-16
5.104241562985589553e+03 9.923729577702365808e-16
5.108318964855749982e+03 1.033905076728453182e-15
5.112396366725900407e+03 1.028952475252546753e-15
5.116473768596059926e+03 1.026203607887804545e-15
5.120551170466210351e+03 1.020999419334742486e-15
5.124628572336369871e+03 1.025019784665886916e-15
5.128705974206530300e+03 1.027932087800241979e-15
5.132783376076679815e+03 1.027206139948920552e-15
5.136860777946840244e+03 1.031781128494284198e-15
5.140938179816989759e+03 1.036539385898265055e-15
5.145015581687150188e+03 1.054930462948415440e-15
5.149092983557309708e+03 1.063983850548717724e-15
5.153170385427460133e+03 1.061944997345595607e-15
5.157247787297619652e+03 1.066193262736067099e-15
5.161325189167780081e+03 1.060640159223604660e-15
5.165402591037929596e+03 1.078669384734134691e-15
5.169479992908090026e+03 1.072741824671977456e-15
5.173557394778240450e+03 1.055277888433679445e-15
5.177634796648399970e+03 1.067199535124780984e-15
5.181712198518560399e+03 1.056401070621680348e-15
5.185789600388709914e+03 1.062377866417410196e-15
5.189867002258870343e+03 1.065510789406661118e-15
5.193944404129029863e+03 1.038198853552458183e-15
5.198021805999180287e+03 1.040557619240298476e-15
5.202099207869339807e+03 1.035362602620729295e-15
5.206176609739490232e+03 1.034653184621652033e-15
5.210254011609649751e+03 1.022664547044283640e-15
5.214331413479810180e+03 1.012120606780006312e-15
5.218408815349959696e+03 9.974934489613229522e-16
5.222486217220120125e+03 1.002438169297625376e-15
5.226563619090279644e+03 9.846547914476493572e-16
5.230641020960430069e+03 9.733030002871788084e-16
5.234718422830589589e+03 9.713702952649996686e-16
5.238795824700740013e+03 9.449087158540589176e-16
5.242873226570900442e+03 9.563257156422500051e-16
5.246950628441059962e+03 9.211819150654695015e-16
5.251028030311210387e+03 9.126848006544447217e-16
5.255105432181369906e+03 9.100150331691633433e-16
5.259182834051530335e+03 8.978250116258945367e-16
5.263260235921679850e+03 9.056653778501793261e-16
5.267337637791840280e+03 8.845413572223364667e-16
5.271415039661989795e+03 8.699320265338990564e-16
5.275492441532150224e+03 8.699900525391024080e-16
5.279569843402309743e+03 8.681593015257970313e-16
5.283647245272460168e+03 8.638880230047366589e-16
5.287724647142619688e+03 8.663069763979206118e-16
5.291802049012780117e+03 8.586510361307721252e-16
5.295879450882929632e+03 8.446452514422095054e-16
5.299956852753090061e+03 8.483828132404366576e-16
5.304034254623239576e+03 8.449294594917930305e-16
5.308111656493400005e+03 8.420854289127918778e-16
5.312189058363560434e+03 8.412257881127564187e-16
5.316266460233709950e+03 8.317197318033431124e-16
5.320343862103870379e+03 8.416908384438896481e-16
5.324421263974029898e+03 8.444257428906051424e-16
5.328498665844180323e+03 8.276580145409165638e-16
5.332576067714339842e+03 8.352891843761674742e-16
5.336653469584490267e+03 8.198261822753609599e-16
5.340730871454649787e+03 8.154873979472698741e-16
5.344808273324810216e+03 8.187638000459061061e-16
5.348885675194959731e+03 8.134375905044264568e-16
5.352963077065120160e+03 8.119817874092218373e-16
5.357040478935279680e+03 8.083224684587104852e-16
5.361117880805430104e+03 7.954188945297147706e-16
5.365195282675589624e+03 8.067141453550242775e-16
5.369272684545740049e+03 7.926648654250418626e-16
5.373350086415899568e+03 7.970251799062878961e-16
5.377427488286059997e+03 8.074595013171013971e-16
5.381504890156210422e+03 8.060871762304843355e-16
5.385582292026369942e+03 8.142485136654189641e-16
5.389659693896520366e+03 7.979734731280906520e-16
5.393737095766679886e+03 7.898112617660538507e-16
5.397814497636840315e+03 8.034454946842955903e-16
5.401891899506989830e+03 8.057456905615691881e-16
5.405969301377150259e+03 8.124579077434422529e-16
5.410046703247309779e+03 8.103619182939964564e-16
5.414124105117460203e+03 8.079794257527276950e-16
5.418201506987619723e+03 8.251423556060073880e-16
5.422278908857770148e+03 8.255527884055606144e-16
5.426356310727929667e+03 8.292890530577912050e-16
5.430433712598090096e+03 8.415634712875589280e-16
5.434511114468239612e+03 8.428869386551250151e-16
5.438588516338400041e+03 8.385226092790719397e-16
5.442665918208559560e+03 8.337245130718444249e-16
5.446743320078709985e+03 8.284721917266608500e-16
5.450820721948870414e+03 8.173256293329236469e-16
5.454898123819019929e+03 8.297090416547840564e-16
5.458975525689180358e+03 8.298847071887580142e-16
5.463052927559339878e+03 8.169379260480730030e-16
5.467130329429490303e+03 8.212337550060634307e-16
5.471207731299649822e+03 8.184656663060940813e-16
5.475285133169800247e+03 8.134283151536746344e-16
5.479362535039959766e+03 8.219291373415865578e-16
5.483439936910120196e+03 8.191484792094771484e-16
5.487517338780269711e+03 8.227742867175176993e-16
5.491594740650430140e+03 8.267322680465589369e-16
5.495672142520589659e+03 8.112065498801068998e-16
5.499749544390740084e+03 8.042732746098040082e-16
5.503826946260899604e+03 8.015784488974482443e-16
5.507904348131050028e+03 7.889663260125546918e-16
5.511981750001209548e+03 7.907965256435411755e-16
5.516059151871369977e+03 7.967781065610929657e-16
5.520136553741520402e+03 7.914102210249997467e-16
5.524213955611679921e+03 7.904573063186724339e-16
5.528291357481840350e+03 7.906887289125940615e-16
5.532368759351989866e+03 7.759055597641997436e-16
5.536446161222150295e+03 7.613201612768576414e-16
5.540523563092299810e+03 7.657723001571996623e-16
5.544600964962460239e+03 7.704751085007188117e-16
5.548678366832619758e+03 7.632857933573212052e-16
5.552755768702770183e+03 7.605473474292301909e-16
5.556833170572929703e+03 7.558625147431350174e-16
5.560910572443090132e+03 7.768958009983426516e-16
5.564987974313239647e+03 7.722366250160182327e-16
5.569065376183400076e+03 7.741366885761554658e-16
5.573142778053549591e+03 7.868536951367829409e-16
5.577220179923710020e+03 7.805091777966957003e-16
5.581297581793870449e+03 7.759369502248260477e-16
5.585374983664019965e+03 7.723863826013205793e-16
5.589452385534180394e+03 7.601061509730350209e-16
5.593529787404339913e+03 7.661765780426198301e-16
5.597607189274490338e+03 7.780891818447139904e-16
5.601684591144649858e+03 7.824677018009538588e-16
5.605761993014800282e+03 7.787506206149840003e-16
5.609839394884959802e+03 7.840334277685506519e-16
5.613916796755120231e+03 7.752988015389863883e-16
5.617994198625269746e+03 7.703667967337182833e-16
5.622071600495430175e+03 7.669285919315706721e-16
5.626149002365589695e+03 7.736293181742616370e-16
5.630226404235740119e+03 7.796578859159074648e-16
5.634303806105899639e+03 7.900699829649734916e-16
5.638381207976050064e+03 7.854183315151689427e-16
5.642458609846209583e+03 7.886733403293937466e-16
5.646536011716370012e+03 7.999162428423378016e-16
5.650613413586520437e+03 8.087528475584908386e-16
5.654690815456679957e+03 8.010282394046425761e-16
5.658768217326830381e+03 8.054414206362567190e-16
5.662845619196989901e+03 8.041294190916992616e-16
5.666923021067150330e+03 7.983705105952720735e-16
5.671000422937299845e+03 8.013083987240552434e-16
5.675077824807460274e+03 8.007709719241716884e-16
5.679155226677619794e+03 8.127815266758478114e-16
5.683232628547770219e+03 8.289445430875691283e-16
5.687310030417929738e+03 8.351732851649786432e-16
5.691387432288080163e+03 8.173883051502270865e-16
5.695464834158239682e+03 8.124041027270354488e-16
5.699542236028400112e+03 8.309479759948441162e-16
5.703619637898549627e+03 8.407260787004429416e-16
5.707697039768710056e+03 8.310930587640799867e-16
5.711774441638869575e+03 8.460294214349516629e-16
5.715851843509020000e+03 8.516675695273384443e-16
5.719929245379180429e+03 8.343069369370968642e-16
5.724006647249329944e+03 8.321573754853205175e-16
5.728084049119490373e+03 8.463134198539833411e-16
5.732161450989649893e+03 8.592980846689298987e-16
5.736238852859800318e+03 8.481703146017117980e-16
5.740316254729959837e+03 8.357720841458205143e-16
5.744393656600110262e+03 8.434959397351747015e-16
5.748471058470269782e+03 8.447894516146648249e-16
5.752548460340430211e+03 8.373786216821229788e-16
5.756625862210579726e+03 8.352621739177739426e-16
5.760703264080740155e+03 8.349365152194448840e-16
5.764780665950899674e+03 8.242866252373300315e-16
5.768858067821050099e+03 8.301686628244226784e-16
5.772935469691209619e+03 8.302209522218573430e-16
5.777012871561360043e+03 8.190500236405473861e-16
5.781090273431519563e+03 8.269490366692284264e-16
5.785167675301679992e+03 8.247845055025188336e-16
5.789245077171830417e+03 8.322274315368216261e-16
5.793322479041989936e+03 8.237520533960713913e-16
5.797399880912150365e+03 8.089015903647955116e-16
5.801477282782299881e+03 7.957035400253868710e-16
5.805554684652460310e+03 7.984574703950335600e-16
5.809632086522609825e+03 8.107795630754494895e-16
5.813709488392770254e+03 8.038013968583082068e-16
5.817786890262929774e+03 8.178907527865235760e-16
5.821864292133080198e+03 8.361417581806212942e-16
5.825941694003239718e+03 8.168491710591972288e-16
5.830019095873390143e+03 8.171999131214098569e-16
5.834096497743549662e+03 8.138095094219016208e-16
5.838173899613710091e+03 8.045743044160221382e-16
5.842251301483859606e+03 8.038095103528477496e-16
5.846328703354020035e+03 7.988412423213130979e-16
5.850406105224179555e+03 7.857102404245033664e-16
5.854483507094329980e+03 7.832593512178374010e-16
5.858560908964490409e+03 7.902651132958736944e-16
5.862638310834649928e+03 7.899756196680995632e-16
5.866715712704800353e+03 7.701227583766949219e-16
5.870793114574959873e+03 7.536101658509971146e-16
5.874870516445110297e+03 7.570626866976243581e-16
5.878947918315269817e+03 7.588614707636669566e-16
5.883025320185430246e+03 7.563742520038041493e-16
5.887102722055579761e+03 7.436573124154446909e-16
5.891180123925740190e+03 7.224912037373812942e-16
5.895257525795889705e+03 7.201601719564230869e-16
5.899334927666050135e+03 7.319971633375077687e-16
5.903412329536209654e+03 7.244873182619763821e-16
5.907489731406360079e+03 7.380798075120807045e-16
5.911567133276519598e+03 7.326499106923383497e-16
5.915644535146680028e+03 7.273533392198588339e-16
5.919721937016830452e+03 7.234788393896381878e-16
5.923799338886989972e+03 7.257583142566871260e-16
5.927876740757140396e+03 7.294559306281861773e-16
5.931954142627299916e+03 7.076303673218715155e-16
5.936031544497460345e+03 7.022181117614551523e-16
5.940108946367609860e+03 7.061138746571161273e-16
5.944186348237770289e+03 7.007882481101359022e-16
5.948263750107929809e+03 7.067033997371885290e-16
5.952341151978080234e+03 7.129441416132187255e-16
5.956418553848239753e+03 6.979515029461811648e-16
5.960495955718400182e+03 6.844739773542021664e-16
5.964573357588549698e+03 7.006730279592687561e-16
5.968650759458710127e+03 6.961590699372464361e-16
5.972728161328859642e+03 6.816515472706248475e-16
5.976805563199020071e+03 6.891511526498290971e-16
5.980882965069179591e+03 6.930298551054717569e-16
5.984960366939330015e+03 7.045855447686231425e-16
5.989037768809490444e+03 6.828419078409909640e-16
5.993115170679639959e+03 6.766267796179455917e-16
5.997192572549800389e+03 6.815983519952119228e-16
6.001269974419959908e+03 6.804180429605055189e-16
6.005347376290110333e+03 6.723538396783646145e-16
6.009424778160269852e+03 6.791157579075103124e-16
6.013502180030430281e+03 6.892621251258002345e-16
6.017579581900579797e+03 6.881593630099880641e-16
6.021656983770740226e+03 6.694586310291564034e-16
6.025734385640889741e+03 6.704444041735118099e-16
6.029811787511050170e+03 6.784703103210600793e-16
6.033889189381199685e+03 6.855046412412731758e-16
6.037966591251360114e+03 6.737613427379665793e-16
6.042043993121519634e+03 6.645687047729520321e-16
6.046121394991680063e+03 6.614393779384705546e-16
6.050198796861829578e+03 6.580111092386128665e-16
6.054276198731990007e+03 6.549578757399485560e-16
6.058353600602140432e+03 6.584495383917868070e-16
6.062431002472299951e+03 6.562006895722149971e-16
6.066508404342460381e+03 6.484749732234779994e-16
6.070585806212609896e+03 6.461751654242153388e-16
6.074663208082770325e+03 6.434747031870720359e-16
6.078740609952919840e+03 6.356574170702299894e-16
6.082818011823080269e+03 6.221929014887776738e-16
6.086895413693239789e+03 6.262019217293015798e-16
6.090972815563390213e+03 6.191730400115194460e-16
6.095050217433549733e+03 6.249950305092600108e-16
6.099127619303710162e+03 6.166027695064779632e-16
6.103205021173859677e+03 6.091883744092077122e-16
6.107282423044020106e+03 6.096603536698148191e-16
6.111359824914169621e+03 6.122142412225538213e-16
6.115437226784330051e+03 6.079850135903359879e-16
6.119514628654489570e+03 5.990046197279924051e-16
6.123592030524639995e+03 6.040066292458867834e-16
6.127669432394800424e+03 6.008879757976348703e-16
6.131746834264959944e+03 5.927204265794990329e-16
6.135824236135110368e+03 5.952834525839876058e-16
6.139901638005269888e+03 5.921718734132236184e-16
6.143979039875420312e+03 5.851147867544875752e-16
6.148056441745579832e+03 5.756974023096997717e-16
6.152133843615740261e+03 5.832995279691840148e-16
6.156211245485889776e+03 5.809994936711747175e-16
6.160288647356050205e+03 5.751329454405317815e-16
6.164366049226209725e+03 5.693253338985008722e-16
6.168443451096360150e+03 5.634304531632328182e-16
6.172520852966519669e+03 5.588728353018136759e-16
6.176598254836680098e+03 5.540007228659355122e-16
6.180675656706829614e+03 5.506502434554032866e-16
6.184753058576990043e+03 5.553275792247445147e-16
6.188830460447139558e+03 5.542010305108458360e-16
6.192907862317299987e+03 5.462209200632553649e-16
6.196985264187460416e+03 5.428034904331022162e-16
6.201062666057609931e+03 5.401780544725282431e-16
6.205140067927770360e+03 5.458112690457847342e-16
6.209217469797919875e+03 5.331007500153396842e-16
6.213294871668080305e+03 5.322975791242600028e-16
6.217372273538239824e+03 5.353060976865568554e-16
6.221449675408390249e+03 5.348090278401302817e-16
6.225527077278549768e+03 5.337167961165182346e-16
6.229604479148700193e+03 5.360279606468833244e-16
6.233681881018859713e+03 5.265208878860297371e-16
6.237759282889020142e+03 5.338284045806436432e-16
6.241836684759169657e+03 5.376038488049291700e-16
6.245914086629330086e+03 5.352371393881656136e-16
6.249991488499489606e+03 5.322209336763848097e-16
6.254068890369640030e+03 5.363478472169843385e-16
6.258146292239799550e+03 5.457482074300261352e-16
6.262223694109959979e+03 5.370362676668242882e-16
6.266301095980110404e+03 5.329257994003006734e-16
6.270378497850269923e+03 5.367207047052933433e-16
6.274455899720420348e+03 5.421830136351609981e-16
6.278533301590579867e+03 5.384343383358325064e-16
6.282610703460740297e+03 5.455311386639833009e-16
6.286688105330889812e+03 5.417243615134900525e-16
6.290765507201050241e+03 5.412457558364569701e-16
6.294842909071199756e+03 5.452751946696358355e-16
6.298920310941360185e+03 5.511016338152330019e-16
6.302997712811519705e+03 5.536086188964678921e-16
6.307075114681670129e+03 5.445003113507078724e-16
6.311152516551829649e+03 5.428048407437438605e-16
6.315229918421990078e+03 5.575549337492034052e-16
6.319307320292139593e+03 5.484585339175854230e-16
6.323384722162300022e+03 5.394055876032602442e-16
6.327462124032450447e+03 5.503479504435510792e-16
6.331539525902609967e+03 5.453889231301387090e-16
6.335616927772770396e+03 5.448373207726762243e-16
6.339694329642919911e+03 5.400042406324035822e-16
6.343771731513080340e+03 5.453769488742912048e-16
6.347849133383229855e+03 5.469274798947122682e-16
6.351926535253390284e+03 5.444655216822893350e-16
6.356003937123549804e+03 5.438416248726336551e-16
6.360081338993700228e+03 5.406107866563701376e-16
6.364158740863859748e+03 5.459260775839381475e-16
6.368236142734020177e+03 5.459070384730681809e-16
6.372313544604169692e+03 5.335604789249073729e-16
6.376390946474330121e+03 5.233777180331586966e-16
6.380468348344479637e+03 5.287284401916040584e-16
6.384545750214640066e+03 5.320624807614249727e-16
6.388623152084799585e+03 5.364117315559855938e-16
6.392700553954950010e+03 5.279162491064031094e-16
6.396777955825110439e+03 5.324419724461184038e-16
6.400855357695269959e+03 5.285211160798728309e-16
6.404932759565420383e+03 5.172517214509801235e-16
6.409010161435579903e+03 5.198959717111077994e-16
6.413087563305740332e+03 5.194417546570679604e-16
6.417164965175889847e+03 5.129539311714508172e-16
6.421242367046050276e+03 5.109214190418785037e-16
6.425319768916199791e+03 5.129182364320415680e-16
6.429397170786360221e+03 5.095177393262090093e-16
6.433474572656509736e+03 5.054605438146711465e-16
6.437551974526670165e+03 5.079535108755559886e-16
6.441629376396829684e+03 5.116152066760367507e-16
6.445706778266980109e+03 5.133583478620507942e-16
6.449784180137139629e+03 5.045612169949883433e-16
6.453861582007300058e+03 4.997866429879396528e-16
6.457938983877449573e+03 5.016509533610577537e-16
6.462016385747610002e+03 4.988348398547013649e-16
6.466093787617770431e+03 4.947628828043929758e-16
6.470171189487919946e+03 4.986916883513776544e-16
6.474248591358080375e+03 4.998012112811758174e-16
6.478325993228229891e+03 4.971360323587184165e-16
6.482403395098390320e+03 4.918374137919543772e-16
6.486480796968549839e+03 4.945073209725327824e-16
6.490558198838700264e+03 5.012388058637897283e-16
6.494635600708859783e+03 5.007428572325124584e-16
6.498713002579020213e+03 4.993223724207683519e-16
6.502790404449169728e+03 4.940182879214466722e-16
6.506867806319330157e+03 4.956217794183678554e-16
6.510945208189479672e+03 4.961371358008727274e-16
6.515022610059640101e+03 4.930037930874689874e-16
6.519100011929799621e+03 4.929631033963759028e-16
6.523177413799950045e+03 4.954631066990365892e-16
6.527254815670109565e+03 4.938182750931364886e-16
6.531332217540269994e+03 4.929417635275961068e-16
6.535409619410420419e+03 4.976734441459857217e-16
6.539487021280579938e+03 4.981081307294539240e-16
6.543564423150730363e+03 4.911282491427942318e-16
6.547641825020889883e+03 4.849376432275808862e-16
6.551719226891050312e+03 4.899739658367680613e-16
6.555796628761199827e+03 4.901524462470458544e-16
6.559874030631360256e+03 4.826698920010790350e-16
6.563951432501509771e+03 4.789915304519898264e-16
6.568028834371670200e+03 4.779277968361551677e-16
6.572106236241829720e+03 4.799098102698192990e-16
6.576183638111980144e+03 4.823759735821126462e-16
6.580261039982139664e+03 4.823637877191688518e-16
6.584338441852290089e+03 4.765909900862702614e-16
6.588415843722449608e+03 4.695444407860931106e-16
6.592493245592610037e+03 4.758080958233568880e-16
6.596570647462759553e+03 4.833125272250023951e-16
6.600648049332919982e+03 4.835071624986725046e-16
6.604725451203080411e+03 4.690244285292544021e-16
6.608802853073229926e+03 4.620661650947468614e-16
6.612880254943390355e+03 4.624855870150278920e-16
6.616957656813549875e+03 4.647836171878186215e-16
6.621035058683700299e+03 4.673980895206348767e-16
6.625112460553859819e+03 4.638904556553169572e-16
6.629189862424010244e+03 4.621622409393089968e-16
6.633267264294169763e+03 4.591118962636193220e-16
6.637344666164330192e+03 4.605727088409616903e-16
6.641422068034479707e+03 4.597865498717945749e-16
6.645499469904640137e+03 4.519376941063952524e-16
6.649576871774799656e+03 4.613865805405560033e-16
6.653654273644950081e+03 4.594554668966039449e-16
6.657731675515109600e+03 4.566818400470518272e-16
6.661809077385260025e+03 4.562409562578943477e-16
6.665886479255420454e+03 4.637953663683019289e-16
6.669963881125579974e+03 4.644654198534934115e-16
6.674041282995730398e+03 4.616493249332264158e-16
6.678118684865889918e+03 4.608104477297543639e-16
6.682196086736040343e+03 4.601621450708216397e-16
6.686273488606199862e+03 4.526733550987521767e-16
6.690350890476360291e+03 4.455216392331300620e-16
6.694428292346509807e+03 4.571988334387026945e-16
6.698505694216670236e+03 4.624217632903691149e-16
6.702583096086829755e+03 4.652671705816096739e-16
6.706660497956980180e+03 4.576294309843823557e-16
6.710737899827139699e+03 4.511201918129149575e-16
6.714815301697290124e+03 4.556680537907632259e-16
6.718892703567449644e+03 4.572936169537284379e-16
6.722970105437610073e+03 4.536025232590388610e-16
6.727047507307759588e+03 4.523380628332807397e-16
6.731124909177920017e+03 4.516583058117299200e-16
6.735202311048080446e+03 4.602648657221670744e-16
6.739279712918229961e+03 4.536832721282004981e-16
6.743357114788390390e+03 4.455821594367659751e-16
6.747434516658539906e+03 4.485644515448137118e-16
6.751511918528700335e+03 4.489044561354579327e-16
6.755589320398859854e+03 4.549590169888106201e-16
6.759666722269010279e+03 4.527886949571930011e-16
6.763744124139169799e+03 4.473940760451728716e-16
6.767821526009330228e+03 4.491345718455074770e-16
6.771898927879479743e+03 4.481283629464441400e-16
6.775976329749640172e+03 4.439590277050315042e-16
6.780053731619789687e+03 4.398407933006862451e-16
6.784131133489950116e+03 4.379800683245930571e-16
6.788208535360109636e+03 4.386715765261235518e-16
6.792285937230260060e+03 4.314856508871634074e-16
6.796363339100419580e+03 4.279155386962719402e-16
6.800440740970580009e+03 4.342685934608321006e-16
6.804518142840730434e+03 4.333461574000932638e-16
6.808595544710889953e+03 4.291361286948974392e-16
6.812672946581040378e+03 4.256100486624870929e-16
6.816750348451199898e+03 4.281996653306846217e-16
6.820827750321360327e+03 4.351747433627381364e-16
6.824905152191509842e+03 4.214290982619344610e-16
6.828982554061670271e+03 4.217112050157844493e-16
6.833059955931829791e+03 4.225298024711026651e-16
6.837137357801980215e+03 4.176772916295119189e-16
6.841214759672139735e+03 4.181803295658936036e-16
6.845292161542290160e+03 4.177343990793058755e-16
6.849369563412449679e+03 4.208646783296056649e-16
6.853446965282610108e+03 4.209039371364050621e-16
6.857524367152759623e+03 4.251946049229081951e-16
6.861601769022920053e+03 4.205220074370839657e-16
6.865679170893069568e+03 4.127026164565453338e-16
6.869756572763229997e+03 4.123993295480305538e-16
6.873833974633390426e+03 4.083525127721236439e-16
6.877911376503539941e+03 4.063819418132474300e-16
6.881988778373700370e+03 4.100918879702652086e-16
6.886066180243859890e+03 4.040211164416380309e-16
6.890143582114010314e+03 3.920944298280817861e-16
6.894220983984169834e+03 3.966089360619043942e-16
6.898298385854320259e+03 4.014448344205281591e-16
6.902375787724479778e+03 3.946282486920399584e-16
6.906453189594640207e+03 3.943366308903394096e-16
6.910530591464789723e+03 4.056184564733004938e-16
6.914607993334950152e+03 4.030930311408590279e-16
6.918685395205109671e+03 4.040797225364871355e-16
6.922762797075260096e+03 4.085327247751543846e-16
6.926840198945419615e+03 3.983808375287569618e-16
6.930917600815570040e+03 4.062161659922588508e-16
6.934995002685729560e+03 4.203817287147295100e-16
6.939072404555889989e+03 4.226489338416268050e-16
6.943149806426040413e+03 4.183638673702707414e-16
6.947227208296199933e+03 4.196500580156895803e-16
6.951304610166360362e+03 4.222372984959234600e-16
6.955382012036509877e+03 4.219536986178685672e-16
6.959459413906670306e+03 4.284572669419477294e-16
6.963536815776819822e+03 4.353385217762066197e-16
6.967614217646980251e+03 4.407288523083835406e-16
6.971691619517139770e+03 4.421039021562746793e-16
6.975769021387290195e+03 4.353882355431708991e-16
6.979846423257449715e+03 4.418546530428799462e-16
6.983923825127610144e+03 4.456633531058988334e-16
6.988001226997759659e+03 4.438273742425592620e-16
6.992078628867920088e+03 4.392470101699209686e-16
6.996156030738069603e+03 4.425114276663538590e-16
7.000233432608230032e+03 4.518052469946033504e-16
7.004310834478389552e+03 4.500609708162373204e-16
7.008388236348539976e+03 4.494273212696091860e-16
7.012465638218700406e+03 4.516972821528606933e-16
7.016543040088849921e+03 4.528558382597591230e-16
7.020620441959010350e+03 4.474805587784681401e-16
7.024697843829169869e+03 4.531362497818672274e-16
7.028775245699320294e+03 4.577190293710600814e-16
7.032852647569479814e+03 4.509289927866897005e-16
7.036930049439640243e+03 4.397620012556483479e-16
7.041007451309789758e+03 4.388634829869795746e-16
7.045084853179950187e+03 4.448915784779641064e-16
7.049162255050099702e+03 4.438604973588358431e-16
7.053239656920260131e+03 4.454492931423042552e-16
7.057317058790419651e+03 4.403380039417346021e-16
7.061394460660570076e+03 4.298870446797789348e-16
7.065471862530729595e+03 4.402120110292491982e-16
7.069549264400890024e+03 4.517245835339069722e-16
7.073626666271040449e+03 4.452352903795250964e-16
7.077704068141199969e+03 4.328049058901438479e-16
7.081781470011350393e+03 4.338628448169826371e-16
7.085858871881509913e+03 4.346139127809899485e-16
7.089936273751670342e+03 4.380113484476509100e-16
7.094013675621819857e+03 4.404918789372756200e-16
7.098091077491980286e+03 4.337360365125498177e-16
7.102168479362139806e+03 4.239180813569697301e-16
7.106245881232290230e+03 4.232269969073944002e-16
7.110323283102449750e+03 4.285542415436754690e-16
7.114400684972600175e+03 4.345290139811127890e-16
7.118478086842759694e+03 4.334378067237756593e-16
7.122555488712920123e+03 4.270738203734333499e-16
7.126632890583069639e+03 4.258176510744240801e-16
7.130710292453230068e+03 4.325482358370695462e-16
7.134787694323379583e+03 4.305694728601397139e-16
7.138865096193540012e+03 4.319537726146783952e-16
7.142942498063700441e+03 4.312115257742800256e-16
7.147019899933849956e+03 4.286669430071663972e-16
7.151097301804010385e+03 4.316766393302149949e-16
7.155174703674169905e+03 4.394039802184895468e-16
7.159252105544320329e+03 4.457535866111615659e-16
7.163329507414479849e+03 4.426707389509263907e-16
7.167406909284630274e+03 4.272765742989107059e-16
7.171484311154789793e+03 4.271514209704908429e-16
7.175561713024950222e+03 4.321555706169688677e-16
7.179639114895099738e+03 4.361759192172641211e-16
7.183716516765260167e+03 4.407535409823198882e-16
7.187793918635419686e+03 4.365361479670311391e-16
7.191871320505570111e+03 4.402664155447056523e-16
7.195948722375729631e+03 4.472030825111875134e-16
7.200026124245880055e+03 4.474050073219660433e-16
7.204103526116039575e+03 4.524983801645158102e-16
7.208180927986200004e+03 4.509334630521416750e-16
7.212258329856350429e+03 4.402923787321677175e-16
7.216335731726509948e+03 4.406574316707724554e-16
7.220413133596670377e+03 4.445263404515651981e-16
7.224490535466819892e+03 4.409873639646171274e-16
7.228567937336980322e+03 4.321320864197450702e-16
7.232645339207129837e+03 4.266996209603678753e-16
7.236722741077290266e+03 4.381833770893670209e-16
7.240800142947449785e+03 4.306355896185853950e-16
7.244877544817600210e+03 4.181567433082704526e-16
7.248954946687759730e+03 4.325379215639791174e-16
7.253032348557910154e+03 4.289864654114658454e-16
7.257109750428069674e+03 4.251376959714142766e-16
7.261187152298230103e+03 4.396644169099497652e-16
7.265264554168379618e+03 4.430669897727539423e-16
7.269341956038540047e+03 4.284621447382015428e-16
7.273419357908699567e+03 4.260032023019748455e-16
7.277496759778849992e+03 4.330334900732419590e-16
7.281574161649010421e+03 4.231296608698526102e-16
7.285651563519159936e+03 4.265283476674609238e-16
7.289728965389320365e+03 4.211209297485580883e-16
7.293806367259479885e+03 4.197939729970316626e-16
7.297883769129630309e+03 4.308908723873640509e-16
7.301961170999789829e+03 4.343703340263874120e-16
7.306038572869950258e+03 4.287511147922467375e-16
7.310115974740099773e+03 4.300407048772302220e-16
7.314193376610260202e+03 4.262704669494230973e-16
7.318270778480409717e+03 4.222230295832625158e-16
7.322348180350570146e+03 4.188448336454552081e-16
7.326425582220729666e+03 4.100625037558068980e-16
7.330502984090880091e+03 4.120838682724343821e-16
7.334580385961039610e+03 4.133253306059364916e-16
7.338657787831200039e+03 4.233870041806411995e-16
7.342735189701349555e+03 4.220545851012964335e-16
7.346812591571509984e+03 4.127087190358768702e-16
7.350889993441660408e+03 4.072945249780244863e-16
7.354967395311819928e+03 4.162574531993606898e-16
7.359044797181980357e+03 4.180948668675872881e-16
7.363122199052129872e+03 4.051020062282009128e-16
7.367199600922290301e+03 4.003212940463541162e-16
7.371277002792439816e+03 3.931496701912433016e-16
7.375354404662600246e+03 4.032000241758983803e-16
7.379431806532759765e+03 4.159728378419927626e-16
7.383509208402910190e+03 4.048512307667369431e-16
7.387586610273069709e+03 4.046322298036140368e-16
7.391664012143230138e+03 4.045384690816577749e-16
7.395741414013379654e+03 4.057197945880073848e-16
7.399818815883540083e+03 4.055554567040739150e-16
7.403896217753699602e+03 3.995957616402879457e-16
7.407973619623850027e+03 3.950791598321885836e-16
7.412051021494009547e+03 3.966857253157568354e-16
7.416128423364159971e+03 3.948623431046715899e-16
7.420205825234320400e+03 3.905905607791119651e-16
7.424283227104479920e+03 3.922413816396793775e-16
7.428360628974630345e+03 3.992117381847925654e-16
7.432438030844789864e+03 4.034206278822743440e-16
7.436515432714950293e+03 3.872572978350367690e-16
7.440592834585099808e+03 3.772936055923031995e-16
7.444670236455260238e+03 3.748210886903915458e-16
7.448747638325409753e+03 3.773072867994345770e-16
7.452825040195570182e+03 3.783055915028762490e-16
7.456902442065729701e+03 3.710367829693164738e-16
7.460979843935880126e+03 3.717033414130773151e-16
7.465057245806039646e+03 3.791390301107752117e-16
7.469134647676200075e+03 3.826498776490992352e-16
7.473212049546349590e+03 3.779448855564387103e-16
7.477289451416510019e+03 3.764753044304120190e-16
7.481366853286660444e+03 3.797783813063502828e-16
7.485444255156819963e+03 3.746760610888297271e-16
7.489521657026980392e+03 3.712201834763286821e-16
7.493599058897129908e+03 3.750708366375546384e-16
7.497676460767290337e+03 3.661168179732925837e-16
7.501753862637439852e+03 3.627600195863603881e-16
7.505831264507600281e+03 3.701659724579890087e-16
7.509908666377759801e+03 3.669580099199314705e-16
7.513986068247910225e+03 3.665957888778240629e-16
7.518063470118069745e+03 3.622709806266749871e-16
7.522140871988230174e+03 3.625526244189631840e-16
7.526218273858379689e+03 3.672216201253384938e-16
7.530295675728540118e+03 3.672204274399720251e-16
7.534373077598689633e+03 3.639635102693377326e-16
7.538450479468850062e+03 3.596005647824752170e-16
7.542527881339009582e+03 3.657531390589515104e-16
7.546605283209160007e+03 3.744639547072218210e-16
7.550682685079320436e+03 3.647133468456576312e-16
7.554760086949479955e+03 3.623484656142809494e-16
7.558837488819630380e+03 3.636665408687429648e-16
7.562914890689789900e+03 3.549348925963373578e-16
7.566992292559940324e+03 3.515516948106903962e-16
7.571069694430099844e+03 3.528314195509470404e-16
7.575147096300260273e+03 3.547583155226656872e-16
7.579224498170409788e+03 3.572407807678394586e-16
7.583301900040570217e+03 3.627583427348339365e-16
7.587379301910719732e+03 3.573920946774835303e-16
7.591456703780880162e+03 3.428832649267329816e-16
7.595534105651039681e+03 3.474891301480533763e-16
7.599611507521190106e+03 3.528506500756319760e-16
7.603688909391349625e+03 3.410231265566288009e-16
7.607766311261510054e+03 3.387430169779074545e-16
7.611843713131659570e+03 3.457373037796009362e-16
7.615921115001819999e+03 3.390882643651637138e-16
7.619998516871970423e+03 3.405565199171090021e-16
7.624075918742129943e+03 3.278085401380817321e-16
7.628153320612290372e+03 3.290734238435757313e-16
7.632230722482439887e+03 3.457940845711569186e-16
7.636308124352600316e+03 3.400755907736330807e-16
7.640385526222759836e+03 3.325244647860084261e-16
7.644462928092910261e+03 3.327993765001739911e-16
7.648540329963069780e+03 3.415151442839399244e-16
7.652617731833220205e+03 3.281669824461119914e-16
7.656695133703379724e+03 3.298818756532911707e-16
7.660772535573540154e+03 3.412385559000099405e-16
7.664849937443689669e+03 3.383020323169248823e-16
7.668927339313850098e+03 3.355597358675305737e-16
7.673004741183999613e+03 3.388366480639217164e-16
7.677082143054160042e+03 3.244667261530710065e-16
7.681159544924319562e+03 3.302360169435072401e-16
7.685236946794469986e+03 3.361839436152614745e-16
7.689314348664630415e+03 3.307730382798443179e-16
7.693391750534789935e+03 3.297244865244819750e-16
7.697469152404940360e+03 3.313649805650502345e-16
7.701546554275099879e+03 3.331461757575504226e-16
7.705623956145250304e+03 3.308156453461304367e-16
7.709701358015409824e+03 3.245590261919742220e-16
7.713778759885570253e+03 3.188410400740442893e-16
7.717856161755719768e+03 3.184664087423757399e-16
7.721933563625880197e+03 3.240788429096184841e-16
7.726010965496039717e+03 3.290396058495725677e-16
7.730088367366190141e+03 3.249247007095435584e-16
7.734165769236349661e+03 3.183477795388833302e-16
7.738243171106500085e+03 3.179579337651146448e-16
7.742320572976659605e+03 3.205008180645382313e-16
7.746397974846820034e+03 3.210444221343319375e-16
7.750475376716969549e+03 3.154675901902385568e-16
7.754552778587129978e+03 3.132811492369330956e-16
7.758630180457290408e+03 3.150792150061004364e-16
7.762707582327439923e+03 3.117294753704044462e-16
7.766784984197600352e+03 3.027776533328057727e-16
7.770862386067749867e+03 3.159139923091432991e-16
7.774939787937910296e+03 3.140354810049417857e-16
7.779017189808069816e+03 3.147821361280094838e-16
7.783094591678220240e+03 3.174805031145366888e-16
7.787171993548379760e+03 3.192428935778367363e-16
7.791249395418540189e+03 3.185174653416222396e-16
7.795326797288689704e+03 3.218518729200757308e-16
7.799404199158850133e+03 3.215745513964731647e-16
7.803481601028999648e+03 3.120229523174108472e-16
7.807559002899160078e+03 3.137852321667609330e-16
7.811636404769319597e+03 3.134026702551981663e-16
7.815713806639470022e+03 3.055494531754569289e-16
7.819791208509630451e+03 3.070657985306986851e-16
7.823868610379789970e+03 3.078773351777791452e-16
7.827946012249940395e+03 3.108877725452120499e-16
7.832023414120099915e+03 3.038000754653054265e-16
7.836100815990250339e+03 3.034746785326729370e-16
7.840178217860409859e+03 3.077968041707099000e-16
7.844255619730570288e+03 3.097345107339153454e-16
7.848333021600719803e+03 3.196930302848686389e-16
7.852410423470880232e+03 3.216357874159563422e-16
7.856487825341029748e+03 3.123689302683373289e-16
7.860565227211190177e+03 3.179582467677801100e-16
7.864642629081349696e+03 3.206269616038626400e-16
7.868720030951500121e+03 3.114444863792676971e-16
7.872797432821659640e+03 3.110323486962985094e-16
7.876874834691820070e+03 3.078630440551172296e-16
7.880952236561969585e+03 3.117548160907780483e-16
7.885029638432130014e+03 3.153455682934952125e-16
7.889107040302280438e+03 3.185716109185888086e-16
7.893184442172439958e+03 3.232217092635783198e-16
7.897261844042600387e+03 3.195120707782171119e-16
7.901339245912749902e+03 3.225263110152587200e-16
7.905416647782910331e+03 3.310192165522622084e-16
7.909494049653069851e+03 3.378363647247696318e-16
7.913571451523220276e+03 3.269304916717707246e-16
7.917648853393379795e+03 3.276061195940664477e-16
7.921726255263530220e+03 3.220506923484979325e-16
7.925803657133689740e+03 3.169236706575653716e-16
7.929881059003850169e+03 3.157999450961977753e-16
7.933958460873999684e+03 3.165128174584637373e-16
7.938035862744160113e+03 3.241015039872507615e-16
7.942113264614319633e+03 3.285900646200485163e-16
7.946190666484470057e+03 3.262040513631455956e-16
7.950268068354629577e+03 3.289911379340355000e-16
7.954345470224780001e+03 3.265416308858499034e-16
7.958422872094940431e+03 3.186429743153515584e-16
7.962500273965099950e+03 3.277093514487221703e-16
7.966577675835250375e+03 3.298334406866251720e-16
7.970655077705409894e+03 3.245289187395865601e-16
7.974732479575560319e+03 3.357564266870474397e-16
7.978809881445719839e+03 3.403003567635754310e-16
7.982887283315880268e+03 3.357816138089250112e-16
7.986964685186029783e+03 3.389283750218473192e-16
7.991042087056190212e+03 3.404319639362806116e-16
7.995119488926349732e+03 3.403314991120220021e-16
7.999196890796500156e+03 3.418450116690893907e-16
8.003274292666659676e+03 3.450025549275608937e-16
8.007351694536810101e+03 3.482318737434426414e-16
8.011429096406969620e+03 3.442664715803856120e-16
8.015506498277130049e+03 3.386101520245286498e-16
8.019583900147279564e+03 3.345029907250949770e-16
8.023661302017439994e+03 3.373940345271486965e-16
8.027738703887600423e+03 3.407646934578197083e-16
8.031816105757749938e+03 3.433395539545735288e-16
8.035893507627910367e+03 3.395385583718657417e-16
8.039970909498059882e+03 3.406307451883875170e-16
8.044048311368220311e+03 3.455516866337594881e-16
8.048125713238379831e+03 3.445795333154395082e-16
8.052203115108530255e+03 3.441071584084808674e-16
8.056280516978689775e+03 3.450062126661600906e-16
8.060357918848850204e+03 3.457050532071378285e-16
8.064435320718999719e+03 3.406850061693221913e-16
8.068512722589160148e+03 3.447459315373099199e-16
8.072590124459309664e+03 3.428015819128200922e-16
8.076667526329470093e+03 3.382329528905508707e-16
8.080744928199629612e+03 3.385224055845827482e-16
8.084822330069780037e+03 3.378077347989131669e-16
8.088899731939939556e+03 3.400968456839048555e-16
8.092977133810099986e+03 3.282762465859142959e-16
8.097054535680250410e+03 3.229855480279567092e-16
8.101131937550409930e+03 3.263459096858441954e-16
8.105209339420560354e+03 3.294756378064449777e-16
8.109286741290719874e+03 3.382920056993319023e-16
8.113364143160880303e+03 3.407152065004183407e-16
8.117441545031029818e+03 3.434643289959901741e-16
8.121518946901190247e+03 3.427781388309051903e-16
8.125596348771339763e+03 3.273504482045956241e-16
8.129673750641500192e+03 3.187901659145129571e-16
8.133751152511659711e+03 3.170113971659246965e-16
8.137828554381810136e+03 3.173038516979597389e-16
8.141905956251969656e+03 3.254403520753628352e-16
8.145983358122130085e+03 3.293146897221816429e-16
8.150060759992279600e+03 3.216844103211724189e-16
8.154138161862440029e+03 3.192627744270821535e-16
8.158215563732590454e+03 3.154246120536738038e-16
8.162292965602749973e+03 3.247572397478466559e-16
8.166370367472910402e+03 3.184295796171180826e-16
8.170447769343059917e+03 3.147355904585250242e-16
8.174525171213220347e+03 3.153751150649982939e-16
8.178602573083379866e+03 3.179674716669687308e-16
8.182679974953530291e+03 3.229060291951398912e-16
8.186757376823689810e+03 3.194848647355045314e-16
8.190834778693840235e+03 3.162302101533025196e-16
8.194912180564000664e+03 3.094570260847009978e-16
8.198989582434160184e+03 3.094950153732642401e-16
8.203066984304310608e+03 3.112079192519963331e-16
8.207144386174470128e+03 3.132651694582745162e-16
8.211221788044629648e+03 3.065628769486909686e-16
8.215299189914780072e+03 3.083898626307084766e-16
8.219376591784939592e+03 2.923842798456254415e-16
8.223453993655090017e+03 2.848062247508945156e-16
8.227531395525249536e+03 2.878632540974858958e-16
8.231608797395410875e+03 2.853817580609947782e-16
8.235686199265559480e+03 2.994007179540442894e-16
8.239763601135720819e+03 3.128027556647640342e-16
8.243841003005869425e+03 3.039081880355613890e-16
8.247918404876030763e+03 2.887432850503850236e-16
8.251995806746190283e+03 2.788139501352705324e-16
8.256073208616340708e+03 2.814752782980859459e-16
8.260150610486500227e+03 2.876651636948427286e-16
8.264228012356659747e+03 2.863986757677363653e-16
8.268305414226810171e+03 2.809568995754262846e-16
8.272382816096969691e+03 2.663290747679473939e-16
8.276460217967120116e+03 2.698860001552962561e-16
8.280537619837279635e+03 2.778884978471547972e-16
8.284615021707430060e+03 2.748170503876416984e-16
8.288692423577589580e+03 2.762642827234865570e-16
8.292769825447749099e+03 2.721516058301540775e-16
8.296847227317910438e+03 2.631454262711690148e-16
8.300924629188060862e+03 2.558309154130538717e-16
8.305002031058220382e+03 2.525355777209589190e-16
8.309079432928370807e+03 2.622366219383072849e-16
8.313156834798530326e+03 2.608860359516849112e-16
8.317234236668689846e+03 2.489855793599193818e-16
8.321311638538840270e+03 2.528360272675267418e-16
8.325389040408999790e+03 2.599997946945147701e-16
8.329466442279150215e+03 2.605130748989259693e-16
8.333543844149309734e+03 2.471157710527866298e-16
8.337621246019469254e+03 2.395016847342899426e-16
8.341698647889630593e+03 2.441490118950694731e-16
8.345776049759779198e+03 2.377407657792172818e-16
8.349853451629940537e+03 2.351175197444852069e-16
8.353930853500089142e+03 2.395513036455734820e-16
8.358008255370250481e+03 2.414480458771391892e-16
8.362085657240410001e+03 2.326789326847501011e-16
8.366163059110560425e+03 2.259404953259151603e-16
8.370240460980719945e+03 2.311757475126236165e-16
8.374317862850870370e+03 2.215483876041703795e-16
8.378395264721029889e+03 2.103419178669016792e-16
8.382472666591189409e+03 2.138707657606499550e-16
8.386550068461339833e+03 2.171147202356648047e-16
8.390627470331499353e+03 2.210929620566613234e-16
8.394704872201649778e+03 2.155065629307984470e-16
8.398782274071809297e+03 2.202186174787520161e-16
8.402859675941970636e+03 2.285582097356600936e-16
8.406937077812119242e+03 2.238180596421930662e-16
8.411014479682280580e+03 2.289012506345008964e-16
8.415091881552440100e+03 2.268946737620188595e-16
8.419169283422590524e+03 2.273436683275236119e-16
8.423246685292750044e+03 2.151708740593023466e-16
8.427324087162909564e+03 2.204883844252939053e-16
8.431401489033059988e+03 2.165274267456309875e-16
8.435478890903219508e+03 2.099938721343733285e-16
8.439556292773369933e+03 2.142156158479293886e-16
8.443633694643529452e+03 2.169079916034955729e-16
8.447711096513690791e+03 2.214397931545270073e-16
8.451788498383839396e+03 2.343269370976198634e-16
8.455865900254000735e+03 2.372969576031109597e-16
8.459943302124149341e+03 2.343484124119146491e-16
8.464020703994310679e+03 2.333978947115127687e-16
8.468098105864470199e+03 2.321896189858289340e-16
8.472175507734620624e+03 2.315564378828292771e-16
8.476252909604780143e+03 2.322730076104045610e-16
8.480330311474939663e+03 2.337008373641235193e-16
8.484407713345090087e+03 2.360850421763147035e-16
8.488485115215249607e+03 2.383449227914963760e-16
8.492562517085400032e+03 2.389360731848253971e-16
8.496639918955559551e+03 2.436401409635493459e-16
8.500717320825720890e+03 2.527032454541758210e-16
8.504794722695869496e+03 2.565473043726262089e-16
8.508872124566030834e+03 2.534814144860254876e-16
8.512949526436179440e+03 2.448511111183630489e-16
8.517026928306340778e+03 2.354892640265221653e-16
8.521104330176500298e+03 2.412796596363756111e-16
8.525181732046650723e+03 2.508801592376915780e-16
8.529259133916810242e+03 2.460671578011074107e-16
8.533336535786969762e+03 2.471190603013983425e-16
8.537413937657120186e+03 2.502448666014995192e-16
8.541491339527279706e+03 2.542847638135441683e-16
8.545568741397439226e+03 2.609545794586191515e-16
8.549646143267589650e+03 2.609498724194273282e-16
8.553723545137749170e+03 2.540407434707922441e-16
8.557800947007899595e+03 2.546986375769047440e-16
8.561878348878059114e+03 2.515470513973197776e-16
8.565955750748220453e+03 2.577984598511117234e-16
8.570033152618370877e+03 2.578374275921556525e-16
8.574110554488530397e+03 2.562911229940194722e-16
8.578187956358680822e+03 2.566220698952083966e-16
8.582265358228840341e+03 2.544813606918955498e-16
8.586342760098999861e+03 2.578393052476419683e-16
8.590420161969150286e+03 2.686831805847240939e-16
8.594497563839309805e+03 2.612062070776611285e-16
8.598574965709469325e+03 2.505309368277419359e-16
8.602652367579619749e+03 2.571937573011609608e-16
8.606729769449779269e+03 2.582864721796369761e-16
8.610807171319940608e+03 2.636474913807883681e-16
8.614884573190089213e+03 2.685269875462754160e-16
8.618961975060250552e+03 2.714190257381239935e-16
8.623039376930399158e+03 2.699462537503843848e-16
8.627116778800560496e+03 2.751981608229014375e-16
8.631194180670709102e+03 2.786365836702510942e-16
8.635271582540870440e+03 2.714608197026977285e-16
8.639348984411029960e+03 2.733775631706693882e-16
8.643426386281180385e+03 2.727947403173445681e-16
8.647503788151339904e+03 2.668479492910400171e-16
8.651581190021499424e+03 2.654478189707495134e-16
8.655658591891649849e+03 2.689625669163595508e-16
8.659735993761809368e+03 2.704904108872511463e-16
8.663813395631970707e+03 2.652297950354993916e-16
8.667890797502119312e+03 2.744795008196777726e-16
8.671968199372280651e+03 2.830311544170562212e-16
8.676045601242429257e+03 2.781013725121325054e-16
8.680123003112590595e+03 2.717468064680716350e-16
8.684200404982750115e+03 2.655507239827589950e-16
8.688277806852900540e+03 2.675385675500118253e-16
8.692355208723060059e+03 2.726381704581320681e-16
8.696432610593219579e+03 2.771724116171665669e-16
8.700510012463370003e+03 2.686983580386279721e-16
8.704587414333529523e+03 2.706279693056238667e-16
8.708664816203679948e+03 2.705159066904848458e-16
8.712742218073839467e+03 2.762053676814698106e-16
8.716819619944000806e+03 2.738083384029578610e-16
8.720897021814149412e+03 2.755030307055217311e-16
8.724974423684310750e+03 2.788921842352282768e-16
8.729051825554459356e+03 2.685484160894872516e-16
8.733129227424620694e+03 2.667456086683210436e-16
8.737206629294780214e+03 2.688215578979168860e-16
8.741284031164930639e+03 2.629003137389626378e-16
8.745361433035090158e+03 2.642339110456048004e-16
8.749438834905249678e+03 2.756184655272224756e-16
8.753516236775400102e+03 2.719149974614761279e-16
8.757593638645559622e+03 2.652142032355578273e-16
8.761671040515710047e+03 2.749935759057579180e-16
8.765748442385869566e+03 2.776458209410485906e-16
8.769825844256030905e+03 2.719903121832031250e-16
8.773903246126179511e+03 2.659916287378964695e-16
8.777980647996340849e+03 2.516135788822715687e-16
8.782058049866500369e+03 2.498216687582065496e-16
8.786135451736650793e+03 2.624978724542637815e-16
8.790212853606810313e+03 2.648077639651092206e-16
8.794290255476960738e+03 2.595486348437187131e-16
8.798367657347120257e+03 2.590805528469891076e-16
8.802445059217279777e+03 2.631411101748925527e-16
8.806522461087430202e+03 2.632119007392764066e-16
8.810599862957589721e+03 2.614516639525734502e-16
8.814677264827749241e+03 2.692621322459274482e-16
8.818754666697899665e+03 2.627356860893432438e-16
8.822832068568059185e+03 2.484388569365414144e-16
8.826909470438209610e+03 2.457021829337808859e-16
8.830986872308369129e+03 2.419778091408652348e-16
8.835064274178530468e+03 2.434672435444123398e-16
8.839141676048680893e+03 2.409728259863311141e-16
8.843219077918840412e+03 2.466387985639370676e-16
8.847296479788990837e+03 2.576236721853351811e-16
8.851373881659150356e+03 2.536497348472899771e-16
8.855451283529309876e+03 2.454631520471309517e-16
8.859528685399460301e+03 2.547217122093490932e-16
8.863606087269619820e+03 2.517206490067785709e-16
8.867683489139779340e+03 2.360600769603993896e-16
8.871760891009929765e+03 2.449196546280004690e-16
8.875838292880089284e+03 2.596523367467093378e-16
8.879915694750250623e+03 2.580898831324327365e-16
8.883993096620399228e+03 2.514728616596511782e-16
8.888070498490560567e+03 2.485257929408233976e-16
8.892147900360709173e+03 2.493760671337301457e-16
8.896225302230870511e+03 2.447044478758096378e-16
8.900302704101030031e+03 2.436758191300278848e-16
8.904380105971180456e+03 2.469495751228666904e-16
8.908457507841339975e+03 2.336613519271376292e-16
8.912534909711490400e+03 2.231548859364142268e-16
8.916612311581649919e+03 2.270499697784797394e-16
8.920689713451809439e+03 2.272339589480577038e-16
8.924767115321959864e+03 2.185391574345146112e-16
8.928844517192119383e+03 2.257194461405335180e-16
8.932921919062280722e+03 2.341198729719405422e-16
8.936999320932429328e+03 2.372941398404130448e-16
8.941076722802590666e+03 2.318868423485355841e-16
8.945154124672739272e+03 2.238831031079033969e-16
8.949231526542900610e+03 2.242760506601597169e-16
8.953308928413060130e+03 2.250267901590765293e-16
8.957386330283210555e+03 2.363177945168265066e-16
8.961463732153370074e+03 2.338208404760063298e-16
8.965541134023529594e+03 2.269050124142083531e-16
8.969618535893680018e+03 2.373266258511568753e-16
8.973695937763839538e+03 2.331357550891767839e-16
8.977773339633989963e+03 2.216405088181859521e-16
8.981850741504149482e+03 2.195258288451169788e-16
8.985928143374310821e+03 2.170624775882362552e-16
8.990005545244459427e+03 2.265828878211243190e-16
8.994082947114620765e+03 2.310734003067766218e-16
8.998160348984769371e+03 2.338014029968643041e-16
9.002237750854930709e+03 2.339858118004884849e-16
9.006315152725090229e+03 2.281855480716674109e-16
9.010392554595240654e+03 2.332548070341921958e-16
9.014469956465400173e+03 2.328034416432825396e-16
9.018547358335559693e+03 2.297186019518523270e-16
9.022624760205710118e+03 2.309289697262458653e-16
9.026702162075869637e+03 2.296924463353297967e-16
9.030779563946020062e+03 2.239237416639468367e-16
9.034856965816179581e+03 2.136671252208170857e-16
9.038934367686339101e+03 2.153555983819703962e-16
9.043011769556489526e+03 2.141191337254883163e-16
9.047089171426650864e+03 2.129270826094100264e-16
9.051166573296810384e+03 2.144725897786517824e-16
9.055243975166960809e+03 2.266199552291178762e-16
9.059321377037120328e+03 2.315670416538107229e-16
9.063398778907270753e+03 2.246278706447916350e-16
9.067476180777430272e+03 2.131794665003790697e-16
9.071553582647589792e+03 2.207639632284740598e-16
9.075630984517740217e+03 2.192708948392782167e-16
9.079708386387899736e+03 2.268883022669510479e-16
9.083785788258050161e+03 2.288396090739309972e-16
9.087863190128209681e+03 2.249869353414908287e-16
9.091940591998369200e+03 2.240688422055730221e-16
9.096017993868519625e+03 2.174053247690754606e-16
9.100095395738679144e+03 2.170829524306283659e-16
9.104172797608840483e+03 2.177305966898702765e-16
9.108250199478990908e+03 2.157888832852600569e-16
9.112327601349150427e+03 2.180831323775430891e-16
9.116405003219300852e+03 2.229718317670710760e-16
9.120482405089460372e+03 2.208494704627297597e-16
9.124559806959619891e+03 2.243372772474447119e-16
9.128637208829770316e+03 2.295134231398346585e-16
9.132714610699929835e+03 2.224171006924032858e-16
9.136792012570089355e+03 2.267045267495458126e-16
9.140869414440239780e+03 2.336905222255858708e-16
9.144946816310399299e+03 2.483078632119387097e-16
9.149024218180549724e+03 2.405807391346468730e-16
9.153101620050709244e+03 2.141774132960285535e-16
9.157179021920870582e+03 2.155905797049340605e-16
9.161256423791019188e+03 2.188875973400788945e-16
9.165333825661180526e+03 2.271734292518808272e-16
9.169411227531329132e+03 2.271529007257070911e-16
9.173488629401490471e+03 2.151920414943107690e-16
9.177566031271649990e+03 2.155689722515881525e-16
9.181643433141800415e+03 2.161000725740168592e-16
9.185720835011959934e+03 2.251544744848200415e-16
9.189798236882119454e+03 2.191698396292280765e-16
9.193875638752269879e+03 2.128633913635489616e-16
9.197953040622429398e+03 2.156965022437666362e-16
9.202030442492590737e+03 2.067882026364382335e-16
9.206107844362739343e+03 2.068887212691029855e-16
9.210185246232900681e+03 2.095578545709325523e-16
9.214262648103049287e+03 2.168540232288506824e-16
9.218340049973210625e+03 2.209507564160005997e-16
9.222417451843370145e+03 2.138730848913557333e-16
9.226494853713520570e+03 2.145628046684310060e-16
9.230572255583680089e+03 2.218210420963856366e-16
9.234649657453830514e+03 2.231241368759980663e-16
9.238727059323990034e+03 2.186611684186273399e-16
9.242804461194149553e+03 2.182827284497559608e-16
9.246881863064299978e+03 2.231703482967305048e-16
9.250959264934459497e+03 2.205524426785522401e-16
9.255036666804620836e+03 2.183581683806642202e-16
9.259114068674769442e+03 2.123032289266933096e-16
9.263191470544930780e+03 2.124191975733366808e-16
9.267268872415079386e+03 2.171240752141913620e-16
9.271346274285240725e+03 2.101649023357898039e-16
9.275423676155400244e+03 2.057545708646136216e-16
9.279501078025550669e+03 2.068526064650944114e-16
9.283578479895710188e+03 1.997139968920071659e-16
9.287655881765869708e+03 2.000309922944424089e-16
9.291733283636020133e+03 2.033707567306811279e-16
9.295810685506179652e+03 1.997681234143307436e-16
9.299888087376339172e+03 2.057034191478006345e-16
9.303965489246489597e+03 2.064012488058950927e-16
9.308042891116649116e+03 2.075991053555133305e-16
9.312120292986799541e+03 2.062410326439590403e-16
9.316197694856960879e+03 1.972874127109104132e-16
9.320275096727120399e+03 1.848086915353510101e-16
9.324352498597270824e+03 2.060262125093150014e-16
9.328429900467430343e+03 2.225824785454238705e-16
9.332507302337580768e+03 2.032149603776959242e-16
9.336584704207740288e+03 1.993969885077864917e-16
9.340662106077899807e+03 2.091593990797856093e-16
9.344739507948050232e+03 2.283842958001659143e-16
9.348816909818209751e+03 2.146553732417878407e-16
9.352894311688369271e+03 2.101909062704085507e-16
9.356971713558519696e+03 2.272493118480872908e-16
9.361049115428679215e+03 2.236127076184374114e-16
9.365126517298840554e+03 2.321120667206618404e-16
9.369203919168989160e+03 2.293453516768456033e-16
9.373281321039150498e+03 2.226291861064866566e-16
9.377358722909299104e+03 2.256993781750511170e-16
9.381436124779460442e+03 2.318049157840292233e-16
9.385513526649610867e+03 2.287723041856728376e-16
9.389590928519770387e+03 2.104462868902398815e-16
9.393668330389929906e+03 1.974393752646316724e-16
9.397745732260080331e+03 1.962278661110950301e-16
9.401823134130239850e+03 1.997295042463301390e-16
9.405900536000399370e+03 1.824705084746868459e-16
9.409977937870549795e+03 1.814256431394435178e-16
9.414055339740709314e+03 2.045625318877597045e-16
9.418132741610870653e+03 2.108035719544409965e-16
9.422210143481019259e+03 2.183616924757725811e-16
9.426287545351180597e+03 2.049548215175842342e-16
9.430364947221329203e+03 1.868601244339059404e-16
9.434442349091490541e+03 1.998781759390672830e-16
9.438519750961639147e+03 2.157378259287932959e-16
9.442597152831800486e+03 2.155917074303789644e-16
9.446674554701960005e+03 2.309957247464365745e-16
9.450751956572110430e+03 2.228223435254295051e-16
9.454829358442269950e+03 2.290669541145904074e-16
9.458906760312429469e+03 2.317426376859892063e-16
9.462984162182579894e+03 2.277226800294002456e-16
9.467061564052739413e+03 2.392767888143332352e-16
9.471138965922900752e+03 2.096452548708609367e-16
9.475216367793049358e+03 1.961700250740015733e-16
9.479293769663210696e+03 2.160746082793163414e-16
9.483371171533359302e+03 2.254896287307871542e-16
9.487448573403520641e+03 2.183558374180076191e-16
9.491525975273680160e+03 2.034289826473880056e-16
9.495603377143830585e+03 1.866997236341053206e-16
9.499680779013990104e+03 1.877610845773864019e-16
9.503758180884140529e+03 1.902521065607633725e-16
9.507835582754300049e+03 1.968818620982357948e-16
9.511912984624459568e+03 1.884149504249362560e-16
9.515990386494609993e+03 1.850436344259971031e-16
9.520067788364769513e+03 1.997334635700266707e-16
9.524145190234930851e+03 1.996593052650035487e-16
9.528222592105079457e+03 2.032276025558337642e-16
9.532299993975240795e+03 2.099693422739477987e-16
9.536377395845400315e+03 2.095548900565223082e-16
9.540454797715550740e+03 2.011929866828221939e-16
9.544532199585710259e+03 1.796681712589291932e-16
9.548609601455860684e+03 1.787025338131299371e-16
9.552687003326020204e+03 1.950486054495516783e-16
9.556764405196179723e+03 1.870419733129606237e-16
9.560841807066330148e+03 1.856116190870341185e-16
9.564919208936489667e+03 2.095531352059500127e-16
9.568996610806640092e+03 2.044083021451381323e-16
9.573074012676799612e+03 2.177429799559395497e-16
9.577151414546959131e+03 2.071079047454391311e-16
9.581228816417109556e+03 1.990744964032026574e-16
9.585306218287270895e+03 1.710362702278108224e-16
9.589383620157430414e+03 1.864402809757715888e-16
9.593461022027580839e+03 2.138494604195096598e-16
9.597538423897740358e+03 2.024715486253758840e-16
9.601615825767890783e+03 1.944031266736372069e-16
9.605693227638050303e+03 2.014516199410079253e-16
9.609770629508209822e+03 2.029142142352967601e-16
9.613848031378360247e+03 1.887396991266707937e-16
9.617925433248519766e+03 1.833631340765998418e-16
9.622002835118679286e+03 1.871488942093015131e-16
9.626080236988829711e+03 1.884242281328535205e-16
9.630157638858989230e+03 1.971391420352391624e-16
9.634235040729150569e+03 1.985799873282688184e-16
9.638312442599299175e+03 1.849198983742100089e-16
9.642389844469460513e+03 1.822626148631343339e-16
9.646467246339609119e+03 1.930731844956926549e-16
9.650544648209770457e+03 2.007762219118068155e-16
9.654622050079929977e+03 1.813251175566476545e-16
9.658699451950080402e+03 1.826071349772871378e-16
9.662776853820239921e+03 1.930538072804698028e-16
9.666854255690390346e+03 1.839295499684621250e-16
9.670931657560549866e+03 1.979165674634228580e-16
9.675009059430709385e+03 2.044867562257234594e-16
9.679086461300859810e+03 1.809820500267935966e-16
9.683163863171019329e+03 1.793474474607401790e-16
9.687241265041180668e+03 1.916531572830719450e-16
9.691318666911329274e+03 1.732590408298901076e-16
9.695396068781490612e+03 1.659361397880750030e-16
9.699473470651639218e+03 1.895048734436433361e-16
9.703550872521800557e+03 1.989921030766182201e-16
9.707628274391960076e+03 2.113476579726830883e-16
9.711705676262110501e+03 2.134999224405286957e-16
9.715783078132270020e+03 2.017708834346993827e-16
9.719860480002429540e+03 1.984982235583066722e-16
9.723937881872579965e+03 1.862562013101214679e-16
9.728015283742739484e+03 1.806042777108239743e-16
9.732092685612889909e+03 1.862303875792604298e-16
9.736170087483049429e+03 1.730805101554775336e-16
9.740247489353210767e+03 1.694181765754689302e-16
9.744324891223359373e+03 1.860471738111600181e-16
9.748402293093520711e+03 1.939198233193255656e-16
9.752479694963669317e+03 1.892149395967608997e-16
9.756557096833830656e+03 1.822732120165590090e-16
9.760634498703990175e+03 1.832854702644558253e-16
9.764711900574149695e+03 1.812248509720284207e-16
9.768789302444300120e+03 1.736108942886395378e-16
9.772866704314459639e+03 1.744406296665487819e-16
9.776944106184610064e+03 1.788507371793830676e-16
9.781021508054769583e+03 1.798414859701744789e-16
9.785098909924920008e+03 1.679374607471590181e-16
9.789176311795079528e+03 1.627223053146069622e-16
9.793253713665240866e+03 1.715073158310188799e-16
9.797331115535389472e+03 1.832769780293969056e-16
9.801408517405550811e+03 1.800676445839679871e-16
9.805485919275710330e+03 1.667909639773664945e-16
9.809563321145860755e+03 1.702718057275886728e-16
9.813640723016020274e+03 1.738457654904545000e-16
9.817718124886170699e+03 1.774054949333343313e-16
9.821795526756330219e+03 1.695466613506543114e-16
9.825872928626489738e+03 1.601663204906253044e-16
9.829950330496640163e+03 1.705092147367456302e-16
9.834027732366799682e+03 1.601952433773952710e-16
9.838105134236950107e+03 1.603519777609669921e-16
9.842182536107109627e+03 1.792298692369733568e-16
9.846259937977269146e+03 1.780849146243632011e-16
9.850337339847419571e+03 1.644970896663724483e-16
9.854414741717579091e+03 1.603694072818800227e-16
9.858492143587740429e+03 1.624106093863143106e-16
9.862569545457890854e+03 1.595156229621310388e-16
9.866646947328050373e+03 1.460143323641047206e-16
9.870724349198200798e+03 1.443862522942381803e-16
9.874801751068360318e+03 1.452352701509611392e-16
9.878879152938519837e+03 1.384468476016351007e-16
9.882956554808670262e+03 1.500458061570919398e-16
9.887033956678829782e+03 1.395568929967398312e-16
9.891111358548989301e+03 1.415654606490825969e-16
9.895188760419139726e+03 1.578721148011332474e-16
9.899266162289299245e+03 1.625194229762485730e-16
9.903343564159460584e+03 1.788000028464813085e-16
9.907420966029609190e+03 1.849395165277491407e-16
9.911498367899770528e+03 1.491351444011112025e-16
9.915575769769919134e+03 1.437010318526761580e-16
9.919653171640080473e+03 1.873815402525902973e-16
9.923730573510239992e+03 1.993265392706306292e-16
9.927807975380390417e+03 1.742819811544842356e-16
9.931885377250549936e+03 1.573546297066778127e-16
9.935962779120700361e+03 1.571609219642488686e-16
9.940040180990859881e+03 1.678672785001250307e-16
9.944117582861019400e+03 1.664714260548736387e-16
9.948194984731169825e+03 1.591263031460979708e-16
9.952272386601329345e+03 1.813913403551781198e-16
9.956349788471490683e+03 1.786340837345178750e-16
9.960427190341639289e+03 1.418001970558738205e-16
9.964504592211800627e+03 1.735246445187245744e-16
9.968581994081949233e+03 1.825103427346608205e-16
9.972659395952110572e+03 1.318083670443056620e-16
9.976736797822270091e+03 1.449115178912695559e-16
9.980814199692420516e+03 1.717736456045268782e-16
9.984891601562580036e+03 1.768383730582773579e-16
