3.640974609375000455e+03 3.554341158744479503e-17
3.646488815759060344e+03 3.527491767114342279e-17
3.652003022143119779e+03 3.005784146527841763e-17
3.657517228527179668e+03 3.996480586537999166e-17
3.663031434911250017e+03 3.443303796241226775e-17
3.668545641295309906e+03 2.210876192671061322e-17
3.674059847679369796e+03 2.534028658589429261e-17
3.679574054063430140e+03 3.283940224235822928e-17
3.685088260447490029e+03 3.265417792470899657e-17
3.690602466831549918e+03 3.750762108785885600e-17
3.696116673215609808e+03 4.071007358658826357e-17
3.701630879599670152e+03 3.568753056564377711e-17
3.707145085983730041e+03 2.173147844574243427e-17
3.712659292367789931e+03 3.116475916130329114e-17
3.718173498751849820e+03 3.778253590847248894e-17
3.723687705135910164e+03 2.541984996541567345e-17
3.729201911519970054e+03 3.986824201057310246e-17
3.734716117904039947e+03 2.953379170673213928e-17
3.740230324288099837e+03 3.760920037167127176e-17
3.745744530672160181e+03 3.067533607863583341e-17
3.751258737056220070e+03 2.781944876153367851e-17
3.756772943440279960e+03 3.746962512186116945e-17
3.762287149824339849e+03 3.337483057496310095e-17
3.767801356208400193e+03 2.804994671183736420e-17
3.773315562592460083e+03 3.589826522276447083e-17
3.778829768976519972e+03 3.528564164026463064e-17
3.784343975360579861e+03 3.416167533623825793e-17
3.789858181744640206e+03 3.636741480545951438e-17
3.795372388128700095e+03 4.316356177152183748e-17
3.800886594512759984e+03 4.174269362222039389e-17
3.806400800896829878e+03 3.564089959039857775e-17
3.811915007280880218e+03 3.690380579238406732e-17
3.817429213664950112e+03 3.794523411504125530e-17
3.822943420049010001e+03 4.045526861471270613e-17
3.828457626433069890e+03 4.215907049511069775e-17
3.833971832817129780e+03 3.922694095589004942e-17
3.839486039201190124e+03 4.200519982865337061e-17
3.845000245585250013e+03 3.881643627434979016e-17
3.850514451969309903e+03 4.298586541065248537e-17
3.856028658353369792e+03 3.379905308055877505e-17
3.861542864737430136e+03 4.951379763016613197e-17
3.867057071121490026e+03 4.148073612874963326e-17
3.872571277505549915e+03 3.971953117126925283e-17
3.878085483889609804e+03 3.838783369159957494e-17
3.883599690273670603e+03 4.295730345698764192e-17
3.889113896657740042e+03 3.983823607542873711e-17
3.894628103041799932e+03 3.953581822090191749e-17
3.900142309425859821e+03 3.719603876420869517e-17
3.905656515809920165e+03 3.963852381026835934e-17
3.911170722193980055e+03 3.010462646521476181e-17
3.916684928578039944e+03 3.905293156106506521e-17
3.922199134962099834e+03 3.869373635476363604e-17
3.927713341346160178e+03 3.253855351437248247e-17
3.933227547730220067e+03 3.881984407064144383e-17
3.938741754114279956e+03 3.851145775933262258e-17
3.944255960498339846e+03 3.651317029600195708e-17
3.949770166882400190e+03 3.647286395963703674e-17
3.955284373266460079e+03 3.850332333033133810e-17
3.960798579650519969e+03 3.854513140743495579e-17
3.966312786034589863e+03 3.388916715142382814e-17
3.971826992418650207e+03 3.534994694881912079e-17
3.977341198802710096e+03 3.627962073150488894e-17
3.982855405186769985e+03 3.571197235882039981e-17
3.988369611570829875e+03 4.248144417368444190e-17
3.993883817954890219e+03 3.809214479076729949e-17
3.999398024338950108e+03 3.374840783680051813e-17
4.004912230723009998e+03 3.520339245519134782e-17
4.010426437107069887e+03 2.681414885549400542e-17
4.015940643491129777e+03 3.433015909526828722e-17
4.021454849875190121e+03 2.722232391358064933e-17
4.026969056259250010e+03 4.010526675716420590e-17
4.032483262643309899e+03 3.624069099081711502e-17
4.037997469027379793e+03 2.788435091576636020e-17
4.043511675411440137e+03 3.105477590528008286e-17
4.049025881795500027e+03 3.206181821563837670e-17
4.054540088179559916e+03 3.148180936148921910e-17
4.060054294563619806e+03 3.220138383890528515e-17
4.065568500947680150e+03 2.987109615380409370e-17
4.071082707331740039e+03 3.424262493797997597e-17
4.076596913715799928e+03 2.684797652828748960e-17
4.082111120099859818e+03 3.222160920616171772e-17
4.087625326483920162e+03 2.963662244116013205e-17
4.093139532867980051e+03 2.533218103652260510e-17
4.098653739252040396e+03 3.264366573953811515e-17
4.104167945636099830e+03 3.446415095002426533e-17
4.109682152020160174e+03 3.285741350467940357e-17
4.115196358404219609e+03 3.687921960105949367e-17
4.120710564788279953e+03 3.843338649400674214e-17
4.126224771172350302e+03 3.673334859199869390e-17
4.131738977556409736e+03 3.902963532652886248e-17
4.137253183940470080e+03 4.137294772457529555e-17
4.142767390324530425e+03 4.081035328706911455e-17
4.148281596708589859e+03 5.204158347549245524e-17
4.153795803092650203e+03 4.276969175662560609e-17
4.159310009476709638e+03 4.760851220065955719e-17
4.164824215860769982e+03 4.412829542453027912e-17
4.170338422244830326e+03 4.305302017599321925e-17
4.175852628628889761e+03 4.217828507533146746e-17
4.181366835012950105e+03 4.599145510100775273e-17
4.186881041397010449e+03 3.610127939224135754e-17
4.192395247781069884e+03 3.984775672665035570e-17
4.197909454165140232e+03 3.666347914147646725e-17
4.203423660549199667e+03 3.945834380125423475e-17
4.208937866933260011e+03 3.884226428974674697e-17
4.214452073317320355e+03 3.388179321933509235e-17
4.219966279701379790e+03 3.323372470478470741e-17
4.225480486085440134e+03 3.463127736646354823e-17
4.230994692469499569e+03 2.972593750893985487e-17
4.236508898853559913e+03 3.845965733039075184e-17
4.242023105237620257e+03 3.251817412242489893e-17
4.247537311621679692e+03 3.415131717575852132e-17
4.253051518005740036e+03 3.784427092999343111e-17
4.258565724389800380e+03 4.158363424898000767e-17
4.264079930773859815e+03 3.622208288281774303e-17
4.269594137157930163e+03 4.228369572333620207e-17
4.275108343541989598e+03 4.152262121819882028e-17
4.280622549926049942e+03 4.173394309445452400e-17
4.286136756310110286e+03 4.711316879392607942e-17
4.291650962694169721e+03 4.059487274415240849e-17
4.297165169078230065e+03 4.113912861686871937e-17
4.302679375462290409e+03 4.255342183716676361e-17
4.308193581846349844e+03 4.104565488242798805e-17
4.313707788230410188e+03 4.262381112102161247e-17
4.319221994614469622e+03 4.071424187979246594e-17
4.324736200998529966e+03 4.152325657004980572e-17
4.330250407382590311e+03 4.480418464891935887e-17
4.335764613766649745e+03 3.709557615940711165e-17
4.341278820150710089e+03 3.736898923928204109e-17
4.346793026534780438e+03 4.144100738497652291e-17
4.352307232918839873e+03 3.507259661277670929e-17
4.357821439302900217e+03 4.563354022495149446e-17
4.363335645686959651e+03 4.241756243303061076e-17
4.368849852071019995e+03 4.500038322581291976e-17
4.374364058455080340e+03 5.165147743898616723e-17
4.379878264839139774e+03 5.046301329554137181e-17
4.385392471223200118e+03 4.950956195115955414e-17
4.390906677607259553e+03 4.946008151912810489e-17
4.396420883991319897e+03 4.733407870720577104e-17
4.401935090375380241e+03 4.622540898031908601e-17
4.407449296759439676e+03 5.143542893002085119e-17
4.412963503143500020e+03 5.214599296300472700e-17
4.418477709527560364e+03 4.756617466368012343e-17
4.423991915911629803e+03 4.685855635291446070e-17
4.429506122295690147e+03 5.257541380192666020e-17
4.435020328679749582e+03 5.057854144044592271e-17
4.440534535063809926e+03 4.644384487199720517e-17
4.446048741447870270e+03 5.445493860183865364e-17
4.451562947831929705e+03 4.669433715252059696e-17
4.457077154215990049e+03 4.855354994628739465e-17
4.462591360600050393e+03 4.441437703525217280e-17
4.468105566984109828e+03 4.567716771871929914e-17
4.473619773368170172e+03 3.993371213085440028e-17
4.479133979752229607e+03 4.499822688013684310e-17
4.484648186136289951e+03 4.184074959122279274e-17
4.490162392520350295e+03 4.554116391643520150e-17
4.495676598904409730e+03 4.105458831451460280e-17
4.501190805288480078e+03 4.256020855012048939e-17
4.506705011672530418e+03 4.537399899382312469e-17
4.512219218056599857e+03 3.495043577960957742e-17
4.517733424440660201e+03 4.741821469474562247e-17
4.523247630824719636e+03 4.059910842315898632e-17
4.528761837208779980e+03 3.750579204465146900e-17
4.534276043592840324e+03 4.304896740130737395e-17
4.539790249976899759e+03 3.556119181272924286e-17
4.545304456360960103e+03 4.335920200890998841e-17
4.550818662745020447e+03 3.718104060990811559e-17
4.556332869129079882e+03 4.091440659248309661e-17
4.561847075513140226e+03 3.604111349726148203e-17
4.567361281897199660e+03 3.255014387238140222e-17
4.572875488281260004e+03 3.589491518573199877e-17
4.578389694665320349e+03 4.393972106984857436e-17
4.583903901049389788e+03 3.787514325402550221e-17
4.589418107433450132e+03 3.793293139283576846e-17
4.594932313817509566e+03 3.765918138394894935e-17
4.600446520201569911e+03 3.187014411404730172e-17
4.605960726585630255e+03 3.613083287985546999e-17
4.611474932969689689e+03 3.649834541947891618e-17
4.616989139353750033e+03 3.487852550192963118e-17
4.622503345737810378e+03 3.669826946858963270e-17
4.628017552121869812e+03 3.686090991589921744e-17
4.633531758505930156e+03 3.255696909150792191e-17
4.639045964889989591e+03 3.464240565039902739e-17
4.644560171274049935e+03 3.521721617122192588e-17
4.650074377658110279e+03 4.104389322502298267e-17
4.655588584042169714e+03 4.082236721297869332e-17
4.661102790426240063e+03 3.511097764050226712e-17
4.666616996810301316e+03 3.212140651802643606e-17
4.672131203194359841e+03 3.307803462166319944e-17
4.677645409578421095e+03 3.632179461724998404e-17
4.683159615962479620e+03 3.833522463302918007e-17
4.688673822346539964e+03 3.395551328713603173e-17
4.694188028730600308e+03 3.266923383826876394e-17
4.699702235114659743e+03 3.191015202757311398e-17
4.705216441498720087e+03 3.038720401421302629e-17
4.710730647882779522e+03 3.261539258216917360e-17
4.716244854266839866e+03 3.502132564371066079e-17
4.721759060650901120e+03 3.405403133021187118e-17
4.727273267034959645e+03 3.750023752922692636e-17
4.732787473419029993e+03 2.991373211362262323e-17
4.738301679803090337e+03 2.970348841020496400e-17
4.743815886187149772e+03 3.797523042364241447e-17
4.749330092571210116e+03 3.496191061910013394e-17
4.754844298955269551e+03 3.760620651673707708e-17
4.760358505339329895e+03 3.315853177587466458e-17
4.765872711723390239e+03 3.746082646137931180e-17
4.771386918107449674e+03 3.172141402165705822e-17
4.776901124491510018e+03 3.466754055468582330e-17
4.782415330875570362e+03 3.799267371991498496e-17
4.787929537259629797e+03 3.869975294426162544e-17
4.793443743643690141e+03 3.750229760947103982e-17
4.798957950027749575e+03 3.615737325944898773e-17
4.804472156411819924e+03 4.232383840846677143e-17
4.809986362795870264e+03 3.401722905557058619e-17
4.815500569179939703e+03 3.785726676330907885e-17
4.821014775564000047e+03 3.888632497795840452e-17
4.826528981948060391e+03 3.666227582357687184e-17
4.832043188332119826e+03 3.794852639281455190e-17
4.837557394716180170e+03 4.083370728086449890e-17
4.843071601100239604e+03 3.659099127120471718e-17
4.848585807484299949e+03 4.059728900649479317e-17
4.854100013868360293e+03 4.076301957417054811e-17
4.859614220252419727e+03 3.678900926476247122e-17
4.865128426636480071e+03 4.177194868699540440e-17
4.870642633020540416e+03 4.366481587577814143e-17
4.876156839404599850e+03 4.127956062902333973e-17
4.881671045788670199e+03 4.059808800958012345e-17
4.887185252172719629e+03 4.016555779720563234e-17
4.892699458556789978e+03 3.587874259316140533e-17
4.898213664940850322e+03 3.332650532811527168e-17
4.903727871324909756e+03 3.040683253579125500e-17
4.909242077708970101e+03 3.210090198101730160e-17
4.914756284093031354e+03 3.446165767533629899e-17
4.920270490477089879e+03 3.234388555784721282e-17
4.925784696861151133e+03 3.161285549402697797e-17
4.931298903245209658e+03 3.440323418467504114e-17
4.936813109629270002e+03 3.525956333474455966e-17
4.942327316013330346e+03 3.439973974949461196e-17
4.947841522397389781e+03 3.523928983477213317e-17
4.953355728781450125e+03 3.808451094201225567e-17
4.958869935165518655e+03 3.658543675578018071e-17
4.964384141549569904e+03 4.016668410275965843e-17
4.969898347933640252e+03 3.476129345887925652e-17
4.975412554317699687e+03 4.009942344544375518e-17
4.980926760701760031e+03 4.430167909404747791e-17
4.986440967085820375e+03 3.986833827600507182e-17
4.991955173469879810e+03 3.785384934047422516e-17
4.997469379853940154e+03 3.700184250830006614e-17
5.002983586237998679e+03 3.337537928792531705e-17
5.008497792622059933e+03 3.342385855946429729e-17
5.014011999006120277e+03 4.272918326285355933e-17
5.019526205390179712e+03 4.444654894261580867e-17
5.025040411774240056e+03 4.005702814920513981e-17
5.030554618158300400e+03 3.814629409624918560e-17
5.036068824542369839e+03 4.456316488690159175e-17
5.041583030926430183e+03 4.287163684907950541e-17
5.047097237310489618e+03 4.881569034407889398e-17
5.052611443694549962e+03 4.248498674158085267e-17
5.058125650078610306e+03 4.203442601379879340e-17
5.063639856462669741e+03 4.408593863446445149e-17
5.069154062846730085e+03 4.224247486536759439e-17
5.074668269230790429e+03 4.352327681115589502e-17
5.080182475614849864e+03 4.877019530093091455e-17
5.085696681998910208e+03 4.579100159202121398e-17
5.091210888382969642e+03 4.704774680636076319e-17
5.096725094767029987e+03 4.489510734941293609e-17
5.102239301151090331e+03 4.562342272805167817e-17
5.107753507535159770e+03 5.080140554199456459e-17
5.113267713919220114e+03 4.735879004359190178e-17
5.118781920303279549e+03 4.666287760935352203e-17
5.124296126687339893e+03 4.728760175665172265e-17
5.129810333071400237e+03 4.606648437868345073e-17
5.135324539455459671e+03 4.518057286137023203e-17
5.140838745839520016e+03 4.644633814668516534e-17
5.146352952223580360e+03 4.312852115428555786e-17
5.151867158607639794e+03 4.189000861276070938e-17
5.157381364991700138e+03 4.230805087762405542e-17
5.162895571375759573e+03 4.103083000590495330e-17
5.168409777759819917e+03 4.050467203439857990e-17
5.173923984143880261e+03 3.970628504783048476e-17
5.179438190527939696e+03 3.636099390114726600e-17
5.184952396912000040e+03 4.150640049291224525e-17
5.190466603296070389e+03 3.470231162871258871e-17
5.195980809680119819e+03 3.715192994328105603e-17
5.201495016064190168e+03 3.734079309425866886e-17
5.207009222448248693e+03 3.526222988721006468e-17
5.212523428832309946e+03 3.198485400278012232e-17
5.218037635216370290e+03 3.061754793982556100e-17
5.223551841600429725e+03 3.102907303494468314e-17
5.229066047984490069e+03 2.802786342174395690e-17
5.234580254368550413e+03 3.001714044064243215e-17
5.240094460752609848e+03 2.810014913460856823e-17
5.245608667136670192e+03 2.186227428815707896e-17
5.251122873520728717e+03 2.486638149086003976e-17
5.256637079904789971e+03 2.856955863396992598e-17
5.262151286288850315e+03 2.569370586627765577e-17
5.267665492672919754e+03 2.693416296952825140e-17
5.273179699056980098e+03 2.833275529787234898e-17
5.278693905441040442e+03 2.923470463615139785e-17
5.284208111825099877e+03 2.779218639120039983e-17
5.289722318209160221e+03 2.539016170619680698e-17
5.295236524593219656e+03 2.427005564599234393e-17
5.300750730977280000e+03 2.348739843100778626e-17
5.306264937361340344e+03 2.691005810536351838e-17
5.311779143745399779e+03 2.348831295261147977e-17
5.317293350129460123e+03 2.217919934328144984e-17
5.322807556513519557e+03 2.592936364373481589e-17
5.328321762897579902e+03 2.683045621966934979e-17
5.333835969281640246e+03 2.149918995840414932e-17
5.339350175665709685e+03 2.704906538912501071e-17
5.344864382049770029e+03 1.880595271515478226e-17
5.350378588433830373e+03 2.087135643765339388e-17
5.355892794817889808e+03 1.871706121527572154e-17
5.361407001201950152e+03 2.914283853442453324e-17
5.366921207586009587e+03 2.611986330705588318e-17
5.372435413970069931e+03 2.532218868468434897e-17
5.377949620354130275e+03 2.523566531443169441e-17
5.383463826738189709e+03 2.598533236588088899e-17
5.388978033122250054e+03 2.254749163290383551e-17
5.394492239506310398e+03 2.397608026984909534e-17
5.400006445890369832e+03 2.380042473613746282e-17
5.405520652274430176e+03 2.807131763773421057e-17
5.411034858658489611e+03 2.793938586322235825e-17
5.416549065042549955e+03 2.876536252259241557e-17
5.422063271426620304e+03 3.085145368642090652e-17
5.427577477810679738e+03 3.110695176940663102e-17
5.433091684194739173e+03 3.386054743849980307e-17
5.438605890578800427e+03 3.392918469149284041e-17
5.444120096962858952e+03 3.395829535811989997e-17
5.449634303346920206e+03 3.363345728448777722e-17
5.455148509730980550e+03 3.706071844649157073e-17
5.460662716115039984e+03 3.218848427102160061e-17
5.466176922499100328e+03 3.428571334532876457e-17
5.471691128883159763e+03 3.898453497165194818e-17
5.477205335267220107e+03 3.854279215743813426e-17
5.482719541651280451e+03 3.685709780479329246e-17
5.488233748035338976e+03 3.602465210839499284e-17
5.493747954419410235e+03 3.680331430795288375e-17
5.499262160803469669e+03 3.644314682078858562e-17
5.504776367187530013e+03 3.654118353670458444e-17
5.510290573571590357e+03 3.915307648994116525e-17
5.515804779955649792e+03 4.351147466919664268e-17
5.521318986339710136e+03 4.241977653796586904e-17
5.526833192723769571e+03 4.250501957797335269e-17
5.532347399107829915e+03 4.169198099265976150e-17
5.537861605491890259e+03 3.887909544401762585e-17
5.543375811875949694e+03 3.405628394131991719e-17
5.548890018260010038e+03 3.488200068402367265e-17
5.554404224644070382e+03 3.405008444750118909e-17
5.559918431028129817e+03 3.979196128228182128e-17
5.565432637412190161e+03 4.083724984876091584e-17
5.570946843796249595e+03 4.431440538415361760e-17
5.576461050180319944e+03 3.696832288488888390e-17
5.581975256564380288e+03 3.852548363277032704e-17
5.587489462948439723e+03 3.613376897553048305e-17
5.593003669332500067e+03 3.462164119672357257e-17
5.598517875716560411e+03 3.418582833311897255e-17
5.604032082100619846e+03 3.411170395050377420e-17
5.609546288484680190e+03 3.704221623046735579e-17
5.615060494868739625e+03 3.356479115186514599e-17
5.620574701252799969e+03 3.213443123097167769e-17
5.626088907636860313e+03 3.323220371095961619e-17
5.631603114020919747e+03 3.146993020718439128e-17
5.637117320404980092e+03 2.816902705118152589e-17
5.642631526789040436e+03 3.259421418713625979e-17
5.648145733173110784e+03 2.943357939205366377e-17
5.653659939557170219e+03 2.837489067744465633e-17
5.659174145941230563e+03 2.719950900620428415e-17
5.664688352325289998e+03 2.666935601927124706e-17
5.670202558709349432e+03 2.572050616253749078e-17
5.675716765093409776e+03 2.740045346889385739e-17
5.681230971477469211e+03 2.954289841659629271e-17
5.686745177861529555e+03 2.683449936781199815e-17
5.692259384245588990e+03 2.924483175959441416e-17
5.697773590629650243e+03 2.945289986424960285e-17
5.703287797013710588e+03 2.685331925976169965e-17
5.708802003397770022e+03 3.103240381889076749e-17
5.714316209781830366e+03 3.148764304666646364e-17
5.719830416165889801e+03 3.300527720818194133e-17
5.725344622549960150e+03 3.247333368421429882e-17
5.730858828934019584e+03 3.280265772697612590e-17
5.736373035318079928e+03 3.073906379459851358e-17
5.741887241702140273e+03 3.363146459004603923e-17
5.747401448086199707e+03 2.920257123496054972e-17
5.752915654470260051e+03 3.406367712649504686e-17
5.758429860854320395e+03 2.991106556115712438e-17
5.763944067238379830e+03 3.686283522453857380e-17
5.769458273622440174e+03 3.264497494941287994e-17
5.774972480006499609e+03 3.843970150634382115e-17
5.780486686390559953e+03 3.892627513222504132e-17
5.786000892774620297e+03 3.902686288208818809e-17
5.791515099158679732e+03 3.643050716957120911e-17
5.797029305542750080e+03 4.151464081388869294e-17
5.802543511926810424e+03 3.849448616367669887e-17
5.808057718310869859e+03 3.600252068558559778e-17
5.813571924694930203e+03 3.806128209327842841e-17
5.819086131078989638e+03 3.673836402100421430e-17
5.824600337463049982e+03 3.948839786911458170e-17
5.830114543847110326e+03 4.078831812969168269e-17
5.835628750231169761e+03 3.750313511872915784e-17
5.841142956615230105e+03 3.655925255828494035e-17
5.846657162999290449e+03 3.532314665255928270e-17
5.852171369383349884e+03 3.765829574197484973e-17
5.857685575767410228e+03 3.792351663358931924e-17
5.863199782151469662e+03 3.858232837034731207e-17
5.868713988535540011e+03 3.350244965812280610e-17
5.874228194919590351e+03 4.030341952232671087e-17
5.879742401303649785e+03 4.079218800005679545e-17
5.885256607687721043e+03 3.414118042577231732e-17
5.890770814071779569e+03 3.603086122875691479e-17
5.896285020455840822e+03 3.929024510395207673e-17
5.901799226839900257e+03 4.046885166716336388e-17
5.907313433223960601e+03 3.836670342928264888e-17
5.912827639608020036e+03 3.347283841124951204e-17
5.918341845992079470e+03 3.157472475642453431e-17
5.923856052376139814e+03 3.509346695842732116e-17
5.929370258760199249e+03 3.936341645879079384e-17
5.934884465144259593e+03 3.893192591308155332e-17
5.940398671528320847e+03 3.023055127677183706e-17
5.945912877912390286e+03 3.302646522975804900e-17
5.951427084296440626e+03 3.517450319905780855e-17
5.956941290680500060e+03 3.061560337809981077e-17
5.962455497064570409e+03 2.774109832645509002e-17
5.967969703448629843e+03 3.182087546596618506e-17
5.973483909832690188e+03 3.049628237517573492e-17
5.978998116216749622e+03 3.295038665887390040e-17
5.984512322600809966e+03 2.764226260745375785e-17
5.990026528984870311e+03 2.826999023622934391e-17
5.995540735368929745e+03 2.437345434646895284e-17
6.001054941752990089e+03 2.616970954772880675e-17
6.006569148137050433e+03 2.821381935667614440e-17
6.012083354521109868e+03 3.105397690219475259e-17
6.017597560905170212e+03 2.741150474048375797e-17
6.023111767289229647e+03 2.353118957600993577e-17
6.028625973673289991e+03 2.964542110164198970e-17
6.034140180057350335e+03 2.790351736327115447e-17
6.039654386441419774e+03 2.298880125267379347e-17
6.045168592825480118e+03 2.241240235222343137e-17
6.050682799209539553e+03 2.259030087049991296e-17
6.056197005593599897e+03 2.042540682406258986e-17
6.061711211977660241e+03 1.879358260714692303e-17
6.067225418361719676e+03 2.424262962442472042e-17
6.072739624745780020e+03 2.151550694912269064e-17
6.078253831129840364e+03 2.067458026816802609e-17
6.083768037513899799e+03 2.004650608383735341e-17
6.089282243897960143e+03 2.216659819823686415e-17
6.094796450282019578e+03 2.226596337711402163e-17
6.100310656666079922e+03 2.443919400995975870e-17
6.105824863050140266e+03 2.356098372720396545e-17
6.111339069434199700e+03 2.047354916658968351e-17
6.116853275818270049e+03 2.167699221124866772e-17
6.122367482202329484e+03 2.645726401955980388e-17
6.127881688586389828e+03 2.175566994879594279e-17
6.133395894970451081e+03 2.500611076536129304e-17
6.138910101354509607e+03 2.494885208642685210e-17
6.144424307738570860e+03 2.330134623064362940e-17
6.149938514122630295e+03 2.151405334109997489e-17
6.155452720506689730e+03 2.051043808011974092e-17
6.160966926890750074e+03 2.076517566619291673e-17
6.166481133274809508e+03 2.005147338012688912e-17
6.171995339658869852e+03 2.184586103200657137e-17
6.177509546042929287e+03 2.302488153657532060e-17
6.183023752426999636e+03 2.049232092582340341e-17
6.188537958811059980e+03 2.296143299036535157e-17
6.194052165195120324e+03 1.996407399444332881e-17
6.199566371579179759e+03 2.309632011363862314e-17
6.205080577963240103e+03 2.404486192099008672e-17
6.210594784347300447e+03 2.042779420677538990e-17
6.216108990731359881e+03 1.909669357278391587e-17
6.221623197115420226e+03 2.211909120756075902e-17
6.227137403499479660e+03 2.000911659006106149e-17
6.232651609883540004e+03 1.817965944131551499e-17
6.238165816267600349e+03 2.387244090579256920e-17
6.243680022651659783e+03 1.745597442995442511e-17
6.249194229035720127e+03 1.705969777925899981e-17
6.254708435419779562e+03 1.941067290569007367e-17
6.260222641803839906e+03 1.973846632808360952e-17
6.265736848187910255e+03 1.369796449679568574e-17
6.271251054571969689e+03 1.422473856706665072e-17
6.276765260956030033e+03 1.305735655322280284e-17
6.282279467340090378e+03 1.159969575582326965e-17
6.287793673724149812e+03 1.328236737390432443e-17
6.293307880108210156e+03 1.309830786798190248e-17
6.298822086492269591e+03 1.205640784470807543e-17
6.304336292876329935e+03 1.474706517438070220e-17
6.309850499260390279e+03 1.249180676695520875e-17
6.315364705644449714e+03 1.305757796371632928e-17
6.320878912028510058e+03 1.313558184323983117e-17
6.326393118412570402e+03 1.267452818337327972e-17
6.331907324796629837e+03 1.239991178559875487e-17
6.337421531180701095e+03 1.381437828367433779e-17
6.342935737564759620e+03 1.408552912589802273e-17
6.348449943948819964e+03 8.435249812289069884e-18
6.353964150332880308e+03 1.045801661231482304e-17
6.359478356716939743e+03 1.493780550128169288e-17
6.364992563101000087e+03 1.640293649620192351e-17
6.370506769485061341e+03 1.521045808424407362e-17
6.376020975869119866e+03 1.011790121462941110e-17
6.381535182253181119e+03 1.210642736315854076e-17
6.387049388637239645e+03 8.756448089938491270e-18
6.392563595021300898e+03 1.347570686746844158e-17
6.398077801405360333e+03 1.198643250221068557e-17
6.403592007789419768e+03 7.834510197365649830e-18
6.409106214173480112e+03 1.016794961270946724e-17
6.414620420557539546e+03 1.179428670000296844e-17
6.420134626941609895e+03 8.547808168617412288e-18
6.425648833325670239e+03 1.465969466832673269e-17
6.431163039709729674e+03 9.534262191040750614e-18
6.436677246093790018e+03 8.611591718530633139e-18
6.442191452477850362e+03 1.150063862632840950e-17
6.447705658861909797e+03 8.381711792300181493e-18
6.453219865245970141e+03 8.244832937239494705e-18
6.458734071630029575e+03 9.640434298612350524e-18
6.464248278014089919e+03 1.159541194410070252e-17
6.469762484398150264e+03 1.283434805352621001e-17
6.475276690782209698e+03 9.532989562030135720e-18
6.480790897166270042e+03 1.505412302272837403e-17
6.486305103550330386e+03 1.389728207368500146e-17
6.491819309934399826e+03 1.034108299210354415e-17
6.497333516318450165e+03 1.404532868150827176e-17
6.502847722702519604e+03 1.248518370523582625e-17
6.508361929086579948e+03 8.686795236638194138e-18
6.513876135470640293e+03 9.446158142395185380e-18
6.519390341854699727e+03 1.054460736836985460e-17
6.524904548238760071e+03 1.117305698788520470e-17
6.530418754622820416e+03 1.008076201097623644e-17
6.535932961006879850e+03 1.299810517984662545e-17
6.541447167390940194e+03 1.540413450682007736e-17
6.546961373774999629e+03 1.219929462537787129e-17
6.552475580159059973e+03 1.150734832693656442e-17
6.557989786543120317e+03 1.710158286870818991e-17
6.563503992927189756e+03 1.691723456648986296e-17
6.569018199311240096e+03 1.346909343229225603e-17
6.574532405695311354e+03 1.623678236062551264e-17
6.580046612079369879e+03 1.324254236469924780e-17
6.585560818463430223e+03 1.658967218113305050e-17
6.591075024847489658e+03 1.473215365896889195e-17
6.596589231231550002e+03 1.080570809949610180e-17
6.602103437615610346e+03 1.397736528653900760e-17
6.607617643999669781e+03 1.293672634042396066e-17
6.613131850383730125e+03 1.560265308062405974e-17
6.618646056767789560e+03 1.474771015277488766e-17
6.624160263151849904e+03 1.237624974242107012e-17
6.629674469535911157e+03 1.370451054616949583e-17
6.635188675919969683e+03 1.164500789465051038e-17
6.640702882304030027e+03 1.501528954747256639e-17
6.646217088688100375e+03 1.355473116057080326e-17
6.651731295072158900e+03 1.362636226849803991e-17
6.657245501456220154e+03 7.001127838314302214e-18
6.662759707840278679e+03 1.172340646244508201e-17
6.668273914224339933e+03 1.357214557721377678e-17
6.673788120608400277e+03 1.122200796004082710e-17
6.679302326992459712e+03 1.289322399171771307e-17
6.684816533376520056e+03 1.245660249848458738e-17
6.690330739760580400e+03 1.660989754838948615e-17
6.695844946144639835e+03 1.165557783908057341e-17
6.701359152528700179e+03 1.294663205337344591e-17
6.706873358912759613e+03 1.207855852060386436e-17
6.712387565296829962e+03 1.299022104096846284e-17
6.717901771680880302e+03 1.295008798238109042e-17
6.723415978064939736e+03 1.118664004033585936e-17
6.728930184449010085e+03 1.444587951738306572e-17
6.734444390833070429e+03 1.372391765725420272e-17
6.739958597217129864e+03 1.343592999097934963e-17
6.745472803601190208e+03 1.734426802269899613e-17
6.750987009985249642e+03 1.816392966973197752e-17
6.756501216369309986e+03 1.807051369455042780e-17
6.762015422753370331e+03 1.568765545705162616e-17
6.767529629137429765e+03 1.572381275329872877e-17
6.773043835521490109e+03 1.455443804501314906e-17
6.778558041905550454e+03 1.559715632445870179e-17
6.784072248289609888e+03 1.303609151930111660e-17
6.789586454673670232e+03 1.405251008273306883e-17
6.795100661057729667e+03 1.658779500520967881e-17
6.800614867441790011e+03 1.734911980047017169e-17
6.806129073825860360e+03 1.789117119479442740e-17
6.811643280209919794e+03 1.542792169505931766e-17
6.817157486593980138e+03 1.830295620657986372e-17
6.822671692978039573e+03 1.419753395599255057e-17
6.828185899362099917e+03 1.543529562714805345e-17
6.833700105746160261e+03 1.689642198009842655e-17
6.839214312130219696e+03 1.617914824650639428e-17
6.844728518514280040e+03 1.700471096451899876e-17
6.850242724898340384e+03 1.614593667247750475e-17
6.855756931282399819e+03 2.171163814021387297e-17
6.861271137666460163e+03 1.600731445044388061e-17
6.866785344050530512e+03 1.598261274060094372e-17
6.872299550434589946e+03 1.620851882979976495e-17
6.877813756818650290e+03 1.745067020465299972e-17
6.883327963202709725e+03 1.849055828039869953e-17
6.888842169586770069e+03 1.991812650376510265e-17
6.894356375970830413e+03 1.863274232341513448e-17
6.899870582354888938e+03 2.002129416720498817e-17
6.905384788738950192e+03 2.242680366084581325e-17
6.910898995123008717e+03 1.701521352314668633e-17
6.916413201507069971e+03 1.439919078287868473e-17
6.921927407891130315e+03 1.586361904014555445e-17
6.927441614275189750e+03 1.709433408168101429e-17
6.932955820659250094e+03 2.074231262610056687e-17
6.938470027043310438e+03 1.777061799434116225e-17
6.943984233427369873e+03 1.377341734237204121e-17
6.949498439811430217e+03 1.646907084796379758e-17
6.955012646195488742e+03 1.904341065618974165e-17
6.960526852579560000e+03 1.935155630391864876e-17
6.966041058963620344e+03 1.630993446237783896e-17
6.971555265347679779e+03 1.802818578411418790e-17
6.977069471731740123e+03 2.200641251944245492e-17
6.982583678115799557e+03 2.357618403891168377e-17
6.988097884499859902e+03 1.874070400536701396e-17
6.993612090883920246e+03 2.018456033982236450e-17
6.999126297267979680e+03 2.060718483924737190e-17
7.004640503652040024e+03 2.137637452029963814e-17
7.010154710036100369e+03 2.327021398994524720e-17
7.015668916420159803e+03 2.061739860157915755e-17
7.021183122804220147e+03 2.045330454624685707e-17
7.026697329188289586e+03 2.148489454175693065e-17
7.032211535572349931e+03 2.168184398901984329e-17
7.037725741956410275e+03 2.248777818545421290e-17
7.043239948340469709e+03 2.297190666936344525e-17
7.048754154724530053e+03 2.269125442900454021e-17
7.054268361108590398e+03 2.687980188009604194e-17
7.059782567492649832e+03 2.235895578439490924e-17
7.065296773876710176e+03 1.728931008758858280e-17
7.070810980260769611e+03 1.887803627061226718e-17
7.076325186644829955e+03 2.223340640802251449e-17
7.081839393028890299e+03 2.220763615188473621e-17
7.087353599412949734e+03 2.675895988334687179e-17
7.092867805797010078e+03 2.257202006496923062e-17
7.098382012181070422e+03 2.151638296455359947e-17
7.103896218565129857e+03 2.352086029515978997e-17
7.109410424949190201e+03 2.453431388328713525e-17
7.114924631333260550e+03 2.484958317298166090e-17
7.120438837717319984e+03 2.151558396146826612e-17
7.125953044101380328e+03 1.920494405103170034e-17
7.131467250485439763e+03 2.245776262376665369e-17
7.136981456869499198e+03 2.477493895703383109e-17
7.142495663253560451e+03 2.025369817306163326e-17
7.148009869637618976e+03 2.160750782245430926e-17
7.153524076021680230e+03 2.253645961440032571e-17
7.159038282405738755e+03 2.342963917182711082e-17
7.164552488789800009e+03 2.019581376881940074e-17
7.170066695173860353e+03 2.153822559106708954e-17
7.175580901557919788e+03 2.083702818461367827e-17
7.181095107941990136e+03 1.804243306804542498e-17
7.186609314326049571e+03 2.028955704646963703e-17
7.192123520710109915e+03 2.250448986444382242e-17
7.197637727094170259e+03 2.171393888403790367e-17
7.203151933478229694e+03 1.901994114387599408e-17
7.208666139862290038e+03 1.965626527572630830e-17
7.214180346246350382e+03 1.888548721504657538e-17
7.219694552630409817e+03 2.038874894756925274e-17
7.225208759014470161e+03 1.990608369822592999e-17
7.230722965398529595e+03 1.507338573566512842e-17
7.236237171782589940e+03 1.754855289587785373e-17
7.241751378166650284e+03 2.171848261242678653e-17
7.247265584550709718e+03 2.176025218335761031e-17
7.252779790934770062e+03 1.991654775068082981e-17
7.258293997318840411e+03 1.601851974672493217e-17
7.263808203702899846e+03 1.867456965360513680e-17
7.269322410086960190e+03 2.184870086224961815e-17
7.274836616471019624e+03 2.063036555526521756e-17
7.280350822855079969e+03 1.811471878091003939e-17
7.285865029239140313e+03 9.623467516228025283e-18
7.291379235623199747e+03 1.473592726390202919e-17
7.296893442007260091e+03 2.683441272892322573e-17
7.302407648391320436e+03 2.299995841623886035e-17
7.307921854775379870e+03 1.676476937533926997e-17
7.313436061159440214e+03 1.565514662067610061e-17
7.318950267543499649e+03 1.574180476253350919e-17
7.324464473927559993e+03 1.814358878395717864e-17
7.329978680311620337e+03 1.380031390406384250e-17
7.335492886695689776e+03 1.365985301227963442e-17
7.341007093079740116e+03 8.331609485578222511e-18
7.346521299463809555e+03 1.183881908883126968e-17
7.352035505847870809e+03 1.516839009047414791e-17
7.357549712231930243e+03 1.523579514593799903e-17
7.363063918615990588e+03 1.529076270759160620e-17
7.368578125000050022e+03 5.539755045858089870e-18
7.374092331384110366e+03 5.485238969080408971e-18
7.379606537768169801e+03 1.341800536754694622e-17
7.385120744152229236e+03 1.648877638188760486e-17
7.390634950536289580e+03 1.168954028347881162e-17
7.396149156920349014e+03 7.509143626512023000e-18
7.401663363304410268e+03 5.856047637094432849e-18
7.407177569688468793e+03 9.582592251160179893e-18
7.412691776072530047e+03 1.369862872827626353e-17
7.418205982456600395e+03 1.272560662157539106e-17
7.423720188840659830e+03 1.122554090139404556e-17
7.429234395224720174e+03 6.785420108978146922e-18
7.434748601608779609e+03 7.415463884046883407e-18
7.440262807992839953e+03 1.076753885572087195e-17
7.445777014376900297e+03 1.205934394038309157e-17
7.451291220760959732e+03 8.543190315845917642e-18
7.456805427145020076e+03 4.262317576917062086e-18
7.462319633529080420e+03 6.902339289374631948e-18
7.467833839913139855e+03 1.154801084539976061e-17
7.473348046297200199e+03 1.781847154057235090e-17
7.478862252681259633e+03 1.833033409543150564e-17
7.484376459065319978e+03 1.410087383575368893e-17
7.489890665449390326e+03 1.057607653808012648e-17
7.495404871833449761e+03 1.005205565916343894e-17
7.500919078217510105e+03 8.041704211898572153e-18
7.506433284601570449e+03 1.382460167254931884e-17
7.511947490985629884e+03 2.085881305186798980e-17
7.517461697369690228e+03 1.308539867355502101e-17
7.522975903753749662e+03 7.881261504400809358e-18
7.528490110137810007e+03 1.229150728265982097e-17
7.534004316521870351e+03 5.634190471964175834e-18
7.539518522905929785e+03 7.823232702010622792e-18
7.545032729289990129e+03 1.484087583783332012e-17
7.550546935674049564e+03 1.226097188763963647e-17
7.556061142058109908e+03 1.266109915561377141e-17
7.561575348442170252e+03 7.768598218751620352e-18
7.567089554826229687e+03 1.831765593804134790e-20
7.572603761210300036e+03 9.431904119883715071e-18
7.578117967594350375e+03 1.572461175638406212e-17
7.583632173978419814e+03 1.317287507158415526e-17
7.589146380362479249e+03 1.873305090352557319e-17
7.594660586746539593e+03 6.689030494603114559e-18
7.600174793130600847e+03 6.787224123173223432e-18
7.605688999514660281e+03 1.437753106068593337e-17
7.611203205898720626e+03 1.722169324817440525e-17
7.616717412282780060e+03 1.527690048538824348e-17
7.622231618666839495e+03 1.277443244866945637e-17
7.627745825050899839e+03 8.043838416525297402e-18
7.633260031434959274e+03 6.754794224451913536e-18
7.638774237819019618e+03 8.343575278771819679e-18
7.644288444203079052e+03 1.032300434397999285e-17
7.649802650587150310e+03 1.127800556181649255e-17
7.655316856971209745e+03 9.753267011421800979e-18
7.660831063355270089e+03 6.613203176496403671e-18
7.666345269739330433e+03 8.030411314074430018e-18
7.671859476123389868e+03 5.992081281662442533e-18
7.677373682507450212e+03 1.037940626056992344e-17
7.682887888891509647e+03 1.566793067004142193e-17
7.688402095275569991e+03 1.097166970420857857e-17
7.693916301659630335e+03 7.444337737711302966e-18
7.699430508043689770e+03 2.934767212056560617e-18
7.704944714427750114e+03 4.248393744837240515e-18
7.710458920811819553e+03 1.578531673778295064e-17
7.715973127195869893e+03 1.642921695912913014e-17
7.721487333579940241e+03 1.621738487608400115e-17
7.727001539963999676e+03 1.177212639756398257e-17
7.732515746348060020e+03 4.415904260350079621e-18
7.738029952732120364e+03 1.159134954287166183e-17
7.743544159116179799e+03 1.823299049062567080e-17
7.749058365500240143e+03 1.899040690934827550e-17
7.754572571884299578e+03 1.855468068463244790e-17
7.760086778268359922e+03 8.311004832519836830e-18
7.765600984652420266e+03 8.242015248045796254e-18
7.771115191036479700e+03 7.132914252023891579e-18
7.776629397420540045e+03 1.402901169078973045e-17
7.782143603804600389e+03 1.543880931541487650e-17
7.787657810188659823e+03 1.905640648950539247e-17
7.793172016572720167e+03 1.609753441328409691e-17
7.798686222956779602e+03 1.192773946833992121e-17
7.804200429340850860e+03 7.849883786850906834e-18
7.809714635724910295e+03 8.945152402953359288e-18
7.815228842108969729e+03 1.556945113313837022e-17
7.820743048493030074e+03 1.994926837100668178e-17
7.826257254877089508e+03 1.630102990992081501e-17
7.831771461261149852e+03 5.717253099937587406e-18
7.837285667645211106e+03 1.275916475115936412e-17
7.842799874029269631e+03 6.115168188285103459e-18
7.848314080413330885e+03 8.156325536433985562e-18
7.853828286797390319e+03 2.137891592770358607e-17
7.859342493181450664e+03 1.630460135744682276e-17
7.864856699565510098e+03 1.250597703854087034e-17
7.870370905949569533e+03 1.077622199768436636e-17
7.875885112333629877e+03 1.167525449337479142e-17
7.881399318717700226e+03 7.924788882119367443e-18
7.886913525101759660e+03 1.392577664154746945e-17
7.892427731485820004e+03 1.627404670934024747e-17
7.897941937869880348e+03 1.028813700452125807e-17
7.903456144253939783e+03 1.044888102282107880e-17
7.908970350638000127e+03 -3.922137681392231254e-19
7.914484557022059562e+03 9.201458152913291299e-18
7.919998763406119906e+03 1.533386074148358865e-17
7.925512969790180250e+03 1.622336295940919972e-17
7.931027176174239685e+03 1.612287147497801923e-17
7.936541382558300029e+03 1.275157903512030190e-17
7.942055588942360373e+03 1.316623275677837736e-17
7.947569795326429812e+03 1.342472469469829961e-17
7.953084001710490156e+03 1.546673591722873452e-17
7.958598208094549591e+03 2.114537598974972103e-17
7.964112414478609935e+03 1.849214666002617238e-17
7.969626620862670279e+03 1.511430817079464034e-17
7.975140827246729714e+03 1.355723406180196653e-17
7.980655033630790058e+03 8.789830053781963488e-18
7.986169240014850402e+03 1.188871346222017793e-17
7.991683446398909837e+03 1.774708109622503304e-17
7.997197652782970181e+03 1.907440812528337291e-17
8.002711859167029615e+03 2.337538397437006149e-17
8.008226065551089960e+03 2.156993542435728173e-17
8.013740271935150304e+03 1.931124034101053764e-17
8.019254478319209738e+03 2.007874537700336783e-17
8.024768684703270083e+03 1.764050563649349076e-17
8.030282891087341341e+03 2.593037443077047875e-17
8.035797097471399866e+03 3.059159477936704094e-17
8.041311303855461119e+03 2.856445656607563008e-17
8.046825510239519645e+03 2.933540790453290784e-17
8.052339716623579989e+03 2.346889621498357440e-17
8.057853923007640333e+03 1.895273824581927553e-17
8.063368129391699767e+03 3.169465223157000788e-17
8.068882335775760112e+03 3.659435093478039542e-17
8.074396542159819546e+03 3.003531535419795128e-17
8.079910748543879890e+03 3.547812437148422974e-17
8.085424954927941144e+03 3.325015721402160887e-17
8.090939161311999669e+03 3.342673689588014106e-17
8.096453367696060923e+03 3.292778353544786472e-17
8.101967574080120357e+03 3.302523303222885970e-17
8.107481780464179792e+03 3.643462733005942987e-17
8.112995986848250141e+03 3.456688541902029490e-17
8.118510193232308666e+03 3.610219391384505105e-17
8.124024399616369919e+03 3.402331303087095106e-17
8.129538606000430264e+03 3.397512255562786656e-17
8.135052812384489698e+03 3.901418472469802999e-17
8.140567018768550042e+03 4.037894938024864338e-17
8.146081225152610386e+03 3.723064618700112192e-17
8.151595431536669821e+03 3.393153356803284963e-17
8.157109637920730165e+03 3.226804765054297837e-17
8.162623844304789600e+03 3.572417881559391729e-17
8.168138050688849944e+03 3.501709959124727681e-17
8.173652257072910288e+03 3.833185534291030798e-17
8.179166463456969723e+03 3.584235425987757934e-17
8.184680669841030067e+03 3.684544006098199108e-17
8.190194876225100415e+03 3.622902362046261978e-17
8.195709082609160760e+03 3.344900309029428706e-17
8.201223288993220194e+03 3.370246997266548582e-17
8.206737495377279629e+03 2.890015338043372394e-17
8.212251701761340883e+03 3.537731521112756269e-17
8.217765908145400317e+03 3.637483687026423793e-17
8.223280114529459752e+03 2.613644984098393253e-17
8.228794320913519186e+03 2.253387007428039310e-17
8.234308527297580440e+03 2.371744393378122213e-17
8.239822733681639875e+03 1.807062921306878795e-17
8.245336940065699309e+03 2.253042377181594552e-17
8.250851146449769658e+03 2.781280644672789752e-17
8.256365352833829093e+03 2.553372234489037603e-17
8.261879559217890346e+03 2.039738395681676556e-17
8.267393765601940686e+03 1.963649235600012555e-17
8.272907971986000121e+03 1.693036517141027089e-17
8.278422178370070469e+03 1.660011698050155645e-17
8.283936384754129904e+03 2.367012947396905264e-17
8.289450591138189338e+03 2.553292334180504576e-17
8.294964797522250592e+03 2.473454598178014756e-17
8.300479003906310027e+03 1.625444706739160032e-17
8.305993210290369461e+03 1.555796666710461060e-17
8.311507416674430715e+03 1.561293422875822086e-17
8.317021623058490150e+03 1.553271624429946070e-17
8.322535829442549584e+03 1.787522963926056350e-17
8.328050035826619933e+03 2.219089559326553588e-17
8.333564242210670272e+03 1.608112115713358932e-17
8.339078448594740621e+03 3.545457784682491130e-18
8.344592654978789142e+03 3.239266325222528884e-18
8.350106861362859490e+03 1.035117160937376964e-17
8.355621067746920744e+03 1.699640325774017868e-17
8.361135274130980179e+03 1.518818226328672452e-17
8.366649480515039613e+03 1.491196785934153297e-17
8.372163686899100867e+03 9.283380035517884457e-18
8.377677893283160302e+03 4.138601094369332338e-18
8.383192099667219736e+03 6.770547099739122880e-18
8.388706306051279171e+03 1.682171037834822127e-17
8.394220512435340424e+03 2.775447922149861211e-17
8.399734718819399859e+03 2.341986823048237806e-17
8.405248925203459294e+03 1.552224256530136394e-17
8.410763131587520547e+03 1.299283946071798780e-17
8.416277337971579982e+03 7.687450310220050053e-18
8.421791544355650331e+03 7.347158746794134187e-18
8.427305750739709765e+03 1.307006359024255175e-17
8.432819957123769200e+03 1.086226404077718183e-17
8.438334163507830453e+03 9.852718829187727801e-18
8.443848369891889888e+03 1.165058166316144535e-17
8.449362576275949323e+03 6.476172222053207607e-18
8.454876782660010576e+03 9.101513456135687522e-18
8.460390989044070011e+03 1.168374510447435175e-17
8.465905195428129446e+03 1.795758471630900953e-17
8.471419401812190699e+03 1.763135079391335265e-17
8.476933608196250134e+03 1.319896300364742780e-17
8.482447814580309569e+03 7.784906545581284423e-18
8.487962020964379917e+03 9.876178714958279983e-18
8.493476227348430257e+03 7.483710299386129777e-18
8.498990433732489691e+03 7.991273640053603821e-18
8.504504640116560040e+03 1.019912998612383566e-17
8.510018846500619475e+03 8.794597117973007559e-18
8.515533052884680728e+03 1.058899535905020335e-17
8.521047259268740163e+03 1.422201425534196101e-17
8.526561465652799598e+03 1.067785797929967481e-17
8.532075672036860851e+03 9.750398301549160308e-18
8.537589878420920286e+03 1.130600917597592297e-17
8.543104084804979721e+03 1.540410562719048656e-17
8.548618291189039155e+03 1.105985846643427530e-17
8.554132497573100409e+03 1.773626086167185275e-17
8.559646703957159843e+03 7.887682408713060821e-18
8.565160910341230192e+03 1.639328107337555398e-17
8.570675116725289627e+03 1.698949139972488965e-17
8.576189323109350880e+03 1.804024784273975443e-17
8.581703529493410315e+03 2.324893932948036095e-17
8.587217735877469750e+03 2.657828892062971581e-17
8.592731942261529184e+03 1.992479769820046828e-17
8.598246148645590438e+03 1.844285875885865877e-17
8.603760355029649872e+03 2.167899453223359649e-17
8.609274561413709307e+03 1.600444574057124302e-17
8.614788767797770561e+03 2.105215254543210695e-17
8.620302974181829995e+03 2.265493348152308969e-17
8.625817180565889430e+03 2.980305574648925406e-17
8.631331386949950684e+03 3.213368998714552903e-17
8.636845593334010118e+03 2.188489666466950850e-17
8.642359799718069553e+03 2.264497963585762131e-17
8.647874006102130807e+03 2.750568121257785021e-17
8.653388212486199336e+03 2.491014375623259846e-17
8.658902418870260590e+03 2.145358902328100360e-17
8.664416625254320024e+03 2.954732662646680926e-17
8.669930831638379459e+03 2.518354720956433096e-17
8.675445038022440713e+03 2.464019623190851047e-17
8.680959244406500147e+03 3.688120266895802548e-17
8.686473450790559582e+03 2.490043057414705039e-17
8.691987657174620836e+03 2.824086994305909050e-17
8.697501863558680270e+03 2.576611672420383035e-17
8.703016069942750619e+03 3.311710876049891816e-17
8.708530276326799139e+03 2.920139679669054203e-17
8.714044482710860393e+03 2.806731299576435303e-17
8.719558689094919828e+03 1.869677808876010735e-17
8.725072895478979262e+03 2.043970224070980545e-17
8.730587101863049611e+03 2.329081479238635411e-17
8.736101308247110865e+03 2.041440368518867087e-17
8.741615514631170299e+03 2.843051284403564590e-17
8.747129721015229734e+03 2.394952063716918064e-17
8.752643927399289169e+03 1.904556700186581831e-17
8.758158133783350422e+03 1.864463110426315308e-17
8.763672340167409857e+03 1.191397351156852631e-17
8.769186546551469291e+03 1.455289779810166089e-17
8.774700752935530545e+03 1.981588298847210756e-17
8.780214959319589980e+03 2.588200105120666172e-17
8.785729165703649414e+03 2.348571378594835022e-17
8.791243372087710668e+03 1.931129810026971925e-17
8.796757578471770103e+03 1.604735124359928675e-17
8.802271784855840451e+03 1.377059676521538522e-17
8.807785991239899886e+03 1.714990811555602226e-17
8.813300197623959320e+03 2.703743652494330322e-17
8.818814404008020574e+03 3.156333655582274714e-17
8.824328610392080009e+03 3.240124050221362004e-17
8.829842816776139443e+03 1.625220408282675124e-17
8.835357023160200697e+03 1.288436757197667689e-17
8.840871229544260132e+03 1.331511687385976721e-17
8.846385435928319566e+03 1.901971973338246763e-17
8.851899642312380820e+03 1.753452702244014310e-17
8.857413848696440255e+03 1.471913857256684726e-17
8.862928055080499689e+03 1.315089767346590810e-17
8.868442261464559124e+03 1.197734504543292601e-17
8.873956467848620377e+03 4.606634960707869517e-18
8.879470674232690726e+03 1.523940509963678835e-17
8.884984880616750161e+03 1.289841269850077831e-17
8.890499087000809595e+03 2.161469885022230635e-17
8.896013293384870849e+03 1.827273848748517503e-17
8.901527499768930284e+03 3.493094202963609657e-18
8.907041706152989718e+03 5.234221079298468330e-18
8.912555912537049153e+03 2.998844371537283005e-18
8.918070118921110407e+03 5.412162917019336136e-18
8.923584325305169841e+03 1.886829420889712831e-17
8.929098531689229276e+03 1.556535985227974026e-17
8.934612738073290529e+03 9.500824393246737708e-18
8.940126944457349964e+03 6.405474888816059880e-18
8.945641150841409399e+03 8.120418530309997120e-18
8.951155357225470652e+03 1.988697500998032349e-17
8.956669563609539182e+03 1.506490475110876966e-17
8.962183769993600436e+03 6.869443465962596517e-18
8.967697976377659870e+03 3.544960092399217634e-19
8.973212182761719305e+03 6.850408902099604886e-18
8.978726389145780558e+03 9.206796071115904857e-20
8.984240595529839993e+03 9.467788022304029325e-18
8.989754801913899428e+03 1.331909263620003856e-17
8.995269008297960681e+03 9.642051557869408019e-18
9.000783214682020116e+03 1.534186039888011295e-17
9.006297421066079551e+03 8.850384861106982888e-18
9.011811627450140804e+03 8.818950346952221525e-18
9.017325833834200239e+03 8.455148839731132491e-18
9.022840040218270588e+03 8.294421186554743474e-18
9.028354246602319108e+03 1.038680907228824696e-17
9.033868452986389457e+03 7.782552855769672118e-18
9.039382659370450710e+03 8.065610769273452916e-18
9.044896865754510145e+03 1.336129540157471830e-17
9.050411072138569580e+03 9.097317245956210963e-18
9.055925278522630833e+03 9.327685237926741096e-18
9.061439484906690268e+03 1.386047979904371493e-18
9.066953691290749703e+03 7.206880759330664806e-18
9.072467897674809137e+03 1.779375057764302323e-17
9.077982104058870391e+03 7.472930496314376620e-18
9.083496310442929826e+03 1.734132230048078305e-17
9.089010516826989260e+03 1.598480759244981121e-17
9.094524723211050514e+03 1.096074357768023507e-17
9.100038929595109948e+03 7.972633764461678857e-18
9.105553135979180297e+03 9.279256024412383377e-18
9.111067342363239732e+03 4.967235642316028985e-18
9.116581548747299166e+03 5.840014629400196522e-18
9.122095755131360420e+03 1.379364270962847687e-17
9.127609961515410760e+03 7.035287626848072985e-18
9.133124167899479289e+03 1.643952698689288361e-18
9.138638374283540543e+03 1.105932900655845307e-17
9.144152580667599977e+03 3.380029490463116129e-18
9.149666787051659412e+03 1.233745477333804868e-17
9.155180993435720666e+03 1.871251748688684484e-17
9.160695199819780100e+03 1.002400391228802615e-18
9.166209406203839535e+03 3.989455135312989682e-18
9.171723612587900789e+03 1.075907712425090243e-17
9.177237818971960223e+03 1.293327041141631615e-17
9.182752025356030572e+03 1.230480153881457372e-17
9.188266231740090006e+03 3.838724647246457572e-18
9.193780438124149441e+03 5.193385283057729606e-18
9.199294644508212514e+03 6.520006686499742555e-18
9.204808850892270129e+03 4.178897804191051127e-18
9.210323057276329564e+03 1.082272782786800711e-17
9.215837263660390818e+03 1.235427234430282295e-17
9.221351470044450252e+03 1.645964646217415143e-17
9.226865676428509687e+03 1.155972634847024206e-17
9.232379882812569122e+03 4.735623900964476307e-18
