3301.06  1.402714E-16
3303.44  1.446444E-16
3305.82  1.020550E-16
3308.2  8.912862E-17
3310.581  9.466072E-17
3312.961  1.023240E-16
3315.341  7.806492E-17
3317.721  8.774662E-17
3320.101  1.509209E-16
3322.481  1.482078E-16
3324.861  1.430139E-16
3327.241  1.056972E-16
3329.622  9.484561E-17
3332.002  2.417629E-16
3334.382  1.445417E-16
3336.762  1.111513E-16
3339.142  8.825530E-17
3341.522  1.039981E-16
3343.902  1.317836E-16
3346.282  7.440664E-17
3348.663  4.614417E-17
3351.043  1.866316E-16
3353.423  1.052123E-16
3355.803  1.020711E-16
3358.183  1.598567E-17
3360.563  4.725071E-17
3362.943  1.280267E-16
3365.323  1.171715E-16
3367.704  5.409624E-17
3370.084  1.741980E-17
3372.464  7.372636E-17
3374.844  2.920886E-17
3377.224  4.396263E-17
3379.604  9.742519E-17
3381.984  1.779648E-16
3384.365  1.636575E-16
3386.745  1.520953E-16
3389.125  2.134345E-16
3391.505  1.489032E-16
3393.885  9.807155E-17
3396.265  6.650780E-17
3398.646  2.398769E-17
3401.026  2.332342E-17
3403.406  8.307239E-17
3405.786  1.273340E-16
3408.166  2.391897E-16
3410.546  1.921179E-16
3412.926  1.355056E-16
3415.306  1.104143E-16
3417.687  6.473205E-17
3420.067  8.610079E-17
3422.447  1.459780E-16
3424.827  9.371623E-17
3427.207  1.207231E-16
3429.587  9.228112E-17
3431.967  1.008791E-16
3434.347  1.762732E-16
3436.728  1.469545E-16
3439.108  1.081130E-16
3441.488  6.226897E-17
3443.868  7.330363E-17
3446.248  1.209607E-16
3448.628  5.204099E-17
3451.008  8.860500E-17
3453.388  1.261315E-16
3455.769  1.494120E-16
3458.149  9.883739E-17
3460.529  9.535962E-17
3462.909  1.202359E-16
3465.289  1.179954E-16
3467.669  9.806664E-17
3470.049  9.415503E-17
3472.429  8.961407E-17
3474.81  1.476399E-16
3477.19  1.611759E-16
3479.57  1.296352E-16
3481.95  7.367501E-17
3484.33  4.164801E-17
3486.71  5.749398E-17
3489.09  9.858068E-17
3491.47  1.288798E-16
3493.851  1.618452E-16
3496.231  1.723110E-16
3498.611  1.647238E-16
3500.991  2.146576E-16
3503.371  1.990176E-16
3505.751  1.725531E-16
3508.131  1.191410E-16
3510.511  1.500378E-16
3512.892  1.881121E-16
3515.272  1.499939E-16
3517.652  1.249977E-16
3520.032  1.591648E-16
3522.412  1.593767E-16
3524.792  1.207020E-16
3527.172  1.626913E-16
3529.552  2.166906E-16
3531.933  1.825507E-16
3534.313  1.805916E-16
3536.693  1.711620E-16
3539.073  1.819016E-16
3541.453  1.543024E-16
3543.833  1.398410E-16
3546.213  1.339950E-16
3548.594  1.196361E-16
3550.974  1.544761E-16
3553.354  1.639301E-16
3555.734  1.511122E-16
3558.114  1.573921E-16
3560.494  1.919332E-16
3562.875  2.076220E-16
3565.255  1.736560E-16
3567.635  1.883157E-16
3570.015  1.807240E-16
3572.395  1.545214E-16
3574.775  1.649689E-16
3577.155  1.702071E-16
3579.535  1.711659E-16
3581.916  1.585446E-16
3584.296  1.806223E-16
3586.676  1.567180E-16
3589.056  1.671162E-16
3591.436  1.399591E-16
3593.816  1.542556E-16
3596.196  1.840798E-16
3598.576  1.988002E-16
3600.957  1.734884E-16
3603.337  1.645435E-16
3605.717  1.596970E-16
3608.097  1.274924E-16
3610.477  1.786480E-16
3612.857  1.934851E-16
3615.237  1.416859E-16
3617.617  1.287564E-16
3619.998  1.267046E-16
3622.378  1.698502E-16
3624.758  1.617114E-16
3627.138  1.331149E-16
3629.518  1.305733E-16
3631.898  1.516483E-16
3634.278  1.731359E-16
3636.658  1.644787E-16
3639.039  1.929917E-16
3641.419  1.998901E-16
3643.799  1.757254E-16
3646.179  1.434385E-16
3648.559  1.581080E-16
3650.939  1.504274E-16
3653.319  1.369161E-16
3655.699  1.364334E-16
3658.08  1.267916E-16
3660.46  1.331821E-16
3662.84  1.449045E-16
3665.22  1.678491E-16
3667.6  1.630930E-16
3669.98  1.555701E-16
3672.36  1.678990E-16
3674.74  1.522708E-16
3677.121  1.785658E-16
3679.501  1.860032E-16
3681.881  1.667460E-16
3684.261  1.579839E-16
3686.641  1.659476E-16
3689.021  1.732183E-16
3691.401  1.629145E-16
3693.781  1.685180E-16
3696.162  1.497315E-16
3698.542  1.728571E-16
3700.922  2.019723E-16
3703.302  1.921505E-16
3705.682  1.781235E-16
3708.062  1.868774E-16
3710.442  1.833498E-16
3712.823  2.125404E-16
3715.203  1.940863E-16
3717.583  1.573688E-16
3719.963  1.364902E-16
3722.343  1.504475E-16
3724.723  1.759757E-16
3727.103  1.740050E-16
3729.483  1.779075E-16
3731.864  1.660373E-16
3734.244  1.843221E-16
3736.624  2.119658E-16
3739.004  2.351089E-16
3741.384  2.249545E-16
3743.764  1.617225E-16
3746.145  1.699088E-16
3748.525  2.098503E-16
3750.905  2.030641E-16
3753.285  1.991665E-16
3755.665  1.869151E-16
3758.045  1.735797E-16
3760.425  1.618692E-16
3762.805  1.545436E-16
3765.186  1.391640E-16
3767.566  1.720667E-16
3769.946  2.103093E-16
3772.326  2.258241E-16
3774.706  2.062301E-16
3777.086  2.052661E-16
3779.466  1.825542E-16
3781.846  1.849430E-16
3784.227  2.092534E-16
3786.607  2.176616E-16
3788.987  2.235159E-16
3791.367  2.161203E-16
3793.747  1.897300E-16
3796.127  1.851599E-16
3798.507  1.784821E-16
3800.887  2.014292E-16
3803.268  2.348885E-16
3805.648  2.112579E-16
3808.028  2.007139E-16
3810.408  2.171970E-16
3812.788  2.116813E-16
3815.168  2.106429E-16
3817.548  2.053762E-16
3819.928  2.064319E-16
3822.309  1.928681E-16
3824.689  2.063619E-16
3827.069  2.098608E-16
3829.449  2.023587E-16
3831.829  2.023429E-16
3834.209  2.112040E-16
3836.589  1.919787E-16
3838.969  1.757284E-16
3841.35  1.847873E-16
3843.73  1.968185E-16
3846.11  1.792845E-16
3848.49  1.727073E-16
3850.87  1.924933E-16
3853.25  2.035566E-16
3855.63  2.069657E-16
3858.01  2.064028E-16
3860.391  1.962117E-16
3862.771  1.914200E-16
3865.151  2.087365E-16
3867.531  2.190528E-16
3869.911  2.105961E-16
3872.291  1.885516E-16
3874.671  1.768553E-16
3877.052  1.908728E-16
3879.432  2.213046E-16
3881.812  2.112392E-16
3884.192  1.938795E-16
3886.572  1.852222E-16
3888.952  1.969054E-16
3891.332  1.851213E-16
3893.712  1.814625E-16
3896.093  1.817260E-16
3898.473  2.038679E-16
3900.853  2.110770E-16
3903.233  2.193998E-16
3905.613  1.993688E-16
3907.993  2.165654E-16
3910.374  2.112060E-16
3912.754  2.164392E-16
3915.134  2.361505E-16
3917.514  2.232479E-16
3919.894  2.127462E-16
3922.274  2.204756E-16
3924.654  2.249232E-16
3927.034  2.173645E-16
3929.415  2.213390E-16
3931.795  2.167454E-16
3934.175  1.987636E-16
3936.555  2.140244E-16
3938.935  2.538192E-16
3941.315  2.421500E-16
3943.695  2.243846E-16
3946.075  2.099068E-16
3948.456  2.337528E-16
3950.836  2.532224E-16
3953.216  2.357616E-16
3955.596  2.139007E-16
3957.976  1.972705E-16
3960.356  2.065770E-16
3962.736  2.173594E-16
3965.116  2.229617E-16
3967.497  2.306890E-16
3969.877  2.050634E-16
3972.257  1.848601E-16
3974.637  1.724465E-16
3977.017  1.476387E-16
3979.397  1.676679E-16
3981.777  1.701831E-16
3984.157  2.008818E-16
3986.538  2.217248E-16
3988.918  1.984888E-16
3991.298  1.907803E-16
3993.678  2.272813E-16
3996.058  2.337497E-16
3998.438  2.439722E-16
4000.818  2.545755E-16
4003.198  2.375303E-16
4005.579  2.214060E-16
4007.959  2.223328E-16
4010.339  2.563078E-16
4012.719  2.446172E-16
4015.099  2.127499E-16
4017.479  2.191368E-16
4019.859  2.133157E-16
4022.24  2.090995E-16
4024.62  2.024122E-16
4027.  2.152186E-16
4029.38  2.058669E-16
4031.76  2.032367E-16
4034.14  2.144973E-16
4036.52  1.947207E-16
4038.9  1.965100E-16
4041.281  2.021871E-16
4043.661  2.152485E-16
4046.041  1.941921E-16
4048.421  1.854934E-16
4050.801  1.910181E-16
4053.181  1.863498E-16
4055.561  2.070203E-16
4057.941  2.020510E-16
4060.322  1.981423E-16
4062.702  1.767621E-16
4065.082  1.826851E-16
4067.462  1.864460E-16
4069.842  1.735259E-16
4072.222  2.035213E-16
4074.602  2.047735E-16
4076.982  1.836072E-16
4079.363  1.722614E-16
4081.743  1.662667E-16
4084.123  1.956738E-16
4086.503  2.133000E-16
4088.883  2.127487E-16
4091.263  1.943592E-16
4093.644  1.742327E-16
4096.023  1.914090E-16
4098.404  2.381169E-16
4100.784  2.420991E-16
4103.164  2.284909E-16
4105.544  2.036183E-16
4107.924  2.017538E-16
4110.304  2.222082E-16
4112.685  2.530749E-16
4115.064  2.361488E-16
4117.445  2.292216E-16
4119.825  2.657313E-16
4122.205  2.623939E-16
4124.585  2.404135E-16
4126.965  2.397011E-16
4129.345  2.503763E-16
4131.726  2.278818E-16
4134.105  2.615298E-16
4136.486  2.652849E-16
4138.866  2.419304E-16
4141.246  2.267708E-16
4143.626  2.282987E-16
4146.006  2.379143E-16
4148.386  2.582528E-16
4150.767  2.744701E-16
4153.146  2.795124E-16
4155.527  2.616698E-16
4157.907  2.405083E-16
4160.287  2.215426E-16
4162.667  2.114400E-16
4165.047  2.333221E-16
4167.428  2.260466E-16
4169.808  2.256636E-16
4172.188  2.383459E-16
4174.568  2.266676E-16
4176.948  2.254550E-16
4179.328  2.286135E-16
4181.708  2.290229E-16
4184.088  2.057183E-16
4186.469  2.082607E-16
4188.849  2.282804E-16
4191.229  2.475843E-16
4193.609  2.100801E-16
4195.989  1.928324E-16
4198.369  1.964750E-16
4200.75  2.079515E-16
4203.129  1.917612E-16
4205.51  1.861204E-16
4207.89  1.895707E-16
4210.27  2.026510E-16
4212.65  2.084929E-16
4215.03  2.049783E-16
4217.41  2.013458E-16
4219.791  2.008114E-16
4222.17  1.813575E-16
4224.551  1.878394E-16
4226.931  2.084095E-16
4229.311  2.113662E-16
4231.691  1.981133E-16
4234.071  1.970917E-16
4236.451  2.031677E-16
4238.832  2.058073E-16
4241.211  2.233757E-16
4243.592  2.143622E-16
4245.972  2.224547E-16
4248.352  2.080111E-16
4250.732  2.073102E-16
4253.112  2.279089E-16
4255.492  2.396857E-16
4257.873  2.336568E-16
4260.252  2.291226E-16
4262.633  2.055577E-16
4265.013  2.078767E-16
4267.393  2.177926E-16
4269.773  2.250217E-16
4272.153  2.028209E-16
4274.533  1.916371E-16
4276.914  2.133455E-16
4279.293  2.494594E-16
4281.674  2.467346E-16
4284.054  2.196720E-16
4286.434  2.366645E-16
4288.814  2.377031E-16
4291.194  2.356771E-16
4293.574  2.444427E-16
4295.955  2.333196E-16
4298.334  2.236040E-16
4300.715  2.364077E-16
4303.095  2.358905E-16
4305.475  2.398763E-16
4307.855  2.440390E-16
4310.235  2.436398E-16
4312.615  2.477780E-16
4314.996  2.398843E-16
4317.375  2.376579E-16
4319.756  2.517670E-16
4322.136  2.622984E-16
4324.516  2.410382E-16
4326.896  2.211411E-16
4329.276  2.458923E-16
4331.656  2.423207E-16
4334.037  2.251541E-16
4336.417  2.296936E-16
4338.797  2.561504E-16
4341.177  2.392909E-16
4343.557  2.326548E-16
4345.937  2.412320E-16
4348.317  2.310660E-16
4350.698  1.963780E-16
4353.078  2.028836E-16
4355.458  2.297981E-16
4357.838  2.363781E-16
4360.218  2.610329E-16
4362.598  2.496369E-16
4364.979  2.450727E-16
4367.358  2.387855E-16
4369.739  2.357628E-16
4372.119  2.583912E-16
4374.499  2.724359E-16
4376.879  2.625167E-16
4379.259  2.397209E-16
4381.639  2.360929E-16
4384.02  2.388914E-16
4386.399  2.433299E-16
4388.78  2.492736E-16
4391.16  2.533288E-16
4393.54  2.659215E-16
4395.92  2.706676E-16
4398.3  2.750856E-16
4400.68  2.835951E-16
4403.061  2.806101E-16
4405.44  2.704361E-16
4407.821  2.801873E-16
4410.201  2.928875E-16
4412.581  2.835637E-16
4414.961  2.688121E-16
4417.341  2.625085E-16
4419.721  2.566242E-16
4422.102  2.437989E-16
4424.481  2.521653E-16
4426.862  2.733004E-16
4429.242  2.819481E-16
4431.622  2.766155E-16
4434.002  2.755149E-16
4436.382  2.765658E-16
4438.762  2.641322E-16
4441.143  2.472161E-16
4443.522  2.438971E-16
4445.903  2.510148E-16
4448.283  2.718481E-16
4450.663  2.743712E-16
4453.043  2.621973E-16
4455.423  2.481358E-16
4457.803  2.346899E-16
4460.184  2.261512E-16
4462.563  2.208084E-16
4464.944  2.379308E-16
4467.324  2.466857E-16
4469.704  2.355622E-16
4472.084  2.196307E-16
4474.464  2.260987E-16
4476.844  2.268115E-16
4479.225  2.305972E-16
4481.604  2.413243E-16
4483.985  2.388018E-16
4486.365  2.086655E-16
4488.745  2.084476E-16
4491.125  2.267327E-16
4493.505  2.342228E-16
4495.885  2.327265E-16
4498.266  2.321059E-16
4500.646  2.313396E-16
4503.026  2.425254E-16
4505.406  2.393939E-16
4507.786  2.297710E-16
4510.166  2.304017E-16
4512.546  2.185927E-16
4514.927  2.054257E-16
4517.307  1.942999E-16
4519.687  1.957613E-16
4522.067  2.123431E-16
4524.447  2.337805E-16
4526.827  2.129293E-16
4529.208  2.094045E-16
4531.587  2.104418E-16
4533.968  2.230411E-16
4536.348  2.261731E-16
4538.728  2.024557E-16
4541.108  1.970985E-16
4543.488  2.157982E-16
4545.868  2.224666E-16
4548.249  1.967033E-16
4550.628  1.973681E-16
4553.009  2.096193E-16
4555.389  1.904602E-16
4557.769  1.849295E-16
4560.149  1.859133E-16
4562.529  1.922253E-16
4564.909  2.036382E-16
4567.29  2.126185E-16
4569.669  2.352003E-16
4572.05  2.246282E-16
4574.43  2.178453E-16
4576.81  2.263386E-16
4579.19  2.213882E-16
4581.57  2.314681E-16
4583.95  2.351285E-16
4586.331  2.169457E-16
4588.71  2.004949E-16
4591.091  2.187556E-16
4593.471  2.405246E-16
4595.851  2.395759E-16
4598.231  2.078161E-16
4600.611  1.918137E-16
4602.991  1.926932E-16
4605.372  2.088032E-16
4607.751  2.123994E-16
4610.132  2.112177E-16
4612.512  2.085047E-16
4614.892  2.213465E-16
4617.272  2.195393E-16
4619.652  2.065077E-16
4622.032  2.007391E-16
4624.413  2.112482E-16
4626.792  1.827383E-16
4629.173  1.815937E-16
4631.553  1.875250E-16
4633.933  1.926337E-16
4636.313  1.983806E-16
4638.693  1.933468E-16
4641.073  2.014058E-16
4643.454  2.055798E-16
4645.833  1.953795E-16
4648.214  2.043371E-16
4650.594  1.809842E-16
4652.974  1.720794E-16
4655.354  1.773909E-16
4657.734  1.729107E-16
4660.114  1.718917E-16
4662.495  1.649023E-16
4664.875  1.777303E-16
4667.255  1.703708E-16
4669.635  1.713373E-16
4672.015  1.783736E-16
4674.395  1.889658E-16
4676.775  1.750479E-16
4679.155  1.816169E-16
4681.536  1.776245E-16
4683.916  1.683595E-16
4686.296  1.768131E-16
4688.676  1.874851E-16
4691.056  1.786866E-16
4693.437  1.608609E-16
4695.816  1.703046E-16
4698.197  1.892280E-16
4700.577  1.884104E-16
4702.957  1.769515E-16
4705.337  1.761764E-16
4707.717  1.938699E-16
4710.097  1.869430E-16
4712.478  1.763978E-16
4714.857  1.797433E-16
4717.238  1.745800E-16
4719.618  1.826176E-16
4721.998  1.871996E-16
4724.378  1.816525E-16
4726.758  1.836400E-16
4729.138  1.815330E-16
4731.519  1.730102E-16
4733.898  1.863404E-16
4736.279  1.777148E-16
4738.659  1.621754E-16
4741.039  1.850369E-16
4743.419  1.960190E-16
4745.799  1.909512E-16
4748.179  1.906717E-16
4750.56  1.910082E-16
4752.939  1.940772E-16
4755.32  1.962174E-16
4757.7  2.063607E-16
4760.08  2.076505E-16
4762.46  1.923049E-16
4764.84  1.890794E-16
4767.22  2.041794E-16
4769.601  2.031219E-16
4771.98  2.063760E-16
4774.361  2.150809E-16
4776.741  2.001849E-16
4779.121  1.874615E-16
4781.501  1.881845E-16
4783.881  1.959508E-16
4786.261  2.017585E-16
4788.642  1.947431E-16
4791.021  1.830266E-16
4793.402  1.860523E-16
4795.782  1.854617E-16
4798.162  1.921578E-16
4800.542  2.041936E-16
4802.922  2.052957E-16
4805.302  2.091571E-16
4807.683  2.234676E-16
4810.062  2.313306E-16
4812.443  2.231937E-16
4814.823  2.119873E-16
4817.203  2.031579E-16
4819.583  2.039482E-16
4821.963  1.915416E-16
4824.343  1.853137E-16
4826.724  1.988618E-16
4829.104  2.110621E-16
4831.484  1.956330E-16
4833.864  1.713575E-16
4836.244  1.802341E-16
4838.624  1.979584E-16
4841.004  1.751512E-16
4843.384  1.687753E-16
4845.765  1.899063E-16
4848.145  1.924584E-16
4850.525  1.838870E-16
4852.905  1.882845E-16
4855.285  1.902882E-16
4857.665  1.939094E-16
4860.045  1.958221E-16
4862.426  1.926054E-16
4864.806  2.034212E-16
4867.186  1.944631E-16
4869.566  1.810846E-16
4871.946  1.733072E-16
4874.326  1.660021E-16
4876.707  1.650050E-16
4879.086  1.827837E-16
4881.467  1.862657E-16
4883.847  1.613694E-16
4886.227  1.577651E-16
4888.607  1.642463E-16
4890.987  1.711730E-16
4893.367  1.802249E-16
4895.748  1.580339E-16
4898.127  1.692259E-16
4900.508  1.693455E-16
4902.888  1.722419E-16
4905.268  1.751366E-16
4907.648  1.894662E-16
4910.028  1.729782E-16
4912.408  1.821713E-16
4914.789  1.865263E-16
4917.168  1.795013E-16
4919.549  1.703110E-16
4921.929  1.675995E-16
4924.309  1.910595E-16
4926.689  2.021968E-16
4929.069  1.859438E-16
4931.449  1.879096E-16
4933.83  2.132986E-16
4936.209  1.975413E-16
4938.59  1.473571E-16
4940.97  1.578796E-16
4943.35  1.742859E-16
4945.73  1.661545E-16
4948.11  1.671134E-16
4950.49  1.814660E-16
4952.871  2.130678E-16
4955.25  2.062505E-16
4957.631  2.035558E-16
4960.011  1.739019E-16
4962.391  1.808137E-16
4964.771  2.210853E-16
4967.151  1.975717E-16
4969.531  2.136535E-16
4971.912  2.325561E-16
4974.292  2.386356E-16
4976.672  2.225475E-16
4979.052  2.315854E-16
4981.432  2.175437E-16
4983.812  2.293162E-16
4986.192  2.342509E-16
4988.572  2.181478E-16
4990.953  2.350003E-16
4993.333  2.496665E-16
4995.713  2.405685E-16
4998.093  2.526512E-16
5000.473  2.323472E-16
5002.853  2.305245E-16
5005.233  2.549235E-16
5007.613  2.419685E-16
5009.994  2.231660E-16
5012.374  2.521562E-16
5014.754  2.569183E-16
5017.134  2.478089E-16
5019.514  2.561750E-16
5021.894  2.534683E-16
5024.274  2.632935E-16
5026.654  2.415592E-16
5029.035  2.284338E-16
5031.415  2.436078E-16
5033.795  2.511739E-16
5036.175  2.705473E-16
5038.555  2.596792E-16
5040.936  2.668942E-16
5043.315  2.573461E-16
5045.696  2.595139E-16
5048.076  2.655605E-16
5050.456  2.780458E-16
5052.836  2.669618E-16
5055.216  2.630866E-16
5057.596  2.788929E-16
5059.977  2.801988E-16
5062.356  2.692928E-16
5064.737  2.513908E-16
5067.117  2.658730E-16
5069.497  2.892442E-16
5071.877  2.837779E-16
5074.257  2.838405E-16
5076.637  2.892889E-16
5079.018  2.841437E-16
5081.397  2.883654E-16
5083.778  2.830972E-16
5086.158  2.718139E-16
5088.538  2.694468E-16
5090.918  2.622075E-16
5093.298  2.622907E-16
5095.678  2.785285E-16
5098.059  2.870999E-16
5100.438  2.705753E-16
5102.819  2.843715E-16
5105.199  2.776775E-16
5107.579  2.766120E-16
5109.959  2.843505E-16
5112.339  2.834635E-16
5114.719  2.855771E-16
5117.1  2.826144E-16
5119.479  2.750011E-16
5121.86  2.878675E-16
5124.24  2.735590E-16
5126.62  2.731639E-16
5129.  2.712594E-16
5131.38  2.420621E-16
5133.76  2.353459E-16
5136.141  2.694969E-16
5138.521  2.803800E-16
5140.901  3.028272E-16
5143.281  3.077653E-16
5145.661  2.643555E-16
5148.041  2.319377E-16
5150.421  2.456243E-16
5152.801  2.778774E-16
5155.182  2.793837E-16
5157.562  2.751608E-16
5159.942  2.595558E-16
5162.322  2.552314E-16
5164.702  2.646548E-16
5167.082  2.774376E-16
5169.462  2.740543E-16
5171.842  2.576611E-16
5174.223  2.524216E-16
5176.603  2.533384E-16
5178.983  2.687182E-16
5181.363  2.642200E-16
5183.743  2.420832E-16
5186.123  2.404221E-16
5188.503  2.354720E-16
5190.883  2.234772E-16
5193.264  2.311575E-16
5195.644  2.454461E-16
5198.024  2.328488E-16
5200.404  2.248343E-16
5202.784  2.238297E-16
5205.165  2.097705E-16
5207.544  1.975008E-16
5209.925  1.983901E-16
5212.305  1.915837E-16
5214.685  1.873616E-16
5217.065  2.024979E-16
5219.445  2.099679E-16
5221.825  2.042654E-16
5224.206  2.013905E-16
5226.585  1.748151E-16
5228.966  1.651740E-16
5231.346  1.728021E-16
5233.726  1.797209E-16
5236.106  1.887424E-16
5238.486  2.076169E-16
5240.866  2.073590E-16
5243.247  1.855879E-16
5245.626  1.816772E-16
5248.007  2.011752E-16
5250.387  2.004651E-16
5252.767  1.915223E-16
5255.147  1.885578E-16
5257.527  1.992380E-16
5259.907  2.084729E-16
5262.288  1.968333E-16
5264.667  1.786686E-16
5267.048  1.699807E-16
5269.428  1.574127E-16
5271.808  1.611635E-16
5274.188  1.884716E-16
5276.568  1.835618E-16
5278.948  1.721618E-16
5281.329  1.642014E-16
5283.708  1.568493E-16
5286.089  1.516982E-16
5288.469  1.504522E-16
5290.849  1.457085E-16
5293.229  1.600988E-16
5295.609  1.613590E-16
5297.989  1.442334E-16
5300.37  1.499547E-16
5302.75  1.635617E-16
5305.13  1.639051E-16
5307.51  1.582229E-16
5309.89  1.603920E-16
5312.27  1.690561E-16
5314.65  1.719271E-16
5317.03  1.644704E-16
5319.411  1.689973E-16
5321.791  1.745103E-16
5324.171  1.711038E-16
5326.551  1.776407E-16
5328.931  1.745142E-16
5331.311  1.567768E-16
5333.691  1.553645E-16
5336.071  1.679184E-16
5338.452  1.675571E-16
5340.832  1.795319E-16
5343.212  1.780246E-16
5345.592  1.770370E-16
5347.972  1.772708E-16
5350.352  1.641575E-16
5352.732  1.560784E-16
5355.112  1.603731E-16
5357.493  1.726495E-16
5359.873  1.703392E-16
5362.253  1.601430E-16
5364.633  1.711663E-16
5367.013  1.656777E-16
5369.393  1.680917E-16
5371.773  1.785259E-16
5374.153  1.800109E-16
5376.534  1.787996E-16
5378.914  1.882273E-16
5381.294  1.817675E-16
5383.674  1.860925E-16
5386.054  2.019177E-16
5388.435  1.958124E-16
5390.814  1.766531E-16
5393.195  1.768002E-16
5395.575  1.897961E-16
5397.955  1.821463E-16
5400.335  1.603959E-16
5402.715  1.639900E-16
5405.095  1.617822E-16
5407.476  1.563887E-16
5409.855  1.593691E-16
5412.236  1.592635E-16
5414.616  1.512107E-16
5416.996  1.703867E-16
5419.376  1.798158E-16
5421.756  1.859132E-16
5424.136  1.895581E-16
5426.517  1.805282E-16
5428.896  1.792583E-16
5431.277  1.761985E-16
5433.657  1.853506E-16
5436.037  2.015025E-16
5438.417  2.015051E-16
5440.797  1.860911E-16
5443.177  1.878616E-16
5445.558  2.074733E-16
5447.937  2.071419E-16
5450.318  1.880385E-16
5452.698  1.909207E-16
5455.078  2.045763E-16
5457.458  2.044739E-16
5459.838  1.985718E-16
5462.218  1.985794E-16
5464.599  1.963637E-16
5466.979  1.862345E-16
5469.359  1.971707E-16
5471.739  2.125176E-16
5474.119  2.081312E-16
5476.499  1.923595E-16
5478.879  1.913604E-16
5481.259  2.008489E-16
5483.64  2.006597E-16
5486.02  1.977385E-16
5488.4  2.030923E-16
5490.78  2.114779E-16
5493.16  2.208970E-16
5495.54  2.240739E-16
5497.92  2.113325E-16
5500.3  1.991613E-16
5502.681  2.067237E-16
5505.061  2.138615E-16
5507.441  2.003692E-16
5509.821  1.844621E-16
5512.201  1.760582E-16
5514.581  1.734549E-16
5516.961  1.800435E-16
5519.341  1.858470E-16
5521.722  1.924201E-16
5524.102  1.928051E-16
5526.482  1.928086E-16
5528.862  2.009944E-16
5531.242  1.916909E-16
5533.622  1.861963E-16
5536.002  1.888158E-16
5538.382  1.949742E-16
5540.763  2.028830E-16
5543.143  2.036017E-16
5545.523  1.915338E-16
5547.903  1.934210E-16
5550.283  1.932427E-16
5552.664  1.767398E-16
5555.043  1.758821E-16
5557.424  1.755659E-16
5559.804  1.765043E-16
5562.184  1.763030E-16
5564.564  1.670697E-16
5566.944  1.544490E-16
5569.324  1.590406E-16
5571.705  1.618443E-16
5574.084  2.060390E-16
5576.465  2.612871E-16
5578.845  2.509003E-16
5581.225  2.083512E-16
5583.605  1.740131E-16
5585.985  1.719306E-16
5588.365  1.822527E-16
5590.746  1.807528E-16
5593.125  1.771815E-16
5595.506  1.775151E-16
5597.886  1.766104E-16
5600.266  1.802257E-16
5602.646  1.879229E-16
5605.026  1.875991E-16
5607.406  1.821375E-16
5609.787  1.746395E-16
5612.167  1.754064E-16
5614.547  1.804688E-16
5616.927  1.766990E-16
5619.307  1.679116E-16
5621.687  1.638728E-16
5624.067  1.684227E-16
5626.447  1.720987E-16
5628.828  1.705318E-16
5631.208  1.714808E-16
5633.588  1.670974E-16
5635.968  1.642229E-16
5638.348  1.690562E-16
5640.728  1.708244E-16
5643.108  1.628053E-16
5645.488  1.684133E-16
5647.869  1.668932E-16
5650.249  1.706439E-16
5652.629  1.729687E-16
5655.009  1.615618E-16
5657.389  1.719776E-16
5659.769  1.789219E-16
5662.149  1.706304E-16
5664.529  1.602172E-16
5666.91  1.610242E-16
5669.29  1.662824E-16
5671.67  1.604074E-16
5674.05  1.625570E-16
5676.43  1.681739E-16
5678.81  1.668539E-16
5681.19  1.636396E-16
5683.57  1.526159E-16
5685.951  1.473175E-16
5688.331  1.600808E-16
5690.711  1.748766E-16
5693.091  1.734995E-16
5695.471  1.729089E-16
5697.851  1.765449E-16
5700.231  1.732631E-16
5702.611  1.693148E-16
5704.992  1.725488E-16
5707.372  1.747427E-16
5709.752  1.856132E-16
5712.132  1.821938E-16
5714.512  1.747932E-16
5716.892  1.804847E-16
5719.272  1.862652E-16
5721.652  1.820350E-16
5724.033  1.759795E-16
5726.413  1.773790E-16
5728.793  1.858075E-16
5731.173  1.912087E-16
5733.553  1.866122E-16
5735.934  1.879534E-16
5738.313  1.918033E-16
5740.694  1.917713E-16
5743.074  1.906930E-16
5745.454  1.919279E-16
5747.834  1.900784E-16
5750.214  1.769390E-16
5752.594  1.735823E-16
5754.975  1.822415E-16
5757.354  1.796962E-16
5759.735  1.853543E-16
5762.115  1.908712E-16
5764.495  1.860274E-16
5766.875  1.798044E-16
5769.255  1.868045E-16
5771.635  2.002608E-16
5774.016  2.012067E-16
5776.396  2.012861E-16
5778.776  2.038622E-16
5781.156  2.028649E-16
5783.536  2.033893E-16
5785.916  2.015351E-16
5788.296  2.048520E-16
5790.676  2.018477E-16
5793.057  1.927839E-16
5795.437  1.942281E-16
5797.817  1.900456E-16
5800.197  1.985889E-16
5802.577  2.030734E-16
5804.957  1.924419E-16
5807.337  1.869941E-16
5809.717  1.956936E-16
5812.098  1.963589E-16
5814.478  1.918587E-16
5816.858  1.918269E-16
5819.238  1.942055E-16
5821.618  1.931157E-16
5823.998  1.923265E-16
5826.378  1.960611E-16
5828.758  2.064595E-16
5831.139  2.160725E-16
5833.519  2.138846E-16
5835.899  2.050257E-16
5838.279  1.988304E-16
5840.659  1.973743E-16
5843.039  1.983982E-16
5845.419  2.026457E-16
5847.799  2.124195E-16
5850.18  2.187260E-16
5852.56  2.209098E-16
5854.94  2.222104E-16
5857.32  2.263229E-16
5859.7  2.320886E-16
5862.08  2.235387E-16
5864.46  2.213531E-16
5866.84  2.226798E-16
5869.221  2.185106E-16
5871.601  2.176794E-16
5873.981  2.146211E-16
5876.361  2.204215E-16
5878.741  2.368017E-16
5881.121  2.429249E-16
5883.501  2.292837E-16
5885.881  2.232885E-16
5888.262  2.163024E-16
5890.642  2.241682E-16
5893.022  2.403901E-16
5895.402  2.428160E-16
5897.782  2.380212E-16
5900.163  2.393421E-16
5902.542  2.393407E-16
5904.923  2.356489E-16
5907.303  2.321174E-16
5909.683  2.287713E-16
5912.063  2.265049E-16
5914.443  2.264760E-16
5916.823  2.292095E-16
5919.204  2.254228E-16
5921.583  2.140858E-16
5923.964  2.175489E-16
5926.344  2.225906E-16
5928.724  2.310419E-16
5931.104  2.376363E-16
5933.484  2.343042E-16
5935.864  2.286074E-16
5938.245  2.178726E-16
5940.625  2.115651E-16
5943.005  2.102173E-16
5945.385  2.117401E-16
5947.765  2.167697E-16
5950.145  2.139651E-16
5952.525  2.101914E-16
5954.905  2.106938E-16
5957.286  2.108704E-16
5959.666  2.092739E-16
5962.046  2.153520E-16
5964.426  2.187003E-16
5966.806  2.187529E-16
5969.186  2.144629E-16
5971.566  2.073482E-16
5973.946  2.076836E-16
5976.327  2.116236E-16
5978.707  2.239383E-16
5981.087  2.265473E-16
5983.467  2.147620E-16
5985.847  2.125082E-16
5988.227  2.126706E-16
5990.607  2.074979E-16
5992.987  2.040037E-16
5995.368  2.080778E-16
5997.748  2.146984E-16
6000.128  2.182986E-16
6002.508  2.177919E-16
6004.888  2.124022E-16
6007.268  2.088513E-16
6009.648  2.133949E-16
6012.028  2.179556E-16
6014.409  2.094513E-16
6016.789  2.015310E-16
6019.169  2.101278E-16
6021.549  2.216615E-16
6023.929  2.142341E-16
6026.309  2.102893E-16
6028.689  2.007737E-16
6031.069  2.010289E-16
6033.45  2.141682E-16
6035.83  2.141601E-16
6038.21  1.980461E-16
6040.59  1.987290E-16
6042.97  2.031627E-16
6045.35  2.048681E-16
6047.73  2.052071E-16
6050.11  1.874451E-16
6052.491  1.780302E-16
6054.871  1.849640E-16
6057.251  1.979314E-16
6059.631  2.055821E-16
6062.011  2.042641E-16
6064.391  1.957619E-16
6066.771  1.922581E-16
6069.152  1.950206E-16
6071.532  2.012331E-16
6073.912  2.115166E-16
6076.292  2.199736E-16
6078.672  2.076973E-16
6081.052  2.001192E-16
6083.433  2.017283E-16
6085.812  1.965166E-16
6088.193  1.953830E-16
6090.573  1.993012E-16
6092.953  2.018878E-16
6095.333  2.031640E-16
6097.713  2.065261E-16
6100.093  2.091301E-16
6102.474  2.049153E-16
6104.854  1.995590E-16
6107.234  1.949776E-16
6109.614  1.919351E-16
6111.994  1.929816E-16
6114.374  1.965205E-16
6116.754  2.000223E-16
6119.134  1.995255E-16
6121.515  1.974265E-16
6123.895  1.977765E-16
6126.275  1.988946E-16
6128.655  2.024437E-16
6131.035  1.976553E-16
6133.415  1.879005E-16
6135.795  1.879923E-16
6138.175  1.978592E-16
6140.556  1.965947E-16
6142.936  1.925798E-16
6145.316  1.957278E-16
6147.696  2.021950E-16
6150.076  2.019988E-16
6152.456  1.944245E-16
6154.836  1.911362E-16
6157.216  1.860024E-16
6159.597  1.817357E-16
6161.977  1.844295E-16
6164.357  1.828790E-16
6166.737  1.816630E-16
6169.117  1.838505E-16
6171.497  1.884205E-16
6173.877  1.867293E-16
6176.257  1.757112E-16
6178.638  1.786025E-16
6181.018  1.847376E-16
6183.398  1.823714E-16
6185.778  1.774132E-16
6188.158  1.784835E-16
6190.538  1.781210E-16
6192.918  1.769124E-16
6195.298  1.728485E-16
6197.679  1.675504E-16
6200.059  1.638070E-16
6202.439  1.592005E-16
6204.819  1.570645E-16
6207.199  1.606768E-16
6209.579  1.662810E-16
6211.959  1.678889E-16
6214.339  1.658824E-16
6216.72  1.657702E-16
6219.1  1.645703E-16
6221.48  1.674457E-16
6223.86  1.731622E-16
6226.24  1.691727E-16
6228.62  1.552783E-16
6231.  1.511417E-16
6233.38  1.507366E-16
6235.761  1.489697E-16
6238.141  1.478961E-16
6240.521  1.429117E-16
6242.901  1.471624E-16
6245.281  1.484329E-16
6247.662  1.486366E-16
6250.042  1.529084E-16
6252.422  1.507642E-16
6254.802  1.477517E-16
6257.182  1.441017E-16
6259.562  1.452107E-16
6261.942  1.507795E-16
6264.322  1.533642E-16
6266.703  1.538185E-16
6269.083  1.497014E-16
6271.463  1.440249E-16
6273.843  1.397888E-16
6276.223  1.336413E-16
6278.603  1.239057E-16
6280.983  1.280057E-16
6283.363  1.373356E-16
6285.744  1.373947E-16
6288.124  1.288130E-16
6290.504  1.227083E-16
6292.884  1.228332E-16
6295.264  1.358933E-16
6297.644  1.729014E-16
6300.024  1.908117E-16
6302.404  1.502615E-16
6304.785  1.282341E-16
6307.165  1.227862E-16
6309.545  1.256521E-16
6311.925  1.316668E-16
6314.305  1.340665E-16
6316.685  1.331309E-16
6319.065  1.325597E-16
6321.445  1.313627E-16
6323.826  1.334196E-16
6326.206  1.358952E-16
6328.586  1.290102E-16
6330.966  1.254997E-16
6333.346  1.244770E-16
6335.726  1.255264E-16
6338.106  1.262153E-16
6340.486  1.223288E-16
6342.867  1.198748E-16
6345.247  1.246449E-16
6347.627  1.280822E-16
6350.007  1.265369E-16
6352.387  1.247153E-16
6354.767  1.229360E-16
6357.147  1.245556E-16
6359.527  1.303313E-16
6361.908  1.288771E-16
6364.288  1.191088E-16
6366.668  1.179687E-16
6369.048  1.213516E-16
6371.428  1.186782E-16
6373.808  1.181933E-16
6376.188  1.212039E-16
6378.568  1.183729E-16
6380.949  1.212328E-16
6383.329  1.229355E-16
6385.709  1.214163E-16
6388.089  1.207756E-16
6390.469  1.210487E-16
6392.849  1.177499E-16
6395.229  1.172785E-16
6397.609  1.185914E-16
6399.99  1.147282E-16
6402.37  1.097081E-16
6404.75  1.139104E-16
6407.13  1.127704E-16
6409.51  1.095885E-16
6411.89  1.097950E-16
6414.271  1.126566E-16
6416.651  1.133532E-16
6419.031  1.086586E-16
6421.411  1.096321E-16
6423.791  1.118387E-16
6426.171  1.124147E-16
6428.551  1.136994E-16
6430.932  1.110588E-16
6433.312  1.108354E-16
6435.692  1.090942E-16
6438.072  1.092997E-16
6440.452  1.127259E-16
6442.832  1.113999E-16
6445.212  1.151067E-16
6447.592  1.119203E-16
6449.973  1.088535E-16
6452.353  1.131097E-16
6454.733  1.154406E-16
6457.113  1.156962E-16
6459.493  1.136528E-16
6461.873  1.084846E-16
6464.253  1.072483E-16
6466.633  1.116799E-16
6469.014  1.082268E-16
6471.394  1.067583E-16
6473.774  1.109433E-16
6476.154  1.141610E-16
6478.534  1.147931E-16
6480.914  1.187795E-16
6483.294  1.193815E-16
6485.674  1.236535E-16
6488.055  1.247417E-16
6490.435  1.164099E-16
6492.815  1.081734E-16
6495.195  1.077650E-16
6497.575  1.158575E-16
6499.955  1.224156E-16
6502.335  1.212890E-16
6504.715  1.180111E-16
6507.096  1.197638E-16
6509.476  1.206970E-16
6511.856  1.172483E-16
6514.236  1.154317E-16
6516.616  1.183153E-16
6518.996  1.193759E-16
6521.376  1.204192E-16
6523.756  1.248607E-16
6526.137  1.254553E-16
6528.517  1.201685E-16
6530.897  1.185518E-16
6533.277  1.213701E-16
6535.657  1.209024E-16
6538.037  1.184147E-16
6540.417  1.205406E-16
6542.797  1.249298E-16
6545.178  1.215095E-16
6547.558  1.214761E-16
6549.938  1.253092E-16
6552.318  1.294585E-16
6554.698  1.301823E-16
6557.078  1.255853E-16
6559.458  1.258916E-16
6561.838  1.259509E-16
6564.219  1.198315E-16
6566.599  1.141729E-16
6568.979  1.194355E-16
6571.359  1.293755E-16
6573.739  1.295697E-16
6576.119  1.263530E-16
6578.5  1.257103E-16
6580.879  1.258393E-16
6583.26  1.304629E-16
6585.64  1.327059E-16
6588.02  1.365265E-16
6590.4  1.374192E-16
6592.78  1.311143E-16
6595.161  1.277725E-16
6597.541  1.283937E-16
6599.921  1.278479E-16
6602.301  1.323210E-16
6604.681  1.384296E-16
6607.061  1.328297E-16
6609.441  1.268278E-16
6611.821  1.220964E-16
6614.202  1.231270E-16
6616.582  1.278660E-16
6618.962  1.299707E-16
6621.342  1.323945E-16
6623.722  1.349863E-16
6626.102  1.337119E-16
6628.482  1.348588E-16
6630.862  1.406466E-16
6633.243  1.377235E-16
6635.623  1.268463E-16
6638.003  1.184822E-16
6640.383  1.206735E-16
6642.763  1.291710E-16
6645.143  1.333510E-16
6647.523  1.325439E-16
6649.903  1.294836E-16
6652.284  1.301006E-16
6654.664  1.306285E-16
6657.044  1.265081E-16
6659.424  1.270541E-16
6661.804  1.257303E-16
6664.184  1.223851E-16
6666.564  1.193474E-16
6668.944  1.171424E-16
6671.325  1.177164E-16
6673.705  1.253328E-16
6676.085  1.326344E-16
6678.465  1.304450E-16
6680.845  1.242494E-16
6683.225  1.244877E-16
6685.605  1.212537E-16
6687.985  1.210458E-16
6690.366  1.218152E-16
6692.746  1.214312E-16
6695.126  1.208769E-16
6697.506  1.160275E-16
6699.886  1.150552E-16
6702.266  1.181261E-16
6704.646  1.205066E-16
6707.026  1.212621E-16
6709.407  1.228300E-16
6711.787  1.223780E-16
6714.167  1.216369E-16
6716.547  1.220806E-16
6718.927  1.219418E-16
6721.307  1.203660E-16
6723.688  1.215793E-16
6726.067  1.225990E-16
6728.448  1.207979E-16
6730.828  1.196423E-16
6733.208  1.221998E-16
6735.588  1.239092E-16
6737.968  1.260152E-16
6740.348  1.300214E-16
6742.729  1.319734E-16
6745.108  1.288674E-16
6747.489  1.248851E-16
6749.869  1.226068E-16
6752.249  1.238635E-16
6754.629  1.240091E-16
6757.009  1.214459E-16
6759.389  1.225521E-16
6761.77  1.289419E-16
6764.15  1.337112E-16
6766.53  1.348596E-16
6768.91  1.352763E-16
6771.29  1.356379E-16
6773.67  1.333179E-16
6776.05  1.325536E-16
6778.431  1.354700E-16
6780.811  1.384111E-16
6783.191  1.384140E-16
6785.571  1.376362E-16
6787.951  1.353053E-16
6790.331  1.320666E-16
6792.711  1.354902E-16
6795.091  1.433461E-16
6797.472  1.433881E-16
6799.852  1.410381E-16
6802.232  1.410023E-16
6804.612  1.393393E-16
6806.992  1.371190E-16
6809.372  1.406312E-16
6811.752  1.453862E-16
6814.132  1.415055E-16
6816.513  1.370912E-16
6818.893  1.383268E-16
6821.273  1.402196E-16
6823.653  1.391174E-16
6826.033  1.411895E-16
6828.413  1.440282E-16
6830.793  1.452478E-16
6833.173  1.452383E-16
6835.554  1.442809E-16
6837.934  1.432003E-16
6840.314  1.457129E-16
6842.694  1.459476E-16
6845.074  1.419273E-16
6847.454  1.406227E-16
6849.834  1.430262E-16
6852.214  1.402453E-16
6854.595  1.339534E-16
6856.975  1.330754E-16
6859.355  1.396047E-16
6861.735  1.444167E-16
6864.115  1.412616E-16
6866.495  1.355360E-16
6868.875  1.338085E-16
6871.255  1.366429E-16
6873.636  1.374853E-16
6876.016  1.405575E-16
6878.396  1.421308E-16
6880.776  1.383908E-16
6883.156  1.347120E-16
6885.536  1.371780E-16
6887.917  1.379199E-16
6890.296  1.318825E-16
6892.677  1.306173E-16
6895.057  1.353232E-16
6897.437  1.362318E-16
6899.817  1.340556E-16
6902.197  1.361836E-16
6904.577  1.335189E-16
6906.958  1.314022E-16
6909.337  1.356548E-16
6911.718  1.373304E-16
6914.098  1.378951E-16
6916.478  1.365439E-16
6918.858  1.362049E-16
6921.238  1.368232E-16
6923.618  1.349330E-16
6925.999  1.328624E-16
6928.378  1.340449E-16
6930.759  1.340704E-16
6933.139  1.334678E-16
6935.519  1.340804E-16
6937.899  1.314031E-16
6940.279  1.314297E-16
6942.66  1.320998E-16
6945.04  1.368900E-16
6947.42  1.411353E-16
6949.8  1.331525E-16
6952.18  1.283155E-16
6954.56  1.284597E-16
6956.94  1.300300E-16
6959.32  1.320286E-16
6961.701  1.334953E-16
6964.081  1.342166E-16
6966.461  1.292421E-16
6968.841  1.290168E-16
6971.221  1.363872E-16
6973.601  1.420072E-16
6975.981  1.423788E-16
6978.361  1.418597E-16
6980.742  1.383409E-16
6983.122  1.353754E-16
6985.502  1.372086E-16
6987.882  1.417765E-16
6990.262  1.488718E-16
6992.642  1.515725E-16
6995.022  1.490602E-16
6997.402  1.433375E-16
6999.783  1.367373E-16
7002.163  1.353358E-16
7004.543  1.386711E-16
7006.923  1.441392E-16
7009.303  1.458791E-16
7011.683  1.420653E-16
7014.063  1.401179E-16
7016.443  1.424281E-16
7018.824  1.470860E-16
7021.204  1.491854E-16
7023.584  1.475700E-16
7025.964  1.473977E-16
7028.344  1.516795E-16
7030.724  1.547274E-16
7033.104  1.545046E-16
7035.484  1.537339E-16
7037.865  1.550929E-16
7040.245  1.586710E-16
7042.625  1.616849E-16
7045.005  1.617912E-16
7047.385  1.628661E-16
7049.765  1.663608E-16
7052.146  1.652038E-16
7054.525  1.631798E-16
7056.906  1.640749E-16
7059.286  1.650251E-16
7061.666  1.641323E-16
7064.046  1.641209E-16
7066.426  1.624781E-16
7068.806  1.610457E-16
7071.187  1.640783E-16
7073.566  1.711716E-16
7075.947  1.764345E-16
7078.327  1.765402E-16
7080.707  1.765140E-16
7083.087  1.748140E-16
7085.467  1.742127E-16
7087.847  1.787538E-16
7090.228  1.829427E-16
7092.607  1.853035E-16
7094.988  1.847719E-16
7097.368  1.815017E-16
7099.748  1.766766E-16
7102.128  1.727393E-16
7104.508  1.736505E-16
7106.889  1.747560E-16
7109.269  1.742718E-16
7111.649  1.769488E-16
7114.029  1.833533E-16
7116.409  1.829105E-16
7118.789  1.797634E-16
7121.169  1.800520E-16
7123.549  1.802036E-16
7125.93  1.774769E-16
7128.31  1.797901E-16
7130.69  1.833285E-16
7133.07  1.836268E-16
7135.45  1.827738E-16
7137.83  1.837353E-16
7140.21  1.835333E-16
7142.59  1.783148E-16
7144.971  1.738553E-16
7147.351  1.732879E-16
7149.731  1.759714E-16
7152.111  1.784556E-16
7154.491  1.745089E-16
7156.871  1.691474E-16
7159.251  1.667865E-16
7161.631  1.689347E-16
7164.012  1.738946E-16
7166.392  1.769947E-16
7168.772  1.761273E-16
7171.152  1.721573E-16
7173.532  1.705402E-16
7175.912  1.739281E-16
7178.292  1.767590E-16
7180.672  1.738347E-16
7183.053  1.718423E-16
7185.433  1.686695E-16
7187.813  1.636321E-16
7190.193  1.638970E-16
7192.573  1.679240E-16
7194.953  1.642358E-16
7197.333  1.618837E-16
7199.713  1.645337E-16
7202.094  1.643980E-16
7204.474  1.628491E-16
7206.854  1.642464E-16
7209.234  1.679000E-16
7211.614  1.688572E-16
7213.994  1.658965E-16
7216.375  1.637052E-16
7218.754  1.637007E-16
7221.135  1.659981E-16
7223.515  1.677500E-16
7225.895  1.665538E-16
7228.275  1.611392E-16
7230.655  1.509912E-16
7233.035  1.492808E-16
7235.416  1.539998E-16
7237.795  1.587080E-16
7240.176  1.627386E-16
7242.556  1.658820E-16
7244.936  1.662884E-16
7247.316  1.622844E-16
7249.696  1.585008E-16
7252.076  1.587846E-16
7254.457  1.596438E-16
7256.836  1.586403E-16
7259.217  1.544720E-16
7261.597  1.507932E-16
7263.977  1.513649E-16
7266.357  1.549626E-16
7268.737  1.577286E-16
7271.117  1.593366E-16
7273.498  1.572177E-16
7275.877  1.539128E-16
7278.258  1.539422E-16
7280.638  1.544106E-16
7283.018  1.533769E-16
7285.398  1.507526E-16
7287.778  1.488729E-16
7290.159  1.478560E-16
7292.539  1.455074E-16
7294.919  1.456490E-16
7297.299  1.471047E-16
7299.679  1.474903E-16
7302.059  1.496241E-16
7304.439  1.574868E-16
7306.819  1.650153E-16
7309.2  1.618797E-16
7311.58  1.582527E-16
7313.96  1.597305E-16
7316.34  1.588577E-16
7318.72  1.535922E-16
7321.1  1.463020E-16
7323.48  1.389478E-16
7325.86  1.386797E-16
7328.241  1.434346E-16
7330.621  1.399745E-16
7333.001  1.358348E-16
7335.381  1.345035E-16
7337.761  1.372777E-16
7340.141  1.394249E-16
7342.521  1.367013E-16
7344.901  1.380607E-16
7347.282  1.395566E-16
7349.662  1.403751E-16
7352.042  1.399789E-16
7354.422  1.364017E-16
7356.802  1.309627E-16
7359.182  1.250603E-16
7361.563  1.233644E-16
7363.942  1.290454E-16
7366.323  1.353611E-16
7368.703  1.321029E-16
7371.083  1.274285E-16
7373.463  1.252486E-16
7375.843  1.255158E-16
7378.223  1.263141E-16
7380.604  1.262075E-16
7382.983  1.266292E-16
7385.364  1.277881E-16
7387.744  1.285885E-16
7390.124  1.298388E-16
7392.504  1.313333E-16
7394.884  1.297377E-16
7397.264  1.298267E-16
7399.645  1.268292E-16
7402.024  1.205205E-16
7404.405  1.180631E-16
7406.785  1.224703E-16
7409.165  1.271768E-16
7411.545  1.264317E-16
7413.925  1.224875E-16
7416.305  1.204771E-16
7418.686  1.203080E-16
7421.065  1.174213E-16
7423.446  1.150382E-16
7425.826  1.129253E-16
7428.206  1.117936E-16
7430.586  1.121235E-16
7432.966  1.104637E-16
7435.346  1.143635E-16
7437.727  1.198441E-16
7440.106  1.222564E-16
7442.487  1.225977E-16
7444.867  1.219765E-16
7447.247  1.185547E-16
7449.627  1.170944E-16
7452.007  1.206844E-16
7454.388  1.240909E-16
7456.768  1.213169E-16
7459.148  1.179574E-16
7461.528  1.154464E-16
7463.908  1.122163E-16
7466.288  1.111100E-16
7468.668  1.142443E-16
7471.048  1.153250E-16
7473.429  1.153269E-16
7475.809  1.173867E-16
7478.189  1.205086E-16
7480.569  1.203161E-16
7482.949  1.159729E-16
7485.329  1.142813E-16
7487.709  1.148797E-16
7490.089  1.179441E-16
7492.47  1.213056E-16
7494.85  1.218644E-16
7497.23  1.242995E-16
7499.61  1.208895E-16
7501.99  1.179190E-16
7504.37  1.177858E-16
7506.75  1.153612E-16
7509.13  1.140746E-16
7511.511  1.088969E-16
7513.891  1.057004E-16
7516.271  1.075319E-16
7518.651  1.102676E-16
7521.031  1.102617E-16
7523.411  1.063991E-16
7525.792  1.064610E-16
7528.171  1.089578E-16
7530.552  1.072777E-16
7532.932  1.020754E-16
7535.312  9.962063E-17
7537.692  1.002254E-16
7540.072  1.047517E-16
7542.452  1.099265E-16
7544.833  1.110682E-16
7547.212  1.104912E-16
7549.593  1.086686E-16
7551.973  1.026792E-16
7554.353  9.715672E-17
7556.733  9.800982E-17
7559.113  1.013880E-16
7561.493  1.022455E-16
7563.874  9.925520E-17
7566.253  9.688711E-17
7568.634  9.861897E-17
7571.014  1.012986E-16
7573.394  1.001692E-16
7575.774  1.009171E-16
7578.154  9.911261E-17
7580.534  9.497268E-17
7582.915  1.126763E-16
7585.294  1.161334E-16
7587.675  1.212858E-16
7590.055  1.183068E-16
7592.435  1.076704E-16
7594.815  9.762508E-17
7597.195  8.809325E-17
7599.575  7.867122E-17
7601.956  7.374943E-17
7604.335  7.527413E-17
7606.716  7.942308E-17
7609.096  8.284422E-17
7611.476  8.970559E-17
7613.856  9.822730E-17
7616.236  1.035906E-16
7618.616  1.076521E-16
7620.997  1.119610E-16
7623.376  1.085452E-16
7625.757  1.055983E-16
7628.137  1.039167E-16
7630.517  1.009873E-16
7632.897  9.682578E-17
7635.277  9.402776E-17
7637.658  9.674106E-17
7640.038  9.485397E-17
7642.418  9.083516E-17
7644.798  9.141715E-17
7647.178  9.366652E-17
7649.558  9.618251E-17
7651.938  9.512739E-17
7654.318  9.375438E-17
7656.699  9.497938E-17
7659.079  9.640347E-17
7661.459  9.590902E-17
7663.839  9.406797E-17
7666.219  8.930078E-17
7668.599  8.589563E-17
7670.979  8.893099E-17
7673.359  9.464102E-17
7675.74  9.766212E-17
7678.12  9.568986E-17
7680.5  9.398177E-17
7682.88  9.764416E-17
7685.26  1.035586E-16
7687.64  1.043666E-16
7690.021  9.814679E-17
7692.4  9.218407E-17
7694.781  8.799402E-17
7697.161  8.761003E-17
7699.541  9.452321E-17
7701.921  9.688683E-17
7704.301  9.815616E-17
7706.681  9.805331E-17
7709.062  9.475102E-17
7711.441  9.701764E-17
7713.822  1.020716E-16
7716.202  1.038741E-16
7718.582  1.046650E-16
7720.962  1.016261E-16
7723.342  8.959971E-17
7725.722  8.694229E-17
7728.103  9.062392E-17
7730.482  9.583603E-17
7732.863  9.898915E-17
7735.243  9.736483E-17
7737.623  9.398813E-17
7740.003  9.201200E-17
7742.383  9.239748E-17
7744.763  9.991877E-17
7747.144  1.110586E-16
7749.523  1.097476E-16
7751.904  1.003899E-16
7754.284  9.481860E-17
7756.664  9.357677E-17
7759.044  9.346614E-17
7761.424  9.573843E-17
7763.804  9.622161E-17
7766.185  9.398831E-17
7768.564  1.019753E-16
7770.945  1.149452E-16
7773.325  1.144282E-16
7775.705  1.082736E-16
7778.085  1.028199E-16
7780.465  9.603276E-17
7782.845  8.964293E-17
7785.226  9.002553E-17
7787.605  9.756990E-17
7789.986  1.049675E-16
7792.366  1.121161E-16
7794.746  1.118628E-16
7797.126  1.033506E-16
7799.506  9.819885E-17
7801.887  9.565338E-17
7804.267  9.651576E-17
7806.647  9.968905E-17
7809.027  9.950753E-17
7811.407  9.439903E-17
7813.787  9.351034E-17
7816.167  9.482900E-17
7818.547  1.022754E-16
7820.928  1.070904E-16
7823.308  1.021456E-16
7825.688  1.013438E-16
7828.068  1.034091E-16
7830.448  1.059158E-16
7832.828  1.049719E-16
7835.208  1.020637E-16
7837.588  1.026370E-16
7839.969  1.013510E-16
7842.349  9.822435E-17
7844.729  9.274478E-17
7847.109  8.785537E-17
7849.489  9.127504E-17
7851.869  1.046965E-16
7854.25  1.122541E-16
7856.629  1.096626E-16
7859.01  1.025999E-16
7861.39  9.757437E-17
7863.77  9.643209E-17
7866.15  9.374626E-17
7868.53  9.950539E-17
7870.91  1.018246E-16
7873.291  9.491303E-17
7875.67  9.768862E-17
7878.051  1.031945E-16
7880.431  1.065188E-16
7882.811  1.036871E-16
7885.191  1.003738E-16
7887.571  1.047995E-16
7889.951  1.102244E-16
7892.332  1.145055E-16
7894.711  1.104184E-16
7897.092  1.017437E-16
7899.472  9.684272E-17
7901.852  9.229145E-17
7904.232  8.879301E-17
7906.612  8.941640E-17
7908.992  9.542727E-17
7911.373  1.026562E-16
7913.752  1.061293E-16
7916.133  1.094289E-16
7918.513  1.109806E-16
7920.893  1.124567E-16
7923.273  1.136222E-16
7925.653  1.095841E-16
7928.033  1.020118E-16
7930.414  1.088872E-16
7932.793  1.110272E-16
7935.174  1.052468E-16
7937.554  1.052263E-16
7939.934  1.034166E-16
7942.314  1.066698E-16
7944.694  1.066824E-16
7947.074  1.034447E-16
7949.455  1.054833E-16
7951.834  1.113495E-16
7954.215  1.093519E-16
7956.595  1.083508E-16
7958.975  1.117550E-16
7961.355  1.187616E-16
7963.735  1.293543E-16
7966.115  1.372212E-16
7968.496  1.367597E-16
7970.875  1.248056E-16
7973.256  1.133827E-16
7975.636  1.153609E-16
7978.016  1.237081E-16
7980.396  1.301817E-16
7982.776  1.267431E-16
7985.157  1.174792E-16
7987.537  1.127036E-16
7989.917  1.186885E-16
7992.297  1.369482E-16
7994.677  1.462379E-16
7997.057  1.344694E-16
7999.438  1.205095E-16
8001.817  1.264406E-16
8004.198  1.358681E-16
8006.578  1.369324E-16
8008.958  1.360106E-16
8011.338  1.388096E-16
8013.718  1.404082E-16
8016.098  1.369972E-16
8018.479  1.381184E-16
8020.858  1.411308E-16
8023.239  1.460531E-16
8025.619  1.535667E-16
8027.999  1.570041E-16
8030.379  1.532640E-16
8032.759  1.471821E-16
8035.139  1.419468E-16
8037.52  1.446736E-16
8039.899  1.583776E-16
8042.28  1.657864E-16
8044.66  1.618109E-16
8047.04  1.544570E-16
8049.42  1.575588E-16
8051.8  1.665354E-16
8054.18  1.591725E-16
8056.561  1.555518E-16
8058.94  1.584135E-16
8061.321  1.677172E-16
8063.701  1.755061E-16
8066.081  1.691318E-16
8068.461  1.681309E-16
8070.841  1.680523E-16
8073.221  1.650503E-16
8075.602  1.626467E-16
8077.981  1.616972E-16
8080.362  1.584069E-16
8082.742  1.602727E-16
8085.122  1.597597E-16
8087.502  1.545942E-16
8089.882  1.521114E-16
8092.262  1.524962E-16
8094.643  1.550870E-16
8097.022  1.560043E-16
8099.403  1.567205E-16
8101.783  1.576494E-16
8104.163  1.549805E-16
8106.543  1.535795E-16
8108.923  1.445512E-16
8111.303  1.405507E-16
8113.684  1.454015E-16
8116.063  1.458076E-16
8118.444  1.505866E-16
8120.824  1.539996E-16
8123.204  1.566402E-16
8125.584  1.586838E-16
8127.964  1.544420E-16
8130.344  1.429791E-16
8132.725  1.380780E-16
8135.104  1.382177E-16
8137.485  1.405117E-16
8139.865  1.450134E-16
8142.245  1.484535E-16
8144.625  1.478483E-16
8147.005  1.476793E-16
8149.386  1.465998E-16
8151.766  1.380057E-16
8154.146  1.252032E-16
8156.526  1.246577E-16
8158.906  1.241733E-16
8161.286  1.273106E-16
8163.667  1.287145E-16
8166.046  1.226810E-16
8168.427  1.281987E-16
8170.807  1.340481E-16
8173.187  1.347754E-16
8175.567  1.336843E-16
8177.947  1.351421E-16
8180.327  1.391060E-16
8182.708  1.412500E-16
8185.087  1.413766E-16
8187.468  1.426626E-16
8189.848  1.455976E-16
8192.228  1.437037E-16
8194.608  1.317115E-16
8196.988  1.311827E-16
8199.368  1.365433E-16
8201.748  1.345830E-16
8204.129  1.300469E-16
8206.509  1.341014E-16
8208.889  1.378533E-16
8211.269  1.416446E-16
8213.649  1.408591E-16
8216.029  1.347971E-16
8218.409  1.343069E-16
8220.789  1.342396E-16
8223.17  1.287547E-16
8225.55  1.222789E-16
8227.93  1.192050E-16
8230.31  1.180746E-16
8232.69  1.197362E-16
8235.07  1.196161E-16
8237.45  1.198125E-16
8239.83  1.219879E-16
8242.211  1.231386E-16
8244.591  1.215544E-16
8246.971  1.193739E-16
8249.351  1.178116E-16
8251.731  1.171626E-16
8254.111  1.150191E-16
8256.491  1.106152E-16
8258.871  1.143810E-16
8261.252  1.194856E-16
8263.632  1.220808E-16
8266.012  1.237457E-16
8268.392  1.239644E-16
8270.772  1.214391E-16
8273.152  1.196700E-16
8275.532  1.182223E-16
8277.912  1.149125E-16
8280.293  1.106347E-16
8282.673  1.100772E-16
8285.053  1.178168E-16
8287.433  1.227679E-16
8289.813  1.168809E-16
8292.193  1.084253E-16
8294.573  1.119195E-16
8296.953  1.241573E-16
8299.334  1.222954E-16
8301.714  1.097865E-16
8304.094  1.015701E-16
8306.474  1.009104E-16
8308.854  1.098880E-16
8311.234  1.202223E-16
8313.614  1.199983E-16
8315.994  1.159782E-16
8318.375  1.169511E-16
8320.755  1.094209E-16
8323.135  1.035461E-16
8325.516  1.055961E-16
8327.896  1.086889E-16
8330.275  1.071689E-16
8332.655  1.037368E-16
8335.036  9.259880E-17
8337.416  8.374758E-17
8339.796  1.011977E-16
8342.176  1.387504E-16
8344.557  1.544875E-16
8346.937  1.319946E-16
8349.316  1.027037E-16
8351.696  9.950866E-17
8354.077  1.105078E-16
8356.457  1.070082E-16
8358.837  9.951787E-17
8361.217  1.024705E-16
8363.598  1.089049E-16
8365.978  1.085921E-16
8368.357  9.858374E-17
8370.737  8.418703E-17
8373.118  8.186430E-17
8375.498  7.785369E-17
8377.878  8.385741E-17
8380.258  9.750546E-17
8382.639  9.347365E-17
8385.019  9.254942E-17
8387.398  8.051034E-17
8389.778  7.060599E-17
8392.159  6.970354E-17
8394.539  7.368204E-17
8396.919  9.667563E-17
8399.299  1.110038E-16
8401.68  9.803860E-17
8404.06  7.528067E-17
8406.439  6.744073E-17
8408.819  7.250660E-17
8411.2  7.954338E-17
8413.58  8.266991E-17
8415.96  7.958972E-17
8418.34  7.439282E-17
8420.721  7.162813E-17
8423.101  6.605054E-17
8425.48  7.151561E-17
8427.86  1.018893E-16
8430.241  1.252943E-16
8432.621  1.064251E-16
8435.001  7.989908E-17
8437.381  7.408942E-17
8439.762  7.953587E-17
8442.142  8.482522E-17
8444.521  8.986042E-17
8446.901  9.207456E-17
8449.282  8.802143E-17
8451.662  8.840685E-17
8454.042  8.597754E-17
8456.422  7.535607E-17
8458.803  7.326374E-17
8461.183  8.921870E-17
8463.563  9.974780E-17
8465.942  9.286469E-17
8468.323  7.789678E-17
8470.703  6.720168E-17
8473.083  6.201679E-17
8475.463  6.483700E-17
8477.844  7.565984E-17
8480.224  7.915226E-17
8482.604  6.969468E-17
8484.983  6.533591E-17
8487.364  6.215706E-17
8489.744  6.764896E-17
8492.124  7.610704E-17
8494.505  7.978026E-17
8496.885  8.059784E-17
8499.265  7.548849E-17
8501.645  8.037912E-17
8504.025  8.634254E-17
8506.405  7.891961E-17
8508.785  6.845599E-17
8511.165  7.601761E-17
8513.546  8.142013E-17
8515.926  8.037944E-17
8518.306  7.737731E-17
8520.686  7.430280E-17
8523.066  7.449459E-17
8525.446  8.305642E-17
8527.826  9.313074E-17
8530.206  9.571093E-17
8532.587  9.527259E-17
8534.967  1.007660E-16
8537.347  1.011201E-16
8539.727  9.962737E-17
8542.107  9.512848E-17
8544.487  8.756208E-17
8546.867  8.401441E-17
8549.247  8.890889E-17
8551.628  9.522554E-17
8554.008  1.075596E-16
8556.388  1.155379E-16
8558.768  1.087364E-16
8561.148  1.020573E-16
8563.528  1.010612E-16
8565.908  1.026072E-16
8568.288  1.065925E-16
8570.669  1.095848E-16
8573.049  1.065946E-16
8575.429  1.076739E-16
8577.809  1.086376E-16
8580.189  1.091238E-16
8582.569  1.087710E-16
8584.949  1.069116E-16
8587.329  1.092409E-16
8589.71  1.109122E-16
8592.09  1.071000E-16
8594.47  1.058585E-16
8596.85  1.120574E-16
8599.23  1.154811E-16
8601.61  1.196849E-16
8603.99  1.193493E-16
8606.37  1.142794E-16
8608.751  1.081070E-16
8611.131  1.050157E-16
8613.511  1.133879E-16
8615.891  1.134446E-16
8618.271  1.154564E-16
8620.651  1.259028E-16
8623.031  1.316108E-16
8625.411  1.345278E-16
8627.792  1.332189E-16
8630.172  1.272025E-16
8632.552  1.220578E-16
8634.932  1.216575E-16
8637.313  1.214968E-16
8639.692  1.203582E-16
8642.072  1.149033E-16
8644.45200000002  1.156579E-16
8646.833  1.238730E-16
8649.213  1.235832E-16
8651.593  1.194711E-16
8653.973  1.211085E-16
8656.354  1.299084E-16
8658.733  1.314330E-16
8661.113  1.207017E-16
8663.494  1.250047E-16
8665.874  1.447659E-16
8668.254  1.509417E-16
8670.634  1.385431E-16
8673.015  1.265923E-16
8675.395  1.237000E-16
8677.774  1.351658E-16
8680.154  1.344042E-16
8682.535  1.252428E-16
8684.915  1.275216E-16
8687.295  1.359349E-16
8689.675  1.365419E-16
8692.056  1.386567E-16
8694.436  1.388386E-16
8696.815  1.312777E-16
8699.195  1.229922E-16
8701.576  1.228731E-16
8703.956  1.303471E-16
8706.336  1.321701E-16
8708.716  1.286727E-16
8711.097  1.304790E-16
8713.477  1.355354E-16
8715.856  1.349311E-16
8718.236  1.336430E-16
8720.617  1.370796E-16
8722.997  1.397864E-16
8725.377  1.342352E-16
8727.757  1.281189E-16
8730.138  1.255813E-16
8732.518  1.269916E-16
8734.897  1.297468E-16
8737.277  1.290045E-16
8739.658  1.226201E-16
8742.038  1.212139E-16
8744.418  1.262311E-16
8746.798  1.261471E-16
8749.179  1.189088E-16
8751.559  1.180334E-16
8753.938  1.124331E-16
8756.318  1.134109E-16
8758.699  1.182072E-16
8761.079  1.140724E-16
8763.459  1.079731E-16
8765.839  1.203482E-16
8768.22  1.332415E-16
8770.6  1.267224E-16
8772.979  1.226771E-16
8775.359  1.516476E-16
8777.74  1.800610E-16
8780.12  1.544879E-16
8782.5  1.174298E-16
8784.88  1.079741E-16
8787.261  1.143109E-16
8789.641  1.237574E-16
8792.021  1.327594E-16
8794.4  1.283215E-16
8796.781  1.187016E-16
8799.161  1.180162E-16
8801.541  1.209669E-16
8803.921  1.194952E-16
8806.302  1.126570E-16
8808.682  1.075338E-16
8811.062  1.094067E-16
8813.441  1.145437E-16
8815.822  1.143602E-16
8818.202  1.072065E-16
8820.582  9.734639E-17
8822.962  1.214325E-16
8825.343  1.735362E-16
8827.723  1.681612E-16
8830.103  1.256320E-16
8832.482  1.033702E-16
8834.863  1.040601E-16
8837.243  1.060452E-16
8839.623  1.111715E-16
8842.004  1.096257E-16
8844.384  1.109283E-16
8846.764  1.127959E-16
8849.144  1.118805E-16
8851.524  1.084144E-16
8853.904  9.446939E-17
8856.284  9.143317E-17
8858.664  9.311061E-17
8861.045  9.546792E-17
8863.425  1.068993E-16
8865.805  1.214818E-16
8868.185  1.214500E-16
8870.565  1.089651E-16
8872.945  9.630555E-17
8875.325  8.500251E-17
8877.705  7.236576E-17
8880.086  7.965778E-17
8882.466  1.089814E-16
8884.846  1.235930E-16
8887.226  1.077440E-16
8889.606  9.187192E-17
8891.986  9.632280E-17
8894.366  9.656021E-17
8896.746  9.004452E-17
8899.127  9.076864E-17
8901.507  9.649262E-17
8903.887  8.829845E-17
8906.267  7.522517E-17
8908.647  7.302810E-17
8911.027  7.712589E-17
8913.407  8.371219E-17
8915.787  1.003489E-16
8918.168  1.088124E-16
8920.548  1.048449E-16
8922.928  9.069162E-17
8925.308  8.103049E-17
8927.688  8.474268E-17
8930.068  7.995974E-17
8932.448  7.710088E-17
8934.828  7.537857E-17
8937.209  7.412757E-17
8939.589  8.239484E-17
8941.969  9.888452E-17
8944.349  9.494127E-17
8946.729  8.239912E-17
8949.109  7.283666E-17
8951.489  6.811569E-17
8953.869  7.519724E-17
8956.25  9.209717E-17
8958.63  9.850804E-17
8961.01  8.668468E-17
8963.39  7.532835E-17
8965.771  7.989833E-17
8968.15  8.066658E-17
8970.53  7.977676E-17
8972.91  7.795281E-17
8975.291  7.202745E-17
8977.671  6.405108E-17
8980.051  6.221537E-17
8982.431  6.694999E-17
8984.812  7.219194E-17
8987.191  7.189862E-17
8989.571  6.655127E-17
8991.951  6.414742E-17
8994.332  7.270772E-17
8996.712  8.840980E-17
8999.092  9.881562E-17
9001.472  9.163077E-17
9003.853  7.230610E-17
9006.232  6.733013E-17
9008.612  6.902880E-17
9010.993  7.000044E-17
9013.373  7.260436E-17
9015.753  7.541977E-17
9018.133  6.955826E-17
9020.514  6.517667E-17
9022.894  6.698685E-17
9025.273  6.880143E-17
9027.653  6.591051E-17
9030.034  6.320783E-17
9032.414  6.456343E-17
9034.794  6.743850E-17
9037.174  6.924659E-17
9039.555  6.958538E-17
9041.935  6.998544E-17
9044.314  7.282821E-17
9046.694  7.529015E-17
9049.075  7.910075E-17
9051.455  8.241021E-17
9053.835  8.093246E-17
9056.215  7.767802E-17
9058.596  7.656218E-17
9060.976  7.455427E-17
9063.355  7.068326E-17
9065.735  6.871970E-17
9068.116  7.020445E-17
9070.496  6.953585E-17
9072.876  6.745695E-17
9075.256  6.444585E-17
9077.637  6.046608E-17
9080.017  5.933071E-17
9082.396  6.618104E-17
9084.776  7.149755E-17
9087.157  7.244053E-17
9089.537  7.029712E-17
9091.917  6.557720E-17
9094.297  6.133773E-17
9096.678  6.340196E-17
9099.058  6.682223E-17
9101.437  6.808933E-17
9103.817  6.960710E-17
9106.198  7.307822E-17
9108.578  7.588167E-17
9110.958  7.848756E-17
9113.338  7.517582E-17
9115.719  6.330888E-17
9118.099  5.321959E-17
9120.479  5.704354E-17
9122.858  6.231414E-17
9125.239  6.375910E-17
9127.619  6.293688E-17
9129.999  6.019179E-17
9132.379  5.738150E-17
9134.76  6.207891E-17
9137.14  6.280388E-17
9139.52  6.044847E-17
9141.899  6.307170E-17
9144.28  6.498445E-17
9146.66  6.301009E-17
9149.04  6.257388E-17
9151.42  6.199618E-17
9153.801  5.795014E-17
9156.181  5.491129E-17
9158.561  5.846738E-17
9160.94  6.214510E-17
9163.321  6.073361E-17
9165.701  6.024032E-17
9168.081  6.307324E-17
9170.461  5.807705E-17
9172.842  5.778422E-17
9175.222  6.324212E-17
9177.602  6.460492E-17
9179.981  6.116048E-17
9182.362  6.364015E-17
9184.742  6.714134E-17
9187.122  6.394812E-17
9189.503  6.059631E-17
9191.883  6.234770E-17
9194.263  6.338024E-17
9196.643  6.277290E-17
9199.023  6.219571E-17
9201.403  6.064907E-17
9203.783  6.051764E-17
9206.163  6.302860E-17
9208.544  6.332201E-17
9210.924  7.145365E-17
9213.304  7.471906E-17
9215.684  7.171450E-17
9218.064  6.747397E-17
9220.444  5.802029E-17
9222.824  5.964277E-17
9225.204  6.586943E-17
9227.585  6.586283E-17
9229.965  6.175560E-17
9232.345  6.258579E-17
9234.725  6.620555E-17
9237.105  6.550803E-17
9239.485  6.264786E-17
9241.865  6.379617E-17
9244.245  6.647401E-17
9246.626  6.152900E-17
9249.006  5.785391E-17
9251.386  5.520373E-17
9253.766  5.915834E-17
9256.146  7.009421E-17
9258.526  7.287598E-17
9260.906  6.971746E-17
9263.286  6.314580E-17
9265.667  5.667160E-17
9268.047  5.655176E-17
9270.427  6.400587E-17
9272.807  6.618596E-17
9275.187  6.328158E-17
9277.567  6.228491E-17
9279.947  6.642630E-17
9282.327  7.007053E-17
9284.708  6.582510E-17
9287.088  6.208548E-17
9289.468  6.405225E-17
9291.848  6.490061E-17
9294.229  6.068664E-17
9296.608  5.950610E-17
9298.988  6.074401E-17
9301.368  6.235867E-17
9303.749  7.210089E-17
9306.129  9.414178E-17
9308.509  1.323742E-16
9310.889  1.306031E-16
9313.27  9.275278E-17
9315.649  5.869733E-17
9318.029  5.928225E-17
9320.409  7.456533E-17
9322.79  5.349639E-17
9325.17  2.573870E-17
9327.55  2.675830E-17
9329.93  4.545438E-17
9332.311  5.835012E-17
9334.69  6.600500E-17
9337.07  7.068173E-17
9339.45  7.179885E-17
9341.831  6.593565E-17
9344.211  5.749502E-17
9346.591  5.668291E-17
9348.971  6.090579E-17
9351.352  6.760995E-17
9353.731  6.748713E-17
9356.111  6.273476E-17
9358.492  6.335888E-17
9360.872  6.575525E-17
9363.252  6.934004E-17
9365.632  6.370756E-17
9368.013  5.354371E-17
9370.393  6.018066E-17
9372.772  7.737126E-17
9375.152  3.886393E-17
9377.533  7.510685E-18
9379.913  2.666248E-17
9382.293  6.395338E-17
9384.673  7.322969E-17
9387.054  7.246062E-17
9389.434  7.094287E-17
9391.813  7.077023E-17
9394.193  7.128465E-17
9396.574  7.198017E-17
9398.954  7.213957E-17
9401.334  6.309767E-17
9403.714  5.703105E-17
9406.095  5.921378E-17
9408.475  6.194588E-17
9410.854  6.266957E-17
9413.234  6.595627E-17
9415.615  8.557288E-17
9417.995  1.062008E-16
9420.375  1.042512E-16
9422.755  8.448285E-17
9425.136  7.020726E-17
9427.516  6.092668E-17
9429.896  5.641505E-17
9432.275  5.921752E-17
9434.656  7.674197E-17
9437.036  1.154758E-16
9439.416  1.349599E-16
9441.796  1.263279E-16
9444.177  1.120431E-16
9446.557  1.013022E-16
9448.937  8.054334E-17
9451.316  6.796511E-17
9453.697  6.680718E-17
9456.077  6.275653E-17
9458.457  5.229543E-17
9460.837  5.130637E-17
9463.218  6.398366E-17
9465.598  7.124182E-17
9467.978  7.457401E-17
9470.357  8.632649E-17
9472.738  1.021159E-16
9475.118  1.017504E-16
9477.498  8.527095E-17
9479.878  7.028378E-17
9482.259  6.526987E-17
9484.639  6.385586E-17
9487.019  6.101904E-17
9489.398  6.204819E-17
9491.779  6.365074E-17
9494.159  6.469231E-17
9496.539  7.092338E-17
9498.919  8.391044E-17
9501.3  9.012950E-17
9503.68  8.505189E-17
9506.06  8.118489E-17
9508.439  8.034424E-17
9510.82  7.553576E-17
9513.2  7.632474E-17
9515.58  7.731666E-17
9517.96  8.895238E-17
9520.341  9.797319E-17
9522.721  9.118954E-17
9525.101  9.068529E-17
9527.48  9.076873E-17
9529.861  8.461286E-17
9532.241  7.749426E-17
9534.621  7.416610E-17
9537.002  7.000354E-17
9539.382  6.395018E-17
9541.762  5.842596E-17
9544.142  5.753729E-17
9546.522  6.495157E-17
9548.902  7.320860E-17
9551.282  6.671096E-17
9553.662  6.993807E-17
9556.043  7.228432E-17
9558.423  6.739596E-17
9560.803  7.119911E-17
9563.183  8.805731E-17
9565.563  9.463600E-17
9567.943  8.942424E-17
9570.323  8.440436E-17
9572.703  8.673835E-17
9575.084  9.304183E-17
9577.464  9.654775E-17
9579.844  9.213218E-17
9582.224  8.615272E-17
9584.604  8.347112E-17
9586.984  8.052101E-17
9589.364  7.611641E-17
9591.744  7.665344E-17
9594.125  8.670776E-17
9596.505  9.479102E-17
9598.885  9.139108E-17
9601.265  8.901799E-17
9603.646  9.626813E-17
9606.025  1.150700E-16
9608.405  1.162709E-16
9610.785  9.458385E-17
9613.166  8.524591E-17
9615.546  8.110981E-17
9617.926  7.727662E-17
9620.306  7.575596E-17
9622.687  7.989661E-17
9625.066  8.858609E-17
9627.446  9.419552E-17
9629.826  8.627904E-17
9632.207  8.409530E-17
9634.587  9.070131E-17
9636.967  8.998901E-17
9639.347  8.220691E-17
9641.728  7.510789E-17
9644.107  7.994355E-17
9646.487  8.935941E-17
9648.867  9.121630E-17
9651.248  8.619160E-17
9653.628  7.787013E-17
9656.008  8.319788E-17
9658.388  9.013573E-17
9660.769  8.496036E-17
9663.148  7.606734E-17
9665.528  7.236975E-17
9667.908  7.114236E-17
9670.289  6.892419E-17
9672.669  7.078329E-17
9675.049  8.051494E-17
9677.429  8.983459E-17
9679.81  9.310005E-17
9682.189  9.061678E-17
9684.569  8.854111E-17
9686.949  9.134141E-17
9689.33  9.509455E-17
9691.71  9.177183E-17
9694.09  8.485019E-17
9696.47  7.947616E-17
9698.851  7.363886E-17
9701.23  6.587728E-17
