3800.  3.201566E-16
3801.25  3.708265E-16
3802.5  4.592433E-16
3803.75  5.009704E-16
3805.  5.229324E-16
3806.25  4.431613E-16
3807.5  4.841798E-16
3808.75  6.068451E-16
3810.  5.563009E-16
3811.25  4.514166E-16
3812.5  4.269504E-16
3813.75  3.799426E-16
3815.  4.695776E-16
3816.25  4.805454E-16
3817.5  5.373887E-16
3818.75  5.108085E-16
3820.  4.381081E-16
3821.25  5.828112E-16
3822.5  5.947443E-16
3823.75  5.466508E-16
3825.  4.608273E-16
3826.25  5.011215E-16
3827.5  4.351275E-16
3828.75  3.768574E-16
3830.  4.257801E-16
3831.25  5.242252E-16
3832.5  4.653733E-16
3833.75  4.309989E-16
3835.  3.683768E-16
3836.25  3.645963E-16
3837.5  4.295251E-16
3838.75  4.575152E-16
3840.  4.219437E-16
3841.25  4.569724E-16
3842.5  3.862311E-16
3843.75  3.326760E-16
3845.  3.895757E-16
3846.25  4.703429E-16
3847.5  4.643876E-16
3848.75  3.826683E-16
3850.  3.904297E-16
3851.25  4.642024E-16
3852.5  5.390534E-16
3853.75  5.739943E-16
3855.  5.151421E-16
3856.25  3.931253E-16
3857.5  3.860328E-16
3858.75  4.078437E-16
3860.  4.074822E-16
3861.25  5.418960E-16
3862.5  5.130621E-16
3863.75  4.743142E-16
3865.  4.645298E-16
3866.25  4.602047E-16
3867.5  4.602725E-16
3868.75  4.904255E-16
3870.  4.387756E-16
3871.25  5.250685E-16
3872.5  4.925656E-16
3873.75  4.219859E-16
3875.  4.082841E-16
3876.25  4.450112E-16
3877.5  3.775772E-16
3878.75  4.113410E-16
3880.  4.730437E-16
3881.25  4.367437E-16
3882.5  4.495493E-16
3883.75  4.159075E-16
3885.  4.638272E-16
3886.25  5.054992E-16
3887.5  4.760236E-16
3888.75  3.964636E-16
3890.  4.376551E-16
3891.25  4.723427E-16
3892.5  4.328642E-16
3893.75  4.020570E-16
3895.  4.536313E-16
3896.25  4.315822E-16
3897.5  4.350269E-16
3898.75  4.545340E-16
3900.  4.952829E-16
3901.25  5.134730E-16
3902.5  4.719102E-16
3903.75  4.590245E-16
3905.  4.281958E-16
3906.25  4.509715E-16
3907.5  4.938973E-16
3908.75  4.974368E-16
3910.  4.512218E-16
3911.25  4.638384E-16
3912.5  5.383666E-16
3913.75  5.127850E-16
3915.  4.476591E-16
3916.25  4.959700E-16
3917.5  5.010340E-16
3918.75  4.557841E-16
3920.  4.653136E-16
3921.25  4.898379E-16
3922.5  4.193721E-16
3923.75  4.434288E-16
3925.  5.093037E-16
3926.25  4.543990E-16
3927.5  4.925544E-16
3928.75  4.473640E-16
3930.  5.068092E-16
3931.25  4.760263E-16
3932.5  4.207211E-16
3933.75  4.305421E-16
3935.  4.870256E-16
3936.25  5.058075E-16
3937.5  4.614750E-16
3938.75  4.299255E-16
3940.  4.719600E-16
3941.25  5.021573E-16
3942.5  4.853600E-16
3943.75  4.737776E-16
3945.  5.140848E-16
3946.25  4.467765E-16
3947.5  4.550641E-16
3948.75  4.720183E-16
3950.  4.894967E-16
3951.25  4.750154E-16
3952.5  4.764349E-16
3953.75  4.713573E-16
3955.  5.228857E-16
3956.25  5.254139E-16
3957.5  5.000225E-16
3958.75  4.895991E-16
3960.  5.070565E-16
3961.25  4.595514E-16
3962.5  4.854764E-16
3963.75  5.177545E-16
3965.  4.738156E-16
3966.25  4.816894E-16
3967.5  5.084414E-16
3968.75  5.277983E-16
3970.  4.933364E-16
3971.25  4.733811E-16
3972.5  4.683497E-16
3973.75  5.052738E-16
3975.  5.020883E-16
3976.25  5.047167E-16
3977.5  5.593382E-16
3978.75  5.390304E-16
3980.  4.971968E-16
3981.25  5.076318E-16
3982.5  5.316566E-16
3983.75  5.415697E-16
3985.  5.202168E-16
3986.25  5.327887E-16
3987.5  5.077714E-16
3988.75  5.185791E-16
3990.  5.133519E-16
3991.25  5.179553E-16
3992.5  4.599105E-16
3993.75  4.624886E-16
3995.  5.467311E-16
3996.25  5.329806E-16
3997.5  5.572734E-16
3998.75  5.182931E-16
4000.  5.173782E-16
4001.25  4.821406E-16
4002.5  5.042629E-16
4003.75  5.400469E-16
4005.  5.080302E-16
4006.25  5.180248E-16
4007.5  4.966695E-16
4008.75  4.739102E-16
4010.  5.437308E-16
4011.25  5.141585E-16
4012.5  5.004008E-16
4013.75  4.994888E-16
4015.  4.758960E-16
4016.25  4.754446E-16
4017.5  4.655598E-16
4018.75  5.053264E-16
4020.  4.890475E-16
4021.25  4.821604E-16
4022.5  5.169883E-16
4023.75  4.716612E-16
4025.  4.463849E-16
4026.25  4.955277E-16
4027.5  5.040328E-16
4028.75  4.952883E-16
4030.  4.586682E-16
4031.25  4.403488E-16
4032.5  4.760156E-16
4033.75  4.606888E-16
4035.  4.654698E-16
4036.25  4.842206E-16
4037.5  4.794122E-16
4038.75  4.873049E-16
4040.  4.853125E-16
4041.25  4.253924E-16
4042.5  4.725683E-16
4043.75  4.547448E-16
4045.  4.281450E-16
4046.25  4.303355E-16
4047.5  4.497697E-16
4048.75  4.437488E-16
4050.  4.434022E-16
4051.25  4.434446E-16
4052.5  4.407655E-16
4053.75  4.392062E-16
4055.  4.529787E-16
4056.25  4.519066E-16
4057.5  4.473544E-16
4058.75  4.414854E-16
4060.  4.420061E-16
4061.25  4.504610E-16
4062.5  3.988535E-16
4063.75  3.958967E-16
4065.  4.267593E-16
4066.25  4.612564E-16
4067.5  4.320547E-16
4068.75  4.315036E-16
4070.  4.051633E-16
4071.25  4.035926E-16
4072.5  4.514147E-16
4073.75  4.691176E-16
4075.  4.281489E-16
4076.25  4.956724E-16
4077.5  4.655174E-16
4078.75  4.374388E-16
4080.  4.327934E-16
4081.25  4.413733E-16
4082.5  4.668853E-16
4083.75  4.376017E-16
4085.  4.672797E-16
4086.25  4.727844E-16
4087.5  4.790905E-16
4088.75  4.618203E-16
4090.  4.603137E-16
4091.25  4.403101E-16
4092.5  4.334213E-16
4093.75  4.341613E-16
4095.  4.437909E-16
4096.25  4.490218E-16
4097.5  4.571270E-16
4098.75  4.457159E-16
4100.  4.388319E-16
4101.25  4.314938E-16
4102.5  4.347921E-16
4103.75  4.857844E-16
4105.  4.708381E-16
4106.25  4.890451E-16
4107.5  4.653928E-16
4108.75  4.995311E-16
4110.  4.583710E-16
4111.25  4.385759E-16
4112.5  4.614314E-16
4113.75  5.046081E-16
4115.  4.595657E-16
4116.25  4.490731E-16
4117.5  4.708837E-16
4118.75  5.053096E-16
4120.  4.863225E-16
4121.25  4.831452E-16
4122.5  4.612878E-16
4123.75  4.667748E-16
4125.  4.739690E-16
4126.25  4.801063E-16
4127.5  4.894313E-16
4128.75  5.265633E-16
4130.  5.256010E-16
4131.25  5.307117E-16
4132.5  4.921455E-16
4133.75  4.932479E-16
4135.  5.141227E-16
4136.25  4.695107E-16
4137.5  4.765670E-16
4138.75  5.242869E-16
4140.  5.294551E-16
4141.25  5.092185E-16
4142.5  5.176204E-16
4143.75  5.381379E-16
4145.  5.215075E-16
4146.25  4.942290E-16
4147.5  4.930817E-16
4148.75  4.922610E-16
4150.  4.912189E-16
4151.25  4.902650E-16
4152.5  4.891014E-16
4153.75  4.878235E-16
4155.  4.865417E-16
4156.25  4.852961E-16
4157.5  4.841592E-16
4158.75  4.832358E-16
4160.  4.823984E-16
4161.25  4.815625E-16
4162.5  4.806909E-16
4163.75  4.794914E-16
4165.  4.781631E-16
4166.25  4.769229E-16
4167.5  4.758315E-16
4168.75  4.748725E-16
4170.  4.739273E-16
4171.25  4.729151E-16
4172.5  4.717294E-16
4173.75  4.704728E-16
4175.  4.692512E-16
4176.25  4.680938E-16
4177.5  4.669523E-16
4178.75  4.658167E-16
4180.  4.646875E-16
4181.25  4.635672E-16
4182.5  4.625610E-16
4183.75  4.616969E-16
4185.  4.610037E-16
4186.25  4.603423E-16
4187.5  4.597155E-16
4188.75  4.591068E-16
4190.  4.584557E-16
4191.25  4.577548E-16
4192.5  4.569958E-16
4193.75  4.561583E-16
4195.  4.553881E-16
4196.25  4.546091E-16
4197.5  4.536458E-16
4198.75  4.525374E-16
4200.  4.515453E-16
4201.25  4.507461E-16
4202.5  4.499734E-16
4203.75  4.490995E-16
4205.  4.481925E-16
4206.25  4.473712E-16
4207.5  4.466730E-16
4208.75  4.459557E-16
4210.  4.453564E-16
4211.25  4.448044E-16
4212.5  4.441519E-16
4213.75  4.435668E-16
4215.  4.429527E-16
4216.25  4.423527E-16
4217.5  4.417575E-16
4218.75  4.411215E-16
4220.  4.408609E-16
4221.25  4.370066E-16
4222.5  4.588039E-16
4223.75  4.460783E-16
4225.  4.661230E-16
4226.25  4.488120E-16
4227.5  4.381597E-16
4228.75  4.193321E-16
4230.  4.162973E-16
4231.25  4.273042E-16
4232.5  4.235800E-16
4233.75  4.532310E-16
4235.  4.537856E-16
4236.25  4.534817E-16
4237.5  4.742735E-16
4238.75  4.613103E-16
4240.  4.826093E-16
4241.25  4.556452E-16
4242.5  4.632618E-16
4243.75  4.969439E-16
4245.  5.036409E-16
4246.25  4.984705E-16
4247.5  4.905405E-16
4248.75  4.596004E-16
4250.  4.424246E-16
4251.25  4.451541E-16
4252.5  4.443453E-16
4253.75  4.839427E-16
4255.  5.015676E-16
4256.25  4.770089E-16
4257.5  4.543841E-16
4258.75  4.645443E-16
4260.  4.927534E-16
4261.25  4.954238E-16
4262.5  4.848424E-16
4263.75  4.653021E-16
4265.  4.551582E-16
4266.25  4.642079E-16
4267.5  4.692658E-16
4268.75  4.604533E-16
4270.  4.391752E-16
4271.25  4.582150E-16
4272.5  4.466392E-16
4273.75  4.671987E-16
4275.  4.523812E-16
4276.25  4.576639E-16
4277.5  4.908502E-16
4278.75  4.741702E-16
4280.  4.591972E-16
4281.25  4.411545E-16
4282.5  4.667460E-16
4283.75  4.814008E-16
4285.  4.381761E-16
4286.25  4.436497E-16
4287.5  4.688672E-16
4288.75  4.665297E-16
4290.  4.742161E-16
4291.25  4.772781E-16
4292.5  4.845246E-16
4293.75  4.788143E-16
4295.  4.660015E-16
4296.25  4.751512E-16
4297.5  4.709164E-16
4298.75  4.455346E-16
4300.  4.579999E-16
4301.25  4.538912E-16
4302.5  4.591816E-16
4303.75  4.596170E-16
4305.  4.646067E-16
4306.25  4.712629E-16
4307.5  4.725650E-16
4308.75  4.618340E-16
4310.  4.641300E-16
4311.25  4.795879E-16
4312.5  4.681628E-16
4313.75  4.416036E-16
4315.  4.538695E-16
4316.25  4.460833E-16
4317.5  4.492691E-16
4318.75  4.808303E-16
4320.  4.622116E-16
4321.25  4.470096E-16
4322.5  4.677342E-16
4323.75  4.792490E-16
4325.  4.693324E-16
4326.25  4.563161E-16
4327.5  4.439543E-16
4328.75  4.565106E-16
4330.  4.555957E-16
4331.25  4.739756E-16
4332.5  4.668244E-16
4333.75  4.571553E-16
4335.  4.589733E-16
4336.25  4.535592E-16
4337.5  4.443509E-16
4338.75  4.425937E-16
4340.  4.601467E-16
4341.25  4.485562E-16
4342.5  4.581894E-16
4343.75  4.950208E-16
4345.  4.949915E-16
4346.25  4.698099E-16
4347.5  4.842713E-16
4348.75  4.952340E-16
4350.  4.949865E-16
4351.25  4.845309E-16
4352.5  4.740140E-16
4353.75  4.900190E-16
4355.  4.935246E-16
4356.25  4.843214E-16
4357.5  4.880383E-16
4358.75  4.993552E-16
4360.  5.012638E-16
4361.25  4.803293E-16
4362.5  4.667960E-16
4363.75  4.850601E-16
4365.  5.148315E-16
4366.25  5.092971E-16
4367.5  4.844412E-16
4368.75  4.979093E-16
4370.  5.117608E-16
4371.25  5.185949E-16
4372.5  5.226140E-16
4373.75  5.105007E-16
4375.  4.989986E-16
4376.25  5.075095E-16
4377.5  5.100570E-16
4378.75  5.074258E-16
4380.  5.162005E-16
4381.25  5.114325E-16
4382.5  5.202584E-16
4383.75  5.406210E-16
4385.  5.371737E-16
4386.25  5.281265E-16
4387.5  5.387722E-16
4388.75  5.196363E-16
4390.  5.174392E-16
4391.25  5.189252E-16
4392.5  5.373143E-16
4393.75  5.577255E-16
4395.  5.356150E-16
4396.25  5.357711E-16
4397.5  5.421308E-16
4398.75  5.469976E-16
4400.  5.438423E-16
4401.25  5.471619E-16
4402.5  5.487165E-16
4403.75  5.409995E-16
4405.  5.415877E-16
4406.25  5.236767E-16
4407.5  5.140371E-16
4408.75  5.247133E-16
4410.  5.316835E-16
4411.25  5.382678E-16
4412.5  5.399951E-16
4413.75  5.291073E-16
4415.  5.470275E-16
4416.25  5.560263E-16
4417.5  5.408539E-16
4418.75  5.271310E-16
4420.  5.267259E-16
4421.25  5.194777E-16
4422.5  5.179862E-16
4423.75  5.174490E-16
4425.  5.215878E-16
4426.25  5.263420E-16
4427.5  5.195082E-16
4428.75  5.201306E-16
4430.  5.130167E-16
4431.25  5.088919E-16
4432.5  5.293328E-16
4433.75  5.284849E-16
4435.  5.120385E-16
4436.25  5.107955E-16
4437.5  4.996622E-16
4438.75  4.901011E-16
4440.  4.925616E-16
4441.25  4.984036E-16
4442.5  4.907995E-16
4443.75  4.781045E-16
4445.  4.774167E-16
4446.25  4.925997E-16
4447.5  4.803495E-16
4448.75  4.767546E-16
4450.  4.899130E-16
4451.25  4.863328E-16
4452.5  4.995264E-16
4453.75  5.101547E-16
4455.  4.983309E-16
4456.25  4.949410E-16
4457.5  4.806361E-16
4458.75  4.674326E-16
4460.  4.682988E-16
4461.25  4.732984E-16
4462.5  4.707486E-16
4463.75  4.764168E-16
4465.  4.761731E-16
4466.25  4.606412E-16
4467.5  4.493888E-16
4468.75  4.492352E-16
4470.  4.750644E-16
4471.25  4.725139E-16
4472.5  4.600747E-16
4473.75  4.695400E-16
4475.  4.695458E-16
4476.25  4.635702E-16
4477.5  4.607998E-16
4478.75  4.609077E-16
4480.  4.674590E-16
4481.25  4.540271E-16
4482.5  4.200315E-16
4483.75  4.388519E-16
4485.  4.482298E-16
4486.25  4.359154E-16
4487.5  4.623066E-16
4488.75  4.797332E-16
4490.  4.629688E-16
4491.25  4.559409E-16
4492.5  4.575804E-16
4493.75  4.364265E-16
4495.  4.469754E-16
4496.25  4.545472E-16
4497.5  4.494152E-16
4498.75  4.421688E-16
4500.  4.339914E-16
4501.25  4.523447E-16
4502.5  4.416258E-16
4503.75  4.232674E-16
4505.  4.347491E-16
4506.25  4.406926E-16
4507.5  4.384943E-16
4508.75  4.337131E-16
4510.  4.317482E-16
4511.25  4.459781E-16
4512.5  4.608673E-16
4513.75  4.576875E-16
4515.  4.506494E-16
4516.25  4.412632E-16
4517.5  4.521500E-16
4518.75  4.525273E-16
4520.  4.451656E-16
4521.25  4.455618E-16
4522.5  4.397772E-16
4523.75  4.264137E-16
4525.  4.336284E-16
4526.25  4.506480E-16
4527.5  4.563053E-16
4528.75  4.413947E-16
4530.  4.379798E-16
4531.25  4.423577E-16
4532.5  4.320079E-16
4533.75  4.355678E-16
4535.  4.490599E-16
4536.25  4.446127E-16
4537.5  4.373119E-16
4538.75  4.360086E-16
4540.  4.432487E-16
4541.25  4.496155E-16
4542.5  4.619777E-16
4543.75  4.479843E-16
4545.  4.408556E-16
4546.25  4.504285E-16
4547.5  4.501918E-16
4548.75  4.428202E-16
4550.  4.277371E-16
4551.25  4.412548E-16
4552.5  4.459609E-16
4553.75  4.437628E-16
4555.  4.468164E-16
4556.25  4.501120E-16
4557.5  4.627852E-16
4558.75  4.674440E-16
4560.  4.644168E-16
4561.25  4.572773E-16
4562.5  4.278167E-16
4563.75  4.393016E-16
4565.  4.508623E-16
4566.25  4.569752E-16
4567.5  4.394185E-16
4568.75  4.609801E-16
4570.  4.709660E-16
4571.25  4.680916E-16
4572.5  4.559363E-16
4573.75  4.680926E-16
4575.  4.616601E-16
4576.25  4.599216E-16
4577.5  4.354510E-16
4578.75  4.306950E-16
4580.  4.468504E-16
4581.25  4.568862E-16
4582.5  4.606505E-16
4583.75  4.465954E-16
4585.  4.548819E-16
4586.25  4.706020E-16
4587.5  4.624077E-16
4588.75  4.540561E-16
4590.  4.557163E-16
4591.25  4.431871E-16
4592.5  4.434760E-16
4593.75  4.556952E-16
4595.  4.492900E-16
4596.25  4.454000E-16
4597.5  4.564846E-16
4598.75  4.594181E-16
4600.  4.547131E-16
4601.25  4.278997E-16
4602.5  4.235761E-16
4603.75  4.546409E-16
4605.  4.487685E-16
4606.25  4.386907E-16
4607.5  4.319873E-16
4608.75  4.288161E-16
4610.  4.314412E-16
4611.25  4.347772E-16
4612.5  4.307711E-16
4613.75  4.386291E-16
4615.  4.491777E-16
4616.25  4.407322E-16
4617.5  4.393693E-16
4618.75  4.256541E-16
4620.  4.209004E-16
4621.25  4.280752E-16
4622.5  4.386120E-16
4623.75  4.298328E-16
4625.  4.142340E-16
4626.25  4.245712E-16
4627.5  4.495431E-16
4628.75  4.297382E-16
4630.  4.158441E-16
4631.25  4.119346E-16
4632.5  4.136918E-16
4633.75  4.128371E-16
4635.  4.157054E-16
4636.25  4.171155E-16
4637.5  4.304227E-16
4638.75  4.295242E-16
4640.  4.215431E-16
4641.25  4.169092E-16
4642.5  4.260899E-16
4643.75  4.192526E-16
4645.  4.267080E-16
4646.25  4.388252E-16
4647.5  4.447153E-16
4648.75  4.398933E-16
4650.  4.248864E-16
4651.25  4.305144E-16
4652.5  4.464521E-16
4653.75  4.500828E-16
4655.  4.291690E-16
4656.25  4.173212E-16
4657.5  4.274854E-16
4658.75  4.366390E-16
4660.  4.341055E-16
4661.25  4.241545E-16
4662.5  4.168921E-16
4663.75  4.255640E-16
4665.  4.082829E-16
4666.25  4.178341E-16
4667.5  4.040409E-16
4668.75  4.006019E-16
4670.  4.204335E-16
4671.25  4.329166E-16
4672.5  4.168392E-16
4673.75  4.049868E-16
4675.  4.088366E-16
4676.25  4.099655E-16
4677.5  4.183471E-16
4678.75  4.206415E-16
4680.  4.139374E-16
4681.25  3.861152E-16
4682.5  4.064819E-16
4683.75  4.357961E-16
4685.  4.324940E-16
4686.25  4.057854E-16
4687.5  4.105551E-16
4688.75  3.950181E-16
4690.  4.184678E-16
4691.25  4.315491E-16
4692.5  4.197168E-16
4693.75  4.095370E-16
4695.  4.119516E-16
4696.25  4.105437E-16
4697.5  4.054151E-16
4698.75  4.052858E-16
4700.  4.082273E-16
4701.25  3.907531E-16
4702.5  3.999795E-16
4703.75  4.200059E-16
4705.  3.814434E-16
4706.25  3.982834E-16
4707.5  4.264233E-16
4708.75  4.103142E-16
4710.  4.144991E-16
4711.25  3.980007E-16
4712.5  4.025765E-16
4713.75  4.003955E-16
4715.  3.974815E-16
4716.25  4.063289E-16
4717.5  4.053727E-16
4718.75  3.996314E-16
4720.  3.944432E-16
4721.25  3.969363E-16
4722.5  4.052500E-16
4723.75  4.040841E-16
4725.  4.064306E-16
4726.25  4.048822E-16
4727.5  3.904739E-16
4728.75  4.084052E-16
4730.  4.040617E-16
4731.25  3.951272E-16
4732.5  4.075101E-16
4733.75  3.805932E-16
4735.  3.949550E-16
4736.25  4.217789E-16
4737.5  4.041538E-16
4738.75  4.031094E-16
4740.  4.143550E-16
4741.25  4.078344E-16
4742.5  3.960813E-16
4743.75  3.971588E-16
4745.  4.034625E-16
4746.25  3.919564E-16
4747.5  3.887265E-16
4748.75  3.965231E-16
4750.  4.039919E-16
4751.25  4.002796E-16
4752.5  3.982494E-16
4753.75  3.976758E-16
4755.  4.094539E-16
4756.25  4.140865E-16
4757.5  4.071382E-16
4758.75  4.083002E-16
4760.  3.935795E-16
4761.25  3.953046E-16
4762.5  3.917246E-16
4763.75  3.909264E-16
4765.  4.160755E-16
4766.25  4.107368E-16
4767.5  3.836914E-16
4768.75  3.862261E-16
4770.  4.024933E-16
4771.25  4.059295E-16
4772.5  4.095450E-16
4773.75  4.065994E-16
4775.  4.072586E-16
4776.25  4.060242E-16
4777.5  3.965060E-16
4778.75  4.067467E-16
4780.  4.130369E-16
4781.25  4.187880E-16
4782.5  4.014520E-16
4783.75  4.023836E-16
4785.  3.965622E-16
4786.25  4.095575E-16
4787.5  3.990299E-16
4788.75  3.985731E-16
4790.  4.060121E-16
4791.25  4.030948E-16
4792.5  4.030882E-16
4793.75  3.883154E-16
4795.  4.016764E-16
4796.25  4.014665E-16
4797.5  4.030379E-16
4798.75  4.029040E-16
4800.  4.078250E-16
4801.25  3.977239E-16
4802.5  3.944739E-16
4803.75  4.114761E-16
4805.  4.173041E-16
4806.25  3.965784E-16
4807.5  3.866820E-16
4808.75  4.064322E-16
4810.  3.936245E-16
4811.25  3.796581E-16
4812.5  3.926983E-16
4813.75  3.944682E-16
4815.  3.713334E-16
4816.25  3.751232E-16
4817.5  3.787268E-16
4818.75  3.772294E-16
4820.  3.884186E-16
4821.25  3.813535E-16
4822.5  3.922407E-16
4823.75  3.802910E-16
4825.  3.927222E-16
4826.25  3.881695E-16
4827.5  3.750249E-16
4828.75  3.833602E-16
4830.  3.886331E-16
4831.25  3.776688E-16
4832.5  3.777532E-16
4833.75  3.907082E-16
4835.  3.974966E-16
4836.25  3.717314E-16
4837.5  3.694534E-16
4838.75  3.656591E-16
4840.  3.609740E-16
4841.25  3.648093E-16
4842.5  3.616339E-16
4843.75  3.660019E-16
4845.  3.736192E-16
4846.25  3.834955E-16
4847.5  3.682266E-16
4848.75  3.578348E-16
4850.  3.649561E-16
4851.25  3.674491E-16
4852.5  3.792214E-16
4853.75  3.679012E-16
4855.  3.724431E-16
4856.25  3.955564E-16
4857.5  3.999413E-16
4858.75  3.755024E-16
4860.  3.706100E-16
4861.25  3.657618E-16
4862.5  3.733279E-16
4863.75  3.738396E-16
4865.  3.768461E-16
4866.25  3.675061E-16
4867.5  3.610493E-16
4868.75  3.693998E-16
4870.  3.736773E-16
4871.25  3.792351E-16
4872.5  3.802904E-16
4873.75  3.679620E-16
4875.  3.697646E-16
4876.25  3.800905E-16
4877.5  3.772919E-16
4878.75  3.701979E-16
4880.  3.667353E-16
4881.25  3.708549E-16
4882.5  3.643925E-16
4883.75  3.634018E-16
4885.  3.592506E-16
4886.25  3.632147E-16
4887.5  3.556485E-16
4888.75  3.639795E-16
4890.  3.688050E-16
4891.25  3.711156E-16
4892.5  3.691521E-16
4893.75  3.619516E-16
4895.  3.619534E-16
4896.25  3.624685E-16
4897.5  3.521979E-16
4898.75  3.486705E-16
4900.  3.743731E-16
4901.25  3.773097E-16
4902.5  3.546975E-16
4903.75  3.528317E-16
4905.  3.704411E-16
4906.25  3.735528E-16
4907.5  3.740732E-16
4908.75  3.707202E-16
4910.  3.602744E-16
4911.25  3.671442E-16
4912.5  3.831931E-16
4913.75  3.735223E-16
4915.  3.667789E-16
4916.25  3.624724E-16
4917.5  3.462867E-16
4918.75  3.508188E-16
4920.  3.566589E-16
4921.25  3.623975E-16
4922.5  3.750518E-16
4923.75  3.765608E-16
4925.  3.825545E-16
4926.25  3.864336E-16
4927.5  3.679599E-16
4928.75  3.692859E-16
4930.  3.818074E-16
4931.25  3.825666E-16
4932.5  3.937184E-16
4933.75  3.980551E-16
4935.  3.916687E-16
4936.25  3.856193E-16
4937.5  3.976198E-16
4938.75  4.003669E-16
4940.  3.972608E-16
4941.25  3.914608E-16
4942.5  3.936999E-16
4943.75  4.062583E-16
4945.  4.009201E-16
4946.25  3.942244E-16
4947.5  4.041604E-16
4948.75  4.033653E-16
4950.  4.110846E-16
4951.25  4.003617E-16
4952.5  4.067503E-16
4953.75  4.174980E-16
4955.  4.108143E-16
4956.25  4.102135E-16
4957.5  4.330282E-16
4958.75  4.305176E-16
4960.  4.226551E-16
4961.25  4.183557E-16
4962.5  4.210346E-16
4963.75  4.240356E-16
4965.  4.191116E-16
4966.25  4.261877E-16
4967.5  4.351267E-16
4968.75  4.430408E-16
4970.  4.296401E-16
4971.25  4.124224E-16
4972.5  4.191343E-16
4973.75  4.251196E-16
4975.  4.268285E-16
4976.25  4.363749E-16
4977.5  4.391741E-16
4978.75  4.263498E-16
4980.  4.303076E-16
4981.25  4.277686E-16
4982.5  4.294363E-16
4983.75  4.335601E-16
4985.  4.373790E-16
4986.25  4.426374E-16
4987.5  4.467804E-16
4988.75  4.420099E-16
4990.  4.388735E-16
4991.25  4.351876E-16
4992.5  4.319426E-16
4993.75  4.417150E-16
4995.  4.479978E-16
4996.25  4.525079E-16
4997.5  4.641456E-16
4998.75  4.620435E-16
5000.  4.482259E-16
5001.25  4.503699E-16
5002.5  4.632061E-16
5003.75  4.711515E-16
5005.  4.566587E-16
5006.25  4.418026E-16
5007.5  4.500187E-16
5008.75  4.574871E-16
5010.  4.645604E-16
5011.25  4.645878E-16
5012.5  4.680113E-16
5013.75  4.653220E-16
5015.  4.544359E-16
5016.25  4.539270E-16
5017.5  4.687245E-16
5018.75  4.727814E-16
5020.  4.616928E-16
5021.25  4.733292E-16
5022.5  4.687409E-16
5023.75  4.653084E-16
5025.  4.837280E-16
5026.25  4.834634E-16
5027.5  4.639788E-16
5028.75  4.583742E-16
5030.  4.732019E-16
5031.25  4.761180E-16
5032.5  4.743619E-16
5033.75  4.768096E-16
5035.  4.659837E-16
5036.25  4.670480E-16
5037.5  4.799543E-16
5038.75  4.894217E-16
5040.  4.950151E-16
5041.25  4.932742E-16
5042.5  5.013031E-16
5043.75  5.036343E-16
5045.  5.007367E-16
5046.25  5.020670E-16
5047.5  5.058585E-16
5048.75  4.979879E-16
5050.  4.897513E-16
5051.25  4.905040E-16
5052.5  4.887367E-16
5053.75  4.885883E-16
5055.  4.987537E-16
5056.25  5.042357E-16
5057.5  4.961621E-16
5058.75  4.857128E-16
5060.  4.942028E-16
5061.25  5.028109E-16
5062.5  4.963270E-16
5063.75  4.918664E-16
5065.  5.028647E-16
5066.25  5.087134E-16
5067.5  4.970396E-16
5068.75  4.978084E-16
5070.  5.094933E-16
5071.25  5.159997E-16
5072.5  4.997787E-16
5073.75  4.966339E-16
5075.  5.009289E-16
5076.25  4.893589E-16
5077.5  4.931550E-16
5078.75  5.011029E-16
5080.  5.037407E-16
5081.25  4.887589E-16
5082.5  4.778126E-16
5083.75  4.834875E-16
5085.  4.895289E-16
5086.25  4.995893E-16
5087.5  4.974660E-16
5088.75  4.924462E-16
5090.  4.899516E-16
5091.25  4.959813E-16
5092.5  4.979227E-16
5093.75  4.948390E-16
5095.  5.041028E-16
5096.25  5.056071E-16
5097.5  4.972975E-16
5098.75  4.865138E-16
5100.  4.879713E-16
5101.25  4.969734E-16
5102.5  4.947659E-16
5103.75  4.960152E-16
5105.  4.927585E-16
5106.25  4.957943E-16
5107.5  5.073439E-16
5108.75  5.104093E-16
5110.  5.095184E-16
5111.25  5.118502E-16
5112.5  5.199379E-16
5113.75  5.235252E-16
5115.  5.192935E-16
5116.25  5.200604E-16
5117.5  5.220001E-16
5118.75  5.203488E-16
5120.  5.158793E-16
5121.25  5.104551E-16
5122.5  5.128315E-16
5123.75  5.125607E-16
5125.  5.123621E-16
5126.25  5.126212E-16
5127.5  5.316583E-16
5128.75  5.343302E-16
5130.  5.231746E-16
5131.25  5.123672E-16
5132.5  4.989279E-16
5133.75  5.000051E-16
5135.  5.184922E-16
5136.25  5.170029E-16
5137.5  5.145410E-16
5138.75  5.213146E-16
5140.  5.101276E-16
5141.25  5.118037E-16
5142.5  5.254335E-16
5143.75  5.258950E-16
5145.  5.228204E-16
5146.25  5.132971E-16
5147.5  5.098214E-16
5148.75  5.107543E-16
5150.  5.113730E-16
5151.25  5.199274E-16
5152.5  5.245145E-16
5153.75  5.194723E-16
5155.  5.140415E-16
5156.25  5.094898E-16
5157.5  5.133029E-16
5158.75  5.178071E-16
5160.  5.152361E-16
5161.25  5.125040E-16
5162.5  5.105793E-16
5163.75  5.108326E-16
5165.  5.075647E-16
5166.25  4.973511E-16
5167.5  5.039828E-16
5168.75  5.117931E-16
5170.  5.073467E-16
5171.25  5.124848E-16
5172.5  5.076079E-16
5173.75  4.920368E-16
5175.  4.897482E-16
5176.25  4.997910E-16
5177.5  4.979256E-16
5178.75  4.923221E-16
5180.  4.808746E-16
5181.25  4.790087E-16
5182.5  4.826008E-16
5183.75  4.765468E-16
5185.  4.755340E-16
5186.25  4.824863E-16
5187.5  4.794464E-16
5188.75  4.727294E-16
5190.  4.602164E-16
5191.25  4.547673E-16
5192.5  4.794495E-16
5193.75  4.728156E-16
5195.  4.614610E-16
5196.25  4.698813E-16
5197.5  4.662055E-16
5198.75  4.634968E-16
5200.  4.618441E-16
5201.25  4.638804E-16
5202.5  4.592026E-16
5203.75  4.493130E-16
5205.  4.586802E-16
5206.25  4.668747E-16
5207.5  4.592874E-16
5208.75  4.591178E-16
5210.  4.568736E-16
5211.25  4.571631E-16
5212.5  4.582973E-16
5213.75  4.588375E-16
5215.  4.470014E-16
5216.25  4.385029E-16
5217.5  4.553250E-16
5218.75  4.578372E-16
5220.  4.462702E-16
5221.25  4.452685E-16
5222.5  4.282703E-16
5223.75  4.245287E-16
5225.  4.390272E-16
5226.25  4.403996E-16
5227.5  4.408173E-16
5228.75  4.451871E-16
5230.  4.378664E-16
5231.25  4.268486E-16
5232.5  4.177350E-16
5233.75  4.267953E-16
5235.  4.231119E-16
5236.25  4.124428E-16
5237.5  4.158064E-16
5238.75  4.176632E-16
5240.  4.210516E-16
5241.25  4.160659E-16
5242.5  4.071014E-16
5243.75  4.082592E-16
5245.  4.081770E-16
5246.25  4.169790E-16
5247.5  4.206569E-16
5248.75  4.080471E-16
5250.  4.078403E-16
5251.25  4.050278E-16
5252.5  3.966229E-16
5253.75  3.986736E-16
5255.  3.868923E-16
5256.25  3.894231E-16
5257.5  3.938684E-16
5258.75  3.935225E-16
5260.  3.986994E-16
5261.25  3.943334E-16
5262.5  3.843980E-16
5263.75  3.774198E-16
5265.  3.777730E-16
5266.25  3.815433E-16
5267.5  3.827344E-16
5268.75  3.861018E-16
5270.  3.696709E-16
5271.25  3.644635E-16
5272.5  3.689260E-16
5273.75  3.763289E-16
5275.  3.698954E-16
5276.25  3.749153E-16
5277.5  3.761465E-16
5278.75  3.731446E-16
5280.  3.733676E-16
5281.25  3.752604E-16
5282.5  3.700087E-16
5283.75  3.637027E-16
5285.  3.676221E-16
5286.25  3.651569E-16
5287.5  3.629195E-16
5288.75  3.531413E-16
5290.  3.588626E-16
5291.25  3.692131E-16
5292.5  3.534166E-16
5293.75  3.474574E-16
5295.  3.611763E-16
5296.25  3.640150E-16
5297.5  3.574311E-16
5298.75  3.522662E-16
5300.  3.524207E-16
5301.25  3.473554E-16
5302.5  3.568473E-16
5303.75  3.682591E-16
5305.  3.698704E-16
5306.25  3.664885E-16
5307.5  3.577255E-16
5308.75  3.619184E-16
5310.  3.680036E-16
5311.25  3.665486E-16
5312.5  3.575328E-16
5313.75  3.556207E-16
5315.  3.615004E-16
5316.25  3.607550E-16
5317.5  3.634351E-16
5318.75  3.630605E-16
5320.  3.614163E-16
5321.25  3.630488E-16
5322.5  3.653364E-16
5323.75  3.712852E-16
5325.  3.736773E-16
5326.25  3.691175E-16
5327.5  3.732441E-16
5328.75  3.779530E-16
5330.  3.861754E-16
5331.25  3.738757E-16
5332.5  3.673453E-16
5333.75  3.696822E-16
5335.  3.668668E-16
5336.25  3.674311E-16
5337.5  3.728473E-16
5338.75  3.768742E-16
5340.  3.709856E-16
5341.25  3.821429E-16
5342.5  3.754557E-16
5343.75  3.750966E-16
5345.  3.796291E-16
5346.25  3.689074E-16
5347.5  3.724171E-16
5348.75  3.719981E-16
5350.  3.510440E-16
5351.25  3.627333E-16
5352.5  3.642330E-16
5353.75  3.558027E-16
5355.  3.718733E-16
5356.25  3.778025E-16
5357.5  3.717459E-16
5358.75  3.606023E-16
5360.  3.590726E-16
5361.25  3.656205E-16
5362.5  3.606599E-16
5363.75  3.569631E-16
5365.  3.500736E-16
5366.25  3.435026E-16
5367.5  3.507070E-16
5368.75  3.411780E-16
5370.  3.556895E-16
5371.25  3.549490E-16
5372.5  3.519396E-16
5373.75  3.455075E-16
5375.  3.600374E-16
5376.25  3.604058E-16
5377.5  3.511896E-16
5378.75  3.578558E-16
5380.  3.601036E-16
5381.25  3.592466E-16
5382.5  3.526670E-16
5383.75  3.654905E-16
5385.  3.630012E-16
5386.25  3.484564E-16
5387.5  3.489319E-16
5388.75  3.487857E-16
5390.  3.527560E-16
5391.25  3.622113E-16
5392.5  3.544546E-16
5393.75  3.639999E-16
5395.  3.632388E-16
5396.25  3.535573E-16
5397.5  3.580668E-16
5398.75  3.675861E-16
5400.  3.578612E-16
5401.25  3.521853E-16
5402.5  3.603142E-16
5403.75  3.691858E-16
5405.  3.656970E-16
5406.25  3.556877E-16
5407.5  3.583898E-16
5408.75  3.704792E-16
5410.  3.666786E-16
5411.25  3.721814E-16
5412.5  3.821456E-16
5413.75  3.782466E-16
5415.  3.783587E-16
5416.25  3.793814E-16
5417.5  3.844447E-16
5418.75  3.815255E-16
5420.  3.720464E-16
5421.25  3.645178E-16
5422.5  3.686223E-16
5423.75  3.891328E-16
5425.  3.862466E-16
5426.25  3.824687E-16
5427.5  3.982175E-16
5428.75  3.894945E-16
5430.  3.821997E-16
5431.25  3.968066E-16
5432.5  3.993052E-16
5433.75  3.962833E-16
5435.  4.105841E-16
5436.25  3.995360E-16
5437.5  4.036163E-16
5438.75  4.116691E-16
5440.  4.009776E-16
5441.25  4.037404E-16
5442.5  3.975881E-16
5443.75  3.948260E-16
5445.  3.997835E-16
5446.25  3.971068E-16
5447.5  3.888926E-16
5448.75  3.883803E-16
5450.  3.929815E-16
5451.25  3.954249E-16
5452.5  3.943895E-16
5453.75  3.974369E-16
5455.  4.051012E-16
5456.25  3.972799E-16
5457.5  3.946588E-16
5458.75  4.019534E-16
5460.  3.944786E-16
5461.25  3.930078E-16
5462.5  3.910161E-16
5463.75  3.929086E-16
5465.  3.978850E-16
5466.25  3.919571E-16
5467.5  3.949103E-16
5468.75  3.892889E-16
5470.  3.957046E-16
5471.25  3.990515E-16
5472.5  3.887564E-16
5473.75  3.905539E-16
5475.  3.923825E-16
5476.25  3.865470E-16
5477.5  3.810514E-16
5478.75  3.921690E-16
5480.  4.012724E-16
5481.25  3.903939E-16
5482.5  3.822725E-16
5483.75  3.815103E-16
5485.  3.894987E-16
5486.25  3.897045E-16
5487.5  3.946796E-16
5488.75  3.970434E-16
5490.  3.860056E-16
5491.25  3.838311E-16
5492.5  3.829364E-16
5493.75  3.811564E-16
5495.  3.849898E-16
5496.25  3.813791E-16
5497.5  3.859678E-16
5498.75  3.887059E-16
5500.  3.912482E-16
5501.25  3.859706E-16
5502.5  3.804806E-16
5503.75  3.823785E-16
5505.  3.843590E-16
5506.25  3.862166E-16
5507.5  3.816249E-16
5508.75  3.823524E-16
5510.  3.802478E-16
5511.25  3.699740E-16
5512.5  3.855794E-16
5513.75  3.961236E-16
5515.  3.857465E-16
5516.25  3.754491E-16
5517.5  3.687784E-16
5518.75  3.827179E-16
5520.  3.888807E-16
5521.25  3.961483E-16
5522.5  3.969637E-16
5523.75  3.976397E-16
5525.  3.942550E-16
5526.25  3.835841E-16
5527.5  3.789926E-16
5528.75  3.746340E-16
5530.  3.780865E-16
5531.25  3.903515E-16
5532.5  3.815211E-16
5533.75  3.847437E-16
5535.  3.826298E-16
5536.25  3.749361E-16
5537.5  3.647429E-16
5538.75  3.713330E-16
5540.  3.855399E-16
5541.25  3.870261E-16
5542.5  3.766233E-16
5543.75  3.822956E-16
5545.  3.808536E-16
5546.25  3.911034E-16
5547.5  3.863828E-16
5548.75  3.782874E-16
5550.  3.776271E-16
5551.25  3.836102E-16
5552.5  3.779356E-16
5553.75  3.757302E-16
5555.  3.699488E-16
5556.25  3.683472E-16
5557.5  3.744139E-16
5558.75  3.787382E-16
5560.  3.732888E-16
5561.25  3.723299E-16
5562.5  3.801126E-16
5563.75  3.839652E-16
5565.  3.770512E-16
5566.25  3.765896E-16
5567.5  3.689555E-16
5568.75  3.625326E-16
5570.  3.633682E-16
5571.25  3.803973E-16
5572.5  3.806429E-16
5573.75  3.758033E-16
5575.  3.812597E-16
5576.25  3.890716E-16
5577.5  3.896762E-16
5578.75  3.855943E-16
5580.  3.755465E-16
5581.25  3.718403E-16
5582.5  3.719234E-16
5583.75  3.777147E-16
5585.  3.691238E-16
5586.25  3.740542E-16
5587.5  3.738322E-16
5588.75  3.676689E-16
5590.  3.757569E-16
5591.25  3.786417E-16
5592.5  3.656036E-16
5593.75  3.637296E-16
5595.  3.677221E-16
5596.25  3.711393E-16
5597.5  3.755435E-16
5598.75  3.720988E-16
5600.  3.767073E-16
5601.25  3.761263E-16
5602.5  3.801500E-16
5603.75  3.714367E-16
5605.  3.597206E-16
5606.25  3.598674E-16
5607.5  3.638451E-16
5608.75  3.606748E-16
5610.  3.616623E-16
5611.25  3.554326E-16
5612.5  3.454621E-16
5613.75  3.524584E-16
5615.  3.567192E-16
5616.25  3.549708E-16
5617.5  3.573351E-16
5618.75  3.579609E-16
5620.  3.474765E-16
5621.25  3.540790E-16
5622.5  3.558595E-16
5623.75  3.571186E-16
5625.  3.541646E-16
5626.25  3.508742E-16
5627.5  3.432310E-16
5628.75  3.338502E-16
5630.  3.472934E-16
5631.25  3.528028E-16
5632.5  3.478194E-16
5633.75  3.406389E-16
5635.  3.423607E-16
5636.25  3.457919E-16
5637.5  3.489339E-16
5638.75  3.450187E-16
5640.  3.377807E-16
5641.25  3.440028E-16
5642.5  3.450005E-16
5643.75  3.431629E-16
5645.  3.456192E-16
5646.25  3.456327E-16
5647.5  3.491934E-16
5648.75  3.511182E-16
5650.  3.513317E-16
5651.25  3.464513E-16
5652.5  3.431519E-16
5653.75  3.517539E-16
5655.  3.551653E-16
5656.25  3.532185E-16
5657.5  3.484067E-16
5658.75  3.509700E-16
5660.  3.500078E-16
5661.25  3.510737E-16
5662.5  3.482032E-16
5663.75  3.381961E-16
5665.  3.424032E-16
5666.25  3.400823E-16
5667.5  3.409657E-16
5668.75  3.447113E-16
5670.  3.463513E-16
5671.25  3.435048E-16
5672.5  3.377224E-16
5673.75  3.420142E-16
5675.  3.411020E-16
5676.25  3.407609E-16
5677.5  3.444469E-16
5678.75  3.440851E-16
5680.  3.433785E-16
5681.25  3.437716E-16
5682.5  3.431408E-16
5683.75  3.444121E-16
5685.  3.396286E-16
5686.25  3.431736E-16
5687.5  3.438176E-16
5688.75  3.441040E-16
5690.  3.531418E-16
5691.25  3.502513E-16
5692.5  3.446181E-16
5693.75  3.453015E-16
5695.  3.464264E-16
5696.25  3.464949E-16
5697.5  3.485175E-16
5698.75  3.428614E-16
5700.  3.439714E-16
5701.25  3.519941E-16
5702.5  3.448758E-16
5703.75  3.450287E-16
5705.  3.572186E-16
5706.25  3.579465E-16
5707.5  3.464601E-16
5708.75  3.465853E-16
5710.  3.550584E-16
5711.25  3.532189E-16
5712.5  3.570769E-16
5713.75  3.637341E-16
5715.  3.527213E-16
5716.25  3.421753E-16
5717.5  3.444207E-16
5718.75  3.449041E-16
5720.  3.476945E-16
5721.25  3.514662E-16
5722.5  3.513801E-16
5723.75  3.513649E-16
5725.  3.517248E-16
5726.25  3.496918E-16
5727.5  3.498860E-16
5728.75  3.582726E-16
5730.  3.653689E-16
5731.25  3.670392E-16
5732.5  3.623255E-16
5733.75  3.635031E-16
5735.  3.643000E-16
5736.25  3.558584E-16
5737.5  3.540231E-16
5738.75  3.647060E-16
5740.  3.775178E-16
5741.25  3.722667E-16
5742.5  3.659785E-16
5743.75  3.652256E-16
5745.  3.604279E-16
5746.25  3.641402E-16
5747.5  3.677529E-16
5748.75  3.644961E-16
5750.  3.632599E-16
5751.25  3.632862E-16
5752.5  3.658961E-16
5753.75  3.687429E-16
5755.  3.759177E-16
5756.25  3.734745E-16
5757.5  3.666041E-16
5758.75  3.657275E-16
5760.  3.659881E-16
5761.25  3.664176E-16
5762.5  3.631567E-16
5763.75  3.695488E-16
5765.  3.786307E-16
5766.25  3.773138E-16
5767.5  3.729139E-16
5768.75  3.785786E-16
5770.  3.799266E-16
5771.25  3.743384E-16
5772.5  3.799680E-16
5773.75  3.890775E-16
5775.  3.845233E-16
5776.25  3.793116E-16
5777.5  3.819906E-16
5778.75  3.808446E-16
5780.  3.814581E-16
5781.25  3.846178E-16
5782.5  3.883384E-16
5783.75  3.825850E-16
5785.  3.816884E-16
5786.25  3.853781E-16
5787.5  3.823396E-16
5788.75  3.803261E-16
5790.  3.861501E-16
5791.25  3.908384E-16
5792.5  3.928863E-16
5793.75  3.897402E-16
5795.  3.900490E-16
5796.25  3.958240E-16
5797.5  3.914970E-16
5798.75  3.879274E-16
5800.  3.846966E-16
5801.25  3.941731E-16
5802.5  3.996983E-16
5803.75  3.969187E-16
5805.  3.983864E-16
5806.25  3.961648E-16
5807.5  3.884136E-16
5808.75  3.921271E-16
5810.  4.087971E-16
5811.25  4.154876E-16
5812.5  4.082430E-16
5813.75  4.021628E-16
5815.  4.020261E-16
5816.25  4.043310E-16
5817.5  4.061695E-16
5818.75  4.036074E-16
5820.  3.975593E-16
5821.25  4.029038E-16
5822.5  4.068674E-16
5823.75  3.991541E-16
5825.  4.004105E-16
5826.25  4.030904E-16
5827.5  3.950546E-16
5828.75  3.988642E-16
5830.  4.031814E-16
5831.25  4.039067E-16
5832.5  4.075572E-16
5833.75  4.028916E-16
5835.  4.101919E-16
5836.25  4.189189E-16
5837.5  4.133647E-16
5838.75  4.101353E-16
5840.  4.083838E-16
5841.25  4.058880E-16
5842.5  4.098921E-16
5843.75  4.167999E-16
5845.  4.143263E-16
5846.25  4.155575E-16
5847.5  4.151282E-16
5848.75  4.063904E-16
5850.  4.036241E-16
5851.25  4.059645E-16
5852.5  4.105844E-16
5853.75  4.089550E-16
5855.  4.111785E-16
5856.25  4.130554E-16
5857.5  4.083291E-16
5858.75  4.114854E-16
5860.  4.183450E-16
5861.25  4.202640E-16
5862.5  4.169458E-16
5863.75  4.139991E-16
5865.  4.147853E-16
5866.25  4.139837E-16
5867.5  4.155775E-16
5868.75  4.209290E-16
5870.  4.262249E-16
5871.25  4.280017E-16
5872.5  4.220788E-16
5873.75  4.239163E-16
5875.  4.292406E-16
5876.25  4.289024E-16
5877.5  4.258581E-16
5878.75  4.149210E-16
5880.  4.126987E-16
5881.25  4.187164E-16
5882.5  4.223887E-16
5883.75  4.233752E-16
5885.  4.223646E-16
5886.25  4.125107E-16
5887.5  4.107852E-16
5888.75  4.112958E-16
5890.  4.034368E-16
5891.25  3.983872E-16
5892.5  4.074660E-16
5893.75  4.179254E-16
5895.  4.179915E-16
5896.25  4.120995E-16
5897.5  4.060552E-16
5898.75  4.050066E-16
5900.  4.052199E-16
5901.25  4.078975E-16
5902.5  4.119333E-16
5903.75  4.212302E-16
5905.  4.268017E-16
5906.25  4.198377E-16
5907.5  4.183266E-16
5908.75  4.123131E-16
5910.  4.031278E-16
5911.25  4.159819E-16
5912.5  4.222263E-16
5913.75  4.283561E-16
5915.  4.261136E-16
5916.25  4.267717E-16
5917.5  4.160379E-16
5918.75  4.075637E-16
5920.  4.111860E-16
5921.25  4.169872E-16
5922.5  4.186017E-16
5923.75  4.103972E-16
5925.  4.149235E-16
5926.25  4.107661E-16
5927.5  4.091531E-16
5928.75  4.051129E-16
5930.  4.135085E-16
5931.25  4.149814E-16
5932.5  4.006298E-16
5933.75  4.042371E-16
5935.  3.993829E-16
5936.25  3.992599E-16
5937.5  4.081348E-16
5938.75  4.068740E-16
5940.  3.991914E-16
5941.25  4.016264E-16
5942.5  4.038895E-16
5943.75  4.032278E-16
5945.  4.026186E-16
5946.25  3.995556E-16
5947.5  3.984382E-16
5948.75  3.916845E-16
5950.  3.923073E-16
5951.25  3.972899E-16
5952.5  3.951716E-16
5953.75  3.945518E-16
5955.  3.991615E-16
5956.25  4.008855E-16
5957.5  3.981744E-16
5958.75  3.952494E-16
5960.  3.954203E-16
5961.25  3.892476E-16
5962.5  4.007325E-16
5963.75  4.116134E-16
5965.  4.035338E-16
5966.25  3.906168E-16
5967.5  3.891838E-16
5968.75  4.005426E-16
5970.  3.996643E-16
5971.25  3.927988E-16
5972.5  4.004450E-16
5973.75  4.026769E-16
5975.  3.964820E-16
5976.25  4.033968E-16
5977.5  4.043078E-16
5978.75  4.013629E-16
5980.  3.944653E-16
5981.25  3.963834E-16
5982.5  4.023050E-16
5983.75  3.997749E-16
5985.  3.967040E-16
5986.25  4.007564E-16
5987.5  3.949522E-16
5988.75  3.964932E-16
5990.  3.980239E-16
5991.25  3.963149E-16
5992.5  3.991110E-16
5993.75  4.011184E-16
5995.  3.958480E-16
5996.25  4.043553E-16
5997.5  4.040836E-16
5998.75  4.068392E-16
6000.  3.994569E-16
6001.25  3.939895E-16
6002.5  3.949898E-16
6003.75  3.950921E-16
6005.  3.887459E-16
6006.25  3.959414E-16
6007.5  3.949492E-16
6008.75  4.002129E-16
6010.  3.989969E-16
6011.25  3.871423E-16
6012.5  3.820675E-16
6013.75  3.821791E-16
6015.  3.914013E-16
6016.25  3.944331E-16
6017.5  3.943281E-16
6018.75  3.937326E-16
6020.  3.968613E-16
6021.25  3.995123E-16
6022.5  3.931610E-16
6023.75  3.895362E-16
6025.  3.909539E-16
6026.25  3.890448E-16
6027.5  3.836001E-16
6028.75  3.949377E-16
6030.  3.924813E-16
6031.25  4.013640E-16
6032.5  3.961037E-16
6033.75  3.796736E-16
6035.  3.870356E-16
6036.25  3.868995E-16
6037.5  3.845913E-16
6038.75  3.798867E-16
6040.  3.910391E-16
6041.25  3.918292E-16
6042.5  3.774810E-16
6043.75  3.832574E-16
6045.  3.880563E-16
6046.25  3.796105E-16
6047.5  3.786463E-16
6048.75  3.837293E-16
6050.  3.903145E-16
6051.25  3.864026E-16
6052.5  3.798664E-16
6053.75  3.852618E-16
6055.  3.834447E-16
6056.25  3.754412E-16
6057.5  3.728181E-16
6058.75  3.774046E-16
6060.  3.751263E-16
6061.25  3.753234E-16
6062.5  3.810635E-16
6063.75  3.869930E-16
6065.  3.778673E-16
6066.25  3.770706E-16
6067.5  3.681740E-16
6068.75  3.725589E-16
6070.  3.740501E-16
6071.25  3.746873E-16
6072.5  3.795635E-16
6073.75  3.756039E-16
6075.  3.725405E-16
6076.25  3.760679E-16
6077.5  3.786626E-16
6078.75  3.753272E-16
6080.  3.669590E-16
6081.25  3.722095E-16
6082.5  3.658287E-16
6083.75  3.709074E-16
6085.  3.810838E-16
6086.25  3.728994E-16
6087.5  3.727041E-16
6088.75  3.724656E-16
6090.  3.692674E-16
6091.25  3.688309E-16
6092.5  3.751231E-16
6093.75  3.764128E-16
6095.  3.707791E-16
6096.25  3.732429E-16
6097.5  3.719128E-16
6098.75  3.711463E-16
6100.  3.699841E-16
6101.25  3.747078E-16
6102.5  3.811619E-16
6103.75  3.780291E-16
6105.  3.663688E-16
6106.25  3.662987E-16
6107.5  3.627358E-16
6108.75  3.689984E-16
6110.  3.685404E-16
6111.25  3.632806E-16
6112.5  3.683207E-16
6113.75  3.708206E-16
6115.  3.723259E-16
6116.25  3.660736E-16
6117.5  3.646125E-16
6118.75  3.728483E-16
6120.  3.702349E-16
6121.25  3.691095E-16
6122.5  3.657287E-16
6123.75  3.580915E-16
6125.  3.596293E-16
6126.25  3.609700E-16
6127.5  3.632457E-16
6128.75  3.607563E-16
6130.  3.584988E-16
6131.25  3.578995E-16
6132.5  3.566079E-16
6133.75  3.572301E-16
6135.  3.539648E-16
6136.25  3.594401E-16
6137.5  3.557365E-16
6138.75  3.567206E-16
6140.  3.557695E-16
6141.25  3.550867E-16
6142.5  3.519516E-16
6143.75  3.529511E-16
6145.  3.547786E-16
6146.25  3.577831E-16
6147.5  3.535262E-16
6148.75  3.528003E-16
6150.  3.447682E-16
6151.25  3.436299E-16
6152.5  3.447893E-16
6153.75  3.421507E-16
6155.  3.416772E-16
6156.25  3.422000E-16
6157.5  3.420085E-16
6158.75  3.450145E-16
6160.  3.464458E-16
6161.25  3.449899E-16
6162.5  3.424813E-16
6163.75  3.430935E-16
6165.  3.423013E-16
6166.25  3.486128E-16
6167.5  3.456729E-16
6168.75  3.299636E-16
6170.  3.294633E-16
6171.25  3.341535E-16
6172.5  3.260153E-16
6173.75  3.313028E-16
6175.  3.253253E-16
6176.25  3.229456E-16
6177.5  3.246667E-16
6178.75  3.259047E-16
6180.  3.280295E-16
6181.25  3.252260E-16
6182.5  3.292290E-16
6183.75  3.253999E-16
6185.  3.204608E-16
6186.25  3.218123E-16
6187.5  3.206733E-16
6188.75  3.210124E-16
6190.  3.192600E-16
6191.25  3.230578E-16
6192.5  3.292988E-16
6193.75  3.230146E-16
6195.  3.134544E-16
6196.25  3.273454E-16
6197.5  3.246295E-16
6198.75  3.213145E-16
6200.  3.191210E-16
6201.25  3.187685E-16
6202.5  3.139999E-16
6203.75  3.169128E-16
6205.  3.257249E-16
6206.25  3.121342E-16
6207.5  3.147041E-16
6208.75  3.173713E-16
6210.  3.098519E-16
6211.25  3.209392E-16
6212.5  3.162552E-16
6213.75  3.090375E-16
6215.  3.173825E-16
6216.25  3.210107E-16
6217.5  3.138043E-16
6218.75  3.137947E-16
6220.  3.094488E-16
6221.25  3.008691E-16
6222.5  3.095941E-16
6223.75  3.058857E-16
6225.  3.017288E-16
6226.25  3.023188E-16
6227.5  2.986235E-16
6228.75  2.965075E-16
6230.  2.960612E-16
6231.25  3.065956E-16
6232.5  3.078656E-16
6233.75  2.978225E-16
6235.  2.990286E-16
6236.25  3.018286E-16
6237.5  2.968360E-16
6238.75  2.894747E-16
6240.  2.904529E-16
6241.25  2.973709E-16
6242.5  2.906824E-16
6243.75  2.879537E-16
6245.  2.926648E-16
6246.25  2.918236E-16
6247.5  2.926893E-16
6248.75  2.912398E-16
6250.  2.942966E-16
6251.25  2.920302E-16
6252.5  2.902688E-16
6253.75  2.919516E-16
6255.  2.939903E-16
6256.25  2.890584E-16
6257.5  2.843194E-16
6258.75  2.910849E-16
6260.  2.895929E-16
6261.25  2.867692E-16
6262.5  2.901424E-16
6263.75  2.879929E-16
6265.  2.799935E-16
6266.25  2.801651E-16
6267.5  2.773955E-16
6268.75  2.807915E-16
6270.  2.845292E-16
6271.25  2.831263E-16
6272.5  2.793642E-16
6273.75  2.851658E-16
6275.  2.826647E-16
6276.25  2.819038E-16
6277.5  2.772694E-16
6278.75  2.662494E-16
6280.  2.692934E-16
6281.25  2.741007E-16
6282.5  2.761550E-16
6283.75  2.804277E-16
6285.  2.783990E-16
6286.25  2.711485E-16
6287.5  2.696456E-16
6288.75  2.734788E-16
6290.  2.749813E-16
6291.25  2.729090E-16
6292.5  2.745395E-16
6293.75  2.774798E-16
6295.  2.766376E-16
6296.25  2.685685E-16
6297.5  2.650783E-16
6298.75  2.732781E-16
6300.  2.793102E-16
6301.25  2.811244E-16
6302.5  2.739070E-16
6303.75  2.645133E-16
6305.  2.633417E-16
6306.25  2.644124E-16
6307.5  2.695486E-16
6308.75  2.702441E-16
6310.  2.718706E-16
6311.25  2.694009E-16
6312.5  2.645541E-16
6313.75  2.594054E-16
6315.  2.658538E-16
6316.25  2.658946E-16
6317.5  2.656649E-16
6318.75  2.671696E-16
6320.  2.644074E-16
6321.25  2.664056E-16
6322.5  2.675714E-16
6323.75  2.616357E-16
6325.  2.553126E-16
6326.25  2.605569E-16
6327.5  2.655133E-16
6328.75  2.595756E-16
6330.  2.579567E-16
6331.25  2.567197E-16
6332.5  2.556815E-16
6333.75  2.569482E-16
6335.  2.583343E-16
6336.25  2.535528E-16
6337.5  2.543061E-16
6338.75  2.622695E-16
6340.  2.635332E-16
6341.25  2.537350E-16
6342.5  2.519473E-16
6343.75  2.533087E-16
6345.  2.516794E-16
6346.25  2.542437E-16
6347.5  2.573991E-16
6348.75  2.541395E-16
6350.  2.478957E-16
6351.25  2.454226E-16
6352.5  2.478922E-16
6353.75  2.531624E-16
6355.  2.496415E-16
6356.25  2.464360E-16
6357.5  2.488732E-16
6358.75  2.478695E-16
6360.  2.476310E-16
6361.25  2.451582E-16
6362.5  2.500080E-16
6363.75  2.487106E-16
6365.  2.467228E-16
6366.25  2.471319E-16
6367.5  2.452844E-16
6368.75  2.405880E-16
6370.  2.456295E-16
6371.25  2.473644E-16
6372.5  2.410471E-16
6373.75  2.421780E-16
6375.  2.443006E-16
6376.25  2.459482E-16
6377.5  2.431538E-16
6378.75  2.429460E-16
6380.  2.416734E-16
6381.25  2.431917E-16
6382.5  2.418042E-16
6383.75  2.396953E-16
6385.  2.389634E-16
6386.25  2.419048E-16
6387.5  2.394438E-16
6388.75  2.335090E-16
6390.  2.345126E-16
6391.25  2.401545E-16
6392.5  2.416531E-16
6393.75  2.412100E-16
6395.  2.388876E-16
6396.25  2.389010E-16
6397.5  2.394771E-16
6398.75  2.383233E-16
6400.  2.347579E-16
6401.25  2.329050E-16
6402.5  2.382473E-16
6403.75  2.380142E-16
6405.  2.364147E-16
6406.25  2.383527E-16
6407.5  2.376488E-16
6408.75  2.394654E-16
6410.  2.381412E-16
6411.25  2.345451E-16
6412.5  2.362359E-16
6413.75  2.353622E-16
6415.  2.361738E-16
6416.25  2.386642E-16
6417.5  2.404887E-16
6418.75  2.384568E-16
6420.  2.350606E-16
6421.25  2.378074E-16
6422.5  2.435073E-16
6423.75  2.381234E-16
6425.  2.333212E-16
6426.25  2.346764E-16
6427.5  2.342816E-16
6428.75  2.300918E-16
6430.  2.279083E-16
6431.25  2.349700E-16
6432.5  2.388829E-16
6433.75  2.379630E-16
6435.  2.386364E-16
6436.25  2.319908E-16
6437.5  2.276263E-16
6438.75  2.332106E-16
6440.  2.377396E-16
6441.25  2.371388E-16
6442.5  2.329733E-16
6443.75  2.347169E-16
6445.  2.371978E-16
6446.25  2.310171E-16
6447.5  2.304649E-16
6448.75  2.377083E-16
6450.  2.416670E-16
6451.25  2.362717E-16
6452.5  2.339401E-16
6453.75  2.385413E-16
6455.  2.360700E-16
6456.25  2.321912E-16
6457.5  2.358711E-16
6458.75  2.403518E-16
6460.  2.349622E-16
6461.25  2.336012E-16
6462.5  2.382282E-16
6463.75  2.341399E-16
6465.  2.353526E-16
6466.25  2.367679E-16
6467.5  2.356265E-16
6468.75  2.385545E-16
6470.  2.397837E-16
6471.25  2.396041E-16
6472.5  2.369538E-16
6473.75  2.359653E-16
6475.  2.349324E-16
6476.25  2.354202E-16
6477.5  2.385048E-16
6478.75  2.399325E-16
6480.  2.373313E-16
6481.25  2.302545E-16
6482.5  2.348488E-16
6483.75  2.420464E-16
6485.  2.378875E-16
6486.25  2.337967E-16
6487.5  2.334342E-16
6488.75  2.378794E-16
6490.  2.413470E-16
6491.25  2.349022E-16
6492.5  2.341449E-16
6493.75  2.393582E-16
6495.  2.367587E-16
6496.25  2.351590E-16
6497.5  2.384272E-16
6498.75  2.445984E-16
6500.  2.495947E-16
6501.25  2.430082E-16
6502.5  2.381256E-16
6503.75  2.450306E-16
6505.  2.432910E-16
6506.25  2.403329E-16
6507.5  2.431965E-16
6508.75  2.398975E-16
6510.  2.356738E-16
6511.25  2.418328E-16
6512.5  2.389059E-16
6513.75  2.310981E-16
6515.  2.335849E-16
6516.25  2.336922E-16
6517.5  2.332394E-16
6518.75  2.365235E-16
6520.  2.321200E-16
6521.25  2.399232E-16
6522.5  2.426514E-16
6523.75  2.401524E-16
6525.  2.389618E-16
6526.25  2.397325E-16
6527.5  2.413001E-16
6528.75  2.382933E-16
6530.  2.405892E-16
6531.25  2.463819E-16
6532.5  2.471527E-16
6533.75  2.484188E-16
6535.  2.441379E-16
6536.25  2.361651E-16
6537.5  2.391836E-16
6538.75  2.433616E-16
6540.  2.476957E-16
6541.25  2.503397E-16
6542.5  2.432750E-16
6543.75  2.361428E-16
6545.  2.367505E-16
6546.25  2.412377E-16
6547.5  2.395949E-16
6548.75  2.376677E-16
6550.  2.382180E-16
6551.25  2.440803E-16
6552.5  2.483757E-16
6553.75  2.475317E-16
6555.  2.454836E-16
6556.25  2.386491E-16
6557.5  2.374263E-16
6558.75  2.380713E-16
6560.  2.437039E-16
6561.25  2.432684E-16
6562.5  2.399741E-16
6563.75  2.381435E-16
6565.  2.413114E-16
6566.25  2.436452E-16
6567.5  2.371552E-16
6568.75  2.392840E-16
6570.  2.451819E-16
6571.25  2.456538E-16
6572.5  2.466317E-16
6573.75  2.484742E-16
6575.  2.444856E-16
6576.25  2.410710E-16
6577.5  2.428025E-16
6578.75  2.489830E-16
6580.  2.511401E-16
6581.25  2.449009E-16
6582.5  2.428739E-16
6583.75  2.457806E-16
6585.  2.436329E-16
6586.25  2.436127E-16
6587.5  2.476643E-16
6588.75  2.512651E-16
6590.  2.519920E-16
6591.25  2.503234E-16
6592.5  2.517816E-16
6593.75  2.488554E-16
6595.  2.571680E-16
6596.25  2.571913E-16
6597.5  2.494412E-16
6598.75  2.497840E-16
6600.  2.528341E-16
6601.25  2.545840E-16
6602.5  2.493476E-16
6603.75  2.490972E-16
6605.  2.540609E-16
6606.25  2.500830E-16
6607.5  2.465328E-16
6608.75  2.468898E-16
6610.  2.491081E-16
6611.25  2.478163E-16
6612.5  2.465584E-16
6613.75  2.464508E-16
6615.  2.497492E-16
6616.25  2.487740E-16
6617.5  2.441586E-16
6618.75  2.468880E-16
6620.  2.462334E-16
6621.25  2.398897E-16
6622.5  2.439953E-16
6623.75  2.463510E-16
6625.  2.424700E-16
6626.25  2.465588E-16
6627.5  2.511423E-16
6628.75  2.486640E-16
6630.  2.482671E-16
6631.25  2.511545E-16
6632.5  2.470517E-16
6633.75  2.457015E-16
6635.  2.505989E-16
6636.25  2.527643E-16
6637.5  2.506562E-16
6638.75  2.487227E-16
6640.  2.466105E-16
6641.25  2.503407E-16
6642.5  2.456624E-16
6643.75  2.448587E-16
6645.  2.510118E-16
6646.25  2.463056E-16
6647.5  2.482348E-16
6648.75  2.484591E-16
6650.  2.450587E-16
6651.25  2.472652E-16
6652.5  2.479764E-16
6653.75  2.481432E-16
6655.  2.454994E-16
6656.25  2.474353E-16
6657.5  2.521976E-16
6658.75  2.479255E-16
6660.  2.442556E-16
6661.25  2.453894E-16
6662.5  2.442571E-16
6663.75  2.452485E-16
6665.  2.471678E-16
6666.25  2.482547E-16
6667.5  2.470558E-16
6668.75  2.418420E-16
6670.  2.410117E-16
6671.25  2.405258E-16
6672.5  2.418777E-16
6673.75  2.454406E-16
6675.  2.443383E-16
6676.25  2.398525E-16
6677.5  2.424304E-16
6678.75  2.448623E-16
6680.  2.381000E-16
6681.25  2.380612E-16
6682.5  2.464758E-16
6683.75  2.410418E-16
6685.  2.324789E-16
6686.25  2.366086E-16
6687.5  2.366343E-16
6688.75  2.360818E-16
6690.  2.352602E-16
6691.25  2.367544E-16
6692.5  2.331153E-16
6693.75  2.372108E-16
6695.  2.344577E-16
6696.25  2.310261E-16
6697.5  2.318168E-16
6698.75  2.333176E-16
6700.  2.306997E-16
6701.25  2.330056E-16
6702.5  2.381594E-16
6703.75  2.322075E-16
6705.  2.306513E-16
6706.25  2.384561E-16
6707.5  2.397511E-16
6708.75  2.393719E-16
6710.  2.368723E-16
6711.25  2.317918E-16
6712.5  2.331897E-16
6713.75  2.290762E-16
6715.  2.372934E-16
6716.25  2.406352E-16
6717.5  2.289430E-16
6718.75  2.322436E-16
6720.  2.380737E-16
6721.25  2.341370E-16
6722.5  2.325095E-16
6723.75  2.303715E-16
6725.  2.387151E-16
6726.25  2.377563E-16
6727.5  2.452268E-16
6728.75  2.446047E-16
6730.  2.371216E-16
6731.25  2.312811E-16
6732.5  2.336742E-16
6733.75  2.393274E-16
6735.  2.392906E-16
6736.25  2.445214E-16
6737.5  2.488563E-16
6738.75  2.508971E-16
6740.  2.440053E-16
6741.25  2.456587E-16
6742.5  2.498748E-16
6743.75  2.422965E-16
6745.  2.448660E-16
6746.25  2.470053E-16
6747.5  2.479526E-16
6748.75  2.540572E-16
6750.  2.499333E-16
6751.25  2.467495E-16
6752.5  2.502571E-16
6753.75  2.533196E-16
6755.  2.529718E-16
6756.25  2.533240E-16
6757.5  2.554435E-16
6758.75  2.542633E-16
6760.  2.576398E-16
6761.25  2.584283E-16
6762.5  2.572737E-16
6763.75  2.599294E-16
6765.  2.526215E-16
6766.25  2.544393E-16
6767.5  2.602200E-16
6768.75  2.578741E-16
6770.  2.645862E-16
6771.25  2.620637E-16
6772.5  2.635401E-16
6773.75  2.656620E-16
6775.  2.625402E-16
6776.25  2.607472E-16
6777.5  2.579347E-16
6778.75  2.591624E-16
6780.  2.600171E-16
6781.25  2.639941E-16
6782.5  2.648416E-16
6783.75  2.562698E-16
6785.  2.587484E-16
6786.25  2.637984E-16
6787.5  2.607923E-16
6788.75  2.568840E-16
6790.  2.633436E-16
6791.25  2.647301E-16
6792.5  2.656050E-16
6793.75  2.640071E-16
6795.  2.621343E-16
6796.25  2.584769E-16
6797.5  2.644058E-16
6798.75  2.667400E-16
6800.  2.594196E-16
6801.25  2.613135E-16
6802.5  2.639225E-16
6803.75  2.656209E-16
6805.  2.674109E-16
6806.25  2.668106E-16
6807.5  2.665093E-16
6808.75  2.660786E-16
6810.  2.661143E-16
6811.25  2.653297E-16
6812.5  2.642176E-16
6813.75  2.655541E-16
6815.  2.652571E-16
6816.25  2.629490E-16
6817.5  2.648889E-16
6818.75  2.646260E-16
6820.  2.686046E-16
6821.25  2.721441E-16
6822.5  2.654786E-16
6823.75  2.698703E-16
6825.  2.704470E-16
6826.25  2.661660E-16
6827.5  2.686021E-16
6828.75  2.702877E-16
6830.  2.641511E-16
6831.25  2.694292E-16
6832.5  2.643139E-16
6833.75  2.599131E-16
6835.  2.598810E-16
6836.25  2.578133E-16
6837.5  2.575434E-16
6838.75  2.598693E-16
6840.  2.633791E-16
6841.25  2.634076E-16
6842.5  2.621469E-16
6843.75  2.604343E-16
6845.  2.655150E-16
6846.25  2.640955E-16
6847.5  2.576907E-16
6848.75  2.574091E-16
6850.  2.613890E-16
6851.25  2.548015E-16
6852.5  2.495138E-16
6853.75  2.521079E-16
6855.  2.515892E-16
6856.25  2.524444E-16
6857.5  2.573379E-16
6858.75  2.581670E-16
6860.  2.535841E-16
6861.25  2.529663E-16
6862.5  2.550236E-16
6863.75  2.481840E-16
6865.  2.433812E-16
6866.25  2.426677E-16
6867.5  2.433204E-16
6868.75  2.563641E-16
6870.  2.515535E-16
6871.25  2.454301E-16
6872.5  2.495402E-16
6873.75  2.382337E-16
6875.  2.383108E-16
6876.25  2.459624E-16
6877.5  2.420926E-16
6878.75  2.411310E-16
6880.  2.386483E-16
6881.25  2.416043E-16
6882.5  2.413746E-16
6883.75  2.342239E-16
6885.  2.369209E-16
6886.25  2.426458E-16
6887.5  2.441864E-16
6888.75  2.441708E-16
6890.  2.449389E-16
6891.25  2.412796E-16
6892.5  2.390124E-16
6893.75  2.406001E-16
6895.  2.403334E-16
6896.25  2.431139E-16
6897.5  2.412460E-16
6898.75  2.349343E-16
6900.  2.392928E-16
6901.25  2.400857E-16
6902.5  2.385925E-16
6903.75  2.397634E-16
6905.  2.369902E-16
6906.25  2.408988E-16
6907.5  2.327604E-16
6908.75  2.373463E-16
6910.  2.368923E-16
6911.25  2.332188E-16
6912.5  2.306718E-16
6913.75  2.321694E-16
6915.  2.342572E-16
6916.25  2.325666E-16
6917.5  2.296474E-16
6918.75  2.268345E-16
6920.  2.320118E-16
6921.25  2.318814E-16
6922.5  2.331610E-16
6923.75  2.360995E-16
6925.  2.362629E-16
6926.25  2.357433E-16
6927.5  2.305117E-16
6928.75  2.325669E-16
6930.  2.373873E-16
6931.25  2.337924E-16
6932.5  2.353640E-16
6933.75  2.361003E-16
6935.  2.345126E-16
6936.25  2.281700E-16
6937.5  2.291122E-16
6938.75  2.333995E-16
6940.  2.321377E-16
6941.25  2.335772E-16
6942.5  2.333809E-16
6943.75  2.355837E-16
6945.  2.386522E-16
6946.25  2.383796E-16
6947.5  2.350183E-16
6948.75  2.325330E-16
6950.  2.295376E-16
6951.25  2.299587E-16
6952.5  2.368253E-16
6953.75  2.395045E-16
6955.  2.402541E-16
6956.25  2.409333E-16
6957.5  2.344050E-16
6958.75  2.370646E-16
6960.  2.372724E-16
6961.25  2.346937E-16
6962.5  2.410914E-16
6963.75  2.434033E-16
6965.  2.469384E-16
6966.25  2.436114E-16
6967.5  2.415228E-16
6968.75  2.458190E-16
6970.  2.454270E-16
6971.25  2.440567E-16
6972.5  2.438573E-16
6973.75  2.431219E-16
6975.  2.441825E-16
6976.25  2.397756E-16
6977.5  2.447040E-16
6978.75  2.466387E-16
6980.  2.395472E-16
6981.25  2.386111E-16
6982.5  2.423196E-16
6983.75  2.502005E-16
6985.  2.527619E-16
6986.25  2.489309E-16
6987.5  2.479686E-16
6988.75  2.490775E-16
6990.  2.495763E-16
6991.25  2.462300E-16
6992.5  2.501728E-16
6993.75  2.545880E-16
6995.  2.515080E-16
6996.25  2.509518E-16
6997.5  2.517238E-16
6998.75  2.532718E-16
7000.  2.565901E-16
7001.25  2.553238E-16
7002.5  2.508365E-16
7003.75  2.494380E-16
7005.  2.537816E-16
7006.25  2.586109E-16
7007.5  2.561315E-16
7008.75  2.559744E-16
7010.  2.550721E-16
7011.25  2.509899E-16
7012.5  2.484469E-16
7013.75  2.565512E-16
7015.  2.559342E-16
7016.25  2.536807E-16
7017.5  2.593364E-16
7018.75  2.667985E-16
7020.  2.596912E-16
7021.25  2.586778E-16
7022.5  2.622471E-16
7023.75  2.604584E-16
7025.  2.648264E-16
7026.25  2.649916E-16
7027.5  2.646450E-16
7028.75  2.703302E-16
7030.  2.705109E-16
7031.25  2.663115E-16
7032.5  2.641126E-16
7033.75  2.677570E-16
7035.  2.668014E-16
7036.25  2.650267E-16
7037.5  2.676311E-16
7038.75  2.679662E-16
7040.  2.705021E-16
7041.25  2.685718E-16
7042.5  2.714640E-16
7043.75  2.716396E-16
7045.  2.754833E-16
7046.25  2.742953E-16
7047.5  2.755095E-16
7048.75  2.747149E-16
7050.  2.687977E-16
7051.25  2.690273E-16
7052.5  2.784464E-16
7053.75  2.834635E-16
7055.  2.811184E-16
7056.25  2.800083E-16
7057.5  2.812141E-16
7058.75  2.855726E-16
7060.  2.853313E-16
7061.25  2.831834E-16
7062.5  2.846222E-16
7063.75  2.838565E-16
7065.  2.886635E-16
7066.25  2.948872E-16
7067.5  2.900671E-16
7068.75  2.860633E-16
7070.  2.858857E-16
7071.25  2.952021E-16
7072.5  3.013642E-16
7073.75  2.950030E-16
7075.  2.914798E-16
7076.25  2.918131E-16
7077.5  2.884168E-16
7078.75  2.905080E-16
7080.  3.005132E-16
7081.25  3.013669E-16
7082.5  2.980301E-16
7083.75  2.949930E-16
7085.  2.948259E-16
7086.25  2.998291E-16
7087.5  2.989969E-16
7088.75  2.928482E-16
7090.  2.942473E-16
7091.25  2.971793E-16
7092.5  2.946388E-16
7093.75  2.934481E-16
7095.  2.987440E-16
7096.25  3.006355E-16
7097.5  2.988593E-16
7098.75  2.999076E-16
7100.  3.015111E-16
7101.25  2.981831E-16
7102.5  2.913803E-16
7103.75  2.938491E-16
7105.  2.941475E-16
7106.25  2.929765E-16
7107.5  2.960845E-16
7108.75  2.949639E-16
7110.  2.910836E-16
7111.25  2.919164E-16
7112.5  2.902143E-16
7113.75  2.933502E-16
7115.  2.937648E-16
7116.25  2.951848E-16
7117.5  2.980120E-16
7118.75  2.968301E-16
7120.  2.933724E-16
7121.25  2.909812E-16
7122.5  2.959620E-16
7123.75  2.995749E-16
7125.  2.990927E-16
7126.25  2.969739E-16
7127.5  2.943428E-16
7128.75  2.997837E-16
7130.  3.025693E-16
7131.25  2.952426E-16
7132.5  2.934581E-16
7133.75  2.961031E-16
7135.  2.964304E-16
7136.25  2.971087E-16
7137.5  2.990513E-16
7138.75  2.983618E-16
7140.  2.915998E-16
7141.25  2.967508E-16
7142.5  2.981232E-16
7143.75  2.973707E-16
7145.  2.985325E-16
7146.25  2.945004E-16
7147.5  2.971029E-16
7148.75  2.995161E-16
7150.  2.958352E-16
7151.25  2.943232E-16
7152.5  2.929486E-16
7153.75  2.925044E-16
7155.  2.989542E-16
7156.25  2.966255E-16
7157.5  2.942787E-16
7158.75  2.960486E-16
7160.  2.985063E-16
7161.25  2.992725E-16
7162.5  2.933782E-16
7163.75  2.964761E-16
7165.  3.028499E-16
7166.25  2.950310E-16
7167.5  2.881320E-16
7168.75  2.894339E-16
7170.  2.857876E-16
7171.25  2.807882E-16
7172.5  2.849593E-16
7173.75  2.913618E-16
7175.  2.900872E-16
7176.25  2.906030E-16
7177.5  2.909686E-16
7178.75  2.888635E-16
7180.  2.888273E-16
7181.25  2.879360E-16
7182.5  2.848149E-16
7183.75  2.843184E-16
7185.  2.884739E-16
7186.25  2.885878E-16
7187.5  2.850692E-16
7188.75  2.828817E-16
7190.  2.784631E-16
7191.25  2.811891E-16
7192.5  2.837967E-16
7193.75  2.798555E-16
7195.  2.796456E-16
7196.25  2.800582E-16
7197.5  2.812464E-16
7198.75  2.813628E-16
7200.  2.814538E-16
7201.25  2.811245E-16
7202.5  2.762382E-16
7203.75  2.780536E-16
7205.  2.774320E-16
7206.25  2.770681E-16
7207.5  2.829735E-16
7208.75  2.779965E-16
7210.  2.744500E-16
7211.25  2.739637E-16
7212.5  2.738774E-16
7213.75  2.740582E-16
7215.  2.731192E-16
7216.25  2.738671E-16
7217.5  2.689742E-16
7218.75  2.623887E-16
7220.  2.679199E-16
7221.25  2.734253E-16
7222.5  2.691643E-16
7223.75  2.685473E-16
7225.  2.688795E-16
7226.25  2.683843E-16
7227.5  2.751023E-16
7228.75  2.756126E-16
7230.  2.679649E-16
7231.25  2.678507E-16
7232.5  2.746705E-16
7233.75  2.752262E-16
7235.  2.678143E-16
7236.25  2.683376E-16
7237.5  2.753961E-16
7238.75  2.690300E-16
7240.  2.674365E-16
7241.25  2.683795E-16
7242.5  2.702266E-16
7243.75  2.720102E-16
7245.  2.766318E-16
7246.25  2.741075E-16
7247.5  2.676579E-16
7248.75  2.622381E-16
7250.  2.628818E-16
7251.25  2.650197E-16
7252.5  2.694455E-16
7253.75  2.725745E-16
7255.  2.735404E-16
7256.25  2.712227E-16
7257.5  2.642287E-16
7258.75  2.649185E-16
7260.  2.659085E-16
7261.25  2.633112E-16
7262.5  2.656743E-16
7263.75  2.627492E-16
7265.  2.674764E-16
7266.25  2.719856E-16
7267.5  2.680632E-16
7268.75  2.614160E-16
7270.  2.593768E-16
7271.25  2.613080E-16
7272.5  2.603420E-16
7273.75  2.655216E-16
7275.  2.643448E-16
7276.25  2.640433E-16
7277.5  2.648193E-16
7278.75  2.631678E-16
7280.  2.609970E-16
7281.25  2.643461E-16
7282.5  2.629656E-16
7283.75  2.528780E-16
7285.  2.484087E-16
7286.25  2.504868E-16
7287.5  2.548349E-16
7288.75  2.605973E-16
7290.  2.602722E-16
7291.25  2.597440E-16
7292.5  2.630649E-16
7293.75  2.623293E-16
7295.  2.580414E-16
7296.25  2.560151E-16
7297.5  2.530169E-16
7298.75  2.556235E-16
7300.  2.528611E-16
7301.25  2.612300E-16
7302.5  2.598599E-16
7303.75  2.616668E-16
7305.  2.563137E-16
7306.25  2.553022E-16
7307.5  2.684964E-16
7308.75  2.733603E-16
7310.  2.635943E-16
7311.25  2.576870E-16
7312.5  2.567403E-16
7313.75  2.551094E-16
7315.  2.424844E-16
7316.25  2.354968E-16
7317.5  2.409243E-16
7318.75  2.458418E-16
7320.  2.446159E-16
7321.25  2.449042E-16
7322.5  2.460975E-16
7323.75  2.441532E-16
7325.  2.473000E-16
7326.25  2.400933E-16
7327.5  2.410342E-16
7328.75  2.417700E-16
7330.  2.383139E-16
7331.25  2.434835E-16
7332.5  2.410800E-16
7333.75  2.369538E-16
7335.  2.341614E-16
7336.25  2.367923E-16
7337.5  2.346914E-16
7338.75  2.342664E-16
7340.  2.433496E-16
7341.25  2.395670E-16
7342.5  2.389661E-16
7343.75  2.327847E-16
7345.  2.285966E-16
7346.25  2.278585E-16
7347.5  2.257473E-16
7348.75  2.316206E-16
7350.  2.328105E-16
7351.25  2.261582E-16
7352.5  2.252382E-16
7353.75  2.235799E-16
7355.  2.210263E-16
7356.25  2.244299E-16
7357.5  2.287424E-16
7358.75  2.282590E-16
7360.  2.241153E-16
7361.25  2.229705E-16
7362.5  2.262072E-16
7363.75  2.281973E-16
7365.  2.234343E-16
7366.25  2.195152E-16
7367.5  2.194751E-16
7368.75  2.200930E-16
7370.  2.216737E-16
7371.25  2.241431E-16
7372.5  2.194172E-16
7373.75  2.207506E-16
7375.  2.183619E-16
7376.25  2.162534E-16
7377.5  2.132107E-16
7378.75  2.167890E-16
7380.  2.265869E-16
7381.25  2.199070E-16
7382.5  2.140966E-16
7383.75  2.199288E-16
7385.  2.240305E-16
7386.25  2.206909E-16
7387.5  2.165059E-16
7388.75  2.199897E-16
7390.  2.163938E-16
7391.25  2.211398E-16
7392.5  2.182954E-16
7393.75  2.173979E-16
7395.  2.168950E-16
7396.25  2.137030E-16
7397.5  2.105420E-16
7398.75  2.138280E-16
7400.  2.200976E-16
7401.25  2.120621E-16
7402.5  2.023923E-16
7403.75  2.077117E-16
7405.  2.121955E-16
7406.25  2.083623E-16
7407.5  2.059375E-16
7408.75  2.074180E-16
7410.  2.087399E-16
7411.25  2.103678E-16
7412.5  2.115860E-16
7413.75  2.079348E-16
7415.  2.098036E-16
7416.25  2.135773E-16
7417.5  2.077207E-16
7418.75  2.060289E-16
7420.  2.072729E-16
7421.25  2.139142E-16
7422.5  2.048778E-16
7423.75  2.038143E-16
7425.  2.069677E-16
7426.25  2.033447E-16
7427.5  2.099460E-16
7428.75  2.076986E-16
7430.  1.996741E-16
7431.25  2.029857E-16
7432.5  2.064761E-16
7433.75  2.020820E-16
7435.  2.000630E-16
7436.25  2.042401E-16
7437.5  2.066362E-16
7438.75  1.999829E-16
7440.  2.002513E-16
7441.25  2.057156E-16
7442.5  2.008773E-16
7443.75  2.021168E-16
7445.  2.014962E-16
7446.25  1.975192E-16
7447.5  1.984961E-16
7448.75  1.957864E-16
7450.  2.022585E-16
7451.25  2.007442E-16
7452.5  2.046205E-16
7453.75  2.000099E-16
7455.  1.991458E-16
7456.25  1.960261E-16
7457.5  1.967863E-16
7458.75  2.022561E-16
7460.  2.052941E-16
7461.25  1.969369E-16
7462.5  1.962384E-16
7463.75  1.996899E-16
7465.  1.981961E-16
7466.25  1.989055E-16
7467.5  1.979538E-16
7468.75  1.946911E-16
7470.  1.965659E-16
7471.25  1.966521E-16
7472.5  1.897943E-16
7473.75  1.878750E-16
7475.  1.931507E-16
7476.25  1.973833E-16
7477.5  1.991620E-16
7478.75  1.923754E-16
7480.  1.961096E-16
7481.25  1.982270E-16
7482.5  1.971339E-16
7483.75  1.978873E-16
7485.  1.956274E-16
7486.25  1.938240E-16
7487.5  1.914658E-16
7488.75  1.930944E-16
7490.  1.931676E-16
7491.25  1.979304E-16
7492.5  1.958682E-16
7493.75  1.939235E-16
7495.  1.918737E-16
7496.25  1.964989E-16
7497.5  2.052494E-16
7498.75  1.969076E-16
7500.  1.853577E-16
7501.25  1.882823E-16
7502.5  1.940043E-16
7503.75  1.913113E-16
7505.  1.906011E-16
7506.25  1.969746E-16
7507.5  1.950912E-16
7508.75  1.954936E-16
7510.  1.933409E-16
7511.25  1.892479E-16
7512.5  1.903115E-16
7513.75  1.871801E-16
7515.  1.899540E-16
7516.25  1.908954E-16
7517.5  1.925363E-16
7518.75  1.883088E-16
7520.  1.927201E-16
7521.25  1.924579E-16
7522.5  1.889220E-16
7523.75  1.894322E-16
7525.  1.858920E-16
7526.25  1.870879E-16
7527.5  1.917063E-16
7528.75  1.885274E-16
7530.  1.868542E-16
7531.25  1.878854E-16
7532.5  1.896255E-16
7533.75  1.924995E-16
7535.  1.889692E-16
7536.25  1.907861E-16
7537.5  1.918954E-16
7538.75  1.886656E-16
7540.  1.889962E-16
7541.25  1.782329E-16
7542.5  1.817484E-16
7543.75  1.837929E-16
7545.  1.900551E-16
7546.25  1.925590E-16
7547.5  1.865389E-16
7548.75  1.873655E-16
7550.  1.867264E-16
7551.25  1.870672E-16
7552.5  1.895213E-16
7553.75  1.882076E-16
7555.  1.843981E-16
7556.25  1.835808E-16
7557.5  1.815242E-16
7558.75  1.745995E-16
7560.  1.779422E-16
7561.25  1.853630E-16
7562.5  1.866488E-16
7563.75  1.844725E-16
7565.  1.807241E-16
7566.25  1.844630E-16
7567.5  1.873306E-16
7568.75  1.863821E-16
7570.  1.840643E-16
7571.25  1.864773E-16
7572.5  1.860574E-16
7573.75  1.871347E-16
7575.  1.840162E-16
7576.25  1.856832E-16
7577.5  1.856934E-16
7578.75  1.852206E-16
7580.  1.805050E-16
7581.25  1.782533E-16
7582.5  1.806608E-16
7583.75  1.799723E-16
7585.  1.775906E-16
7586.25  1.783129E-16
7587.5  1.774025E-16
7588.75  1.772484E-16
7590.  1.789529E-16
7591.25  1.724919E-16
7592.5  1.657019E-16
7593.75  1.589054E-16
7595.  1.697785E-16
7596.25  1.722593E-16
7597.5  1.716043E-16
7598.75  1.682130E-16
7600.  1.704624E-16
7601.25  1.719387E-16
7602.5  1.648063E-16
7603.75  1.628974E-16
7605.  1.521425E-16
7606.25  1.621408E-16
7607.5  1.682777E-16
7608.75  1.681079E-16
7610.  1.659123E-16
7611.25  1.715658E-16
7612.5  1.854309E-16
7613.75  1.855295E-16
7615.  1.802005E-16
7616.25  1.812191E-16
7617.5  1.802702E-16
7618.75  1.754190E-16
7620.  1.704314E-16
7621.25  1.670081E-16
7622.5  1.692615E-16
7623.75  1.781921E-16
7625.  1.796002E-16
7626.25  1.689565E-16
7627.5  1.735121E-16
7628.75  1.748472E-16
7630.  1.642559E-16
7631.25  1.727249E-16
7632.5  1.815845E-16
7633.75  1.752107E-16
7635.  1.739247E-16
7636.25  1.768383E-16
7637.5  1.795747E-16
7638.75  1.795445E-16
7640.  1.780515E-16
7641.25  1.785751E-16
7642.5  1.779141E-16
7643.75  1.767353E-16
7645.  1.788037E-16
7646.25  1.747553E-16
7647.5  1.670942E-16
7648.75  1.734141E-16
7650.  1.840709E-16
7651.25  1.834511E-16
7652.5  1.762435E-16
7653.75  1.770253E-16
7655.  1.815729E-16
7656.25  1.818647E-16
7657.5  1.716814E-16
7658.75  1.737249E-16
7660.  1.856548E-16
7661.25  1.845476E-16
7662.5  1.749775E-16
7663.75  1.718073E-16
7665.  1.777728E-16
7666.25  1.781429E-16
7667.5  1.720058E-16
7668.75  1.728636E-16
7670.  1.740214E-16
7671.25  1.674840E-16
7672.5  1.678665E-16
7673.75  1.734475E-16
7675.  1.710242E-16
7676.25  1.730179E-16
7677.5  1.722963E-16
7678.75  1.688707E-16
7680.  1.709259E-16
7681.25  1.706015E-16
7682.5  1.704412E-16
7683.75  1.697783E-16
7685.  1.721855E-16
7686.25  1.729123E-16
7687.5  1.706656E-16
7688.75  1.683355E-16
7690.  1.693261E-16
7691.25  1.629833E-16
7692.5  1.637374E-16
7693.75  1.690538E-16
7695.  1.667718E-16
7696.25  1.634608E-16
7697.5  1.643751E-16
7698.75  1.680282E-16
7700.  1.670587E-16
7701.25  1.650860E-16
7702.5  1.657590E-16
7703.75  1.651517E-16
7705.  1.659791E-16
7706.25  1.667625E-16
7707.5  1.621395E-16
7708.75  1.683031E-16
7710.  1.711977E-16
7711.25  1.688544E-16
7712.5  1.639666E-16
7713.75  1.620913E-16
7715.  1.631585E-16
7716.25  1.694982E-16
7717.5  1.713649E-16
7718.75  1.680903E-16
7720.  1.666012E-16
7721.25  1.678112E-16
7722.5  1.709696E-16
7723.75  1.693578E-16
7725.  1.689921E-16
7726.25  1.710343E-16
7727.5  1.668021E-16
7728.75  1.677090E-16
7730.  1.696090E-16
7731.25  1.639875E-16
7732.5  1.680590E-16
7733.75  1.733347E-16
7735.  1.679385E-16
7736.25  1.655808E-16
7737.5  1.701856E-16
7738.75  1.714944E-16
7740.  1.696109E-16
7741.25  1.693468E-16
7742.5  1.663182E-16
7743.75  1.665452E-16
7745.  1.668883E-16
7746.25  1.590053E-16
7747.5  1.594997E-16
7748.75  1.706184E-16
7750.  1.746782E-16
7751.25  1.739798E-16
7752.5  1.723437E-16
7753.75  1.726255E-16
7755.  1.725868E-16
7756.25  1.720716E-16
7757.5  1.740764E-16
7758.75  1.711171E-16
7760.  1.725082E-16
7761.25  1.751768E-16
7762.5  1.708837E-16
7763.75  1.696642E-16
7765.  1.711348E-16
7766.25  1.692109E-16
7767.5  1.667013E-16
7768.75  1.751452E-16
7770.  1.767376E-16
7771.25  1.736250E-16
7772.5  1.706044E-16
7773.75  1.702880E-16
7775.  1.730675E-16
7776.25  1.743042E-16
7777.5  1.755445E-16
7778.75  1.735183E-16
7780.  1.697706E-16
7781.25  1.758692E-16
7782.5  1.830228E-16
7783.75  1.754322E-16
7785.  1.693846E-16
7786.25  1.717429E-16
7787.5  1.725007E-16
7788.75  1.755737E-16
7790.  1.801920E-16
7791.25  1.814689E-16
7792.5  1.722000E-16
7793.75  1.687390E-16
7795.  1.752121E-16
7796.25  1.745185E-16
7797.5  1.727691E-16
7798.75  1.722013E-16
7800.  1.756892E-16
7801.25  1.797330E-16
7802.5  1.819178E-16
7803.75  1.813637E-16
7805.  1.728469E-16
7806.25  1.660688E-16
7807.5  1.700507E-16
7808.75  1.745315E-16
7810.  1.722464E-16
7811.25  1.709941E-16
7812.5  1.763409E-16
7813.75  1.785121E-16
7815.  1.740154E-16
7816.25  1.742517E-16
7817.5  1.747363E-16
7818.75  1.729055E-16
7820.  1.749228E-16
7821.25  1.734607E-16
7822.5  1.717822E-16
7823.75  1.715708E-16
7825.  1.704669E-16
7826.25  1.710946E-16
7827.5  1.729775E-16
7828.75  1.720124E-16
7830.  1.695317E-16
7831.25  1.723585E-16
7832.5  1.735400E-16
7833.75  1.712259E-16
7835.  1.729513E-16
7836.25  1.739867E-16
7837.5  1.696066E-16
7838.75  1.707822E-16
7840.  1.740270E-16
7841.25  1.721613E-16
7842.5  1.749045E-16
7843.75  1.765798E-16
7845.  1.704810E-16
7846.25  1.672293E-16
7847.5  1.698471E-16
7848.75  1.703600E-16
7850.  1.687665E-16
7851.25  1.628955E-16
7852.5  1.662168E-16
7853.75  1.745824E-16
7855.  1.745885E-16
7856.25  1.714426E-16
7857.5  1.638572E-16
7858.75  1.683223E-16
7860.  1.739502E-16
7861.25  1.728092E-16
7862.5  1.718240E-16
7863.75  1.722886E-16
7865.  1.714938E-16
7866.25  1.697083E-16
7867.5  1.718619E-16
7868.75  1.775603E-16
7870.  1.798555E-16
7871.25  1.745319E-16
7872.5  1.686259E-16
7873.75  1.728984E-16
7875.  1.733103E-16
7876.25  1.703182E-16
7877.5  1.651253E-16
7878.75  1.708682E-16
7880.  1.753803E-16
7881.25  1.697323E-16
7882.5  1.677687E-16
7883.75  1.720761E-16
7885.  1.758045E-16
7886.25  1.752229E-16
7887.5  1.725406E-16
7888.75  1.749654E-16
7890.  1.798805E-16
7891.25  1.840612E-16
7892.5  1.802040E-16
7893.75  1.732725E-16
7895.  1.738993E-16
7896.25  1.714008E-16
7897.5  1.690517E-16
7898.75  1.718908E-16
7900.  1.729768E-16
7901.25  1.764329E-16
7902.5  1.779115E-16
7903.75  1.761681E-16
7905.  1.729499E-16
7906.25  1.726908E-16
7907.5  1.765200E-16
7908.75  1.783244E-16
7910.  1.765701E-16
7911.25  1.735770E-16
7912.5  1.731315E-16
7913.75  1.772252E-16
7915.  1.807127E-16
7916.25  1.781525E-16
7917.5  1.769189E-16
7918.75  1.785052E-16
7920.  1.807593E-16
7921.25  1.813217E-16
7922.5  1.791729E-16
7923.75  1.774884E-16
7925.  1.752592E-16
7926.25  1.774648E-16
7927.5  1.783674E-16
7928.75  1.783916E-16
7930.  1.791914E-16
7931.25  1.797187E-16
7932.5  1.840533E-16
7933.75  1.845699E-16
7935.  1.822442E-16
7936.25  1.780293E-16
7937.5  1.765965E-16
7938.75  1.824908E-16
7940.  1.815555E-16
7941.25  1.740995E-16
7942.5  1.765844E-16
7943.75  1.817594E-16
7945.  1.806625E-16
7946.25  1.813696E-16
7947.5  1.849911E-16
7948.75  1.882069E-16
7950.  1.908185E-16
7951.25  1.871867E-16
7952.5  1.839441E-16
7953.75  1.854264E-16
7955.  1.828575E-16
7956.25  1.855306E-16
7957.5  1.881490E-16
7958.75  1.854197E-16
7960.  1.796422E-16
7961.25  1.845391E-16
7962.5  1.891796E-16
7963.75  1.883251E-16
7965.  1.864574E-16
7966.25  1.843527E-16
7967.5  1.842220E-16
7968.75  1.843190E-16
7970.  1.905459E-16
7971.25  1.901319E-16
7972.5  1.869362E-16
7973.75  1.907008E-16
7975.  1.888561E-16
7976.25  1.861405E-16
7977.5  1.878822E-16
7978.75  1.903277E-16
7980.  1.942625E-16
7981.25  1.948104E-16
7982.5  1.863883E-16
7983.75  1.868284E-16
7985.  1.981264E-16
7986.25  2.008791E-16
7987.5  1.966892E-16
7988.75  1.949858E-16
7990.  1.962039E-16
7991.25  1.981861E-16
7992.5  2.017438E-16
7993.75  2.020854E-16
7995.  2.027742E-16
7996.25  2.064896E-16
7997.5  2.012137E-16
7998.75  1.979973E-16
8000.  2.037403E-16
8001.25  2.085244E-16
8002.5  2.064870E-16
8003.75  2.009459E-16
8005.  2.025321E-16
8006.25  2.039162E-16
8007.5  2.042865E-16
8008.75  2.110960E-16
8010.  2.073936E-16
8011.25  2.042747E-16
8012.5  2.006928E-16
8013.75  2.050015E-16
8015.  2.046629E-16
8016.25  2.034447E-16
8017.5  2.105302E-16
8018.75  2.144121E-16
8020.  2.109777E-16
8021.25  2.055248E-16
8022.5  2.039803E-16
8023.75  2.119240E-16
8025.  2.206425E-16
8026.25  2.237189E-16
8027.5  2.220709E-16
8028.75  2.198335E-16
8030.  2.197547E-16
8031.25  2.142779E-16
8032.5  2.130208E-16
8033.75  2.189544E-16
8035.  2.191824E-16
8036.25  2.248168E-16
8037.5  2.221471E-16
8038.75  2.201109E-16
8040.  2.194848E-16
8041.25  2.198281E-16
8042.5  2.201299E-16
8043.75  2.243155E-16
8045.  2.260375E-16
8046.25  2.267138E-16
8047.5  2.206784E-16
8048.75  2.203927E-16
8050.  2.193931E-16
8051.25  2.158574E-16
8052.5  2.206743E-16
8053.75  2.254066E-16
8055.  2.266447E-16
8056.25  2.344578E-16
8057.5  2.355128E-16
8058.75  2.249281E-16
8060.  2.253278E-16
8061.25  2.224563E-16
8062.5  2.302737E-16
8063.75  2.338649E-16
8065.  2.243674E-16
8066.25  2.276569E-16
8067.5  2.234173E-16
8068.75  2.250583E-16
8070.  2.309363E-16
8071.25  2.273228E-16
8072.5  2.282783E-16
8073.75  2.281786E-16
8075.  2.340623E-16
8076.25  2.357591E-16
8077.5  2.310249E-16
8078.75  2.291488E-16
8080.  2.274993E-16
8081.25  2.299426E-16
8082.5  2.337539E-16
8083.75  2.351958E-16
8085.  2.328077E-16
8086.25  2.294368E-16
8087.5  2.287061E-16
8088.75  2.269239E-16
8090.  2.275877E-16
8091.25  2.237136E-16
8092.5  2.303443E-16
8093.75  2.322828E-16
8095.  2.313273E-16
8096.25  2.313866E-16
8097.5  2.256580E-16
8098.75  2.161540E-16
8100.  2.172357E-16
8101.25  2.188206E-16
8102.5  2.174993E-16
8103.75  2.234063E-16
8105.  2.233783E-16
8106.25  2.189879E-16
8107.5  2.182577E-16
8108.75  2.159745E-16
8110.  2.245221E-16
8111.25  2.240428E-16
8112.5  2.151295E-16
8113.75  2.226399E-16
8115.  2.191379E-16
8116.25  2.196328E-16
8117.5  2.187526E-16
8118.75  2.195289E-16
8120.  2.273628E-16
8121.25  2.225785E-16
8122.5  2.171258E-16
8123.75  2.229001E-16
8125.  2.221878E-16
8126.25  2.188919E-16
8127.5  2.146379E-16
8128.75  2.123809E-16
8130.  2.144601E-16
8131.25  2.155564E-16
8132.5  2.148755E-16
8133.75  2.185384E-16
8135.  2.186299E-16
8136.25  2.131540E-16
8137.5  2.202373E-16
8138.75  2.158452E-16
8140.  2.071180E-16
8141.25  2.126957E-16
8142.5  2.145437E-16
8143.75  2.140370E-16
8145.  2.131839E-16
8146.25  2.081216E-16
8147.5  2.109872E-16
8148.75  2.109614E-16
8150.  2.143283E-16
8151.25  2.080248E-16
8152.5  2.042485E-16
8153.75  2.072108E-16
8155.  2.126287E-16
8156.25  2.165182E-16
8157.5  2.142977E-16
8158.75  2.086653E-16
8160.  2.026309E-16
8161.25  2.037001E-16
8162.5  2.088754E-16
8163.75  2.071946E-16
8165.  2.111860E-16
8166.25  2.110932E-16
8167.5  2.066347E-16
8168.75  2.096691E-16
8170.  2.103921E-16
8171.25  2.185084E-16
8172.5  2.134308E-16
8173.75  2.100979E-16
8175.  2.088336E-16
8176.25  2.097949E-16
8177.5  2.172296E-16
8178.75  2.163526E-16
8180.  2.036255E-16
8181.25  2.085538E-16
8182.5  2.163454E-16
8183.75  2.114183E-16
8185.  2.079650E-16
8186.25  2.091319E-16
8187.5  2.122790E-16
8188.75  2.127848E-16
8190.  2.087369E-16
8191.25  2.035595E-16
8192.5  2.073254E-16
8193.75  2.101676E-16
8195.  2.058727E-16
8196.25  2.052106E-16
8197.5  2.021622E-16
8198.75  2.023408E-16
8200.  2.015013E-16
8201.25  2.049628E-16
8202.5  1.996517E-16
8203.75  2.005481E-16
8205.  2.091158E-16
8206.25  1.997055E-16
8207.5  1.972569E-16
8208.75  1.997479E-16
8210.  2.017006E-16
8211.25  2.102827E-16
8212.5  2.076188E-16
8213.75  2.065908E-16
8215.  2.078476E-16
8216.25  1.996653E-16
8217.5  1.981338E-16
8218.75  2.041450E-16
8220.  2.002500E-16
8221.25  1.959363E-16
8222.5  1.938394E-16
8223.75  1.950885E-16
8225.  2.003964E-16
8226.25  1.926445E-16
8227.5  1.953427E-16
8228.75  2.016740E-16
8230.  1.977396E-16
8231.25  2.040816E-16
8232.5  2.054625E-16
8233.75  2.029571E-16
8235.  2.021159E-16
8236.25  1.983290E-16
8237.5  1.996131E-16
8238.75  1.985478E-16
8240.  1.915351E-16
8241.25  1.912200E-16
8242.5  1.928308E-16
8243.75  1.965405E-16
8245.  2.039611E-16
8246.25  1.997534E-16
8247.5  1.975731E-16
8248.75  1.969074E-16
8250.  1.947104E-16
8251.25  1.952818E-16
8252.5  1.954563E-16
8253.75  1.941268E-16
8255.  1.951135E-16
8256.25  1.897112E-16
8257.5  1.876055E-16
8258.75  1.954844E-16
8260.  1.963987E-16
8261.25  1.851396E-16
8262.5  1.835344E-16
8263.75  1.910271E-16
8265.  1.914146E-16
8266.25  1.899694E-16
8267.5  1.882919E-16
8268.75  1.920500E-16
8270.  1.865631E-16
8271.25  1.840476E-16
8272.5  1.874297E-16
8273.75  1.899602E-16
8275.  1.849813E-16
8276.25  1.852230E-16
8277.5  1.923159E-16
8278.75  1.867864E-16
8280.  1.861282E-16
8281.25  1.862177E-16
8282.5  1.860726E-16
8283.75  1.840230E-16
8285.  1.785744E-16
8286.25  1.780426E-16
8287.5  1.887385E-16
8288.75  1.945214E-16
8290.  1.853029E-16
8291.25  1.798690E-16
8292.5  1.774513E-16
8293.75  1.827105E-16
8295.  1.909907E-16
8296.25  1.902264E-16
8297.5  1.843188E-16
8298.75  1.802831E-16
8300.  1.827478E-16
8301.25  1.864642E-16
8302.5  1.891168E-16
8303.75  1.873353E-16
8305.  1.881201E-16
8306.25  1.832964E-16
8307.5  1.774638E-16
8308.75  1.797505E-16
8310.  1.799768E-16
8311.25  1.762934E-16
8312.5  1.782258E-16
8313.75  1.797609E-16
8315.  1.742163E-16
8316.25  1.746121E-16
8317.5  1.808590E-16
8318.75  1.798779E-16
8320.  1.815059E-16
8321.25  1.825414E-16
8322.5  1.836591E-16
8323.75  1.800905E-16
8325.  1.711699E-16
8326.25  1.735399E-16
8327.5  1.714457E-16
8328.75  1.712832E-16
8330.  1.727662E-16
8331.25  1.706429E-16
8332.5  1.692688E-16
8333.75  1.683683E-16
8335.  1.683203E-16
8336.25  1.646374E-16
8337.5  1.668549E-16
8338.75  1.724582E-16
8340.  1.679561E-16
8341.25  1.704466E-16
8342.5  1.764736E-16
8343.75  1.678698E-16
8345.  1.695005E-16
8346.25  1.749414E-16
8347.5  1.648759E-16
8348.75  1.663000E-16
8350.  1.739540E-16
8351.25  1.687396E-16
8352.5  1.686559E-16
8353.75  1.716235E-16
8355.  1.686840E-16
8356.25  1.661205E-16
8357.5  1.588198E-16
8358.75  1.567185E-16
8360.  1.625928E-16
8361.25  1.598163E-16
8362.5  1.541783E-16
8363.75  1.506872E-16
8365.  1.495913E-16
8366.25  1.549188E-16
8367.5  1.568433E-16
8368.75  1.544901E-16
8370.  1.538272E-16
8371.25  1.509687E-16
8372.5  1.469550E-16
8373.75  1.479555E-16
8375.  1.511363E-16
8376.25  1.477977E-16
8377.5  1.481572E-16
8378.75  1.495580E-16
8380.  1.498363E-16
8381.25  1.485631E-16
8382.5  1.462958E-16
8383.75  1.476542E-16
8385.  1.474704E-16
8386.25  1.460901E-16
8387.5  1.438074E-16
8388.75  1.386997E-16
8390.  1.372445E-16
8391.25  1.410547E-16
8392.5  1.432898E-16
8393.75  1.419526E-16
8395.  1.421576E-16
8396.25  1.383543E-16
8397.5  1.398928E-16
8398.75  1.387839E-16
8400.  1.375481E-16
8401.25  1.399657E-16
8402.5  1.349088E-16
8403.75  1.366228E-16
8405.  1.418390E-16
8406.25  1.390026E-16
8407.5  1.397390E-16
8408.75  1.402207E-16
8410.  1.366287E-16
8411.25  1.336462E-16
8412.5  1.387350E-16
8413.75  1.419160E-16
8415.  1.327176E-16
8416.25  1.273846E-16
8417.5  1.327770E-16
8418.75  1.369657E-16
8420.  1.354735E-16
8421.25  1.346361E-16
8422.5  1.345460E-16
8423.75  1.365925E-16
8425.  1.355368E-16
8426.25  1.294420E-16
8427.5  1.322174E-16
8428.75  1.386258E-16
8430.  1.412537E-16
8431.25  1.362620E-16
8432.5  1.267920E-16
8433.75  1.274164E-16
8435.  1.304656E-16
8436.25  1.303871E-16
8437.5  1.325602E-16
8438.75  1.337561E-16
8440.  1.344952E-16
8441.25  1.316422E-16
8442.5  1.286056E-16
8443.75  1.319516E-16
8445.  1.334557E-16
8446.25  1.316138E-16
8447.5  1.323438E-16
8448.75  1.345976E-16
8450.  1.334955E-16
8451.25  1.293772E-16
8452.5  1.292076E-16
8453.75  1.353039E-16
8455.  1.333246E-16
8456.25  1.281897E-16
8457.5  1.284710E-16
8458.75  1.304844E-16
8460.  1.278603E-16
8461.25  1.282273E-16
8462.5  1.361143E-16
8463.75  1.398832E-16
8465.  1.313536E-16
8466.25  1.236859E-16
8467.5  1.258974E-16
8468.75  1.274564E-16
8470.  1.285688E-16
8471.25  1.301519E-16
8472.5  1.305384E-16
8473.75  1.295757E-16
8475.  1.293556E-16
8476.25  1.300236E-16
8477.5  1.293912E-16
8478.75  1.278291E-16
8480.  1.276476E-16
8481.25  1.339766E-16
8482.5  1.379388E-16
8483.75  1.357184E-16
8485.  1.331714E-16
8486.25  1.312314E-16
8487.5  1.325611E-16
8488.75  1.321145E-16
8490.  1.329411E-16
8491.25  1.404867E-16
8492.5  1.393820E-16
8493.75  1.350443E-16
8495.  1.405996E-16
8496.25  1.412587E-16
8497.5  1.385892E-16
8498.75  1.417746E-16
8500.  1.411842E-16
8501.25  1.358350E-16
8502.5  1.313282E-16
8503.75  1.363037E-16
8505.  1.456672E-16
8506.25  1.488610E-16
8507.5  1.407805E-16
8508.75  1.336617E-16
8510.  1.407661E-16
8511.25  1.489897E-16
8512.5  1.389570E-16
8513.75  1.368573E-16
8515.  1.479205E-16
8516.25  1.449945E-16
8517.5  1.415096E-16
8518.75  1.474029E-16
8520.  1.477888E-16
8521.25  1.468918E-16
8522.5  1.475923E-16
8523.75  1.457057E-16
8525.  1.467513E-16
8526.25  1.518635E-16
8527.5  1.509480E-16
8528.75  1.504110E-16
8530.  1.555021E-16
8531.25  1.519753E-16
8532.5  1.523955E-16
8533.75  1.526230E-16
8535.  1.494025E-16
8536.25  1.511181E-16
8537.5  1.546487E-16
8538.75  1.567483E-16
8540.  1.537998E-16
8541.25  1.563182E-16
8542.5  1.631926E-16
8543.75  1.652363E-16
8545.  1.635830E-16
8546.25  1.605989E-16
8547.5  1.650599E-16
8548.75  1.684596E-16
8550.  1.639623E-16
8551.25  1.614877E-16
8552.5  1.632739E-16
8553.75  1.665871E-16
8555.  1.633775E-16
8556.25  1.608519E-16
8557.5  1.656416E-16
8558.75  1.655265E-16
8560.  1.668518E-16
8561.25  1.676515E-16
8562.5  1.651360E-16
8563.75  1.673377E-16
8565.  1.703632E-16
8566.25  1.734203E-16
8567.5  1.686656E-16
8568.75  1.642516E-16
8570.  1.704506E-16
8571.25  1.757156E-16
8572.5  1.754203E-16
8573.75  1.698888E-16
8575.  1.653297E-16
8576.25  1.695504E-16
8577.5  1.753295E-16
8578.75  1.795900E-16
8580.  1.722248E-16
8581.25  1.715526E-16
8582.5  1.753799E-16
8583.75  1.750792E-16
8585.  1.780792E-16
8586.25  1.785106E-16
8587.5  1.760491E-16
8588.75  1.782689E-16
8590.  1.798531E-16
8591.25  1.740690E-16
8592.5  1.765528E-16
8593.75  1.769487E-16
8595.  1.799104E-16
8596.25  1.849785E-16
8597.5  1.806861E-16
8598.75  1.820838E-16
8600.  1.844698E-16
8601.25  1.848496E-16
8602.5  1.870070E-16
8603.75  1.898543E-16
8605.  1.899499E-16
8606.25  1.846915E-16
8607.5  1.860356E-16
8608.75  1.826269E-16
8610.  1.822477E-16
8611.25  1.813124E-16
8612.5  1.781674E-16
8613.75  1.817420E-16
8615.  1.860049E-16
8616.25  1.907306E-16
8617.5  1.909883E-16
8618.75  1.912412E-16
8620.  1.914965E-16
8621.25  1.861831E-16
8622.5  1.815259E-16
8623.75  1.818598E-16
8625.  1.854846E-16
8626.25  1.852277E-16
8627.5  1.908397E-16
8628.75  1.979564E-16
8630.  1.924673E-16
8631.25  1.935461E-16
8632.5  1.923659E-16
8633.75  1.875923E-16
8635.  1.931226E-16
8636.25  1.961793E-16
8637.5  1.922408E-16
8638.75  1.896515E-16
8640.  1.913639E-16
8641.25  1.874026E-16
8642.5  1.881631E-16
8643.75  1.932063E-16
8645.  1.914409E-16
8646.25  1.936523E-16
8647.5  2.000255E-16
8648.75  1.997928E-16
8650.  1.971097E-16
8651.25  1.987791E-16
8652.5  1.984574E-16
8653.75  1.894669E-16
8655.  1.915246E-16
8656.25  1.977755E-16
8657.5  2.021811E-16
8658.75  1.964653E-16
8660.  2.007124E-16
8661.25  1.955447E-16
8662.5  1.921626E-16
8663.75  1.893923E-16
8665.  1.906652E-16
8666.25  1.902325E-16
8667.5  1.932100E-16
8668.75  1.935194E-16
8670.  1.900909E-16
8671.25  1.925054E-16
8672.5  1.979599E-16
8673.75  2.004087E-16
8675.  1.951849E-16
8676.25  1.906675E-16
8677.5  1.967659E-16
8678.75  1.949134E-16
8680.  1.978533E-16
8681.25  1.966127E-16
8682.5  2.059477E-16
8683.75  2.080274E-16
8685.  1.990677E-16
8686.25  2.012740E-16
8687.5  1.999484E-16
8688.75  2.020763E-16
8690.  2.034667E-16
8691.25  2.010571E-16
8692.5  2.018501E-16
8693.75  2.039338E-16
8695.  2.018956E-16
8696.25  1.998852E-16
8697.5  1.978564E-16
8698.75  1.947342E-16
8700.  1.990848E-16
8701.25  2.045545E-16
8702.5  2.020748E-16
8703.75  1.995206E-16
8705.  2.053214E-16
8706.25  2.070231E-16
8707.5  2.046804E-16
8708.75  1.963218E-16
8710.  2.036444E-16
8711.25  2.073334E-16
8712.5  2.006275E-16
8713.75  1.983116E-16
8715.  2.002508E-16
8716.25  2.055742E-16
8717.5  2.074523E-16
8718.75  2.018487E-16
8720.  1.983266E-16
8721.25  2.056211E-16
8722.5  2.053341E-16
8723.75  1.986911E-16
8725.  2.022825E-16
8726.25  1.981904E-16
8727.5  1.999229E-16
8728.75  2.036970E-16
8730.  2.004881E-16
8731.25  2.022245E-16
8732.5  1.947957E-16
8733.75  1.941685E-16
8735.  1.930174E-16
8736.25  2.004084E-16
8737.5  2.084839E-16
8738.75  1.981442E-16
8740.  1.926061E-16
8741.25  1.939168E-16
8742.5  1.938171E-16
8743.75  1.957608E-16
8745.  1.987610E-16
8746.25  1.954598E-16
8747.5  1.903437E-16
8748.75  1.937965E-16
8750.  1.974700E-16
8751.25  1.916059E-16
8752.5  1.886136E-16
8753.75  1.937790E-16
8755.  1.905185E-16
8756.25  1.969793E-16
8757.5  1.977521E-16
8758.75  2.007666E-16
8760.  1.951335E-16
8761.25  1.898765E-16
8762.5  1.914889E-16
8763.75  1.956997E-16
8765.  1.967436E-16
8766.25  2.037262E-16
8767.5  1.897828E-16
8768.75  1.826335E-16
8770.  1.894206E-16
8771.25  1.872103E-16
8772.5  1.862884E-16
8773.75  1.865675E-16
8775.  1.906464E-16
8776.25  1.931091E-16
8777.5  1.869559E-16
8778.75  1.889073E-16
8780.  1.898621E-16
8781.25  1.879258E-16
8782.5  1.881474E-16
8783.75  1.926471E-16
8785.  1.923514E-16
8786.25  1.916886E-16
8787.5  1.852057E-16
8788.75  1.853447E-16
8790.  1.932553E-16
8791.25  1.882249E-16
8792.5  1.894958E-16
8793.75  1.909505E-16
8795.  1.888702E-16
8796.25  1.898418E-16
8797.5  1.864426E-16
8798.75  1.832309E-16
8800.  1.832192E-16
8801.25  1.818814E-16
8802.5  1.748473E-16
8803.75  1.849858E-16
8805.  1.898752E-16
8806.25  1.865175E-16
8807.5  1.809397E-16
8808.75  1.843880E-16
8810.  1.803143E-16
8811.25  1.809101E-16
8812.5  1.769153E-16
8813.75  1.817026E-16
8815.  1.796044E-16
8816.25  1.818805E-16
8817.5  1.844846E-16
8818.75  1.774378E-16
8820.  1.769991E-16
8821.25  1.816939E-16
8822.5  1.813867E-16
8823.75  1.847575E-16
8825.  1.927776E-16
8826.25  1.965684E-16
8827.5  1.995829E-16
8828.75  1.924707E-16
8830.  1.824990E-16
8831.25  1.832941E-16
8832.5  1.774208E-16
8833.75  1.791962E-16
8835.  1.765641E-16
8836.25  1.738149E-16
8837.5  1.715365E-16
8838.75  1.745718E-16
8840.  1.759200E-16
8841.25  1.698612E-16
8842.5  1.692508E-16
8843.75  1.666984E-16
8845.  1.667392E-16
8846.25  1.692094E-16
8847.5  1.649829E-16
8848.75  1.667289E-16
8850.  1.722465E-16
8851.25  1.696586E-16
8852.5  1.666297E-16
8853.75  1.722106E-16
8855.  1.647944E-16
8856.25  1.648350E-16
8857.5  1.645349E-16
8858.75  1.615523E-16
8860.  1.689564E-16
8861.25  1.633653E-16
8862.5  1.611419E-16
8863.75  1.573681E-16
8865.  1.607379E-16
8866.25  1.668914E-16
8867.5  1.677077E-16
8868.75  1.627507E-16
8870.  1.609068E-16
8871.25  1.603919E-16
8872.5  1.580532E-16
8873.75  1.571451E-16
8875.  1.546307E-16
8876.25  1.626954E-16
8877.5  1.665290E-16
8878.75  1.555780E-16
8880.  1.548511E-16
8881.25  1.610234E-16
8882.5  1.514441E-16
8883.75  1.519291E-16
8885.  1.567588E-16
8886.25  1.518455E-16
8887.5  1.558251E-16
8888.75  1.555948E-16
8890.  1.575580E-16
8891.25  1.512580E-16
8892.5  1.529716E-16
8893.75  1.583377E-16
8895.  1.508150E-16
8896.25  1.494503E-16
8897.5  1.504233E-16
8898.75  1.479570E-16
8900.  1.526058E-16
8901.25  1.572756E-16
8902.5  1.618227E-16
8903.75  1.528627E-16
8905.  1.503339E-16
8906.25  1.508356E-16
8907.5  1.554621E-16
8908.75  1.544755E-16
8910.  1.525007E-16
8911.25  1.555334E-16
8912.5  1.516236E-16
8913.75  1.517340E-16
8915.  1.478027E-16
8916.25  1.516207E-16
8917.5  1.524583E-16
8918.75  1.425160E-16
8920.  1.509577E-16
8921.25  1.609855E-16
8922.5  1.517104E-16
8923.75  1.490735E-16
8925.  1.494709E-16
8926.25  1.432094E-16
8927.5  1.400283E-16
8928.75  1.492015E-16
8930.  1.512521E-16
8931.25  1.458126E-16
8932.5  1.425468E-16
8933.75  1.429907E-16
8935.  1.431137E-16
8936.25  1.434523E-16
8937.5  1.493945E-16
8938.75  1.498539E-16
8940.  1.405527E-16
8941.25  1.430931E-16
8942.5  1.508687E-16
8943.75  1.550716E-16
8945.  1.519087E-16
8946.25  1.451557E-16
8947.5  1.437941E-16
8948.75  1.376073E-16
8950.  1.368647E-16
8951.25  1.437525E-16
8952.5  1.399033E-16
8953.75  1.383346E-16
8955.  1.475204E-16
8956.25  1.588015E-16
8957.5  1.564947E-16
8958.75  1.391799E-16
8960.  1.335210E-16
8961.25  1.346524E-16
8962.5  1.391677E-16
8963.75  1.402818E-16
8965.  1.356521E-16
8966.25  1.365431E-16
8967.5  1.374937E-16
8968.75  1.351569E-16
8970.  1.361163E-16
8971.25  1.384500E-16
8972.5  1.403445E-16
8973.75  1.411057E-16
8975.  1.415217E-16
8976.25  1.425417E-16
8977.5  1.398807E-16
8978.75  1.413265E-16
8980.  1.363441E-16
8981.25  1.304224E-16
8982.5  1.388416E-16
8983.75  1.417198E-16
8985.  1.339648E-16
8986.25  1.301424E-16
8987.5  1.354568E-16
8988.75  1.440906E-16
8990.  1.433253E-16
8991.25  1.468082E-16
8992.5  1.451785E-16
8993.75  1.413302E-16
8995.  1.402171E-16
8996.25  1.358819E-16
8997.5  1.376472E-16
8998.75  1.366802E-16
9000.  1.372193E-16
9001.25  1.564097E-16
9002.5  1.500842E-16
9003.75  1.373751E-16
9005.  1.314620E-16
9006.25  1.332586E-16
9007.5  1.364624E-16
9008.75  1.361028E-16
9010.  1.320501E-16
9011.25  1.354940E-16
9012.5  1.341164E-16
9013.75  1.344174E-16
9015.  1.370192E-16
9016.25  1.340004E-16
9017.5  1.385394E-16
9018.75  1.385809E-16
9020.  1.331874E-16
9021.25  1.348909E-16
9022.5  1.386072E-16
9023.75  1.387304E-16
9025.  1.328442E-16
9026.25  1.344357E-16
9027.5  1.389682E-16
9028.75  1.377121E-16
9030.  1.325647E-16
9031.25  1.298989E-16
9032.5  1.340359E-16
9033.75  1.391638E-16
9035.  1.419482E-16
9036.25  1.381087E-16
9037.5  1.352252E-16
9038.75  1.375830E-16
9040.  1.360692E-16
9041.25  1.310091E-16
9042.5  1.287405E-16
9043.75  1.250643E-16
9045.  1.315685E-16
9046.25  1.388858E-16
9047.5  1.351482E-16
9048.75  1.362893E-16
9050.  1.316686E-16
9051.25  1.288214E-16
9052.5  1.333598E-16
9053.75  1.367967E-16
9055.  1.413696E-16
9056.25  1.396236E-16
9057.5  1.395503E-16
9058.75  1.369207E-16
9060.  1.284654E-16
9061.25  1.301933E-16
9062.5  1.364365E-16
9063.75  1.357786E-16
9065.  1.320328E-16
9066.25  1.332933E-16
9067.5  1.291258E-16
9068.75  1.253881E-16
9070.  1.296296E-16
9071.25  1.303762E-16
9072.5  1.288468E-16
9073.75  1.291068E-16
9075.  1.314057E-16
9076.25  1.353069E-16
9077.5  1.341146E-16
9078.75  1.298037E-16
9080.  1.311185E-16
9081.25  1.303270E-16
9082.5  1.327014E-16
9083.75  1.303123E-16
9085.  1.268387E-16
9086.25  1.300102E-16
9087.5  1.360791E-16
9088.75  1.347093E-16
9090.  1.306101E-16
9091.25  1.250490E-16
9092.5  1.241692E-16
9093.75  1.255885E-16
9095.  1.263326E-16
9096.25  1.285099E-16
9097.5  1.278621E-16
9098.75  1.305529E-16
9100.  1.367884E-16
9101.25  1.302538E-16
9102.5  1.293062E-16
9103.75  1.318183E-16
9105.  1.255381E-16
9106.25  1.269883E-16
9107.5  1.297383E-16
9108.75  1.248895E-16
9110.  1.213802E-16
9111.25  1.178596E-16
9112.5  1.213728E-16
9113.75  1.259626E-16
9115.  1.258782E-16
9116.25  1.223260E-16
9117.5  1.225945E-16
9118.75  1.293164E-16
9120.  1.299894E-16
9121.25  1.264361E-16
9122.5  1.241925E-16
9123.75  1.209206E-16
9125.  1.199097E-16
9126.25  1.199005E-16
9127.5  1.200162E-16
9128.75  1.263142E-16
9130.  1.226558E-16
9131.25  1.272643E-16
9132.5  1.265638E-16
9133.75  1.182545E-16
9135.  1.226204E-16
9136.25  1.263090E-16
9137.5  1.324406E-16
9138.75  1.331753E-16
9140.  1.307895E-16
9141.25  1.292611E-16
9142.5  1.262008E-16
9143.75  1.285736E-16
9145.  1.253721E-16
9146.25  1.171966E-16
9147.5  1.202541E-16
9148.75  1.276252E-16
9150.  1.274374E-16
9151.25  1.228977E-16
9152.5  1.191457E-16
9153.75  1.224471E-16
9155.  1.255173E-16
9156.25  1.230198E-16
9157.5  1.227697E-16
9158.75  1.224398E-16
9160.  1.231032E-16
9161.25  1.243256E-16
9162.5  1.288013E-16
9163.75  1.287841E-16
9165.  1.234993E-16
9166.25  1.223458E-16
9167.5  1.199563E-16
9168.75  1.225289E-16
9170.  1.286251E-16
9171.25  1.271153E-16
9172.5  1.192617E-16
9173.75  1.145282E-16
9175.  1.236220E-16
9176.25  1.317497E-16
9177.5  1.266902E-16
9178.75  1.286765E-16
9180.  1.294627E-16
9181.25  1.210820E-16
9182.5  1.201471E-16
9183.75  1.152219E-16
9185.  1.206724E-16
9186.25  1.340815E-16
9187.5  1.345927E-16
9188.75  1.282797E-16
9190.  1.283651E-16
9191.25  1.254795E-16
9192.5  1.220823E-16
9193.75  1.269355E-16
9195.  1.271290E-16
9196.25  1.279310E-16
9197.5  1.341753E-16
9198.75  1.298473E-16
9200.  1.236775E-16
9201.25  1.286921E-16
9202.5  1.269167E-16
9203.75  1.220504E-16
9205.  1.216591E-16
9206.25  1.226051E-16
9207.5  1.244358E-16
9208.75  1.249805E-16
9210.  1.223474E-16
9211.25  1.233718E-16
9212.5  1.250573E-16
9213.75  1.168325E-16
9215.  1.116027E-16
9216.25  1.221617E-16
9217.5  1.295049E-16
9218.75  1.298114E-16
9220.  1.274390E-16
9221.25  1.241266E-16
9222.5  1.284354E-16
9223.75  1.282826E-16
9225.  1.233674E-16
9226.25  1.212342E-16
9227.5  1.210942E-16
9228.75  1.271735E-16
9230.  1.267552E-16
9231.25  1.222352E-16
9232.5  1.201602E-16
9233.75  1.225253E-16
9235.  1.235401E-16
9236.25  1.239237E-16
9237.5  1.258475E-16
9238.75  1.338289E-16
9240.  1.299278E-16
9241.25  1.190088E-16
9242.5  1.251783E-16
9243.75  1.281819E-16
9245.  1.255167E-16
9246.25  1.281139E-16
9247.5  1.284067E-16
9248.75  1.261013E-16
9250.  1.263844E-16
9251.25  1.245392E-16
9252.5  1.248444E-16
9253.75  1.330447E-16
9255.  1.295784E-16
9256.25  1.247808E-16
9257.5  1.258684E-16
9258.75  1.273063E-16
9260.  1.300221E-16
9261.25  1.293335E-16
9262.5  1.250684E-16
9263.75  1.240351E-16
9265.  1.229029E-16
9266.25  1.230763E-16
9267.5  1.208034E-16
9268.75  1.182964E-16
9270.  1.233431E-16
9271.25  1.254462E-16
9272.5  1.215872E-16
9273.75  1.204549E-16
9275.  1.205772E-16
9276.25  1.208040E-16
9277.5  1.198591E-16
9278.75  1.214568E-16
9280.  1.283449E-16
9281.25  1.256265E-16
9282.5  1.291549E-16
9283.75  1.280909E-16
9285.  1.282405E-16
9286.25  1.280429E-16
9287.5  1.238785E-16
9288.75  1.224932E-16
9290.  1.245390E-16
9291.25  1.295794E-16
9292.5  1.333254E-16
9293.75  1.267648E-16
9295.  1.214714E-16
9296.25  1.233640E-16
9297.5  1.200994E-16
9298.75  1.205255E-16
9300.  1.242948E-16
9301.25  1.215470E-16
9302.5  1.233150E-16
9303.75  1.239918E-16
9305.  1.210848E-16
9306.25  1.100976E-16
9307.5  1.127894E-16
9308.75  1.214785E-16
9310.  1.191225E-16
9311.25  1.194346E-16
9312.5  1.200914E-16
9313.75  1.256540E-16
9315.  1.287915E-16
9316.25  1.185061E-16
9317.5  1.267157E-16
9318.75  1.305894E-16
9320.  1.249598E-16
9321.25  1.357415E-16
9322.5  1.354619E-16
9323.75  1.213955E-16
9325.  1.205848E-16
9326.25  1.308061E-16
9327.5  1.433184E-16
9328.75  1.465636E-16
9330.  1.390817E-16
9331.25  1.184498E-16
9332.5  1.141384E-16
9333.75  1.270511E-16
9335.  1.335676E-16
9336.25  1.288726E-16
9337.5  1.237454E-16
9338.75  1.316075E-16
9340.  1.332019E-16
9341.25  1.336344E-16
9342.5  1.321143E-16
9343.75  1.276170E-16
9345.  1.406504E-16
9346.25  1.541998E-16
9347.5  1.535339E-16
9348.75  1.469023E-16
9350.  1.353337E-16
9351.25  1.284691E-16
9352.5  1.323478E-16
9353.75  1.291681E-16
9355.  1.163597E-16
9356.25  1.260642E-16
9357.5  1.397467E-16
9358.75  1.401634E-16
9360.  1.571350E-16
9361.25  1.535825E-16
9362.5  1.360189E-16
9363.75  1.299650E-16
9365.  1.370623E-16
9366.25  1.440458E-16
9367.5  1.350833E-16
9368.75  1.342783E-16
9370.  1.390746E-16
9371.25  1.391712E-16
9372.5  1.536727E-16
9373.75  1.695401E-16
9375.  1.484950E-16
9376.25  1.213533E-16
9377.5  1.249756E-16
9378.75  1.420323E-16
9380.  1.516445E-16
9381.25  1.528389E-16
9382.5  1.542220E-16
9383.75  1.469045E-16
9385.  1.565565E-16
9386.25  1.523021E-16
9387.5  1.415066E-16
9388.75  1.505723E-16
9390.  1.592604E-16
9391.25  1.489522E-16
9392.5  1.491372E-16
9393.75  1.567259E-16
9395.  1.558947E-16
9396.25  1.471093E-16
9397.5  1.419639E-16
9398.75  1.435413E-16
9400.  1.513999E-16
9401.25  1.594264E-16
9402.5  1.590633E-16
9403.75  1.613599E-16
9405.  1.558769E-16
9406.25  1.524734E-16
9407.5  1.479145E-16
9408.75  1.423402E-16
9410.  1.513280E-16
9411.25  1.508438E-16
9412.5  1.550790E-16
9413.75  1.476752E-16
9415.  1.442660E-16
9416.25  1.559895E-16
9417.5  1.527555E-16
9418.75  1.524821E-16
9420.  1.538235E-16
9421.25  1.522471E-16
9422.5  1.583012E-16
9423.75  1.561462E-16
9425.  1.461585E-16
9426.25  1.404978E-16
9427.5  1.389425E-16
9428.75  1.426776E-16
9430.  1.584374E-16
9431.25  1.580922E-16
9432.5  1.604013E-16
