3690.  2.214807E-15
3691.25  2.214807E-15
3692.5  1.149328E-15
3693.75  9.889027E-16
3695.  1.091757E-15
3696.25  1.344347E-15
3697.5  1.572757E-15
3698.75  1.637278E-15
3700.  1.640787E-15
3701.25  1.714146E-15
3702.5  1.705222E-15
3703.75  1.149523E-15
3705.  1.263410E-15
3706.25  1.458052E-15
3707.5  1.322457E-15
3708.75  1.412379E-15
3710.  1.172586E-15
3711.25  1.491011E-15
3712.5  1.587154E-15
3713.75  1.158853E-15
3715.  1.371843E-15
3716.25  1.497136E-15
3717.5  1.129943E-15
3718.75  1.753338E-15
3720.  1.631471E-15
3721.25  1.457772E-15
3722.5  1.363858E-15
3723.75  9.481323E-16
3725.  1.603644E-15
3726.25  1.611319E-15
3727.5  1.191613E-15
3728.75  1.241772E-15
3730.  1.247023E-15
3731.25  1.583576E-15
3732.5  1.707781E-15
3733.75  1.363363E-15
3735.  1.396587E-15
3736.25  1.325397E-15
3737.5  1.487446E-15
3738.75  1.213578E-15
3740.  1.033547E-15
3741.25  1.138341E-15
3742.5  1.529363E-15
3743.75  1.541726E-15
3745.  1.363064E-15
3746.25  1.221647E-15
3747.5  1.217808E-15
3748.75  1.398312E-15
3750.  1.386410E-15
3751.25  1.267343E-15
3752.5  1.371230E-15
3753.75  1.414447E-15
3755.  1.290527E-15
3756.25  1.199250E-15
3757.5  1.141546E-15
3758.75  1.517361E-15
3760.  1.459196E-15
3761.25  1.207409E-15
3762.5  1.272613E-15
3763.75  1.429134E-15
3765.  1.289360E-15
3766.25  1.357892E-15
3767.5  1.385398E-15
3768.75  1.245096E-15
3770.  1.163725E-15
3771.25  1.282709E-15
3772.5  1.263791E-15
3773.75  1.281456E-15
3775.  1.198316E-15
3776.25  1.098352E-15
3777.5  9.105949E-16
3778.75  1.131447E-15
3780.  1.188161E-15
3781.25  1.204694E-15
3782.5  9.545401E-16
3783.75  1.317731E-15
3785.  1.201533E-15
3786.25  1.164418E-15
3787.5  1.176499E-15
3788.75  1.085846E-15
3790.  1.058181E-15
3791.25  1.242226E-15
3792.5  1.265341E-15
3793.75  1.242597E-15
3795.  1.230694E-15
3796.25  1.235338E-15
3797.5  1.077219E-15
3798.75  1.021044E-15
3800.  1.276096E-15
3801.25  1.260270E-15
3802.5  1.125830E-15
3803.75  1.332836E-15
3805.  1.262063E-15
3806.25  1.237343E-15
3807.5  1.093029E-15
3808.75  1.194385E-15
3810.  1.230432E-15
3811.25  1.255361E-15
3812.5  1.278743E-15
3813.75  1.222177E-15
3815.  1.341877E-15
3816.25  1.113444E-15
3817.5  1.180493E-15
3818.75  1.232784E-15
3820.  1.276389E-15
3821.25  1.206138E-15
3822.5  1.260367E-15
3823.75  1.303910E-15
3825.  1.155954E-15
3826.25  1.322014E-15
3827.5  1.310118E-15
3828.75  1.170095E-15
3830.  1.215527E-15
3831.25  1.137178E-15
3832.5  1.323387E-15
3833.75  1.291938E-15
3835.  1.282653E-15
3836.25  1.281310E-15
3837.5  1.261981E-15
3838.75  1.371945E-15
3840.  1.275615E-15
3841.25  1.206712E-15
3842.5  1.267711E-15
3843.75  1.283833E-15
3845.  1.277903E-15
3846.25  1.323874E-15
3847.5  1.296381E-15
3848.75  1.317218E-15
3850.  1.299578E-15
3851.25  1.374585E-15
3852.5  1.440322E-15
3853.75  1.358498E-15
3855.  1.325742E-15
3856.25  1.310790E-15
3857.5  1.271803E-15
3858.75  1.351047E-15
3860.  1.468073E-15
3861.25  1.302831E-15
3862.5  1.285007E-15
3863.75  1.468676E-15
3865.  1.347853E-15
3866.25  1.357799E-15
3867.5  1.321069E-15
3868.75  1.295218E-15
3870.  1.415331E-15
3871.25  1.350427E-15
3872.5  1.214857E-15
3873.75  1.292655E-15
3875.  1.332015E-15
3876.25  1.400724E-15
3877.5  1.335246E-15
3878.75  1.306056E-15
3880.  1.340682E-15
3881.25  1.308033E-15
3882.5  1.263838E-15
3883.75  1.277022E-15
3885.  1.305656E-15
3886.25  1.217672E-15
3887.5  1.271652E-15
3888.75  1.272719E-15
3890.  1.231751E-15
3891.25  1.239077E-15
3892.5  1.273601E-15
3893.75  1.278579E-15
3895.  1.210163E-15
3896.25  1.270250E-15
3897.5  1.277629E-15
3898.75  1.269412E-15
3900.  1.281251E-15
3901.25  1.241992E-15
3902.5  1.326011E-15
3903.75  1.256971E-15
3905.  1.288583E-15
3906.25  1.379971E-15
3907.5  1.427828E-15
3908.75  1.313407E-15
3910.  1.270288E-15
3911.25  1.249848E-15
3912.5  1.319717E-15
3913.75  1.356574E-15
3915.  1.361138E-15
3916.25  1.381546E-15
3917.5  1.337676E-15
3918.75  1.362786E-15
3920.  1.288589E-15
3921.25  1.269597E-15
3922.5  1.336453E-15
3923.75  1.364195E-15
3925.  1.341829E-15
3926.25  1.328110E-15
3927.5  1.330490E-15
3928.75  1.333508E-15
3930.  1.325585E-15
3931.25  1.306785E-15
3932.5  1.295078E-15
3933.75  1.289345E-15
3935.  1.283061E-15
3936.25  1.296587E-15
3937.5  1.343988E-15
3938.75  1.420847E-15
3940.  1.397371E-15
3941.25  1.321490E-15
3942.5  1.373893E-15
3943.75  1.434430E-15
3945.  1.336631E-15
3946.25  1.370718E-15
3947.5  1.478147E-15
3948.75  1.443105E-15
3950.  1.395062E-15
3951.25  1.342726E-15
3952.5  1.332994E-15
3953.75  1.375126E-15
3955.  1.429300E-15
3956.25  1.449546E-15
3957.5  1.387488E-15
3958.75  1.421632E-15
3960.  1.490935E-15
3961.25  1.480205E-15
3962.5  1.435560E-15
3963.75  1.400760E-15
3965.  1.442660E-15
3966.25  1.501977E-15
3967.5  1.464839E-15
3968.75  1.393410E-15
3970.  1.357684E-15
3971.25  1.353027E-15
3972.5  1.411283E-15
3973.75  1.449945E-15
3975.  1.446347E-15
3976.25  1.449046E-15
3977.5  1.445019E-15
3978.75  1.470927E-15
3980.  1.473649E-15
3981.25  1.423157E-15
3982.5  1.420975E-15
3983.75  1.463064E-15
3985.  1.469588E-15
3986.25  1.456475E-15
3987.5  1.458766E-15
3988.75  1.513664E-15
3990.  1.504850E-15
3991.25  1.459871E-15
3992.5  1.445208E-15
3993.75  1.500095E-15
3995.  1.514051E-15
3996.25  1.515124E-15
3997.5  1.489945E-15
3998.75  1.447780E-15
4000.  1.425191E-15
4001.25  1.459124E-15
4002.5  1.475989E-15
4003.75  1.449499E-15
4005.  1.445851E-15
4006.25  1.421272E-15
4007.5  1.467605E-15
4008.75  1.451897E-15
4010.  1.380975E-15
4011.25  1.450488E-15
4012.5  1.485069E-15
4013.75  1.426029E-15
4015.  1.409478E-15
4016.25  1.443837E-15
4017.5  1.410951E-15
4018.75  1.405712E-15
4020.  1.428084E-15
4021.25  1.416502E-15
4022.5  1.385097E-15
4023.75  1.409587E-15
4025.  1.429355E-15
4026.25  1.326889E-15
4027.5  1.295142E-15
4028.75  1.366030E-15
4030.  1.396727E-15
4031.25  1.404629E-15
4032.5  1.361666E-15
4033.75  1.332102E-15
4035.  1.365219E-15
4036.25  1.331678E-15
4037.5  1.302809E-15
4038.75  1.376558E-15
4040.  1.376182E-15
4041.25  1.305739E-15
4042.5  1.304184E-15
4043.75  1.342368E-15
4045.  1.347488E-15
4046.25  1.323213E-15
4047.5  1.320300E-15
4048.75  1.320312E-15
4050.  1.301011E-15
4051.25  1.275685E-15
4052.5  1.258416E-15
4053.75  1.287576E-15
4055.  1.321563E-15
4056.25  1.267812E-15
4057.5  1.279730E-15
4058.75  1.330589E-15
4060.  1.310012E-15
4061.25  1.275719E-15
4062.5  1.267605E-15
4063.75  1.279356E-15
4065.  1.286934E-15
4066.25  1.320817E-15
4067.5  1.320284E-15
4068.75  1.291438E-15
4070.  1.302410E-15
4071.25  1.330508E-15
4072.5  1.332859E-15
4073.75  1.285089E-15
4075.  1.283215E-15
4076.25  1.322678E-15
4077.5  1.298317E-15
4078.75  1.285561E-15
4080.  1.321090E-15
4081.25  1.343980E-15
4082.5  1.318640E-15
4083.75  1.326796E-15
4085.  1.346033E-15
4086.25  1.346180E-15
4087.5  1.303835E-15
4088.75  1.276073E-15
4090.  1.326257E-15
4091.25  1.354591E-15
4092.5  1.339931E-15
4093.75  1.380439E-15
4095.  1.352504E-15
4096.25  1.305732E-15
4097.5  1.322761E-15
4098.75  1.393572E-15
4100.  1.382505E-15
4101.25  1.332337E-15
4102.5  1.334280E-15
4103.75  1.377682E-15
4105.  1.386728E-15
4106.25  1.349150E-15
4107.5  1.329045E-15
4108.75  1.356151E-15
4110.  1.358244E-15
4111.25  1.364535E-15
4112.5  1.387349E-15
4113.75  1.373191E-15
4115.  1.338420E-15
4116.25  1.336348E-15
4117.5  1.337374E-15
4118.75  1.333423E-15
4120.  1.325328E-15
4121.25  1.340319E-15
4122.5  1.352409E-15
4123.75  1.358984E-15
4125.  1.364593E-15
4126.25  1.367181E-15
4127.5  1.376923E-15
4128.75  1.381431E-15
4130.  1.335178E-15
4131.25  1.349619E-15
4132.5  1.362921E-15
4133.75  1.365371E-15
4135.  1.380883E-15
4136.25  1.376666E-15
4137.5  1.348492E-15
4138.75  1.381884E-15
4140.  1.426116E-15
4141.25  1.392660E-15
4142.5  1.393926E-15
4143.75  1.413322E-15
4145.  1.404316E-15
4146.25  1.397805E-15
4147.5  1.413202E-15
4148.75  1.408687E-15
4150.  1.405885E-15
4151.25  1.400908E-15
4152.5  1.367640E-15
4153.75  1.382043E-15
4155.  1.444361E-15
4156.25  1.444660E-15
4157.5  1.392413E-15
4158.75  1.366858E-15
4160.  1.407357E-15
4161.25  1.403943E-15
4162.5  1.364300E-15
4163.75  1.371558E-15
4165.  1.411701E-15
4166.25  1.383737E-15
4167.5  1.373075E-15
4168.75  1.368390E-15
4170.  1.364580E-15
4171.25  1.365530E-15
4172.5  1.355506E-15
4173.75  1.383138E-15
4175.  1.376150E-15
4176.25  1.373912E-15
4177.5  1.371312E-15
4178.75  1.368630E-15
4180.  1.366008E-15
4181.25  1.363497E-15
4182.5  1.360976E-15
4183.75  1.358342E-15
4185.  1.355569E-15
4186.25  1.352768E-15
4187.5  1.349941E-15
4188.75  1.346895E-15
4190.  1.343672E-15
4191.25  1.340433E-15
4192.5  1.337354E-15
4193.75  1.334563E-15
4195.  1.331757E-15
4196.25  1.329008E-15
4197.5  1.326465E-15
4198.75  1.324084E-15
4200.  1.321607E-15
4201.25  1.318719E-15
4202.5  1.315682E-15
4203.75  1.312744E-15
4205.  1.310042E-15
4206.25  1.307601E-15
4207.5  1.305216E-15
4208.75  1.302864E-15
4210.  1.300297E-15
4211.25  1.297814E-15
4212.5  1.295673E-15
4213.75  1.293653E-15
4215.  1.291516E-15
4216.25  1.289061E-15
4217.5  1.286530E-15
4218.75  1.284050E-15
4220.  1.281277E-15
4221.25  1.278437E-15
4222.5  1.275928E-15
4223.75  1.273558E-15
4225.  1.271267E-15
4226.25  1.269060E-15
4227.5  1.266941E-15
4228.75  1.264846E-15
4230.  1.262726E-15
4231.25  1.260527E-15
4232.5  1.258341E-15
4233.75  1.256184E-15
4235.  1.254010E-15
4236.25  1.251805E-15
4237.5  1.249581E-15
4238.75  1.247420E-15
4240.  1.245194E-15
4241.25  1.243013E-15
4242.5  1.240863E-15
4243.75  1.238727E-15
4245.  1.236605E-15
4246.25  1.234501E-15
4247.5  1.232373E-15
4248.75  1.230387E-15
4250.  1.229369E-15
4251.25  1.218892E-15
4252.5  1.190223E-15
4253.75  1.203629E-15
4255.  1.228101E-15
4256.25  1.228820E-15
4257.5  1.246748E-15
4258.75  1.255767E-15
4260.  1.241672E-15
4261.25  1.181230E-15
4262.5  1.183697E-15
4263.75  1.217901E-15
4265.  1.208290E-15
4266.25  1.217490E-15
4267.5  1.235898E-15
4268.75  1.196693E-15
4270.  1.180515E-15
4271.25  1.204442E-15
4272.5  1.203588E-15
4273.75  1.199636E-15
4275.  1.240412E-15
4276.25  1.190238E-15
4277.5  1.170672E-15
4278.75  1.214225E-15
4280.  1.218517E-15
4281.25  1.157702E-15
4282.5  1.185799E-15
4283.75  1.186795E-15
4285.  1.198707E-15
4286.25  1.178447E-15
4287.5  1.141411E-15
4288.75  1.161456E-15
4290.  1.188219E-15
4291.25  1.165290E-15
4292.5  1.169294E-15
4293.75  1.191016E-15
4295.  1.147196E-15
4296.25  1.186643E-15
4297.5  1.188463E-15
4298.75  1.201867E-15
4300.  1.130895E-15
4301.25  1.128760E-15
4302.5  1.147162E-15
4303.75  1.156532E-15
4305.  1.155213E-15
4306.25  1.135510E-15
4307.5  1.131400E-15
4308.75  1.177420E-15
4310.  1.172439E-15
4311.25  1.140440E-15
4312.5  1.136992E-15
4313.75  1.165084E-15
4315.  1.107969E-15
4316.25  1.130381E-15
4317.5  1.124145E-15
4318.75  1.123148E-15
4320.  1.111292E-15
4321.25  1.161284E-15
4322.5  1.175725E-15
4323.75  1.130181E-15
4325.  1.125368E-15
4326.25  1.142523E-15
4327.5  1.155173E-15
4328.75  1.145232E-15
4330.  1.144696E-15
4331.25  1.173110E-15
4332.5  1.188073E-15
4333.75  1.175151E-15
4335.  1.149498E-15
4336.25  1.159183E-15
4337.5  1.217381E-15
4338.75  1.177647E-15
4340.  1.167127E-15
4341.25  1.186007E-15
4342.5  1.168879E-15
4343.75  1.188964E-15
4345.  1.214337E-15
4346.25  1.217908E-15
4347.5  1.203083E-15
4348.75  1.232695E-15
4350.  1.233751E-15
4351.25  1.215169E-15
4352.5  1.224325E-15
4353.75  1.209793E-15
4355.  1.211424E-15
4356.25  1.219077E-15
4357.5  1.236260E-15
4358.75  1.244350E-15
4360.  1.291368E-15
4361.25  1.274546E-15
4362.5  1.231920E-15
4363.75  1.266884E-15
4365.  1.259078E-15
4366.25  1.243121E-15
4367.5  1.276990E-15
4368.75  1.289297E-15
4370.  1.261001E-15
4371.25  1.260287E-15
4372.5  1.287722E-15
4373.75  1.278530E-15
4375.  1.268632E-15
4376.25  1.257902E-15
4377.5  1.265590E-15
4378.75  1.208913E-15
4380.  1.233771E-15
4381.25  1.259601E-15
4382.5  1.237404E-15
4383.75  1.250104E-15
4385.  1.284151E-15
4386.25  1.253662E-15
4387.5  1.259842E-15
4388.75  1.277958E-15
4390.  1.286446E-15
4391.25  1.242137E-15
4392.5  1.268408E-15
4393.75  1.238556E-15
4395.  1.244306E-15
4396.25  1.270005E-15
4397.5  1.262900E-15
4398.75  1.258958E-15
4400.  1.240740E-15
4401.25  1.293090E-15
4402.5  1.248130E-15
4403.75  1.223347E-15
4405.  1.224982E-15
4406.25  1.230400E-15
4407.5  1.225083E-15
4408.75  1.213500E-15
4410.  1.202656E-15
4411.25  1.227355E-15
4412.5  1.182653E-15
4413.75  1.173560E-15
4415.  1.194467E-15
4416.25  1.188928E-15
4417.5  1.172235E-15
4418.75  1.150208E-15
4420.  1.142841E-15
4421.25  1.186091E-15
4422.5  1.187829E-15
4423.75  1.163379E-15
4425.  1.141660E-15
4426.25  1.167868E-15
4427.5  1.171626E-15
4428.75  1.152331E-15
4430.  1.137579E-15
4431.25  1.159999E-15
4432.5  1.151969E-15
4433.75  1.122885E-15
4435.  1.106189E-15
4436.25  1.150844E-15
4437.5  1.142056E-15
4438.75  1.108184E-15
4440.  1.115595E-15
4441.25  1.126904E-15
4442.5  1.135162E-15
4443.75  1.121999E-15
4445.  1.107614E-15
4446.25  1.111028E-15
4447.5  1.114768E-15
4448.75  1.106611E-15
4450.  1.105707E-15
4451.25  1.107651E-15
4452.5  1.110248E-15
4453.75  1.117875E-15
4455.  1.112590E-15
4456.25  1.098303E-15
4457.5  1.119190E-15
4458.75  1.112302E-15
4460.  1.114479E-15
4461.25  1.121761E-15
4462.5  1.090134E-15
4463.75  1.080005E-15
4465.  1.103200E-15
4466.25  1.102757E-15
4467.5  1.095310E-15
4468.75  1.086424E-15
4470.  1.086434E-15
4471.25  1.094578E-15
4472.5  1.080077E-15
4473.75  1.084234E-15
4475.  1.096572E-15
4476.25  1.076458E-15
4477.5  1.073869E-15
4478.75  1.057926E-15
4480.  1.050064E-15
4481.25  1.064564E-15
4482.5  1.069768E-15
4483.75  1.100989E-15
4485.  1.119659E-15
4486.25  1.077236E-15
4487.5  1.073513E-15
4488.75  1.095990E-15
4490.  1.112746E-15
4491.25  1.120048E-15
4492.5  1.100165E-15
4493.75  1.094184E-15
4495.  1.124672E-15
4496.25  1.119027E-15
4497.5  1.096944E-15
4498.75  1.093833E-15
4500.  1.107461E-15
4501.25  1.120953E-15
4502.5  1.107518E-15
4503.75  1.125027E-15
4505.  1.138220E-15
4506.25  1.128256E-15
4507.5  1.138554E-15
4508.75  1.119408E-15
4510.  1.103888E-15
4511.25  1.098981E-15
4512.5  1.105857E-15
4513.75  1.110068E-15
4515.  1.119321E-15
4516.25  1.123024E-15
4517.5  1.123635E-15
4518.75  1.127723E-15
4520.  1.130796E-15
4521.25  1.158409E-15
4522.5  1.156783E-15
4523.75  1.119272E-15
4525.  1.127701E-15
4526.25  1.133748E-15
4527.5  1.125673E-15
4528.75  1.120775E-15
4530.  1.114998E-15
4531.25  1.124159E-15
4532.5  1.119769E-15
4533.75  1.105050E-15
4535.  1.114770E-15
4536.25  1.132207E-15
4537.5  1.153221E-15
4538.75  1.160045E-15
4540.  1.150672E-15
4541.25  1.140979E-15
4542.5  1.144170E-15
4543.75  1.144531E-15
4545.  1.144772E-15
4546.25  1.149199E-15
4547.5  1.118266E-15
4548.75  1.106957E-15
4550.  1.117797E-15
4551.25  1.108725E-15
4552.5  1.111506E-15
4553.75  1.134846E-15
4555.  1.133750E-15
4556.25  1.138499E-15
4557.5  1.134895E-15
4558.75  1.133204E-15
4560.  1.125620E-15
4561.25  1.123697E-15
4562.5  1.129065E-15
4563.75  1.123074E-15
4565.  1.121024E-15
4566.25  1.115497E-15
4567.5  1.135565E-15
4568.75  1.150821E-15
4570.  1.121511E-15
4571.25  1.096411E-15
4572.5  1.105719E-15
4573.75  1.120586E-15
4575.  1.136596E-15
4576.25  1.140329E-15
4577.5  1.119348E-15
4578.75  1.127127E-15
4580.  1.141333E-15
4581.25  1.141049E-15
4582.5  1.127164E-15
4583.75  1.110017E-15
4585.  1.115607E-15
4586.25  1.111197E-15
4587.5  1.110960E-15
4588.75  1.116704E-15
4590.  1.117159E-15
4591.25  1.116325E-15
4592.5  1.111211E-15
4593.75  1.113064E-15
4595.  1.125365E-15
4596.25  1.132179E-15
4597.5  1.121670E-15
4598.75  1.111757E-15
4600.  1.102109E-15
4601.25  1.106564E-15
4602.5  1.116438E-15
4603.75  1.097844E-15
4605.  1.101152E-15
4606.25  1.091211E-15
4607.5  1.068558E-15
4608.75  1.098827E-15
4610.  1.103822E-15
4611.25  1.077353E-15
4612.5  1.084677E-15
4613.75  1.092746E-15
4615.  1.093658E-15
4616.25  1.086257E-15
4617.5  1.070760E-15
4618.75  1.061492E-15
4620.  1.058484E-15
4621.25  1.065121E-15
4622.5  1.055294E-15
4623.75  1.047800E-15
4625.  1.064026E-15
4626.25  1.079501E-15
4627.5  1.068957E-15
4628.75  1.041662E-15
4630.  1.037302E-15
4631.25  1.059804E-15
4632.5  1.066991E-15
4633.75  1.060654E-15
4635.  1.065226E-15
4636.25  1.080675E-15
4637.5  1.077137E-15
4638.75  1.058342E-15
4640.  1.070431E-15
4641.25  1.056240E-15
4642.5  1.039563E-15
4643.75  1.046105E-15
4645.  1.047409E-15
4646.25  1.043142E-15
4647.5  1.042093E-15
4648.75  1.037844E-15
4650.  1.045820E-15
4651.25  1.028216E-15
4652.5  1.009176E-15
4653.75  1.014013E-15
4655.  1.023457E-15
4656.25  1.034869E-15
4657.5  1.033322E-15
4658.75  1.019251E-15
4660.  1.013405E-15
4661.25  1.014634E-15
4662.5  9.940498E-16
4663.75  1.010761E-15
4665.  1.015426E-15
4666.25  1.010128E-15
4667.5  9.991831E-16
4668.75  9.980637E-16
4670.  9.983230E-16
4671.25  1.011920E-15
4672.5  1.013957E-15
4673.75  9.811806E-16
4675.  9.775661E-16
4676.25  9.742845E-16
4677.5  9.632210E-16
4678.75  9.519590E-16
4680.  9.646898E-16
4681.25  9.644980E-16
4682.5  9.544380E-16
4683.75  9.585376E-16
4685.  9.484003E-16
4686.25  9.385866E-16
4687.5  9.259624E-16
4688.75  9.251534E-16
4690.  9.115297E-16
4691.25  9.159823E-16
4692.5  9.339802E-16
4693.75  9.182048E-16
4695.  8.896326E-16
4696.25  8.822621E-16
4697.5  9.034553E-16
4698.75  9.044257E-16
4700.  8.865933E-16
4701.25  8.917030E-16
4702.5  8.946133E-16
4703.75  8.872079E-16
4705.  8.844549E-16
4706.25  8.870284E-16
4707.5  8.666826E-16
4708.75  8.754995E-16
4710.  8.745392E-16
4711.25  8.600795E-16
4712.5  8.617211E-16
4713.75  8.791633E-16
4715.  8.744844E-16
4716.25  8.698402E-16
4717.5  8.599973E-16
4718.75  8.649370E-16
4720.  8.735300E-16
4721.25  8.684060E-16
4722.5  8.516691E-16
4723.75  8.527800E-16
4725.  8.804446E-16
4726.25  8.575698E-16
4727.5  8.594932E-16
4728.75  8.765150E-16
4730.  8.866609E-16
4731.25  8.766590E-16
4732.5  8.693113E-16
4733.75  8.658354E-16
4735.  8.764808E-16
4736.25  8.663766E-16
4737.5  8.595479E-16
4738.75  8.669956E-16
4740.  8.684593E-16
4741.25  8.692719E-16
4742.5  8.562996E-16
4743.75  8.659126E-16
4745.  8.662100E-16
4746.25  8.509239E-16
4747.5  8.684389E-16
4748.75  8.635958E-16
4750.  8.652194E-16
4751.25  8.670294E-16
4752.5  8.685275E-16
4753.75  8.839234E-16
4755.  8.756495E-16
4756.25  8.737195E-16
4757.5  8.750378E-16
4758.75  8.805204E-16
4760.  8.734831E-16
4761.25  8.796121E-16
4762.5  8.844154E-16
4763.75  8.730212E-16
4765.  8.736209E-16
4766.25  8.803812E-16
4767.5  8.644089E-16
4768.75  8.696826E-16
4770.  8.689865E-16
4771.25  8.770254E-16
4772.5  8.807516E-16
4773.75  8.783359E-16
4775.  8.635918E-16
4776.25  8.716967E-16
4777.5  8.712509E-16
4778.75  8.519785E-16
4780.  8.542136E-16
4781.25  8.614141E-16
4782.5  8.650394E-16
4783.75  8.574471E-16
4785.  8.491353E-16
4786.25  8.313925E-16
4787.5  8.269566E-16
4788.75  8.426118E-16
4790.  8.307810E-16
4791.25  8.418762E-16
4792.5  8.504779E-16
4793.75  8.380889E-16
4795.  8.419604E-16
4796.25  8.313787E-16
4797.5  8.246374E-16
4798.75  8.444809E-16
4800.  8.569104E-16
4801.25  8.506659E-16
4802.5  8.603145E-16
4803.75  8.496582E-16
4805.  8.528231E-16
4806.25  8.593625E-16
4807.5  8.664626E-16
4808.75  8.670707E-16
4810.  8.680453E-16
4811.25  8.468835E-16
4812.5  8.660600E-16
4813.75  8.722535E-16
4815.  8.657647E-16
4816.25  8.675917E-16
4817.5  8.531079E-16
4818.75  8.425551E-16
4820.  8.528954E-16
4821.25  8.571185E-16
4822.5  8.589662E-16
4823.75  8.596632E-16
4825.  8.556994E-16
4826.25  8.506569E-16
4827.5  8.442965E-16
4828.75  8.698111E-16
4830.  8.673555E-16
4831.25  8.619260E-16
4832.5  8.782917E-16
4833.75  8.810279E-16
4835.  8.706652E-16
4836.25  8.610603E-16
4837.5  8.622737E-16
4838.75  8.749707E-16
4840.  8.772779E-16
4841.25  8.754957E-16
4842.5  8.756159E-16
4843.75  8.722482E-16
4845.  8.755813E-16
4846.25  9.098490E-16
4847.5  8.933443E-16
4848.75  9.061406E-16
4850.  9.061832E-16
4851.25  8.844998E-16
4852.5  8.849757E-16
4853.75  8.852381E-16
4855.  8.953096E-16
4856.25  8.880194E-16
4857.5  8.858388E-16
4858.75  8.955045E-16
4860.  9.089162E-16
4861.25  9.079827E-16
4862.5  9.133345E-16
4863.75  9.094505E-16
4865.  9.146210E-16
4866.25  9.184846E-16
4867.5  9.380660E-16
4868.75  9.327760E-16
4870.  9.192241E-16
4871.25  9.322408E-16
4872.5  9.333056E-16
4873.75  9.144046E-16
4875.  9.266210E-16
4876.25  9.354807E-16
4877.5  9.304349E-16
4878.75  9.402751E-16
4880.  9.326817E-16
4881.25  9.364684E-16
4882.5  9.384933E-16
4883.75  9.331260E-16
4885.  9.313471E-16
4886.25  9.472468E-16
4887.5  9.566624E-16
4888.75  9.510863E-16
4890.  9.507123E-16
4891.25  9.371756E-16
4892.5  9.495794E-16
4893.75  9.706315E-16
4895.  9.577910E-16
4896.25  9.544503E-16
4897.5  9.644454E-16
4898.75  9.803440E-16
4900.  9.722888E-16
4901.25  9.587508E-16
4902.5  9.699668E-16
4903.75  9.747254E-16
4905.  9.824972E-16
4906.25  9.826031E-16
4907.5  9.729642E-16
4908.75  9.692577E-16
4910.  9.840999E-16
4911.25  9.964197E-16
4912.5  9.736282E-16
4913.75  9.598360E-16
4915.  9.743145E-16
4916.25  9.609442E-16
4917.5  9.713772E-16
4918.75  9.743946E-16
4920.  9.654199E-16
4921.25  9.533519E-16
4922.5  9.589003E-16
4923.75  9.535071E-16
4925.  9.488803E-16
4926.25  9.277018E-16
4927.5  9.346529E-16
4928.75  9.421558E-16
4930.  9.255042E-16
4931.25  9.286959E-16
4932.5  9.367216E-16
4933.75  9.384559E-16
4935.  9.261032E-16
4936.25  9.252127E-16
4937.5  9.298381E-16
4938.75  9.139318E-16
4940.  8.993874E-16
4941.25  9.241267E-16
4942.5  9.294465E-16
4943.75  9.153169E-16
4945.  9.097409E-16
4946.25  9.181583E-16
4947.5  9.115990E-16
4948.75  9.116541E-16
4950.  9.050567E-16
4951.25  9.161468E-16
4952.5  9.045372E-16
4953.75  9.115115E-16
4955.  9.079481E-16
4956.25  9.056242E-16
4957.5  8.947580E-16
4958.75  8.743921E-16
4960.  9.092096E-16
4961.25  9.190339E-16
4962.5  8.953583E-16
4963.75  9.025866E-16
4965.  9.036254E-16
4966.25  8.943312E-16
4967.5  8.959531E-16
4968.75  8.834493E-16
4970.  9.013858E-16
4971.25  8.973300E-16
4972.5  8.884706E-16
4973.75  8.832536E-16
4975.  8.925776E-16
4976.25  8.910103E-16
4977.5  8.915673E-16
4978.75  8.885034E-16
4980.  8.896653E-16
4981.25  8.896149E-16
4982.5  8.855957E-16
4983.75  8.875623E-16
4985.  8.803133E-16
4986.25  8.852069E-16
4987.5  8.961166E-16
4988.75  8.880566E-16
4990.  9.044876E-16
4991.25  8.973472E-16
4992.5  8.991622E-16
4993.75  8.952135E-16
4995.  8.666214E-16
4996.25  8.862795E-16
4997.5  8.830462E-16
4998.75  8.776270E-16
5000.  8.887504E-16
5001.25  8.968344E-16
5002.5  9.008286E-16
5003.75  8.967420E-16
5005.  9.006110E-16
5006.25  9.024932E-16
5007.5  9.030648E-16
5008.75  8.938826E-16
5010.  8.878601E-16
5011.25  8.974342E-16
5012.5  8.852868E-16
5013.75  9.007078E-16
5015.  9.091370E-16
5016.25  8.894908E-16
5017.5  8.817118E-16
5018.75  8.783939E-16
5020.  8.778875E-16
5021.25  8.901908E-16
5022.5  8.908610E-16
5023.75  8.873175E-16
5025.  8.824106E-16
5026.25  8.793961E-16
5027.5  8.625494E-16
5028.75  8.506896E-16
5030.  8.527223E-16
5031.25  8.452151E-16
5032.5  8.528505E-16
5033.75  8.556483E-16
5035.  8.479851E-16
5036.25  8.554849E-16
5037.5  8.645291E-16
5038.75  8.617995E-16
5040.  8.386491E-16
5041.25  8.380841E-16
5042.5  8.472215E-16
5043.75  8.478602E-16
5045.  8.487195E-16
5046.25  8.606845E-16
5047.5  8.620682E-16
5048.75  8.468134E-16
5050.  8.440921E-16
5051.25  8.457069E-16
5052.5  8.583807E-16
5053.75  8.600302E-16
5055.  8.543401E-16
5056.25  8.354002E-16
5057.5  8.407171E-16
5058.75  8.633116E-16
5060.  8.590814E-16
5061.25  8.548502E-16
5062.5  8.614104E-16
5063.75  8.503929E-16
5065.  8.455257E-16
5066.25  8.645628E-16
5067.5  8.581092E-16
5068.75  8.568476E-16
5070.  8.506563E-16
5071.25  8.503850E-16
5072.5  8.648846E-16
5073.75  8.594327E-16
5075.  8.575565E-16
5076.25  8.649209E-16
5077.5  8.676798E-16
5078.75  8.646145E-16
5080.  8.674754E-16
5081.25  8.726572E-16
5082.5  8.678682E-16
5083.75  8.650619E-16
5085.  8.696512E-16
5086.25  8.674721E-16
5087.5  8.587113E-16
5088.75  8.684325E-16
5090.  8.861110E-16
5091.25  8.723255E-16
5092.5  8.596414E-16
5093.75  8.713041E-16
5095.  8.801732E-16
5096.25  8.728629E-16
5097.5  8.728484E-16
5098.75  8.834870E-16
5100.  8.887321E-16
5101.25  8.852724E-16
5102.5  8.891300E-16
5103.75  8.922998E-16
5105.  8.844411E-16
5106.25  8.815325E-16
5107.5  8.928563E-16
5108.75  9.009577E-16
5110.  8.936723E-16
5111.25  8.851437E-16
5112.5  8.917029E-16
5113.75  8.759961E-16
5115.  8.738086E-16
5116.25  8.805450E-16
5117.5  8.958478E-16
5118.75  9.050892E-16
5120.  8.927532E-16
5121.25  8.857620E-16
5122.5  8.801969E-16
5123.75  8.848135E-16
5125.  8.937903E-16
5126.25  9.004357E-16
5127.5  9.124129E-16
5128.75  9.098825E-16
5130.  8.967178E-16
5131.25  8.906705E-16
5132.5  8.949960E-16
5133.75  8.990290E-16
5135.  8.918114E-16
5136.25  8.943041E-16
5137.5  9.074937E-16
5138.75  9.099185E-16
5140.  9.080825E-16
5141.25  9.073438E-16
5142.5  9.067470E-16
5143.75  9.090457E-16
5145.  9.227598E-16
5146.25  9.271419E-16
5147.5  9.223741E-16
5148.75  9.200928E-16
5150.  9.155274E-16
5151.25  9.114720E-16
5152.5  9.131989E-16
5153.75  9.223042E-16
5155.  9.294522E-16
5156.25  9.184616E-16
5157.5  9.075212E-16
5158.75  9.077858E-16
5160.  9.150404E-16
5161.25  9.160342E-16
5162.5  9.103822E-16
5163.75  9.176912E-16
5165.  9.100264E-16
5166.25  8.990212E-16
5167.5  9.008893E-16
5168.75  9.077599E-16
5170.  9.103073E-16
5171.25  9.110045E-16
5172.5  9.075114E-16
5173.75  9.037322E-16
5175.  9.069434E-16
5176.25  9.067929E-16
5177.5  9.110034E-16
5178.75  9.153219E-16
5180.  9.101241E-16
5181.25  9.012296E-16
5182.5  8.950991E-16
5183.75  8.927088E-16
5185.  8.901322E-16
5186.25  9.014239E-16
5187.5  9.095334E-16
5188.75  9.035458E-16
5190.  8.936012E-16
5191.25  9.029426E-16
5192.5  9.114269E-16
5193.75  8.915288E-16
5195.  8.760384E-16
5196.25  8.783582E-16
5197.5  8.828902E-16
5198.75  8.802407E-16
5200.  8.704020E-16
5201.25  8.689819E-16
5202.5  8.743710E-16
5203.75  8.750561E-16
5205.  8.719730E-16
5206.25  8.681280E-16
5207.5  8.640401E-16
5208.75  8.600280E-16
5210.  8.611902E-16
5211.25  8.727663E-16
5212.5  8.653063E-16
5213.75  8.551472E-16
5215.  8.601612E-16
5216.25  8.527238E-16
5217.5  8.452275E-16
5218.75  8.491888E-16
5220.  8.520252E-16
5221.25  8.494537E-16
5222.5  8.458821E-16
5223.75  8.440867E-16
5225.  8.319363E-16
5226.25  8.319639E-16
5227.5  8.322340E-16
5228.75  8.309630E-16
5230.  8.238121E-16
5231.25  8.322351E-16
5232.5  8.286077E-16
5233.75  8.290604E-16
5235.  8.276625E-16
5236.25  8.073969E-16
5237.5  8.077297E-16
5238.75  8.185810E-16
5240.  8.313264E-16
5241.25  8.189313E-16
5242.5  8.031318E-16
5243.75  7.998596E-16
5245.  8.007060E-16
5246.25  8.031623E-16
5247.5  7.933900E-16
5248.75  7.897628E-16
5250.  7.870179E-16
5251.25  7.717179E-16
5252.5  7.760441E-16
5253.75  7.831076E-16
5255.  7.763501E-16
5256.25  7.837066E-16
5257.5  7.815030E-16
5258.75  7.680162E-16
5260.  7.702237E-16
5261.25  7.680132E-16
5262.5  7.714534E-16
5263.75  7.665878E-16
5265.  7.602314E-16
5266.25  7.640637E-16
5267.5  7.585284E-16
5268.75  7.531597E-16
5270.  7.529308E-16
5271.25  7.542572E-16
5272.5  7.553509E-16
5273.75  7.569766E-16
5275.  7.543985E-16
5276.25  7.529487E-16
5277.5  7.466523E-16
5278.75  7.423478E-16
5280.  7.455063E-16
5281.25  7.386316E-16
5282.5  7.410273E-16
5283.75  7.420854E-16
5285.  7.425194E-16
5286.25  7.527439E-16
5287.5  7.481843E-16
5288.75  7.426988E-16
5290.  7.448781E-16
5291.25  7.415552E-16
5292.5  7.360103E-16
5293.75  7.430655E-16
5295.  7.438008E-16
5296.25  7.447403E-16
5297.5  7.471577E-16
5298.75  7.506583E-16
5300.  7.400426E-16
5301.25  7.279184E-16
5302.5  7.420560E-16
5303.75  7.383587E-16
5305.  7.331811E-16
5306.25  7.324212E-16
5307.5  7.492217E-16
5308.75  7.480330E-16
5310.  7.459404E-16
5311.25  7.454599E-16
5312.5  7.488812E-16
5313.75  7.377733E-16
5315.  7.240226E-16
5316.25  7.328663E-16
5317.5  7.315898E-16
5318.75  7.304088E-16
5320.  7.289692E-16
5321.25  7.374919E-16
5322.5  7.279907E-16
5323.75  7.230924E-16
5325.  7.275776E-16
5326.25  7.282101E-16
5327.5  7.247838E-16
5328.75  7.323996E-16
5330.  7.192121E-16
5331.25  7.274275E-16
5332.5  7.330983E-16
5333.75  7.315184E-16
5335.  7.192580E-16
5336.25  7.191268E-16
5337.5  7.263936E-16
5338.75  7.270182E-16
5340.  7.027452E-16
5341.25  7.119390E-16
5342.5  7.201961E-16
5343.75  7.287503E-16
5345.  7.191512E-16
5346.25  7.212029E-16
5347.5  7.187929E-16
5348.75  7.143863E-16
5350.  7.091228E-16
5351.25  7.028019E-16
5352.5  7.115412E-16
5353.75  7.141283E-16
5355.  7.118707E-16
5356.25  7.064056E-16
5357.5  7.026045E-16
5358.75  6.838761E-16
5360.  6.840514E-16
5361.25  7.084964E-16
5362.5  7.101490E-16
5363.75  6.950596E-16
5365.  6.887202E-16
5366.25  6.999095E-16
5367.5  7.016114E-16
5368.75  7.044089E-16
5370.  6.934001E-16
5371.25  6.906027E-16
5372.5  7.042407E-16
5373.75  7.001124E-16
5375.  6.924225E-16
5376.25  6.916063E-16
5377.5  6.979274E-16
5378.75  6.922019E-16
5380.  6.940770E-16
5381.25  6.953488E-16
5382.5  6.983455E-16
5383.75  6.921653E-16
5385.  6.965027E-16
5386.25  6.923142E-16
5387.5  6.910146E-16
5388.75  7.041389E-16
5390.  6.938041E-16
5391.25  6.970876E-16
5392.5  7.056775E-16
5393.75  6.997653E-16
5395.  6.990171E-16
5396.25  7.066903E-16
5397.5  6.947604E-16
5398.75  6.929595E-16
5400.  7.044896E-16
5401.25  6.996059E-16
5402.5  7.036670E-16
5403.75  6.959875E-16
5405.  7.002102E-16
5406.25  7.119959E-16
5407.5  7.127846E-16
5408.75  7.108776E-16
5410.  7.051140E-16
5411.25  7.183361E-16
5412.5  7.153407E-16
5413.75  7.028919E-16
5415.  7.058143E-16
5416.25  7.017174E-16
5417.5  6.998268E-16
5418.75  7.129738E-16
5420.  7.134826E-16
5421.25  7.174408E-16
5422.5  7.152325E-16
5423.75  6.963815E-16
5425.  6.957910E-16
5426.25  7.094502E-16
5427.5  7.066207E-16
5428.75  7.069529E-16
5430.  6.962469E-16
5431.25  7.095050E-16
5432.5  7.231405E-16
5433.75  7.103422E-16
5435.  7.143787E-16
5436.25  6.993438E-16
5437.5  7.014734E-16
5438.75  7.072816E-16
5440.  7.129602E-16
5441.25  7.262167E-16
5442.5  7.143832E-16
5443.75  7.012614E-16
5445.  7.092606E-16
5446.25  7.190178E-16
5447.5  7.235698E-16
5448.75  7.074783E-16
5450.  6.991623E-16
5451.25  7.013657E-16
5452.5  7.049547E-16
5453.75  7.083633E-16
5455.  6.955742E-16
5456.25  6.944824E-16
5457.5  7.084066E-16
5458.75  6.964965E-16
5460.  6.861944E-16
5461.25  7.043412E-16
5462.5  6.945737E-16
5463.75  6.874465E-16
5465.  7.004429E-16
5466.25  7.139902E-16
5467.5  7.007344E-16
5468.75  6.880465E-16
5470.  6.928272E-16
5471.25  6.868628E-16
5472.5  6.884410E-16
5473.75  6.907898E-16
5475.  6.909160E-16
5476.25  6.872914E-16
5477.5  6.852202E-16
5478.75  6.768727E-16
5480.  6.786020E-16
5481.25  6.790612E-16
5482.5  6.854984E-16
5483.75  6.795898E-16
5485.  6.851521E-16
5486.25  6.813073E-16
5487.5  6.812627E-16
5488.75  6.768665E-16
5490.  6.833265E-16
5491.25  6.799964E-16
5492.5  6.733946E-16
5493.75  6.872249E-16
5495.  6.705337E-16
5496.25  6.763915E-16
5497.5  6.853829E-16
5498.75  6.814710E-16
5500.  6.898679E-16
5501.25  6.937461E-16
5502.5  6.692327E-16
5503.75  6.623564E-16
5505.  6.707022E-16
5506.25  6.681890E-16
5507.5  6.670108E-16
5508.75  6.638690E-16
5510.  6.672647E-16
5511.25  6.717310E-16
5512.5  6.694642E-16
5513.75  6.714639E-16
5515.  6.680844E-16
5516.25  6.657737E-16
5517.5  6.632428E-16
5518.75  6.678043E-16
5520.  6.653430E-16
5521.25  6.586780E-16
5522.5  6.601563E-16
5523.75  6.595583E-16
5525.  6.542273E-16
5526.25  6.469626E-16
5527.5  6.503603E-16
5528.75  6.532152E-16
5530.  6.535724E-16
5531.25  6.533242E-16
5532.5  6.480966E-16
5533.75  6.390539E-16
5535.  6.504177E-16
5536.25  6.509430E-16
5537.5  6.409656E-16
5538.75  6.426983E-16
5540.  6.450210E-16
5541.25  6.409176E-16
5542.5  6.352955E-16
5543.75  6.389308E-16
5545.  6.380334E-16
5546.25  6.375473E-16
5547.5  6.452520E-16
5548.75  6.477422E-16
5550.  6.458383E-16
5551.25  6.411446E-16
5552.5  6.384760E-16
5553.75  6.376105E-16
5555.  6.377116E-16
5556.25  6.390343E-16
5557.5  6.330807E-16
5558.75  6.309108E-16
5560.  6.339973E-16
5561.25  6.409828E-16
5562.5  6.420392E-16
5563.75  6.338758E-16
5565.  6.373340E-16
5566.25  6.402450E-16
5567.5  6.378822E-16
5568.75  6.387722E-16
5570.  6.395985E-16
5571.25  6.434141E-16
5572.5  6.538471E-16
5573.75  6.637955E-16
5575.  6.584549E-16
5576.25  6.519858E-16
5577.5  6.564047E-16
5578.75  6.585916E-16
5580.  6.499832E-16
5581.25  6.450045E-16
5582.5  6.510656E-16
5583.75  6.478558E-16
5585.  6.476653E-16
5586.25  6.531651E-16
5587.5  6.485482E-16
5588.75  6.513152E-16
5590.  6.511616E-16
5591.25  6.444626E-16
5592.5  6.524504E-16
5593.75  6.626550E-16
5595.  6.640410E-16
5596.25  6.619984E-16
5597.5  6.573955E-16
5598.75  6.543860E-16
5600.  6.597464E-16
5601.25  6.549955E-16
5602.5  6.477056E-16
5603.75  6.533953E-16
5605.  6.521518E-16
5606.25  6.457828E-16
5607.5  6.510962E-16
5608.75  6.597475E-16
5610.  6.617788E-16
5611.25  6.594564E-16
5612.5  6.471496E-16
5613.75  6.494192E-16
5615.  6.546866E-16
5616.25  6.512452E-16
5617.5  6.516878E-16
5618.75  6.575677E-16
5620.  6.500984E-16
5621.25  6.452352E-16
5622.5  6.503039E-16
5623.75  6.430504E-16
5625.  6.403239E-16
5626.25  6.484920E-16
5627.5  6.480471E-16
5628.75  6.478230E-16
5630.  6.554254E-16
5631.25  6.558592E-16
5632.5  6.566384E-16
5633.75  6.626785E-16
5635.  6.639034E-16
5636.25  6.619341E-16
5637.5  6.621497E-16
5638.75  6.620334E-16
5640.  6.516753E-16
5641.25  6.504545E-16
5642.5  6.601855E-16
5643.75  6.522031E-16
5645.  6.554306E-16
5646.25  6.671018E-16
5647.5  6.596103E-16
5648.75  6.490909E-16
5650.  6.488350E-16
5651.25  6.529635E-16
5652.5  6.583535E-16
5653.75  6.585873E-16
5655.  6.604581E-16
5656.25  6.614740E-16
5657.5  6.568785E-16
5658.75  6.562493E-16
5660.  6.584659E-16
5661.25  6.563459E-16
5662.5  6.534716E-16
5663.75  6.559884E-16
5665.  6.577913E-16
5666.25  6.561775E-16
5667.5  6.584354E-16
5668.75  6.601249E-16
5670.  6.580606E-16
5671.25  6.582134E-16
5672.5  6.615286E-16
5673.75  6.698211E-16
5675.  6.554238E-16
5676.25  6.496885E-16
5677.5  6.651782E-16
5678.75  6.674767E-16
5680.  6.665495E-16
5681.25  6.693932E-16
5682.5  6.693934E-16
5683.75  6.629885E-16
5685.  6.621449E-16
5686.25  6.598510E-16
5687.5  6.567099E-16
5688.75  6.662914E-16
5690.  6.694137E-16
5691.25  6.605961E-16
5692.5  6.589387E-16
5693.75  6.691003E-16
5695.  6.734022E-16
5696.25  6.664429E-16
5697.5  6.697356E-16
5698.75  6.728624E-16
5700.  6.660079E-16
5701.25  6.716901E-16
5702.5  6.868175E-16
5703.75  6.846131E-16
5705.  6.786042E-16
5706.25  6.755227E-16
5707.5  6.741397E-16
5708.75  6.793165E-16
5710.  6.808915E-16
5711.25  6.782280E-16
5712.5  6.761431E-16
5713.75  6.848869E-16
5715.  6.911027E-16
5716.25  6.814266E-16
5717.5  6.802030E-16
5718.75  6.839110E-16
5720.  6.742411E-16
5721.25  6.749033E-16
5722.5  6.818313E-16
5723.75  6.799296E-16
5725.  6.697587E-16
5726.25  6.691313E-16
5727.5  6.776481E-16
5728.75  6.742862E-16
5730.  6.751131E-16
5731.25  6.802526E-16
5732.5  6.781888E-16
5733.75  6.773412E-16
5735.  6.789637E-16
5736.25  6.769924E-16
5737.5  6.752313E-16
5738.75  6.723418E-16
5740.  6.797244E-16
5741.25  6.827876E-16
5742.5  6.784485E-16
5743.75  6.790501E-16
5745.  6.761423E-16
5746.25  6.693467E-16
5747.5  6.705930E-16
5748.75  6.782743E-16
5750.  6.772448E-16
5751.25  6.714782E-16
5752.5  6.688399E-16
5753.75  6.785079E-16
5755.  6.722904E-16
5756.25  6.685274E-16
5757.5  6.749204E-16
5758.75  6.733519E-16
5760.  6.726733E-16
5761.25  6.767533E-16
5762.5  6.787676E-16
5763.75  6.807147E-16
5765.  6.777053E-16
5766.25  6.714024E-16
5767.5  6.594157E-16
5768.75  6.509668E-16
5770.  6.623680E-16
5771.25  6.682509E-16
5772.5  6.635171E-16
5773.75  6.565925E-16
5775.  6.510986E-16
5776.25  6.520945E-16
5777.5  6.630040E-16
5778.75  6.607900E-16
5780.  6.602225E-16
5781.25  6.620710E-16
5782.5  6.672542E-16
5783.75  6.692617E-16
5785.  6.632902E-16
5786.25  6.577297E-16
5787.5  6.530613E-16
5788.75  6.570101E-16
5790.  6.660152E-16
5791.25  6.622556E-16
5792.5  6.622071E-16
5793.75  6.580294E-16
5795.  6.616881E-16
5796.25  6.663476E-16
5797.5  6.688528E-16
5798.75  6.617398E-16
5800.  6.560080E-16
5801.25  6.547520E-16
5802.5  6.529652E-16
5803.75  6.525213E-16
5805.  6.514096E-16
5806.25  6.494365E-16
5807.5  6.595801E-16
5808.75  6.561925E-16
5810.  6.517290E-16
5811.25  6.540548E-16
5812.5  6.568038E-16
5813.75  6.565052E-16
5815.  6.578667E-16
5816.25  6.627432E-16
5817.5  6.492360E-16
5818.75  6.323507E-16
5820.  6.399198E-16
5821.25  6.474317E-16
5822.5  6.520670E-16
5823.75  6.427400E-16
5825.  6.298130E-16
5826.25  6.390575E-16
5827.5  6.443978E-16
5828.75  6.420754E-16
5830.  6.475042E-16
5831.25  6.513631E-16
5832.5  6.469791E-16
5833.75  6.418453E-16
5835.  6.325076E-16
5836.25  6.322628E-16
5837.5  6.370049E-16
5838.75  6.337368E-16
5840.  6.289721E-16
5841.25  6.338861E-16
5842.5  6.385829E-16
5843.75  6.418623E-16
5845.  6.426031E-16
5846.25  6.283722E-16
5847.5  6.274424E-16
5848.75  6.386613E-16
5850.  6.361676E-16
5851.25  6.330420E-16
5852.5  6.345763E-16
5853.75  6.315497E-16
5855.  6.275648E-16
5856.25  6.341528E-16
5857.5  6.352388E-16
5858.75  6.240382E-16
5860.  6.212184E-16
5861.25  6.203858E-16
5862.5  6.153219E-16
5863.75  6.105995E-16
5865.  6.217828E-16
5866.25  6.262881E-16
5867.5  6.116407E-16
5868.75  6.151868E-16
5870.  6.083096E-16
5871.25  6.003186E-16
5872.5  6.100528E-16
5873.75  6.167023E-16
5875.  6.090012E-16
5876.25  6.006699E-16
5877.5  6.098959E-16
5878.75  6.079667E-16
5880.  6.015915E-16
5881.25  6.014338E-16
5882.5  5.996300E-16
5883.75  5.906208E-16
5885.  5.881712E-16
5886.25  5.807928E-16
5887.5  5.646685E-16
5888.75  5.630684E-16
5890.  5.751359E-16
5891.25  5.688082E-16
5892.5  5.676827E-16
5893.75  5.671279E-16
5895.  5.681240E-16
5896.25  5.700782E-16
5897.5  5.754476E-16
5898.75  5.702207E-16
5900.  5.765582E-16
5901.25  5.797768E-16
5902.5  5.792138E-16
5903.75  5.827864E-16
5905.  5.940416E-16
5906.25  5.841943E-16
5907.5  5.779990E-16
5908.75  5.754456E-16
5910.  5.731682E-16
5911.25  5.844188E-16
5912.5  5.840282E-16
5913.75  5.729254E-16
5915.  5.861964E-16
5916.25  5.862747E-16
5917.5  5.726132E-16
5918.75  5.654864E-16
5920.  5.692338E-16
5921.25  5.770062E-16
5922.5  5.802646E-16
5923.75  5.715839E-16
5925.  5.745739E-16
5926.25  5.736502E-16
5927.5  5.714522E-16
5928.75  5.775489E-16
5930.  5.778173E-16
5931.25  5.731606E-16
5932.5  5.694677E-16
5933.75  5.704888E-16
5935.  5.796946E-16
5936.25  5.793506E-16
5937.5  5.747166E-16
5938.75  5.639849E-16
5940.  5.605074E-16
5941.25  5.574073E-16
5942.5  5.621455E-16
5943.75  5.631280E-16
5945.  5.617616E-16
5946.25  5.657115E-16
5947.5  5.556037E-16
5948.75  5.588451E-16
5950.  5.625820E-16
5951.25  5.611165E-16
5952.5  5.673026E-16
5953.75  5.681764E-16
5955.  5.667648E-16
5956.25  5.704295E-16
5957.5  5.598105E-16
5958.75  5.551289E-16
5960.  5.558246E-16
5961.25  5.639109E-16
5962.5  5.704114E-16
5963.75  5.727147E-16
5965.  5.713508E-16
5966.25  5.668295E-16
5967.5  5.687295E-16
5968.75  5.600548E-16
5970.  5.604002E-16
5971.25  5.596982E-16
5972.5  5.577124E-16
5973.75  5.638068E-16
5975.  5.611305E-16
5976.25  5.620536E-16
5977.5  5.665626E-16
5978.75  5.690637E-16
5980.  5.584421E-16
5981.25  5.575497E-16
5982.5  5.585229E-16
5983.75  5.570884E-16
5985.  5.584373E-16
5986.25  5.613866E-16
5987.5  5.673280E-16
5988.75  5.501812E-16
5990.  5.591964E-16
5991.25  5.629082E-16
5992.5  5.585428E-16
5993.75  5.666034E-16
5995.  5.524098E-16
5996.25  5.588819E-16
5997.5  5.569980E-16
5998.75  5.614563E-16
6000.  5.534442E-16
6001.25  5.446080E-16
6002.5  5.423928E-16
6003.75  5.532361E-16
6005.  5.698066E-16
6006.25  5.570748E-16
6007.5  5.540569E-16
6008.75  5.554349E-16
6010.  5.491980E-16
6011.25  5.484363E-16
6012.5  5.564538E-16
6013.75  5.488600E-16
6015.  5.477886E-16
6016.25  5.531682E-16
6017.5  5.549694E-16
6018.75  5.583518E-16
6020.  5.536939E-16
6021.25  5.463420E-16
6022.5  5.476934E-16
6023.75  5.528497E-16
6025.  5.525706E-16
6026.25  5.527735E-16
6027.5  5.479980E-16
6028.75  5.440491E-16
6030.  5.436261E-16
6031.25  5.409312E-16
6032.5  5.422778E-16
6033.75  5.433025E-16
6035.  5.465948E-16
6036.25  5.414758E-16
6037.5  5.409466E-16
6038.75  5.535743E-16
6040.  5.429029E-16
6041.25  5.371408E-16
6042.5  5.395685E-16
6043.75  5.439759E-16
6045.  5.418107E-16
6046.25  5.411523E-16
6047.5  5.407174E-16
6048.75  5.382298E-16
6050.  5.369074E-16
6051.25  5.356388E-16
6052.5  5.360292E-16
6053.75  5.411624E-16
6055.  5.398488E-16
6056.25  5.293890E-16
6057.5  5.276111E-16
6058.75  5.296234E-16
6060.  5.264353E-16
6061.25  5.223758E-16
6062.5  5.254054E-16
6063.75  5.200101E-16
6065.  5.259585E-16
6066.25  5.273460E-16
6067.5  5.230692E-16
6068.75  5.207937E-16
6070.  5.134736E-16
6071.25  5.299093E-16
6072.5  5.231637E-16
6073.75  5.201430E-16
6075.  5.266309E-16
6076.25  5.234815E-16
6077.5  5.253111E-16
6078.75  5.221512E-16
6080.  5.262213E-16
6081.25  5.338773E-16
6082.5  5.261007E-16
6083.75  5.160336E-16
6085.  5.223401E-16
6086.25  5.205312E-16
6087.5  5.141287E-16
6088.75  5.154471E-16
6090.  5.156524E-16
6091.25  5.166541E-16
6092.5  5.075854E-16
6093.75  5.070872E-16
6095.  5.063721E-16
6096.25  5.039874E-16
6097.5  5.032979E-16
6098.75  4.995591E-16
6100.  5.136881E-16
6101.25  5.108995E-16
6102.5  5.058154E-16
6103.75  5.024328E-16
6105.  4.982149E-16
6106.25  4.939978E-16
6107.5  5.016813E-16
6108.75  5.000646E-16
6110.  4.939373E-16
6111.25  4.980645E-16
6112.5  5.041000E-16
6113.75  4.965799E-16
6115.  4.920852E-16
6116.25  4.911763E-16
6117.5  4.892018E-16
6118.75  4.944076E-16
6120.  4.947486E-16
6121.25  4.882293E-16
6122.5  4.965433E-16
6123.75  5.045869E-16
6125.  4.976134E-16
6126.25  4.928589E-16
6127.5  4.925906E-16
6128.75  4.933661E-16
6130.  4.969633E-16
6131.25  4.897571E-16
6132.5  4.794980E-16
6133.75  4.861672E-16
6135.  4.887085E-16
6136.25  4.814574E-16
6137.5  4.836076E-16
6138.75  4.858429E-16
6140.  4.853422E-16
6141.25  4.871241E-16
6142.5  4.842144E-16
6143.75  4.892139E-16
6145.  4.830854E-16
6146.25  4.715685E-16
6147.5  4.708417E-16
6148.75  4.765373E-16
6150.  4.771203E-16
6151.25  4.735965E-16
6152.5  4.687964E-16
6153.75  4.693267E-16
6155.  4.755515E-16
6156.25  4.736399E-16
6157.5  4.762119E-16
6158.75  4.665113E-16
6160.  4.633507E-16
6161.25  4.642831E-16
6162.5  4.506054E-16
6163.75  4.525682E-16
6165.  4.637945E-16
6166.25  4.590875E-16
6167.5  4.482993E-16
6168.75  4.486264E-16
6170.  4.479634E-16
6171.25  4.496032E-16
6172.5  4.474462E-16
6173.75  4.474956E-16
6175.  4.587557E-16
6176.25  4.507394E-16
6177.5  4.517228E-16
6178.75  4.594401E-16
6180.  4.535625E-16
6181.25  4.605556E-16
6182.5  4.663443E-16
6183.75  4.547027E-16
6185.  4.405287E-16
6186.25  4.453376E-16
6187.5  4.585492E-16
6188.75  4.597803E-16
6190.  4.547413E-16
6191.25  4.545057E-16
6192.5  4.579587E-16
6193.75  4.558967E-16
6195.  4.496242E-16
6196.25  4.473965E-16
6197.5  4.457187E-16
6198.75  4.442291E-16
6200.  4.493906E-16
6201.25  4.539779E-16
6202.5  4.446219E-16
6203.75  4.326701E-16
6205.  4.419585E-16
6206.25  4.480137E-16
6207.5  4.404655E-16
6208.75  4.452816E-16
6210.  4.524522E-16
6211.25  4.477763E-16
6212.5  4.435121E-16
6213.75  4.472187E-16
6215.  4.444416E-16
6216.25  4.470972E-16
6217.5  4.495316E-16
6218.75  4.442301E-16
6220.  4.426909E-16
6221.25  4.446176E-16
6222.5  4.414400E-16
6223.75  4.392048E-16
6225.  4.422623E-16
6226.25  4.455329E-16
6227.5  4.474571E-16
6228.75  4.403539E-16
6230.  4.385781E-16
6231.25  4.452430E-16
6232.5  4.482229E-16
6233.75  4.435047E-16
6235.  4.431207E-16
6236.25  4.502238E-16
6237.5  4.538353E-16
6238.75  4.500238E-16
6240.  4.416822E-16
6241.25  4.506134E-16
6242.5  4.590283E-16
6243.75  4.505698E-16
6245.  4.518160E-16
6246.25  4.577015E-16
6247.5  4.572679E-16
6248.75  4.559228E-16
6250.  4.576503E-16
6251.25  4.617841E-16
6252.5  4.626555E-16
6253.75  4.525635E-16
6255.  4.478068E-16
6256.25  4.580434E-16
6257.5  4.577588E-16
6258.75  4.557528E-16
6260.  4.614640E-16
6261.25  4.566027E-16
6262.5  4.581472E-16
6263.75  4.663099E-16
6265.  4.607951E-16
6266.25  4.601502E-16
6267.5  4.677817E-16
6268.75  4.641907E-16
6270.  4.563275E-16
6271.25  4.557907E-16
6272.5  4.567678E-16
6273.75  4.574617E-16
6275.  4.579931E-16
6276.25  4.606335E-16
6277.5  4.606358E-16
6278.75  4.608548E-16
6280.  4.586761E-16
6281.25  4.503081E-16
6282.5  4.501046E-16
6283.75  4.566292E-16
6285.  4.631461E-16
6286.25  4.652195E-16
6287.5  4.554352E-16
6288.75  4.493970E-16
6290.  4.568817E-16
6291.25  4.618860E-16
6292.5  4.588691E-16
6293.75  4.513204E-16
6295.  4.564404E-16
6296.25  4.540953E-16
6297.5  4.530762E-16
6298.75  4.593046E-16
6300.  4.562977E-16
6301.25  4.546919E-16
6302.5  4.555653E-16
6303.75  4.569636E-16
6305.  4.560998E-16
6306.25  4.601102E-16
6307.5  4.697225E-16
6308.75  4.709401E-16
6310.  4.611856E-16
6311.25  4.500774E-16
6312.5  4.513434E-16
6313.75  4.552161E-16
6315.  4.512771E-16
6316.25  4.476966E-16
6317.5  4.482350E-16
6318.75  4.534035E-16
6320.  4.567747E-16
6321.25  4.519167E-16
6322.5  4.516908E-16
6323.75  4.573965E-16
6325.  4.542150E-16
6326.25  4.518254E-16
6327.5  4.581727E-16
6328.75  4.552734E-16
6330.  4.467320E-16
6331.25  4.462635E-16
6332.5  4.463612E-16
6333.75  4.493232E-16
6335.  4.510753E-16
6336.25  4.555792E-16
6337.5  4.574899E-16
6338.75  4.558564E-16
6340.  4.528637E-16
6341.25  4.473591E-16
6342.5  4.382092E-16
6343.75  4.332643E-16
6345.  4.362679E-16
6346.25  4.397815E-16
6347.5  4.371890E-16
6348.75  4.414552E-16
6350.  4.462245E-16
6351.25  4.444628E-16
6352.5  4.428484E-16
6353.75  4.452598E-16
6355.  4.505696E-16
6356.25  4.434903E-16
6357.5  4.434355E-16
6358.75  4.498746E-16
6360.  4.453045E-16
6361.25  4.468644E-16
6362.5  4.523403E-16
6363.75  4.483653E-16
6365.  4.465680E-16
6366.25  4.455355E-16
6367.5  4.432378E-16
6368.75  4.402101E-16
6370.  4.352132E-16
6371.25  4.459050E-16
6372.5  4.539171E-16
6373.75  4.425445E-16
6375.  4.380938E-16
6376.25  4.410953E-16
6377.5  4.429158E-16
6378.75  4.445912E-16
6380.  4.416571E-16
6381.25  4.368848E-16
6382.5  4.463836E-16
6383.75  4.452165E-16
6385.  4.447800E-16
6386.25  4.417836E-16
6387.5  4.376048E-16
6388.75  4.350380E-16
6390.  4.330488E-16
6391.25  4.361162E-16
6392.5  4.357519E-16
6393.75  4.419900E-16
6395.  4.424801E-16
6396.25  4.365934E-16
6397.5  4.378450E-16
6398.75  4.336211E-16
6400.  4.306254E-16
6401.25  4.253104E-16
6402.5  4.266923E-16
6403.75  4.299574E-16
6405.  4.314359E-16
6406.25  4.299062E-16
6407.5  4.409802E-16
6408.75  4.382000E-16
6410.  4.299160E-16
6411.25  4.370421E-16
6412.5  4.381739E-16
6413.75  4.333555E-16
6415.  4.295419E-16
6416.25  4.256069E-16
6417.5  4.298609E-16
6418.75  4.286973E-16
6420.  4.208514E-16
6421.25  4.237123E-16
6422.5  4.280772E-16
6423.75  4.251694E-16
6425.  4.249555E-16
6426.25  4.233451E-16
6427.5  4.205920E-16
6428.75  4.256384E-16
6430.  4.277929E-16
6431.25  4.283869E-16
6432.5  4.202130E-16
6433.75  4.146963E-16
6435.  4.183710E-16
6436.25  4.199519E-16
6437.5  4.244326E-16
6438.75  4.227991E-16
6440.  4.234015E-16
6441.25  4.227054E-16
6442.5  4.247958E-16
6443.75  4.296782E-16
6445.  4.202721E-16
6446.25  4.167190E-16
6447.5  4.231746E-16
6448.75  4.181507E-16
6450.  4.203373E-16
6451.25  4.217046E-16
6452.5  4.194051E-16
6453.75  4.196439E-16
6455.  4.235174E-16
6456.25  4.287590E-16
6457.5  4.262071E-16
6458.75  4.227968E-16
6460.  4.239056E-16
6461.25  4.165082E-16
6462.5  4.176705E-16
6463.75  4.145122E-16
6465.  4.157770E-16
6466.25  4.197113E-16
6467.5  4.162151E-16
6468.75  4.159050E-16
6470.  4.166707E-16
6471.25  4.133921E-16
6472.5  4.157410E-16
6473.75  4.152563E-16
6475.  4.057732E-16
6476.25  4.072810E-16
6477.5  4.116972E-16
6478.75  4.193366E-16
6480.  4.146120E-16
6481.25  4.091610E-16
6482.5  4.127973E-16
6483.75  4.164354E-16
6485.  4.192237E-16
6486.25  4.191996E-16
6487.5  4.168190E-16
6488.75  4.088753E-16
6490.  4.128210E-16
6491.25  4.066997E-16
6492.5  4.101225E-16
6493.75  4.073258E-16
6495.  4.113892E-16
6496.25  4.202448E-16
6497.5  4.160495E-16
6498.75  4.094324E-16
6500.  4.238807E-16
6501.25  4.280308E-16
6502.5  4.163260E-16
6503.75  4.246411E-16
6505.  4.222231E-16
6506.25  4.189028E-16
6507.5  4.160891E-16
6508.75  4.159473E-16
6510.  4.140896E-16
6511.25  4.123152E-16
6512.5  4.168206E-16
6513.75  4.118765E-16
6515.  4.098127E-16
6516.25  4.103013E-16
6517.5  4.046399E-16
6518.75  4.097220E-16
6520.  4.125562E-16
6521.25  4.126782E-16
6522.5  4.163217E-16
6523.75  4.087632E-16
6525.  4.073994E-16
6526.25  4.147291E-16
6527.5  4.146042E-16
6528.75  4.078199E-16
6530.  4.021396E-16
6531.25  4.095441E-16
6532.5  4.039111E-16
6533.75  4.093548E-16
6535.  4.150358E-16
6536.25  4.112447E-16
6537.5  4.129395E-16
6538.75  4.182808E-16
6540.  4.085109E-16
6541.25  4.076723E-16
6542.5  4.048117E-16
6543.75  4.071443E-16
6545.  4.030800E-16
6546.25  4.029835E-16
6547.5  4.074919E-16
6548.75  4.033265E-16
6550.  3.944263E-16
6551.25  3.974888E-16
6552.5  4.000671E-16
6553.75  3.987435E-16
6555.  3.913256E-16
6556.25  3.908005E-16
6557.5  3.935309E-16
6558.75  3.925102E-16
6560.  3.973508E-16
6561.25  3.925220E-16
6562.5  3.918133E-16
6563.75  3.977845E-16
6565.  3.894142E-16
6566.25  3.885937E-16
6567.5  3.984408E-16
6568.75  4.031525E-16
6570.  3.988576E-16
6571.25  4.007462E-16
6572.5  3.963175E-16
6573.75  3.935688E-16
6575.  3.986647E-16
6576.25  3.912492E-16
6577.5  3.959203E-16
6578.75  3.894000E-16
6580.  3.953952E-16
6581.25  3.930777E-16
6582.5  3.945463E-16
6583.75  3.950664E-16
6585.  3.946995E-16
6586.25  3.983080E-16
6587.5  4.042422E-16
6588.75  3.979874E-16
6590.  3.945459E-16
6591.25  3.876829E-16
6592.5  3.931327E-16
6593.75  3.943156E-16
6595.  3.931366E-16
6596.25  3.919362E-16
6597.5  3.919495E-16
6598.75  3.931878E-16
6600.  3.927726E-16
6601.25  3.894425E-16
6602.5  3.857887E-16
6603.75  3.874441E-16
6605.  3.866980E-16
6606.25  3.836620E-16
6607.5  3.905952E-16
6608.75  3.978015E-16
6610.  3.896028E-16
6611.25  3.836281E-16
6612.5  3.941208E-16
6613.75  3.965422E-16
6615.  3.921767E-16
6616.25  3.902993E-16
6617.5  3.802409E-16
6618.75  3.839691E-16
6620.  3.865160E-16
6621.25  3.783144E-16
6622.5  3.810752E-16
6623.75  3.909839E-16
6625.  3.930085E-16
6626.25  3.933134E-16
6627.5  3.831311E-16
6628.75  3.820575E-16
6630.  3.873301E-16
6631.25  3.884608E-16
6632.5  3.881097E-16
6633.75  3.841413E-16
6635.  3.773817E-16
6636.25  3.792262E-16
6637.5  3.813095E-16
6638.75  3.802096E-16
6640.  3.807151E-16
6641.25  3.879057E-16
6642.5  3.890081E-16
6643.75  3.819616E-16
6645.  3.814517E-16
6646.25  3.830274E-16
6647.5  3.781446E-16
6648.75  3.836677E-16
6650.  3.839601E-16
6651.25  3.759998E-16
6652.5  3.846528E-16
6653.75  3.891405E-16
6655.  3.851369E-16
6656.25  3.805806E-16
6657.5  3.806265E-16
6658.75  3.807142E-16
6660.  3.790090E-16
6661.25  3.728846E-16
6662.5  3.776975E-16
6663.75  3.863549E-16
6665.  3.833629E-16
6666.25  3.808277E-16
6667.5  3.893503E-16
6668.75  3.865333E-16
6670.  3.836319E-16
6671.25  3.843551E-16
6672.5  3.772137E-16
6673.75  3.763244E-16
6675.  3.785101E-16
6676.25  3.807586E-16
6677.5  3.806157E-16
6678.75  3.864311E-16
6680.  3.803738E-16
6681.25  3.779409E-16
6682.5  3.769761E-16
6683.75  3.787646E-16
6685.  3.856528E-16
6686.25  3.826779E-16
6687.5  3.766873E-16
6688.75  3.804850E-16
6690.  3.851481E-16
6691.25  3.868369E-16
6692.5  3.904663E-16
6693.75  3.883742E-16
6695.  3.815402E-16
6696.25  3.817488E-16
6697.5  3.801622E-16
6698.75  3.772404E-16
6700.  3.830432E-16
6701.25  3.826837E-16
6702.5  3.796199E-16
6703.75  3.775084E-16
6705.  3.822321E-16
6706.25  3.834859E-16
6707.5  3.803230E-16
6708.75  3.739955E-16
6710.  3.753170E-16
6711.25  3.796417E-16
6712.5  3.804939E-16
6713.75  3.785042E-16
6715.  3.792631E-16
6716.25  3.778608E-16
6717.5  3.769085E-16
6718.75  3.745547E-16
6720.  3.734288E-16
6721.25  3.730461E-16
6722.5  3.754803E-16
6723.75  3.779804E-16
6725.  3.771267E-16
6726.25  3.716480E-16
6727.5  3.753355E-16
6728.75  3.781877E-16
6730.  3.743108E-16
6731.25  3.800852E-16
6732.5  3.810226E-16
6733.75  3.764578E-16
6735.  3.756984E-16
6736.25  3.684869E-16
6737.5  3.704615E-16
6738.75  3.795831E-16
6740.  3.737433E-16
6741.25  3.684640E-16
6742.5  3.715009E-16
6743.75  3.707282E-16
6745.  3.720790E-16
6746.25  3.788368E-16
6747.5  3.774047E-16
6748.75  3.719412E-16
6750.  3.691441E-16
6751.25  3.632563E-16
6752.5  3.663293E-16
6753.75  3.719967E-16
6755.  3.699555E-16
6756.25  3.689546E-16
6757.5  3.703568E-16
6758.75  3.735954E-16
6760.  3.766394E-16
6761.25  3.724946E-16
6762.5  3.680694E-16
6763.75  3.638835E-16
6765.  3.642288E-16
6766.25  3.676440E-16
6767.5  3.632922E-16
6768.75  3.605862E-16
6770.  3.629543E-16
6771.25  3.653059E-16
6772.5  3.645622E-16
6773.75  3.627357E-16
6775.  3.696477E-16
6776.25  3.690537E-16
6777.5  3.620125E-16
6778.75  3.637721E-16
6780.  3.666802E-16
6781.25  3.607133E-16
6782.5  3.545490E-16
6783.75  3.556846E-16
6785.  3.578308E-16
6786.25  3.557556E-16
6787.5  3.545184E-16
6788.75  3.567263E-16
6790.  3.611431E-16
6791.25  3.577858E-16
6792.5  3.533174E-16
6793.75  3.518437E-16
6795.  3.498591E-16
6796.25  3.497256E-16
6797.5  3.479456E-16
6798.75  3.517908E-16
6800.  3.533568E-16
6801.25  3.532403E-16
6802.5  3.550004E-16
6803.75  3.521757E-16
6805.  3.523219E-16
6806.25  3.521591E-16
6807.5  3.486274E-16
6808.75  3.486469E-16
6810.  3.506295E-16
6811.25  3.512934E-16
6812.5  3.492560E-16
6813.75  3.482276E-16
6815.  3.490691E-16
6816.25  3.462496E-16
6817.5  3.459925E-16
6818.75  3.511608E-16
6820.  3.522358E-16
6821.25  3.444428E-16
6822.5  3.424537E-16
6823.75  3.419837E-16
6825.  3.374625E-16
6826.25  3.388947E-16
6827.5  3.411070E-16
6828.75  3.455796E-16
6830.  3.503176E-16
6831.25  3.461622E-16
6832.5  3.426173E-16
6833.75  3.412011E-16
6835.  3.387655E-16
6836.25  3.406540E-16
6837.5  3.437332E-16
6838.75  3.410878E-16
6840.  3.348951E-16
6841.25  3.387002E-16
6842.5  3.428079E-16
6843.75  3.364340E-16
6845.  3.373983E-16
6846.25  3.402944E-16
6847.5  3.383207E-16
6848.75  3.418657E-16
6850.  3.435290E-16
6851.25  3.398153E-16
6852.5  3.406912E-16
6853.75  3.404925E-16
6855.  3.368020E-16
6856.25  3.348718E-16
6857.5  3.364130E-16
6858.75  3.404245E-16
6860.  3.403668E-16
6861.25  3.394520E-16
6862.5  3.387573E-16
6863.75  3.334261E-16
6865.  3.334696E-16
6866.25  3.414820E-16
6867.5  3.397464E-16
6868.75  3.369386E-16
6870.  3.358883E-16
6871.25  3.360963E-16
6872.5  3.425368E-16
6873.75  3.426032E-16
6875.  3.349907E-16
6876.25  3.340067E-16
6877.5  3.366032E-16
6878.75  3.347679E-16
6880.  3.262969E-16
6881.25  3.221517E-16
6882.5  3.305873E-16
6883.75  3.370841E-16
6885.  3.332627E-16
6886.25  3.313872E-16
6887.5  3.343636E-16
6888.75  3.322351E-16
6890.  3.364775E-16
6891.25  3.406461E-16
6892.5  3.350579E-16
6893.75  3.351545E-16
6895.  3.350764E-16
6896.25  3.311368E-16
6897.5  3.302087E-16
6898.75  3.357439E-16
6900.  3.261301E-16
6901.25  3.229809E-16
6902.5  3.309664E-16
6903.75  3.362688E-16
6905.  3.305646E-16
6906.25  3.252136E-16
6907.5  3.280673E-16
6908.75  3.299473E-16
6910.  3.315289E-16
6911.25  3.354332E-16
6912.5  3.328916E-16
6913.75  3.299605E-16
6915.  3.337363E-16
6916.25  3.327997E-16
6917.5  3.342237E-16
6918.75  3.299004E-16
6920.  3.285105E-16
6921.25  3.346130E-16
6922.5  3.345466E-16
6923.75  3.288669E-16
6925.  3.257750E-16
6926.25  3.288760E-16
6927.5  3.315923E-16
6928.75  3.314503E-16
6930.  3.274629E-16
6931.25  3.246124E-16
6932.5  3.319508E-16
6933.75  3.344078E-16
6935.  3.352462E-16
6936.25  3.335135E-16
6937.5  3.309181E-16
6938.75  3.277560E-16
6940.  3.285829E-16
6941.25  3.350156E-16
6942.5  3.412848E-16
6943.75  3.402597E-16
6945.  3.348112E-16
6946.25  3.354188E-16
6947.5  3.348653E-16
6948.75  3.434202E-16
6950.  3.456169E-16
6951.25  3.368965E-16
6952.5  3.390986E-16
6953.75  3.434836E-16
6955.  3.379288E-16
6956.25  3.384823E-16
6957.5  3.398651E-16
6958.75  3.401580E-16
6960.  3.441770E-16
6961.25  3.448106E-16
6962.5  3.442226E-16
6963.75  3.473198E-16
6965.  3.514084E-16
6966.25  3.498481E-16
6967.5  3.547564E-16
6968.75  3.515519E-16
6970.  3.440182E-16
6971.25  3.483229E-16
6972.5  3.450344E-16
6973.75  3.428365E-16
6975.  3.475366E-16
6976.25  3.487468E-16
6977.5  3.533746E-16
6978.75  3.469416E-16
6980.  3.460080E-16
6981.25  3.494088E-16
6982.5  3.478016E-16
6983.75  3.456851E-16
6985.  3.487279E-16
6986.25  3.517207E-16
6987.5  3.488936E-16
6988.75  3.498568E-16
6990.  3.477408E-16
6991.25  3.455009E-16
6992.5  3.458706E-16
6993.75  3.455524E-16
6995.  3.442073E-16
6996.25  3.431467E-16
6997.5  3.441070E-16
6998.75  3.430337E-16
7000.  3.468233E-16
7001.25  3.494678E-16
7002.5  3.426613E-16
7003.75  3.409413E-16
7005.  3.487737E-16
7006.25  3.473758E-16
7007.5  3.398117E-16
7008.75  3.474268E-16
7010.  3.481151E-16
7011.25  3.449694E-16
7012.5  3.476058E-16
7013.75  3.433506E-16
7015.  3.323741E-16
7016.25  3.397506E-16
7017.5  3.461026E-16
7018.75  3.416023E-16
7020.  3.443065E-16
7021.25  3.459179E-16
7022.5  3.459341E-16
7023.75  3.389843E-16
7025.  3.359869E-16
7026.25  3.430275E-16
7027.5  3.402476E-16
7028.75  3.391426E-16
7030.  3.427590E-16
7031.25  3.442373E-16
7032.5  3.436775E-16
7033.75  3.400151E-16
7035.  3.432110E-16
7036.25  3.343224E-16
7037.5  3.337826E-16
7038.75  3.384970E-16
7040.  3.404639E-16
7041.25  3.436581E-16
7042.5  3.438630E-16
7043.75  3.419613E-16
7045.  3.389745E-16
7046.25  3.358672E-16
7047.5  3.409484E-16
7048.75  3.453115E-16
7050.  3.404345E-16
7051.25  3.346490E-16
7052.5  3.350999E-16
7053.75  3.368460E-16
7055.  3.431943E-16
7056.25  3.400313E-16
7057.5  3.396456E-16
7058.75  3.367281E-16
7060.  3.327954E-16
7061.25  3.381392E-16
7062.5  3.356221E-16
7063.75  3.270533E-16
7065.  3.314648E-16
7066.25  3.314298E-16
7067.5  3.262943E-16
7068.75  3.360827E-16
7070.  3.400539E-16
7071.25  3.359955E-16
7072.5  3.316637E-16
7073.75  3.321829E-16
7075.  3.327474E-16
7076.25  3.316720E-16
7077.5  3.291480E-16
7078.75  3.248772E-16
7080.  3.280981E-16
7081.25  3.320484E-16
7082.5  3.353013E-16
7083.75  3.377660E-16
7085.  3.368071E-16
7086.25  3.293985E-16
7087.5  3.271239E-16
7088.75  3.294583E-16
7090.  3.328001E-16
7091.25  3.327158E-16
7092.5  3.257535E-16
7093.75  3.279205E-16
7095.  3.308369E-16
7096.25  3.297917E-16
7097.5  3.234950E-16
7098.75  3.195815E-16
7100.  3.251623E-16
7101.25  3.284408E-16
7102.5  3.312639E-16
7103.75  3.266799E-16
7105.  3.276883E-16
7106.25  3.337745E-16
7107.5  3.309410E-16
7108.75  3.244659E-16
7110.  3.232305E-16
7111.25  3.270249E-16
7112.5  3.305333E-16
7113.75  3.219400E-16
7115.  3.228273E-16
7116.25  3.333345E-16
7117.5  3.383722E-16
7118.75  3.367730E-16
7120.  3.421393E-16
7121.25  3.319311E-16
7122.5  3.306418E-16
7123.75  3.336953E-16
7125.  3.362454E-16
7126.25  3.431242E-16
7127.5  3.390958E-16
7128.75  3.406629E-16
7130.  3.400106E-16
7131.25  3.354550E-16
7132.5  3.379523E-16
7133.75  3.424496E-16
7135.  3.537300E-16
7136.25  3.514829E-16
7137.5  3.412545E-16
7138.75  3.374231E-16
7140.  3.381016E-16
7141.25  3.406108E-16
7142.5  3.450643E-16
7143.75  3.415925E-16
7145.  3.433927E-16
7146.25  3.504177E-16
7147.5  3.420041E-16
7148.75  3.438839E-16
7150.  3.462146E-16
7151.25  3.487083E-16
7152.5  3.435675E-16
7153.75  3.477526E-16
7155.  3.541402E-16
7156.25  3.518035E-16
7157.5  3.524989E-16
7158.75  3.524590E-16
7160.  3.481295E-16
7161.25  3.410603E-16
7162.5  3.427581E-16
7163.75  3.510036E-16
7165.  3.480217E-16
7166.25  3.396852E-16
7167.5  3.350059E-16
7168.75  3.370128E-16
7170.  3.448028E-16
7171.25  3.403143E-16
7172.5  3.299101E-16
7173.75  3.343655E-16
7175.  3.450396E-16
7176.25  3.482690E-16
7177.5  3.508617E-16
7178.75  3.446466E-16
7180.  3.370292E-16
7181.25  3.333457E-16
7182.5  3.406848E-16
7183.75  3.443416E-16
7185.  3.433112E-16
7186.25  3.423881E-16
7187.5  3.347495E-16
7188.75  3.489278E-16
7190.  3.495383E-16
7191.25  3.378658E-16
7192.5  3.330932E-16
7193.75  3.337659E-16
7195.  3.400166E-16
7196.25  3.423075E-16
7197.5  3.418993E-16
7198.75  3.369452E-16
7200.  3.371683E-16
7201.25  3.492122E-16
7202.5  3.448648E-16
7203.75  3.400708E-16
7205.  3.430031E-16
7206.25  3.435461E-16
7207.5  3.448447E-16
7208.75  3.483063E-16
7210.  3.503022E-16
7211.25  3.529476E-16
7212.5  3.570102E-16
7213.75  3.451174E-16
7215.  3.415482E-16
7216.25  3.476101E-16
7217.5  3.493967E-16
7218.75  3.523516E-16
7220.  3.578832E-16
7221.25  3.533972E-16
7222.5  3.524884E-16
7223.75  3.543268E-16
7225.  3.493327E-16
7226.25  3.503862E-16
7227.5  3.480148E-16
7228.75  3.420502E-16
7230.  3.487939E-16
7231.25  3.447746E-16
7232.5  3.355300E-16
7233.75  3.400453E-16
7235.  3.388917E-16
7236.25  3.424792E-16
7237.5  3.467068E-16
7238.75  3.458498E-16
7240.  3.472658E-16
7241.25  3.478854E-16
7242.5  3.477950E-16
7243.75  3.387121E-16
7245.  3.348033E-16
7246.25  3.396342E-16
7247.5  3.444250E-16
7248.75  3.405192E-16
7250.  3.479428E-16
7251.25  3.423211E-16
7252.5  3.365570E-16
7253.75  3.412295E-16
7255.  3.437583E-16
7256.25  3.382411E-16
7257.5  3.342514E-16
7258.75  3.426884E-16
7260.  3.464195E-16
7261.25  3.427691E-16
7262.5  3.462698E-16
7263.75  3.450851E-16
7265.  3.427880E-16
7266.25  3.476593E-16
7267.5  3.437505E-16
7268.75  3.369569E-16
7270.  3.373056E-16
7271.25  3.411874E-16
7272.5  3.429303E-16
7273.75  3.405611E-16
7275.  3.380420E-16
7276.25  3.418151E-16
7277.5  3.464921E-16
7278.75  3.460188E-16
7280.  3.486531E-16
7281.25  3.499987E-16
7282.5  3.525454E-16
7283.75  3.480119E-16
7285.  3.412248E-16
7286.25  3.401453E-16
7287.5  3.405678E-16
7288.75  3.373029E-16
7290.  3.355317E-16
7291.25  3.335203E-16
7292.5  3.340446E-16
7293.75  3.390763E-16
7295.  3.441574E-16
7296.25  3.474334E-16
7297.5  3.456487E-16
7298.75  3.417909E-16
7300.  3.357349E-16
7301.25  3.409622E-16
7302.5  3.446984E-16
7303.75  3.420406E-16
7305.  3.434904E-16
7306.25  3.522301E-16
7307.5  3.493840E-16
7308.75  3.441028E-16
7310.  3.407307E-16
7311.25  3.511986E-16
7312.5  3.498272E-16
7313.75  3.419047E-16
7315.  3.352522E-16
7316.25  3.312454E-16
7317.5  3.379155E-16
7318.75  3.433393E-16
7320.  3.411931E-16
7321.25  3.373039E-16
7322.5  3.373077E-16
7323.75  3.402487E-16
7325.  3.416559E-16
7326.25  3.400389E-16
7327.5  3.378493E-16
7328.75  3.401578E-16
7330.  3.411257E-16
7331.25  3.414057E-16
7332.5  3.446176E-16
7333.75  3.428824E-16
7335.  3.444318E-16
7336.25  3.460200E-16
7337.5  3.510183E-16
7338.75  3.506712E-16
7340.  3.468727E-16
7341.25  3.461870E-16
7342.5  3.456140E-16
7343.75  3.428928E-16
7345.  3.451243E-16
7346.25  3.449348E-16
7347.5  3.372724E-16
7348.75  3.350787E-16
7350.  3.396842E-16
7351.25  3.460161E-16
7352.5  3.477238E-16
7353.75  3.463889E-16
7355.  3.476149E-16
7356.25  3.482149E-16
7357.5  3.463605E-16
7358.75  3.450587E-16
7360.  3.452017E-16
7361.25  3.434444E-16
7362.5  3.435337E-16
7363.75  3.411302E-16
7365.  3.357166E-16
7366.25  3.412830E-16
7367.5  3.451748E-16
7368.75  3.384656E-16
7370.  3.385462E-16
7371.25  3.386137E-16
7372.5  3.406138E-16
7373.75  3.422406E-16
7375.  3.456654E-16
7376.25  3.430446E-16
7377.5  3.349368E-16
7378.75  3.361319E-16
7380.  3.348852E-16
7381.25  3.361323E-16
7382.5  3.382634E-16
7383.75  3.358206E-16
7385.  3.384782E-16
7386.25  3.361028E-16
7387.5  3.321181E-16
7388.75  3.377174E-16
7390.  3.385171E-16
7391.25  3.356040E-16
7392.5  3.317433E-16
7393.75  3.339882E-16
7395.  3.350854E-16
7396.25  3.244832E-16
7397.5  3.241246E-16
7398.75  3.252771E-16
7400.  3.279736E-16
7401.25  3.306781E-16
7402.5  3.261216E-16
7403.75  3.285552E-16
7405.  3.323721E-16
7406.25  3.284887E-16
7407.5  3.243482E-16
7408.75  3.245449E-16
7410.  3.217673E-16
7411.25  3.234402E-16
7412.5  3.267026E-16
7413.75  3.237679E-16
7415.  3.224421E-16
7416.25  3.247409E-16
7417.5  3.243541E-16
7418.75  3.217524E-16
7420.  3.249925E-16
7421.25  3.300465E-16
7422.5  3.286378E-16
7423.75  3.252326E-16
7425.  3.237735E-16
7426.25  3.246800E-16
7427.5  3.195241E-16
7428.75  3.147256E-16
7430.  3.231477E-16
7431.25  3.254175E-16
7432.5  3.226726E-16
7433.75  3.199436E-16
7435.  3.195394E-16
7436.25  3.258328E-16
7437.5  3.259892E-16
7438.75  3.213387E-16
7440.  3.174399E-16
7441.25  3.185647E-16
7442.5  3.143537E-16
7443.75  3.154803E-16
7445.  3.181620E-16
7446.25  3.148785E-16
7447.5  3.168340E-16
7448.75  3.230903E-16
7450.  3.192020E-16
7451.25  3.174315E-16
7452.5  3.205283E-16
7453.75  3.156735E-16
7455.  3.100684E-16
7456.25  3.092029E-16
7457.5  3.118585E-16
7458.75  3.157602E-16
7460.  3.182524E-16
7461.25  3.151020E-16
7462.5  3.132973E-16
7463.75  3.122542E-16
7465.  3.076857E-16
7466.25  3.107477E-16
7467.5  3.160887E-16
7468.75  3.092197E-16
7470.  3.176191E-16
7471.25  3.191457E-16
7472.5  3.134524E-16
7473.75  3.138022E-16
7475.  3.154282E-16
7476.25  3.126833E-16
7477.5  3.101933E-16
7478.75  3.107209E-16
7480.  3.107872E-16
7481.25  3.088784E-16
7482.5  3.082720E-16
7483.75  3.120326E-16
7485.  3.138061E-16
7486.25  3.076069E-16
7487.5  3.028165E-16
7488.75  3.044444E-16
7490.  3.084285E-16
7491.25  3.122785E-16
7492.5  3.098914E-16
7493.75  3.133254E-16
7495.  3.093972E-16
7496.25  3.092375E-16
7497.5  3.170214E-16
7498.75  3.183024E-16
7500.  3.017116E-16
7501.25  3.020379E-16
7502.5  3.052748E-16
7503.75  3.080264E-16
7505.  3.099306E-16
7506.25  3.097219E-16
7507.5  3.122514E-16
7508.75  3.100048E-16
7510.  3.037178E-16
7511.25  3.050683E-16
7512.5  3.102399E-16
7513.75  3.092493E-16
7515.  3.029138E-16
7516.25  3.030258E-16
7517.5  3.106394E-16
7518.75  3.129824E-16
7520.  3.097989E-16
7521.25  3.033886E-16
7522.5  3.083800E-16
7523.75  2.994661E-16
7525.  3.028295E-16
7526.25  3.144322E-16
7527.5  3.065377E-16
7528.75  3.045541E-16
7530.  3.079182E-16
7531.25  3.046740E-16
7532.5  3.098703E-16
7533.75  3.100677E-16
7535.  3.057515E-16
7536.25  3.011137E-16
7537.5  3.030216E-16
7538.75  3.055971E-16
7540.  3.086625E-16
7541.25  3.104215E-16
7542.5  3.037994E-16
7543.75  3.016368E-16
7545.  3.021786E-16
7546.25  2.987100E-16
7547.5  2.959432E-16
7548.75  2.991227E-16
7550.  2.999212E-16
7551.25  2.996000E-16
7552.5  3.015867E-16
7553.75  2.977814E-16
7555.  2.946382E-16
7556.25  3.015225E-16
7557.5  2.998542E-16
7558.75  2.969360E-16
7560.  3.075327E-16
7561.25  3.062398E-16
7562.5  3.070647E-16
7563.75  3.129111E-16
7565.  3.127939E-16
7566.25  3.103089E-16
7567.5  3.073806E-16
7568.75  3.022794E-16
7570.  2.982396E-16
7571.25  2.926775E-16
7572.5  2.909241E-16
7573.75  2.985173E-16
7575.  2.984110E-16
7576.25  2.935009E-16
7577.5  2.948727E-16
7578.75  3.020380E-16
7580.  3.049048E-16
7581.25  2.983433E-16
7582.5  2.933212E-16
7583.75  2.966970E-16
7585.  3.016431E-16
7586.25  2.948965E-16
7587.5  2.998863E-16
7588.75  2.965153E-16
7590.  2.898425E-16
7591.25  2.852033E-16
7592.5  2.924814E-16
7593.75  3.023252E-16
7595.  2.969361E-16
7596.25  2.945432E-16
7597.5  2.972139E-16
7598.75  2.974246E-16
7600.  2.975630E-16
7601.25  2.975715E-16
7602.5  2.976590E-16
7603.75  2.978321E-16
7605.  2.980394E-16
7606.25  2.980728E-16
7607.5  2.980689E-16
7608.75  2.983488E-16
7610.  2.984023E-16
7611.25  2.983215E-16
7612.5  2.985773E-16
7613.75  2.987964E-16
7615.  2.988049E-16
7616.25  2.988549E-16
7617.5  2.988362E-16
7618.75  2.988719E-16
7620.  2.990317E-16
7621.25  2.992241E-16
7622.5  2.993299E-16
7623.75  2.993567E-16
7625.  2.995089E-16
7626.25  2.996398E-16
7627.5  2.997203E-16
7628.75  2.997447E-16
7630.  2.997933E-16
7631.25  2.999388E-16
7632.5  2.999261E-16
7633.75  3.000526E-16
7635.  3.002151E-16
7636.25  3.002751E-16
7637.5  3.003995E-16
7638.75  3.005492E-16
7640.  3.005788E-16
7641.25  3.006381E-16
7642.5  3.007688E-16
7643.75  3.007616E-16
7645.  3.019441E-16
7646.25  3.094529E-16
7647.5  3.064816E-16
7648.75  3.022502E-16
7650.  2.940980E-16
7651.25  2.985979E-16
7652.5  2.983646E-16
7653.75  2.927584E-16
7655.  3.020231E-16
7656.25  3.028683E-16
7657.5  2.945374E-16
7658.75  2.932346E-16
7660.  2.886294E-16
7661.25  2.893984E-16
7662.5  2.953122E-16
7663.75  2.950744E-16
7665.  2.916807E-16
7666.25  2.985082E-16
7667.5  2.978862E-16
7668.75  2.892785E-16
7670.  2.878293E-16
7671.25  2.900250E-16
7672.5  2.915903E-16
7673.75  2.964417E-16
7675.  2.947458E-16
7676.25  2.945195E-16
7677.5  2.902523E-16
7678.75  2.829066E-16
7680.  2.800784E-16
7681.25  2.763488E-16
7682.5  2.808746E-16
7683.75  2.900700E-16
7685.  2.879910E-16
7686.25  2.868006E-16
7687.5  2.908730E-16
7688.75  2.804883E-16
7690.  2.779640E-16
7691.25  2.950257E-16
7692.5  2.873388E-16
7693.75  2.859525E-16
7695.  2.863387E-16
7696.25  2.752965E-16
7697.5  2.750471E-16
7698.75  2.795206E-16
7700.  2.903842E-16
7701.25  2.860287E-16
7702.5  2.791909E-16
7703.75  2.806240E-16
7705.  2.815547E-16
7706.25  2.872177E-16
7707.5  2.820484E-16
7708.75  2.768209E-16
7710.  2.829930E-16
7711.25  2.829695E-16
7712.5  2.793202E-16
7713.75  2.796294E-16
7715.  2.789716E-16
7716.25  2.776015E-16
7717.5  2.786332E-16
7718.75  2.815132E-16
7720.  2.819397E-16
7721.25  2.818959E-16
7722.5  2.755041E-16
7723.75  2.822412E-16
7725.  2.812798E-16
7726.25  2.763464E-16
7727.5  2.690139E-16
7728.75  2.711252E-16
7730.  2.778709E-16
7731.25  2.772703E-16
7732.5  2.752621E-16
7733.75  2.828705E-16
7735.  2.785833E-16
7736.25  2.805679E-16
7737.5  2.810454E-16
7738.75  2.812477E-16
7740.  2.721040E-16
7741.25  2.650028E-16
7742.5  2.746435E-16
7743.75  2.768033E-16
7745.  2.695262E-16
7746.25  2.702153E-16
7747.5  2.753567E-16
7748.75  2.724253E-16
7750.  2.719907E-16
7751.25  2.763864E-16
7752.5  2.783331E-16
7753.75  2.706430E-16
7755.  2.717317E-16
7756.25  2.797512E-16
7757.5  2.809552E-16
7758.75  2.644176E-16
7760.  2.653206E-16
7761.25  2.718906E-16
7762.5  2.703656E-16
7763.75  2.693727E-16
7765.  2.645628E-16
7766.25  2.663947E-16
7767.5  2.692340E-16
7768.75  2.671084E-16
7770.  2.670937E-16
7771.25  2.698656E-16
7772.5  2.667184E-16
7773.75  2.621220E-16
7775.  2.661914E-16
7776.25  2.621053E-16
7777.5  2.615974E-16
7778.75  2.681934E-16
7780.  2.697355E-16
7781.25  2.727401E-16
7782.5  2.629445E-16
7783.75  2.660553E-16
7785.  2.655250E-16
7786.25  2.684343E-16
7787.5  2.639998E-16
7788.75  2.635064E-16
7790.  2.708252E-16
7791.25  2.656250E-16
7792.5  2.617517E-16
7793.75  2.682752E-16
7795.  2.672131E-16
7796.25  2.640188E-16
7797.5  2.660961E-16
7798.75  2.678472E-16
7800.  2.705259E-16
7801.25  2.682499E-16
7802.5  2.640863E-16
7803.75  2.660899E-16
7805.  2.634606E-16
7806.25  2.655013E-16
7807.5  2.676623E-16
7808.75  2.734310E-16
7810.  2.649212E-16
7811.25  2.599855E-16
7812.5  2.596697E-16
7813.75  2.653688E-16
7815.  2.651075E-16
7816.25  2.673857E-16
7817.5  2.687385E-16
7818.75  2.665413E-16
7820.  2.574652E-16
7821.25  2.494392E-16
7822.5  2.510964E-16
7823.75  2.532147E-16
7825.  2.586881E-16
7826.25  2.601998E-16
7827.5  2.572952E-16
7828.75  2.592857E-16
7830.  2.597024E-16
7831.25  2.621773E-16
7832.5  2.638548E-16
7833.75  2.636561E-16
7835.  2.592306E-16
7836.25  2.596678E-16
7837.5  2.606599E-16
7838.75  2.633515E-16
7840.  2.609892E-16
7841.25  2.657706E-16
7842.5  2.622753E-16
7843.75  2.685491E-16
7845.  2.632687E-16
7846.25  2.599346E-16
7847.5  2.634767E-16
7848.75  2.647847E-16
7850.  2.636879E-16
7851.25  2.623619E-16
7852.5  2.617375E-16
7853.75  2.637631E-16
7855.  2.679105E-16
7856.25  2.652377E-16
7857.5  2.615210E-16
7858.75  2.646337E-16
7860.  2.668189E-16
7861.25  2.671320E-16
7862.5  2.667677E-16
7863.75  2.661936E-16
7865.  2.637047E-16
7866.25  2.662842E-16
7867.5  2.718733E-16
7868.75  2.638782E-16
7870.  2.566914E-16
7871.25  2.634374E-16
7872.5  2.677121E-16
7873.75  2.632712E-16
7875.  2.659460E-16
7876.25  2.666312E-16
7877.5  2.661310E-16
7878.75  2.639313E-16
7880.  2.628774E-16
7881.25  2.721842E-16
7882.5  2.735743E-16
7883.75  2.693136E-16
7885.  2.733058E-16
7886.25  2.731201E-16
7887.5  2.722169E-16
7888.75  2.723279E-16
7890.  2.675420E-16
7891.25  2.641517E-16
7892.5  2.678347E-16
7893.75  2.735195E-16
7895.  2.745736E-16
7896.25  2.719877E-16
7897.5  2.701228E-16
7898.75  2.680287E-16
7900.  2.679397E-16
7901.25  2.713509E-16
7902.5  2.672698E-16
7903.75  2.645991E-16
7905.  2.656565E-16
7906.25  2.666395E-16
7907.5  2.698933E-16
7908.75  2.690497E-16
7910.  2.665132E-16
7911.25  2.703650E-16
7912.5  2.780098E-16
7913.75  2.806626E-16
7915.  2.792085E-16
7916.25  2.806033E-16
7917.5  2.872758E-16
7918.75  2.825003E-16
7920.  2.756768E-16
7921.25  2.740650E-16
7922.5  2.737686E-16
7923.75  2.780446E-16
7925.  2.783884E-16
7926.25  2.798939E-16
7927.5  2.846934E-16
7928.75  2.871378E-16
7930.  2.884780E-16
7931.25  2.886873E-16
7932.5  2.851233E-16
7933.75  2.854508E-16
7935.  2.859989E-16
7936.25  2.783323E-16
7937.5  2.769614E-16
7938.75  2.839134E-16
7940.  2.835960E-16
7941.25  2.778605E-16
7942.5  2.747206E-16
7943.75  2.740938E-16
7945.  2.793118E-16
7946.25  2.868167E-16
7947.5  2.877599E-16
7948.75  2.894395E-16
7950.  2.866462E-16
7951.25  2.830783E-16
7952.5  2.853115E-16
7953.75  2.844841E-16
7955.  2.804358E-16
7956.25  2.766865E-16
7957.5  2.736650E-16
7958.75  2.702660E-16
7960.  2.750745E-16
7961.25  2.768773E-16
7962.5  2.735065E-16
7963.75  2.785504E-16
7965.  2.809471E-16
7966.25  2.771871E-16
7967.5  2.814778E-16
7968.75  2.891903E-16
7970.  2.934025E-16
7971.25  2.895951E-16
7972.5  2.828408E-16
7973.75  2.850424E-16
7975.  2.836185E-16
7976.25  2.844589E-16
7977.5  2.864735E-16
7978.75  2.757258E-16
7980.  2.776933E-16
7981.25  2.850235E-16
7982.5  2.853493E-16
7983.75  2.915724E-16
7985.  2.944221E-16
7986.25  2.920206E-16
7987.5  2.877599E-16
7988.75  2.871459E-16
7990.  2.865297E-16
7991.25  2.811763E-16
7992.5  2.853960E-16
7993.75  2.920852E-16
7995.  2.891297E-16
7996.25  2.855178E-16
7997.5  2.854289E-16
7998.75  2.799351E-16
8000.  2.761804E-16
8001.25  2.828008E-16
8002.5  2.835817E-16
8003.75  2.839375E-16
8005.  2.913982E-16
8006.25  2.995496E-16
8007.5  2.970829E-16
8008.75  2.953688E-16
8010.  2.956006E-16
8011.25  2.863651E-16
8012.5  2.740766E-16
8013.75  2.858389E-16
8015.  2.925196E-16
8016.25  2.903253E-16
8017.5  2.879867E-16
8018.75  2.837151E-16
8020.  2.828948E-16
8021.25  2.849762E-16
8022.5  2.809826E-16
8023.75  2.774277E-16
8025.  2.814743E-16
8026.25  2.837777E-16
8027.5  2.827661E-16
8028.75  2.836109E-16
8030.  2.845827E-16
8031.25  2.845762E-16
8032.5  2.878614E-16
8033.75  2.889815E-16
8035.  2.815510E-16
8036.25  2.727390E-16
8037.5  2.767701E-16
8038.75  2.858803E-16
8040.  2.844880E-16
8041.25  2.846394E-16
8042.5  2.806290E-16
8043.75  2.816969E-16
8045.  2.889282E-16
8046.25  2.869876E-16
8047.5  2.842620E-16
8048.75  2.906016E-16
8050.  2.928525E-16
8051.25  2.847154E-16
8052.5  2.802905E-16
8053.75  2.833361E-16
8055.  2.838775E-16
8056.25  2.791070E-16
8057.5  2.734234E-16
8058.75  2.807902E-16
8060.  2.928673E-16
8061.25  2.871213E-16
8062.5  2.779206E-16
8063.75  2.794746E-16
8065.  2.845983E-16
8066.25  2.842922E-16
8067.5  2.848288E-16
8068.75  2.788497E-16
8070.  2.790872E-16
8071.25  2.834958E-16
8072.5  2.807583E-16
8073.75  2.769627E-16
8075.  2.758369E-16
8076.25  2.778966E-16
8077.5  2.800521E-16
8078.75  2.796002E-16
8080.  2.792720E-16
8081.25  2.758392E-16
8082.5  2.754190E-16
8083.75  2.806753E-16
8085.  2.813709E-16
8086.25  2.826709E-16
8087.5  2.775879E-16
8088.75  2.807429E-16
8090.  2.851213E-16
8091.25  2.897005E-16
8092.5  2.784819E-16
8093.75  2.686042E-16
8095.  2.696044E-16
8096.25  2.749160E-16
8097.5  2.700474E-16
8098.75  2.710780E-16
8100.  2.777442E-16
8101.25  2.789375E-16
8102.5  2.759942E-16
8103.75  2.729040E-16
8105.  2.754948E-16
8106.25  2.721857E-16
8107.5  2.658283E-16
8108.75  2.693721E-16
8110.  2.681108E-16
8111.25  2.673457E-16
8112.5  2.693765E-16
8113.75  2.697873E-16
8115.  2.666599E-16
8116.25  2.690701E-16
8117.5  2.737899E-16
8118.75  2.662124E-16
8120.  2.666492E-16
8121.25  2.650277E-16
8122.5  2.660384E-16
8123.75  2.708189E-16
8125.  2.656885E-16
8126.25  2.612514E-16
8127.5  2.624036E-16
8128.75  2.567461E-16
8130.  2.563660E-16
8131.25  2.601947E-16
8132.5  2.601813E-16
8133.75  2.697994E-16
8135.  2.671577E-16
8136.25  2.631166E-16
8137.5  2.562305E-16
8138.75  2.484153E-16
8140.  2.626444E-16
8141.25  2.656784E-16
8142.5  2.591929E-16
8143.75  2.491630E-16
8145.  2.509355E-16
8146.25  2.485983E-16
8147.5  2.511678E-16
8148.75  2.582718E-16
8150.  2.512199E-16
8151.25  2.477852E-16
8152.5  2.492852E-16
8153.75  2.515558E-16
8155.  2.612912E-16
8156.25  2.594962E-16
8157.5  2.483058E-16
8158.75  2.505279E-16
8160.  2.561592E-16
8161.25  2.611735E-16
8162.5  2.635705E-16
8163.75  2.620775E-16
8165.  2.632751E-16
8166.25  2.562128E-16
8167.5  2.550646E-16
8168.75  2.581692E-16
8170.  2.587700E-16
8171.25  2.578858E-16
8172.5  2.559398E-16
8173.75  2.595833E-16
8175.  2.578498E-16
8176.25  2.468507E-16
8177.5  2.452357E-16
8178.75  2.478887E-16
8180.  2.493724E-16
8181.25  2.561053E-16
8182.5  2.546808E-16
8183.75  2.479873E-16
8185.  2.515593E-16
8186.25  2.492127E-16
8187.5  2.436115E-16
8188.75  2.495481E-16
8190.  2.534046E-16
8191.25  2.482589E-16
8192.5  2.505859E-16
8193.75  2.493832E-16
8195.  2.460604E-16
8196.25  2.531320E-16
8197.5  2.445479E-16
8198.75  2.401244E-16
8200.  2.461544E-16
8201.25  2.443312E-16
8202.5  2.477989E-16
8203.75  2.515041E-16
8205.  2.506998E-16
8206.25  2.503408E-16
8207.5  2.516159E-16
8208.75  2.464354E-16
8210.  2.401698E-16
8211.25  2.435603E-16
8212.5  2.477409E-16
8213.75  2.473824E-16
8215.  2.381502E-16
8216.25  2.409336E-16
8217.5  2.428350E-16
8218.75  2.399567E-16
8220.  2.398369E-16
8221.25  2.458797E-16
8222.5  2.461319E-16
8223.75  2.356760E-16
8225.  2.271927E-16
8226.25  2.291203E-16
8227.5  2.239867E-16
8228.75  2.260824E-16
8230.  2.307967E-16
8231.25  2.335445E-16
8232.5  2.389158E-16
8233.75  2.401528E-16
8235.  2.356005E-16
8236.25  2.342210E-16
8237.5  2.366380E-16
8238.75  2.354545E-16
8240.  2.326724E-16
8241.25  2.287220E-16
8242.5  2.308608E-16
8243.75  2.370366E-16
8245.  2.381994E-16
8246.25  2.329830E-16
8247.5  2.317963E-16
8248.75  2.317899E-16
8250.  2.291409E-16
8251.25  2.287413E-16
8252.5  2.352992E-16
8253.75  2.251630E-16
8255.  2.186968E-16
8256.25  2.259275E-16
8257.5  2.245938E-16
8258.75  2.278849E-16
8260.  2.299568E-16
8261.25  2.239303E-16
8262.5  2.248630E-16
8263.75  2.237723E-16
8265.  2.208729E-16
8266.25  2.256730E-16
8267.5  2.293349E-16
8268.75  2.260222E-16
8270.  2.248457E-16
8271.25  2.208287E-16
8272.5  2.182213E-16
8273.75  2.130222E-16
8275.  2.154193E-16
8276.25  2.171147E-16
8277.5  2.247540E-16
8278.75  2.195572E-16
8280.  2.096043E-16
8281.25  2.171969E-16
8282.5  2.210011E-16
8283.75  2.183080E-16
8285.  2.129522E-16
8286.25  2.093387E-16
8287.5  2.116845E-16
8288.75  2.106173E-16
8290.  2.092012E-16
8291.25  2.082665E-16
8292.5  2.084220E-16
8293.75  2.172329E-16
8295.  2.261718E-16
8296.25  2.228862E-16
8297.5  2.161562E-16
8298.75  2.112461E-16
8300.  2.061442E-16
8301.25  2.071620E-16
8302.5  2.121950E-16
8303.75  2.096862E-16
8305.  2.092247E-16
8306.25  2.104475E-16
8307.5  2.055206E-16
8308.75  2.129030E-16
8310.  2.099558E-16
8311.25  2.060031E-16
8312.5  2.103000E-16
8313.75  2.110001E-16
8315.  2.098799E-16
8316.25  2.026944E-16
8317.5  2.049618E-16
8318.75  2.098362E-16
8320.  2.096514E-16
8321.25  2.135467E-16
8322.5  2.085807E-16
8323.75  2.015198E-16
8325.  2.075117E-16
8326.25  2.055780E-16
8327.5  2.026226E-16
8328.75  1.975426E-16
8330.  2.001232E-16
8331.25  1.992334E-16
8332.5  1.954223E-16
8333.75  2.044752E-16
8335.  2.088064E-16
8336.25  1.996052E-16
8337.5  1.991897E-16
8338.75  2.007319E-16
8340.  1.972282E-16
8341.25  2.013137E-16
8342.5  2.032642E-16
8343.75  2.034729E-16
8345.  2.057087E-16
8346.25  2.027785E-16
8347.5  1.984059E-16
8348.75  2.014232E-16
8350.  1.974596E-16
8351.25  1.992713E-16
8352.5  2.018635E-16
8353.75  2.029006E-16
8355.  2.061900E-16
8356.25  2.015534E-16
8357.5  2.000493E-16
8358.75  2.020711E-16
8360.  2.005253E-16
8361.25  2.038038E-16
8362.5  1.998166E-16
8363.75  2.002631E-16
8365.  2.006748E-16
8366.25  2.068772E-16
8367.5  2.075412E-16
8368.75  1.919017E-16
8370.  1.901547E-16
8371.25  1.923940E-16
8372.5  1.855038E-16
8373.75  1.899211E-16
8375.  1.934397E-16
8376.25  1.914959E-16
8377.5  1.876705E-16
8378.75  1.907396E-16
8380.  1.945730E-16
8381.25  1.921878E-16
8382.5  1.940621E-16
8383.75  1.990641E-16
8385.  2.011884E-16
8386.25  1.965347E-16
8387.5  1.949119E-16
8388.75  1.978436E-16
8390.  1.961242E-16
8391.25  1.951301E-16
8392.5  1.933737E-16
8393.75  1.903272E-16
8395.  1.916209E-16
8396.25  1.889062E-16
8397.5  1.888612E-16
8398.75  1.911470E-16
8400.  1.904915E-16
8401.25  1.952665E-16
8402.5  2.031907E-16
8403.75  1.960756E-16
8405.  1.864060E-16
8406.25  1.953597E-16
8407.5  1.952527E-16
8408.75  1.946399E-16
8410.  1.909301E-16
8411.25  1.872176E-16
8412.5  1.883966E-16
8413.75  1.920433E-16
8415.  1.895129E-16
8416.25  1.857886E-16
8417.5  1.913204E-16
8418.75  1.961272E-16
8420.  1.932757E-16
8421.25  1.888054E-16
8422.5  1.881340E-16
8423.75  1.918506E-16
8425.  1.919385E-16
8426.25  1.891018E-16
8427.5  1.914220E-16
8428.75  1.890850E-16
8430.  1.904889E-16
8431.25  1.958755E-16
8432.5  1.897302E-16
8433.75  1.829365E-16
8435.  1.943539E-16
8436.25  2.033928E-16
8437.5  1.976757E-16
8438.75  1.970288E-16
8440.  1.993814E-16
8441.25  1.969997E-16
8442.5  1.979619E-16
8443.75  1.986258E-16
8445.  1.936195E-16
8446.25  1.949163E-16
8447.5  2.014372E-16
8448.75  1.992436E-16
8450.  1.989706E-16
8451.25  1.988791E-16
8452.5  1.922938E-16
8453.75  1.951711E-16
8455.  2.022981E-16
8456.25  1.979815E-16
8457.5  1.981784E-16
8458.75  1.995202E-16
8460.  1.927659E-16
8461.25  1.888691E-16
8462.5  2.043318E-16
8463.75  2.124173E-16
8465.  2.044627E-16
8466.25  2.000892E-16
8467.5  1.979103E-16
8468.75  2.017201E-16
8470.  2.026834E-16
8471.25  1.975984E-16
8472.5  2.019255E-16
8473.75  2.062325E-16
8475.  2.018787E-16
8476.25  2.006214E-16
8477.5  1.999514E-16
8478.75  2.022523E-16
8480.  2.081371E-16
8481.25  2.089813E-16
8482.5  2.057495E-16
8483.75  2.073191E-16
8485.  2.055015E-16
8486.25  2.017393E-16
8487.5  2.032647E-16
8488.75  2.052797E-16
8490.  2.039597E-16
8491.25  2.041803E-16
8492.5  2.103645E-16
8493.75  2.115937E-16
8495.  2.072154E-16
8496.25  2.097610E-16
8497.5  2.157719E-16
8498.75  2.158221E-16
8500.  2.106895E-16
8501.25  2.055617E-16
8502.5  2.090177E-16
8503.75  2.175064E-16
8505.  2.143736E-16
8506.25  2.091073E-16
8507.5  2.089952E-16
8508.75  2.092591E-16
8510.  2.090847E-16
8511.25  2.081606E-16
8512.5  2.166652E-16
8513.75  2.193980E-16
8515.  2.126873E-16
8516.25  2.141426E-16
8517.5  2.167012E-16
8518.75  2.143239E-16
8520.  2.118745E-16
8521.25  2.119216E-16
8522.5  2.107433E-16
8523.75  2.116536E-16
8525.  2.154196E-16
8526.25  2.148896E-16
8527.5  2.146802E-16
8528.75  2.167215E-16
8530.  2.178443E-16
8531.25  2.143334E-16
8532.5  2.093422E-16
8533.75  2.127895E-16
8535.  2.132793E-16
8536.25  2.124703E-16
8537.5  2.148752E-16
8538.75  2.164315E-16
8540.  2.192506E-16
8541.25  2.206495E-16
8542.5  2.191875E-16
8543.75  2.109747E-16
8545.  2.122986E-16
8546.25  2.152328E-16
8547.5  2.129835E-16
8548.75  2.185580E-16
8550.  2.191326E-16
8551.25  2.158609E-16
8552.5  2.200713E-16
8553.75  2.185085E-16
8555.  2.120229E-16
8556.25  2.122057E-16
8557.5  2.126784E-16
8558.75  2.143921E-16
8560.  2.151140E-16
8561.25  2.105228E-16
8562.5  2.104674E-16
8563.75  2.048340E-16
8565.  2.115507E-16
8566.25  2.195342E-16
8567.5  2.169373E-16
8568.75  2.161168E-16
8570.  2.173496E-16
8571.25  2.113498E-16
8572.5  2.122616E-16
8573.75  2.168651E-16
8575.  2.140366E-16
8576.25  2.133685E-16
8577.5  2.188436E-16
8578.75  2.211038E-16
8580.  2.184753E-16
8581.25  2.217647E-16
8582.5  2.213566E-16
8583.75  2.144964E-16
8585.  2.175899E-16
8586.25  2.173316E-16
8587.5  2.173491E-16
8588.75  2.227368E-16
8590.  2.141803E-16
8591.25  2.058275E-16
8592.5  2.171852E-16
8593.75  2.222493E-16
8595.  2.174374E-16
8596.25  2.205541E-16
8597.5  2.256925E-16
8598.75  2.204005E-16
8600.  2.136633E-16
8601.25  2.144266E-16
8602.5  2.199730E-16
8603.75  2.204727E-16
8605.  2.173054E-16
8606.25  2.230209E-16
8607.5  2.214865E-16
8608.75  2.161181E-16
8610.  2.189059E-16
8611.25  2.169121E-16
8612.5  2.109383E-16
8613.75  2.149233E-16
8615.  2.185364E-16
8616.25  2.166237E-16
8617.5  2.190910E-16
8618.75  2.188701E-16
8620.  2.196261E-16
8621.25  2.190505E-16
8622.5  2.135036E-16
8623.75  2.141830E-16
8625.  2.173250E-16
8626.25  2.163367E-16
8627.5  2.182697E-16
8628.75  2.194071E-16
8630.  2.188449E-16
8631.25  2.205824E-16
8632.5  2.226166E-16
8633.75  2.274773E-16
8635.  2.272638E-16
8636.25  2.239005E-16
8637.5  2.227524E-16
8638.75  2.166217E-16
8640.  2.154147E-16
8641.25  2.172647E-16
8642.5  2.196390E-16
8643.75  2.199665E-16
8645.  2.161485E-16
8646.25  2.146071E-16
8647.5  2.121405E-16
8648.75  2.139595E-16
8650.  2.249982E-16
8651.25  2.264013E-16
8652.5  2.178866E-16
8653.75  2.202982E-16
8655.  2.251168E-16
8656.25  2.230989E-16
8657.5  2.271564E-16
8658.75  2.273126E-16
8660.  2.130204E-16
8661.25  2.096828E-16
8662.5  2.183621E-16
8663.75  2.167179E-16
8665.  2.128815E-16
8666.25  2.165646E-16
8667.5  2.166881E-16
8668.75  2.125003E-16
8670.  2.194803E-16
8671.25  2.230918E-16
8672.5  2.204874E-16
8673.75  2.151336E-16
8675.  2.161119E-16
8676.25  2.179504E-16
8677.5  2.135358E-16
8678.75  2.158358E-16
8680.  2.203716E-16
8681.25  2.209647E-16
8682.5  2.203465E-16
8683.75  2.157616E-16
8685.  2.157979E-16
8686.25  2.153539E-16
8687.5  2.133942E-16
8688.75  2.123647E-16
8690.  2.165202E-16
8691.25  2.208153E-16
8692.5  2.167075E-16
8693.75  2.202050E-16
8695.  2.162504E-16
8696.25  2.161299E-16
8697.5  2.223512E-16
8698.75  2.265582E-16
8700.  2.210836E-16
8701.25  2.138656E-16
8702.5  2.150000E-16
8703.75  2.177762E-16
8705.  2.131242E-16
8706.25  2.131317E-16
8707.5  2.211506E-16
8708.75  2.145991E-16
8710.  2.139035E-16
8711.25  2.162030E-16
8712.5  2.225804E-16
8713.75  2.136995E-16
8715.  2.178990E-16
8716.25  2.180948E-16
8717.5  2.122351E-16
8718.75  2.138556E-16
8720.  2.155546E-16
8721.25  2.159419E-16
8722.5  2.217007E-16
8723.75  2.242120E-16
8725.  2.195091E-16
8726.25  2.213332E-16
8727.5  2.242491E-16
8728.75  2.164103E-16
8730.  2.133466E-16
8731.25  2.201933E-16
8732.5  2.227680E-16
8733.75  2.222850E-16
8735.  2.235487E-16
8736.25  2.170269E-16
8737.5  2.105467E-16
8738.75  2.098377E-16
8740.  2.168691E-16
8741.25  2.143342E-16
8742.5  2.133548E-16
8743.75  2.198079E-16
8745.  2.171348E-16
8746.25  2.158414E-16
8747.5  2.167509E-16
8748.75  2.130987E-16
8750.  2.097352E-16
8751.25  2.058903E-16
8752.5  2.099723E-16
8753.75  2.204568E-16
8755.  2.153792E-16
8756.25  2.097311E-16
8757.5  2.181291E-16
8758.75  2.180957E-16
8760.  2.124305E-16
8761.25  2.171750E-16
8762.5  2.183874E-16
8763.75  2.089457E-16
8765.  2.088194E-16
8766.25  2.188610E-16
8767.5  2.164034E-16
8768.75  2.119804E-16
8770.  2.078367E-16
8771.25  2.134574E-16
8772.5  2.179891E-16
8773.75  2.133205E-16
8775.  2.213212E-16
8776.25  2.209790E-16
8777.5  2.172199E-16
8778.75  2.177957E-16
8780.  2.032923E-16
8781.25  2.006751E-16
8782.5  2.171492E-16
8783.75  2.228493E-16
8785.  2.159559E-16
8786.25  2.093070E-16
8787.5  2.033022E-16
8788.75  2.103921E-16
8790.  2.118520E-16
8791.25  2.101857E-16
8792.5  2.052753E-16
8793.75  2.063791E-16
8795.  2.115398E-16
8796.25  2.072528E-16
8797.5  2.133439E-16
8798.75  2.180844E-16
8800.  2.057409E-16
8801.25  1.963861E-16
8802.5  1.931013E-16
8803.75  2.020842E-16
8805.  2.172121E-16
8806.25  2.167012E-16
8807.5  2.103792E-16
8808.75  2.065182E-16
8810.  2.040619E-16
8811.25  2.007378E-16
8812.5  2.085112E-16
8813.75  2.057978E-16
8815.  2.063057E-16
8816.25  2.034262E-16
8817.5  2.033745E-16
8818.75  2.092103E-16
8820.  2.050896E-16
8821.25  2.066247E-16
8822.5  2.074434E-16
8823.75  2.079700E-16
8825.  2.087132E-16
8826.25  2.081776E-16
8827.5  2.035387E-16
8828.75  1.985261E-16
8830.  2.010153E-16
8831.25  2.053857E-16
8832.5  2.021499E-16
8833.75  2.020991E-16
8835.  2.114078E-16
8836.25  2.083002E-16
8837.5  2.081944E-16
8838.75  2.070779E-16
8840.  1.973224E-16
8841.25  1.891306E-16
8842.5  1.969205E-16
8843.75  2.015554E-16
8845.  2.011575E-16
8846.25  1.938151E-16
8847.5  1.927683E-16
8848.75  1.890047E-16
8850.  1.965472E-16
8851.25  1.985686E-16
8852.5  1.926168E-16
8853.75  1.889142E-16
8855.  1.909593E-16
8856.25  1.923886E-16
8857.5  1.933317E-16
8858.75  2.024363E-16
8860.  2.029785E-16
8861.25  2.080591E-16
8862.5  2.036954E-16
8863.75  1.984457E-16
8865.  1.970148E-16
8866.25  2.005433E-16
8867.5  2.056866E-16
8868.75  1.988120E-16
8870.  1.947276E-16
8871.25  1.921688E-16
8872.5  1.922417E-16
8873.75  1.928294E-16
8875.  1.954039E-16
8876.25  1.942624E-16
8877.5  1.947404E-16
8878.75  1.914914E-16
8880.  1.878965E-16
8881.25  1.935193E-16
8882.5  1.974818E-16
8883.75  1.894014E-16
8885.  1.822484E-16
8886.25  1.965014E-16
8887.5  2.033749E-16
8888.75  1.991010E-16
8890.  1.968347E-16
8891.25  1.910705E-16
8892.5  1.912627E-16
8893.75  1.939128E-16
8895.  1.918233E-16
8896.25  1.964676E-16
8897.5  1.929225E-16
8898.75  1.932410E-16
8900.  1.960134E-16
8901.25  2.012277E-16
8902.5  1.964119E-16
8903.75  1.947392E-16
8905.  1.986691E-16
8906.25  1.917156E-16
8907.5  1.899304E-16
8908.75  1.969038E-16
8910.  1.974063E-16
8911.25  1.925635E-16
8912.5  1.917023E-16
8913.75  1.879965E-16
8915.  1.875604E-16
8916.25  1.805086E-16
8917.5  1.819769E-16
8918.75  1.818571E-16
8920.  1.907093E-16
8921.25  1.892199E-16
8922.5  1.871519E-16
8923.75  1.912468E-16
8925.  1.928759E-16
8926.25  1.904580E-16
8927.5  1.866269E-16
8928.75  1.875152E-16
8930.  1.857630E-16
8931.25  1.842197E-16
8932.5  1.849482E-16
8933.75  1.845704E-16
8935.  1.861582E-16
8936.25  1.809897E-16
8937.5  1.823617E-16
8938.75  1.830545E-16
8940.  1.870148E-16
8941.25  1.880607E-16
8942.5  1.976933E-16
8943.75  2.038381E-16
8945.  1.901022E-16
8946.25  1.844391E-16
8947.5  1.868822E-16
8948.75  1.854091E-16
8950.  1.832476E-16
8951.25  1.790536E-16
8952.5  1.781661E-16
8953.75  1.794867E-16
8955.  1.858435E-16
8956.25  1.959728E-16
8957.5  1.948119E-16
8958.75  1.915992E-16
8960.  1.933225E-16
8961.25  1.856704E-16
8962.5  1.811597E-16
8963.75  1.813168E-16
8965.  1.745493E-16
8966.25  1.812261E-16
8967.5  1.863031E-16
8968.75  1.814829E-16
8970.  1.791868E-16
8971.25  1.760462E-16
8972.5  1.743212E-16
8973.75  1.753428E-16
8975.  1.857252E-16
8976.25  1.873292E-16
8977.5  1.828055E-16
8978.75  1.797529E-16
8980.  1.740782E-16
8981.25  1.783812E-16
8982.5  1.848592E-16
8983.75  1.805430E-16
8985.  1.756558E-16
8986.25  1.740711E-16
8987.5  1.807134E-16
8988.75  1.852337E-16
8990.  1.833282E-16
8991.25  1.832375E-16
8992.5  1.862413E-16
8993.75  1.816528E-16
8995.  1.833722E-16
8996.25  1.792762E-16
8997.5  1.698277E-16
8998.75  1.781792E-16
9000.  1.901723E-16
9001.25  1.917179E-16
9002.5  1.808753E-16
9003.75  1.722753E-16
9005.  1.747376E-16
9006.25  1.807895E-16
9007.5  1.831847E-16
9008.75  1.795769E-16
9010.  1.823987E-16
9011.25  1.915611E-16
9012.5  1.892403E-16
9013.75  1.820248E-16
9015.  1.812353E-16
9016.25  1.883244E-16
9017.5  1.916092E-16
9018.75  1.948795E-16
9020.  1.948818E-16
9021.25  1.918056E-16
9022.5  1.985253E-16
9023.75  1.940947E-16
9025.  1.901013E-16
9026.25  1.908036E-16
9027.5  1.881111E-16
9028.75  1.811500E-16
9030.  1.769475E-16
9031.25  1.810258E-16
9032.5  1.791710E-16
9033.75  1.770144E-16
9035.  1.839862E-16
9036.25  1.851141E-16
9037.5  1.796200E-16
9038.75  1.834346E-16
9040.  1.879651E-16
9041.25  1.841471E-16
9042.5  1.795267E-16
9043.75  1.876629E-16
9045.  1.898431E-16
9046.25  1.728585E-16
9047.5  1.721454E-16
9048.75  1.826135E-16
9050.  1.810204E-16
9051.25  1.710844E-16
9052.5  1.650709E-16
9053.75  1.784793E-16
9055.  1.859141E-16
9056.25  1.772755E-16
9057.5  1.720242E-16
9058.75  1.671790E-16
9060.  1.680231E-16
9061.25  1.751818E-16
9062.5  1.758751E-16
9063.75  1.762611E-16
9065.  1.830223E-16
9066.25  1.803308E-16
9067.5  1.701320E-16
9068.75  1.715904E-16
9070.  1.728784E-16
9071.25  1.801948E-16
9072.5  1.857708E-16
9073.75  1.790234E-16
9075.  1.742330E-16
9076.25  1.726645E-16
9077.5  1.795126E-16
9078.75  1.846720E-16
9080.  1.782018E-16
9081.25  1.736692E-16
9082.5  1.794975E-16
9083.75  1.767850E-16
9085.  1.700473E-16
9086.25  1.708996E-16
9087.5  1.714938E-16
9088.75  1.732112E-16
9090.  1.784888E-16
9091.25  1.737593E-16
9092.5  1.649729E-16
9093.75  1.680836E-16
9095.  1.763893E-16
9096.25  1.756628E-16
9097.5  1.668466E-16
9098.75  1.698440E-16
9100.  1.834955E-16
9101.25  1.832014E-16
9102.5  1.759645E-16
9103.75  1.689963E-16
9105.  1.682948E-16
9106.25  1.678861E-16
9107.5  1.630557E-16
9108.75  1.684188E-16
9110.  1.720722E-16
9111.25  1.679804E-16
9112.5  1.661890E-16
9113.75  1.676891E-16
9115.  1.690702E-16
9116.25  1.681616E-16
9117.5  1.732307E-16
9118.75  1.791608E-16
9120.  1.736560E-16
9121.25  1.696150E-16
9122.5  1.702674E-16
9123.75  1.721809E-16
9125.  1.749535E-16
9126.25  1.740670E-16
9127.5  1.683448E-16
9128.75  1.685115E-16
9130.  1.693910E-16
9131.25  1.705421E-16
9132.5  1.713427E-16
9133.75  1.702918E-16
9135.  1.620965E-16
9136.25  1.615030E-16
9137.5  1.682303E-16
9138.75  1.695251E-16
9140.  1.697762E-16
9141.25  1.665467E-16
9142.5  1.632619E-16
9143.75  1.664800E-16
9145.  1.657062E-16
9146.25  1.637497E-16
9147.5  1.638697E-16
9148.75  1.663271E-16
9150.  1.646659E-16
9151.25  1.575248E-16
9152.5  1.582530E-16
9153.75  1.691044E-16
9155.  1.679883E-16
9156.25  1.625415E-16
9157.5  1.644433E-16
9158.75  1.589701E-16
9160.  1.561731E-16
9161.25  1.622693E-16
9162.5  1.675408E-16
9163.75  1.703627E-16
9165.  1.642047E-16
9166.25  1.566826E-16
9167.5  1.616582E-16
9168.75  1.622853E-16
9170.  1.623038E-16
9171.25  1.637588E-16
9172.5  1.556692E-16
9173.75  1.609301E-16
9175.  1.630913E-16
9176.25  1.639211E-16
9177.5  1.665282E-16
9178.75  1.634094E-16
9180.  1.598350E-16
9181.25  1.668966E-16
9182.5  1.667699E-16
9183.75  1.596656E-16
9185.  1.679721E-16
9186.25  1.713637E-16
9187.5  1.651658E-16
9188.75  1.654174E-16
9190.  1.613609E-16
9191.25  1.584264E-16
9192.5  1.648757E-16
9193.75  1.650803E-16
9195.  1.661323E-16
9196.25  1.697513E-16
9197.5  1.706702E-16
9198.75  1.701355E-16
9200.  1.659095E-16
9201.25  1.704779E-16
9202.5  1.655894E-16
9203.75  1.651045E-16
9205.  1.654823E-16
9206.25  1.618559E-16
9207.5  1.685680E-16
9208.75  1.687700E-16
9210.  1.697436E-16
9211.25  1.685106E-16
9212.5  1.687437E-16
9213.75  1.658610E-16
9215.  1.656435E-16
9216.25  1.724897E-16
9217.5  1.705436E-16
9218.75  1.664901E-16
9220.  1.637428E-16
9221.25  1.641183E-16
9222.5  1.719147E-16
9223.75  1.677931E-16
9225.  1.620853E-16
9226.25  1.565092E-16
9227.5  1.617467E-16
9228.75  1.703683E-16
9230.  1.629486E-16
9231.25  1.606826E-16
9232.5  1.666397E-16
9233.75  1.757841E-16
9235.  1.858879E-16
9236.25  1.906464E-16
9237.5  1.824453E-16
9238.75  1.790826E-16
9240.  1.773610E-16
9241.25  1.691180E-16
9242.5  1.730761E-16
9243.75  1.797706E-16
9245.  1.720842E-16
9246.25  1.638721E-16
9247.5  1.700128E-16
9248.75  1.672826E-16
9250.  1.606696E-16
9251.25  1.595511E-16
9252.5  1.602739E-16
9253.75  1.672401E-16
9255.  1.677779E-16
9256.25  1.670817E-16
9257.5  1.601708E-16
9258.75  1.595978E-16
9260.  1.605307E-16
9261.25  1.677797E-16
9262.5  1.692468E-16
9263.75  1.651892E-16
9265.  1.687645E-16
9266.25  1.734014E-16
9267.5  1.697084E-16
9268.75  1.596576E-16
9270.  1.540043E-16
9271.25  1.569898E-16
9272.5  1.587304E-16
9273.75  1.612212E-16
9275.  1.628294E-16
9276.25  1.580432E-16
9277.5  1.579186E-16
9278.75  1.473300E-16
9280.  1.601637E-16
9281.25  1.673123E-16
9282.5  1.642581E-16
9283.75  1.460356E-16
9285.  1.545519E-16
9286.25  1.655578E-16
9287.5  1.586140E-16
9288.75  1.572904E-16
9290.  1.662832E-16
9291.25  1.706253E-16
9292.5  1.627754E-16
9293.75  1.591562E-16
9295.  1.603401E-16
9296.25  1.500734E-16
9297.5  1.429239E-16
9298.75  1.496466E-16
9300.  1.493077E-16
9301.25  1.552714E-16
9302.5  1.656449E-16
9303.75  1.587013E-16
9305.  1.706662E-16
9306.25  1.696912E-16
9307.5  1.548759E-16
9308.75  1.659070E-16
9310.  1.606676E-16
9311.25  1.714164E-16
9312.5  1.727338E-16
9313.75  1.585442E-16
9315.  1.441630E-16
9316.25  1.405509E-16
9317.5  1.457774E-16
9318.75  1.473850E-16
9320.  1.535224E-16
9321.25  1.627282E-16
9322.5  1.695698E-16
9323.75  1.745942E-16
9325.  1.714278E-16
9326.25  1.750641E-16
9327.5  1.730258E-16
9328.75  1.571561E-16
9330.  1.512348E-16
9331.25  1.511064E-16
9332.5  1.566770E-16
9333.75  1.494768E-16
9335.  1.447901E-16
9336.25  1.552465E-16
9337.5  1.620299E-16
9338.75  1.608016E-16
9340.  1.596141E-16
9341.25  1.547434E-16
9342.5  1.493044E-16
9343.75  1.547192E-16
9345.  1.813593E-16
9346.25  1.833037E-16
9347.5  1.695081E-16
9348.75  1.708689E-16
9350.  1.611133E-16
9351.25  1.511890E-16
9352.5  1.434643E-16
9353.75  1.517718E-16
9355.  1.533440E-16
9356.25  1.758039E-16
9357.5  1.729660E-16
9358.75  1.678610E-16
9360.  1.525584E-16
9361.25  1.524030E-16
9362.5  1.440587E-16
9363.75  1.422290E-16
9365.  1.422722E-16
9366.25  1.430201E-16
9367.5  1.440500E-16
9368.75  1.412630E-16
9370.  1.528250E-16
9371.25  1.600072E-16
9372.5  1.647533E-16
9373.75  1.742174E-16
9375.  1.604320E-16
9376.25  1.506650E-16
9377.5  1.420676E-16
9378.75  1.325460E-16
9380.  1.538564E-16
9381.25  1.601564E-16
9382.5  1.549514E-16
9383.75  1.468059E-16
9385.  1.560484E-16
9386.25  1.569764E-16
9387.5  1.587537E-16
9388.75  1.626298E-16
9390.  1.530982E-16
9391.25  1.539513E-16
9392.5  1.517028E-16
9393.75  1.604370E-16
9395.  1.607752E-16
9396.25  1.485800E-16
9397.5  1.513233E-16
9398.75  1.527279E-16
9400.  1.553615E-16
9401.25  1.540058E-16
9402.5  1.527248E-16
9403.75  1.647608E-16
9405.  1.530321E-16
9406.25  1.360534E-16
9407.5  1.404038E-16
9408.75  1.492897E-16
9410.  1.469738E-16
9411.25  1.559660E-16
9412.5  1.681160E-16
9413.75  1.649734E-16
9415.  1.458608E-16
9416.25  1.345875E-16
9417.5  1.376595E-16
9418.75  1.568182E-16
9420.  1.710306E-16
9421.25  1.622283E-16
9422.5  1.498691E-16
9423.75  1.485786E-16
9425.  1.441559E-16
9426.25  1.368666E-16
9427.5  1.513396E-16
9428.75  1.630853E-16
9430.  1.780315E-16
9431.25  1.760059E-16
9432.5  1.596622E-16
9433.75  1.582416E-16
9435.  1.471791E-16
9436.25  1.368545E-16
9437.5  1.442324E-16
9438.75  1.368263E-16
9440.  1.394614E-16
9441.25  1.735090E-16
9442.5  1.719375E-16
9443.75  1.704306E-16
9445.  1.794065E-16
9446.25  1.725773E-16
9447.5  1.619438E-16
9448.75  1.546180E-16
9450.  1.532406E-16
9451.25  1.570085E-16
9452.5  1.484807E-16
9453.75  1.421345E-16
9455.  1.552680E-16
9456.25  1.533158E-16
9457.5  1.545426E-16
9458.75  1.556073E-16
9460.  1.522782E-16
