3.342538818359400011e+03 1.534427100000000096e-15
3.346615994523130212e+03 1.474089299999999985e-15
3.350693170686849953e+03 1.510592400000000119e-15
3.354770346850570149e+03 1.547760600000000019e-15
3.358847523014289891e+03 1.503306900000000131e-15
3.362924699178010087e+03 1.629269100000000109e-15
3.367001875341739833e+03 1.630268100000000108e-15
3.371079051505460029e+03 1.525069799999999986e-15
3.375156227669180225e+03 1.615654800000000057e-15
3.379233403832899967e+03 1.719814499999999815e-15
3.383310579996620163e+03 1.561286700000000174e-15
3.387387756160349909e+03 1.662828299999999954e-15
3.391464932324070105e+03 1.608441300000000122e-15
3.395542108487789847e+03 1.593553500000000188e-15
3.399619284651510043e+03 1.597986000000000088e-15
3.403696460815229784e+03 1.683885600000000037e-15
3.407773636978959985e+03 1.709486100000000008e-15
3.411850813142680181e+03 1.634953500000000033e-15
3.415927989306399922e+03 1.616207399999999962e-15
3.420005165470120119e+03 1.745789400000000024e-15
3.424082341633839860e+03 1.670854500000000101e-15
3.428159517797570061e+03 1.741117500000000036e-15
3.432236693961289802e+03 1.653748200000000030e-15
3.436313870125009998e+03 1.664499600000000002e-15
3.440391046288730195e+03 1.672943399999999905e-15
3.444468222452449936e+03 1.669861800000000151e-15
3.448545398616180137e+03 1.659104999999999968e-15
3.452622574779899878e+03 1.745708400000000013e-15
3.456699750943620074e+03 1.682373599999999905e-15
3.460776927107339816e+03 1.674804599999999881e-15
3.464854103271060012e+03 1.674954000000000001e-15
3.468931279434790213e+03 1.671891299999999999e-15
3.473008455598509954e+03 1.599235199999999809e-15
3.477085631762230150e+03 1.612892699999999972e-15
3.481162807925949892e+03 1.646058600000000024e-15
3.485239984089670088e+03 1.693074600000000274e-15
3.489317160253399834e+03 1.673835300000000056e-15
3.493394336417120030e+03 1.629737099999999864e-15
3.497471512580840226e+03 1.588605300000000050e-15
3.501548688744559968e+03 1.654884000000000051e-15
3.505625864908280164e+03 1.639594800000000008e-15
3.509703041072009910e+03 1.604911500000000007e-15
3.513780217235730106e+03 1.558498499999999858e-15
3.517857393399449847e+03 1.553472900000000047e-15
3.521934569563170044e+03 1.534432500000000110e-15
3.526011745726889785e+03 1.624990500000000111e-15
3.530088921890619986e+03 1.516897800000000058e-15
3.534166098054340182e+03 1.570514400000000149e-15
3.538243274218059923e+03 1.597710599999999973e-15
3.542320450381780120e+03 1.565201699999999963e-15
3.546397626545499861e+03 1.548683099999999987e-15
3.550474802709230062e+03 1.581314400000000048e-15
3.554551978872949803e+03 1.498189500000000084e-15
3.558629155036669999e+03 1.464729299999999967e-15
3.562706331200390196e+03 1.537510499999999920e-15
3.566783507364109937e+03 1.481239800000000021e-15
3.570860683527840138e+03 1.505736900000000054e-15
3.574937859691559879e+03 1.450174500000000033e-15
3.579015035855280075e+03 1.463082300000000081e-15
3.583092212018999817e+03 1.513999799999999986e-15
3.587169388182720013e+03 1.528857000000000104e-15
3.591246564346450214e+03 1.502023500000000060e-15
3.595323740510169955e+03 1.557380700000000146e-15
3.599400916673890151e+03 1.504383300000000197e-15
3.603478092837609893e+03 1.506989699999999915e-15
3.607555269001330089e+03 1.503761400000000146e-15
3.611632445165059835e+03 1.495734299999999965e-15
3.615709621328780031e+03 1.501567199999999974e-15
3.619786797492500227e+03 1.465996499999999997e-15
3.623863973656219969e+03 1.544903999999999988e-15
3.627941149819950169e+03 1.555538400000000120e-15
3.632018325983669911e+03 1.525737600000000056e-15
3.636095502147390107e+03 1.543695300000000075e-15
3.640172678311109848e+03 1.544581800000000016e-15
3.644249854474830045e+03 1.549868399999999971e-15
3.648327030638559791e+03 1.534221000000000126e-15
3.652404206802279987e+03 1.499290199999999917e-15
3.656481382966000183e+03 1.577816099999999981e-15
3.660558559129719924e+03 1.565831700000000133e-15
3.664635735293440121e+03 1.529673300000000062e-15
3.668712911457159862e+03 1.537214399999999982e-15
3.672790087620890063e+03 1.536963300000000028e-15
3.676867263784609804e+03 1.495851300000000002e-15
3.680944439948330000e+03 1.537610400000000078e-15
3.685021616112050197e+03 1.584896400000000034e-15
3.689098792275779942e+03 1.567303200000000062e-15
3.693175968439500139e+03 1.551937499999999987e-15
3.697253144603219880e+03 1.559680200000000096e-15
3.701330320766940076e+03 1.559937599999999902e-15
3.705407496930659818e+03 1.588881600000000003e-15
3.709484673094380014e+03 1.563960599999999967e-15
3.713561849258110215e+03 1.573867799999999877e-15
3.717639025421829956e+03 1.581400799999999875e-15
3.721716201585550152e+03 1.575264600000000042e-15
3.725793377749269894e+03 1.586359800000000041e-15
3.729870553913000094e+03 1.640748599999999944e-15
3.733947730076719836e+03 1.594498500000000049e-15
3.738024906240440032e+03 1.647212399999999960e-15
3.742102082404159773e+03 1.617665400000000153e-15
3.746179258567879970e+03 1.630702799999999942e-15
3.750256434731610170e+03 1.634920200000000111e-15
3.754333610895329912e+03 1.623851999999999787e-15
3.758410787059050108e+03 1.560972599999999927e-15
3.762487963222769849e+03 1.562221800000000042e-15
3.766565139386490046e+03 1.547609400000000026e-15
3.770642315550219791e+03 1.554623100000000040e-15
3.774719491713939988e+03 1.573598700000000008e-15
3.778796667877660184e+03 1.535568299999999934e-15
3.782873844041379925e+03 1.554398099999999923e-15
3.786951020205100122e+03 1.551402899999999996e-15
3.791028196368829867e+03 1.512724500000000034e-15
3.795105372532550064e+03 1.493513999999999956e-15
3.799182548696269805e+03 1.490319899999999946e-15
3.803259724859990001e+03 1.501426800000000008e-15
3.807336901023710197e+03 1.507517100000000019e-15
3.811414077187429939e+03 1.478502900000000133e-15
3.815491253351160140e+03 1.464641100000000070e-15
3.819568429514879881e+03 1.456900200000000031e-15
3.823645605678600077e+03 1.451959199999999977e-15
3.827722781842319819e+03 1.496284199999999963e-15
3.831799958006050019e+03 1.469243700000000110e-15
3.835877134169770216e+03 1.477704600000000090e-15
3.839954310333489957e+03 1.500295499999999965e-15
3.844031486497210153e+03 1.495240199999999980e-15
3.848108662660929895e+03 1.510213499999999903e-15
3.852185838824660095e+03 1.541885400000000133e-15
3.856263014988379837e+03 1.594939500000000128e-15
3.860340191152100033e+03 1.584843299999999931e-15
3.864417367315819774e+03 1.530081000000000023e-15
3.868494543479539971e+03 1.563898500000000104e-15
3.872571719643270171e+03 1.558474200000000092e-15
3.876648895806989913e+03 1.560172500000000011e-15
3.880726071970710109e+03 1.535356800000000147e-15
3.884803248134429850e+03 1.520702999999999893e-15
3.888880424298150047e+03 1.500723900000000144e-15
3.892957600461879792e+03 1.458097200000000078e-15
3.897034776625599989e+03 1.450872899999999918e-15
3.901111952789320185e+03 1.425486600000000037e-15
3.905189128953039926e+03 1.433305799999999980e-15
3.909266305116760122e+03 1.453175099999999974e-15
3.913343481280489868e+03 1.416753000000000048e-15
3.917420657444210065e+03 1.415910600000000056e-15
3.921497833607929806e+03 1.467122400000000026e-15
3.925575009771650002e+03 1.506589200000000038e-15
3.929652185935370198e+03 1.503019799999999953e-15
3.933729362099099944e+03 1.491431400000000003e-15
3.937806538262820141e+03 1.468654200000000143e-15
3.941883714426539882e+03 1.524241799999999965e-15
3.945960890590260078e+03 1.565446500000000065e-15
3.950038066753979820e+03 1.555144200000000095e-15
3.954115242917710020e+03 1.565652600000000035e-15
3.958192419081430216e+03 1.589683499999999989e-15
3.962269595245149958e+03 1.617074999999999953e-15
3.966346771408870154e+03 1.564518600000000084e-15
3.970423947572589896e+03 1.580303700000000183e-15
3.974501123736320096e+03 1.628240399999999935e-15
3.978578299900039838e+03 1.614420899999999948e-15
3.982655476063760034e+03 1.609099200000000002e-15
3.986732652227479775e+03 1.625600699999999902e-15
3.990809828391199972e+03 1.644865200000000118e-15
3.994887004554930172e+03 1.616895000000000017e-15
3.998964180718649914e+03 1.640268900000000127e-15
4.003041356882370110e+03 1.654104600000000156e-15
4.007118533046089851e+03 1.638828899999999851e-15
4.011195709209810047e+03 1.649960100000000074e-15
4.015272885373539793e+03 1.632720599999999925e-15
4.019350061537259990e+03 1.605204000000000199e-15
4.023427237700980186e+03 1.592550900000000048e-15
4.027504413864699927e+03 1.587745800000000179e-15
4.031581590028420123e+03 1.572515100000000055e-15
4.035658766192149869e+03 1.527105600000000081e-15
4.039735942355870066e+03 1.534670999999999965e-15
4.043813118519589807e+03 1.496377800000000071e-15
4.047890294683310003e+03 1.506439800000000115e-15
4.051967470847030199e+03 1.474666200000000052e-15
4.056044647010759945e+03 1.471586399999999974e-15
4.060121823174480141e+03 1.491514200000000084e-15
4.064198999338199883e+03 1.493660699999999970e-15
4.068276175501920079e+03 1.502242200000000128e-15
4.072353351665639821e+03 1.483906500000000124e-15
4.076430527829370021e+03 1.457249400000000072e-15
4.080507703993090217e+03 1.443212999999999890e-15
4.084584880156809959e+03 1.464596099999999889e-15
4.088662056320530155e+03 1.496005199999999904e-15
4.092739232484249897e+03 1.492480800000000000e-15
4.096816408647980097e+03 1.502083800000000050e-15
4.100893584811699839e+03 1.525073400000000127e-15
4.104970760975419580e+03 1.509793200000000041e-15
4.109047937139140231e+03 1.504012499999999903e-15
4.113125113302859972e+03 1.519347600000000163e-15
4.117202289466589718e+03 1.508963399999999950e-15
4.121279465630310369e+03 1.499216399999999991e-15
4.125356641794030111e+03 1.521667799999999936e-15
4.129433817957749852e+03 1.512489599999999924e-15
4.133510994121479598e+03 1.501866000000000017e-15
4.137588170285200249e+03 1.502085600000000120e-15
4.141665346448919991e+03 1.539552600000000064e-15
4.145742522612639732e+03 1.523385900000000038e-15
4.149819698776360383e+03 1.523688300000000025e-15
4.153896874940080124e+03 1.542582000000000145e-15
4.157974051103809870e+03 1.550763900000000066e-15
4.162051227267529612e+03 1.554795000000000053e-15
4.166128403431250263e+03 1.538000100000000124e-15
4.170205579594970004e+03 1.513365300000000034e-15
4.174282755758689746e+03 1.532540699999999924e-15
4.178359931922420401e+03 1.503255600000000098e-15
4.182437108086140142e+03 1.508502600000000082e-15
4.186514284249859884e+03 1.480887000000000037e-15
4.190591460413579625e+03 1.455793199999999952e-15
4.194668636577300276e+03 1.444910399999999972e-15
4.198745812741030022e+03 1.447971300000000100e-15
4.202822988904749764e+03 1.460709000000000007e-15
4.206900165068470415e+03 1.421970300000000055e-15
4.210977341232190156e+03 1.428066000000000080e-15
4.215054517395919902e+03 1.428509700000000068e-15
4.219131693559639643e+03 1.413017999999999998e-15
4.223208869723360294e+03 1.416463200000000159e-15
4.227286045887080036e+03 1.406780099999999937e-15
4.231363222050799777e+03 1.411570800000000032e-15
4.235440398214530433e+03 1.397353500000000077e-15
4.239517574378250174e+03 1.394865000000000036e-15
4.243594750541969916e+03 1.368540000000000146e-15
4.247671926705689657e+03 1.362022199999999991e-15
4.251749102869410308e+03 1.329201900000000036e-15
4.255826279033140054e+03 1.334034900000000010e-15
4.259903455196859795e+03 1.334734200000000128e-15
4.263980631360580446e+03 1.335436200000000154e-15
4.268057807524300188e+03 1.329210899999999994e-15
4.272134983688019929e+03 1.296928799999999973e-15
4.276212159851749675e+03 1.275193800000000025e-15
4.280289336015470326e+03 1.282498200000000160e-15
4.284366512179190067e+03 1.274594400000000065e-15
4.288443688342909809e+03 1.269094500000000057e-15
4.292520864506629550e+03 1.284708599999999980e-15
4.296598040670350201e+03 1.263056400000000113e-15
4.300675216834079947e+03 1.269477900000000054e-15
4.304752392997799689e+03 1.275677099999999983e-15
4.308829569161520340e+03 1.261536300000000059e-15
4.312906745325240081e+03 1.270944000000000167e-15
4.316983921488969827e+03 1.256058000000000106e-15
4.321061097652689568e+03 1.246275900000000156e-15
4.325138273816410219e+03 1.241367300000000185e-15
4.329215449980129961e+03 1.242202500000000092e-15
4.333292626143849702e+03 1.249528500000000085e-15
4.337369802307580358e+03 1.269126900000000140e-15
4.341446978471300099e+03 1.287826199999999958e-15
4.345524154635019840e+03 1.289564100000000045e-15
4.349601330798739582e+03 1.287097200000000060e-15
4.353678506962460233e+03 1.306156500000000145e-15
4.357755683126179974e+03 1.343677500000000030e-15
4.361832859289909720e+03 1.338698700000000076e-15
4.365910035453630371e+03 1.337262300000000139e-15
4.369987211617350113e+03 1.356745500000000029e-15
4.374064387781069854e+03 1.366875900000000183e-15
4.378141563944799600e+03 1.369843200000000005e-15
4.382218740108520251e+03 1.346352300000000056e-15
4.386295916272239992e+03 1.354257900000000024e-15
4.390373092435959734e+03 1.361081699999999912e-15
4.394450268599680385e+03 1.363975200000000005e-15
4.398527444763410131e+03 1.367155799999999882e-15
4.402604620927129872e+03 1.373604299999999892e-15
4.406681797090849614e+03 1.381097699999999920e-15
4.410758973254570265e+03 1.359923399999999997e-15
4.414836149418290006e+03 1.342338300000000145e-15
4.418913325582019752e+03 1.313168400000000088e-15
4.422990501745740403e+03 1.297326599999999942e-15
4.427067677909460144e+03 1.296940500000000036e-15
4.431144854073179886e+03 1.270948499999999948e-15
4.435222030236899627e+03 1.251006300000000064e-15
4.439299206400630283e+03 1.254958199999999914e-15
4.443376382564350024e+03 1.228396500000000041e-15
4.447453558728069765e+03 1.219236300000000141e-15
4.451530734891790416e+03 1.222490699999999944e-15
4.455607911055510158e+03 1.220074200000000154e-15
4.459685087219239904e+03 1.194074999999999982e-15
4.463762263382959645e+03 1.192343399999999944e-15
4.467839439546680296e+03 1.173420900000000079e-15
4.471916615710400038e+03 1.178583299999999912e-15
4.475993791874119779e+03 1.188648899999999900e-15
4.480070968037850434e+03 1.183387500000000141e-15
4.484148144201570176e+03 1.170419399999999906e-15
4.488225320365289917e+03 1.187997300000000069e-15
4.492302496529009659e+03 1.187099999999999903e-15
4.496379672692730310e+03 1.180105200000000037e-15
4.500456848856460056e+03 1.181642399999999970e-15
4.504534025020179797e+03 1.173954600000000035e-15
4.508611201183900448e+03 1.178367299999999950e-15
4.512688377347620190e+03 1.203538500000000101e-15
4.516765553511339931e+03 1.222293599999999932e-15
4.520842729675069677e+03 1.228761899999999927e-15
4.524919905838790328e+03 1.218331799999999892e-15
4.528997082002510069e+03 1.207609200000000059e-15
4.533074258166229811e+03 1.204987500000000137e-15
4.537151434329949552e+03 1.180710000000000011e-15
4.541228610493680208e+03 1.222155899999999874e-15
4.545305786657399949e+03 1.240184700000000109e-15
4.549382962821119690e+03 1.233040499999999925e-15
4.553460138984840341e+03 1.220769000000000096e-15
4.557537315148560083e+03 1.212755400000000048e-15
4.561614491312289829e+03 1.203878699999999988e-15
4.565691667476009570e+03 1.215839700000000105e-15
4.569768843639730221e+03 1.227980700000000158e-15
4.573846019803449963e+03 1.221137100000000087e-15
4.577923195967179709e+03 1.201041899999999942e-15
4.582000372130900359e+03 1.206998100000000036e-15
4.586077548294620101e+03 1.210865400000000130e-15
4.590154724458339842e+03 1.211602500000000147e-15
4.594231900622059584e+03 1.203793199999999999e-15
4.598309076785780235e+03 1.220654700000000164e-15
4.602386252949509981e+03 1.198231199999999929e-15
4.606463429113229722e+03 1.183955400000000053e-15
4.610540605276950373e+03 1.181949300000000133e-15
4.614617781440670115e+03 1.181734200000000206e-15
4.618694957604389856e+03 1.186317900000000099e-15
4.622772133768119602e+03 1.168360200000000080e-15
4.626849309931840253e+03 1.160041499999999939e-15
4.630926486095559994e+03 1.150743599999999982e-15
4.635003662259279736e+03 1.160385299999999966e-15
4.639080838423010391e+03 1.158550200000000025e-15
4.643158014586730133e+03 1.140543900000000078e-15
4.647235190750449874e+03 1.123893900000000093e-15
4.651312366914169615e+03 1.125278099999999963e-15
4.655389543077890266e+03 1.098153000000000156e-15
4.659466719241620012e+03 1.113550200000000082e-15
4.663543895405339754e+03 1.097645400000000037e-15
4.667621071569060405e+03 1.096490700000000066e-15
4.671698247732780146e+03 1.082971800000000193e-15
4.675775423896499888e+03 1.071358200000000047e-15
4.679852600060219629e+03 1.060804799999999925e-15
4.683929776223950284e+03 1.040616900000000101e-15
4.688006952387670026e+03 1.038671099999999974e-15
4.692084128551389767e+03 1.018172700000000043e-15
4.696161304715110418e+03 1.002785399999999912e-15
4.700238480878830160e+03 9.935739000000001763e-16
4.704315657042559906e+03 9.750825000000000036e-16
4.708392833206279647e+03 9.633024000000000551e-16
4.712470009370000298e+03 9.538469999999998581e-16
4.716547185533720040e+03 9.331659000000000829e-16
4.720624361697439781e+03 9.287514000000000977e-16
4.724701537861170436e+03 9.229355999999999688e-16
4.728778714024890178e+03 9.321345000000000007e-16
4.732855890188609919e+03 9.343854000000000232e-16
4.736933066352329661e+03 9.356894999999999175e-16
4.741010242516060316e+03 9.293454000000000438e-16
4.745087418679780058e+03 9.310230000000001404e-16
4.749164594843499799e+03 9.289413000000000261e-16
4.753241771007220450e+03 9.303731999999999853e-16
4.757318947170940191e+03 9.199674000000001112e-16
4.761396123334659933e+03 9.043758000000000808e-16
4.765473299498389679e+03 9.208709999999999312e-16
4.769550475662110330e+03 9.323864999999999899e-16
4.773627651825830071e+03 9.351270000000000193e-16
4.777704827989549813e+03 9.396657000000001260e-16
4.781782004153279559e+03 9.363212999999999606e-16
4.785859180317000209e+03 9.345816000000001978e-16
4.789936356480719951e+03 9.188225999999999353e-16
4.794013532644439692e+03 9.053153999999999275e-16
4.798090708808160343e+03 9.098037000000000363e-16
4.802167884971890089e+03 9.052065000000000097e-16
4.806245061135609831e+03 9.232416000000000964e-16
4.810322237299329572e+03 9.418041000000000899e-16
4.814399413463050223e+03 9.220869000000001252e-16
4.818476589626769965e+03 9.075744000000000693e-16
4.822553765790489706e+03 9.227294999999999988e-16
4.826630941954220361e+03 9.211203000000000120e-16
4.830708118117940103e+03 9.328382999999998999e-16
4.834785294281659844e+03 9.256229999999998948e-16
4.838862470445379586e+03 9.279351000000001400e-16
4.842939646609110241e+03 9.555894000000001208e-16
4.847016822772829983e+03 9.406782000000000611e-16
4.851093998936549724e+03 9.407114999999999822e-16
4.855171175100270375e+03 9.475911000000000792e-16
4.859248351263990116e+03 9.516887999999999091e-16
4.863325527427719862e+03 9.490077000000000320e-16
4.867402703591439604e+03 9.632394000000001564e-16
4.871479879755160255e+03 9.740907000000000888e-16
4.875557055918879996e+03 9.871947000000001140e-16
4.879634232082599738e+03 1.009738799999999935e-15
4.883711408246330393e+03 1.006648200000000027e-15
4.887788584410050134e+03 1.002915900000000082e-15
4.891865760573769876e+03 9.943281000000000732e-16
4.895942936737489617e+03 1.018671300000000007e-15
4.900020112901210268e+03 1.048503600000000119e-15
4.904097289064940014e+03 1.055392199999999976e-15
4.908174465228659756e+03 1.045835100000000143e-15
4.912251641392380407e+03 1.038294000000000025e-15
4.916328817556100148e+03 1.048389299999999990e-15
4.920405993719819890e+03 1.047277799999999933e-15
4.924483169883549635e+03 1.043757900000000007e-15
4.928560346047270286e+03 1.038598200000000082e-15
4.932637522210990028e+03 1.032289200000000200e-15
4.936714698374709769e+03 1.014674399999999976e-15
4.940791874538430420e+03 9.942876000000000679e-16
4.944869050702160166e+03 9.857601000000000492e-16
4.948946226865879908e+03 9.863828999999999377e-16
4.953023403029599649e+03 9.876195000000001519e-16
4.957100579193320300e+03 9.691865999999998993e-16
4.961177755357040041e+03 9.568215000000001591e-16
4.965254931520769787e+03 9.558450000000000534e-16
4.969332107684490438e+03 9.525374999999999499e-16
4.973409283848210180e+03 9.563103000000000967e-16
4.977486460011929921e+03 9.651644999999998689e-16
4.981563636175659667e+03 9.611082000000000795e-16
4.985640812339380318e+03 9.480806999999998890e-16
4.989717988503100059e+03 9.414458999999998941e-16
4.993795164666819801e+03 9.541143000000000508e-16
4.997872340830540452e+03 9.700568999999999955e-16
5.001949516994260193e+03 9.741105000000000738e-16
5.006026693157989939e+03 9.648666000000000579e-16
5.010103869321709681e+03 9.838629000000000467e-16
5.014181045485430332e+03 9.709470000000000768e-16
5.018258221649150073e+03 9.721745999999999392e-16
5.022335397812869815e+03 9.677052000000001746e-16
5.026412573976599560e+03 9.588519000000000432e-16
5.030489750140320211e+03 9.363987000000000277e-16
5.034566926304039953e+03 9.353177999999999829e-16
5.038644102467759694e+03 9.420173999999999468e-16
5.042721278631490350e+03 9.483777000000000593e-16
5.046798454795210091e+03 9.501768000000001717e-16
5.050875630958929833e+03 9.213408000000001504e-16
5.054952807122649574e+03 9.143171999999999469e-16
5.059029983286370225e+03 9.374156999999999415e-16
5.063107159450089966e+03 9.300510000000000133e-16
5.067184335613819712e+03 9.140093999999999461e-16
5.071261511777540363e+03 9.112617000000000297e-16
5.075338687941260105e+03 9.126405000000000828e-16
5.079415864104979846e+03 9.310329000000001329e-16
5.083493040268709592e+03 9.353448000000000521e-16
5.087570216432430243e+03 9.432989999999999478e-16
5.091647392596149984e+03 9.565308000000000379e-16
5.095724568759869726e+03 9.533016000000000366e-16
5.099801744923590377e+03 9.733473000000000223e-16
5.103878921087320123e+03 9.724526999999999624e-16
5.107956097251039864e+03 9.735884999999999837e-16
5.112033273414759606e+03 9.682496999999999609e-16
5.116110449578480257e+03 9.659475000000001027e-16
5.120187625742199998e+03 9.650619000000000001e-16
5.124264801905929744e+03 9.621494999999999570e-16
5.128341978069650395e+03 9.869283000000001536e-16
5.132419154233370136e+03 9.903816000000000396e-16
5.136496330397089878e+03 9.783171000000000188e-16
5.140573506560809619e+03 9.928718999999999531e-16
5.144650682724530270e+03 9.882288000000001045e-16
5.148727858888260016e+03 9.839663999999999506e-16
5.152805035051979758e+03 1.001090699999999936e-15
5.156882211215700409e+03 1.018864799999999879e-15
5.160959387379420150e+03 1.019836800000000006e-15
5.165036563543139891e+03 1.014897600000000022e-15
5.169113739706869637e+03 9.963738000000001609e-16
5.173190915870590288e+03 9.966483000000000434e-16
5.177268092034310030e+03 9.986355000000000138e-16
5.181345268198029771e+03 9.834173999999999885e-16
5.185422444361760427e+03 9.683523000000000269e-16
5.189499620525480168e+03 9.710739000000001065e-16
5.193576796689199909e+03 9.780912000000000638e-16
5.197653972852919651e+03 9.484757999999999494e-16
5.201731149016640302e+03 9.463095000000000782e-16
5.205808325180370048e+03 9.612899999999998885e-16
5.209885501344089789e+03 9.604430999999999180e-16
5.213962677507810440e+03 9.400247999999999625e-16
5.218039853671530182e+03 9.320534999999999902e-16
5.222117029835249923e+03 9.164088000000000537e-16
5.226194205998979669e+03 9.348057000000000825e-16
5.230271382162700320e+03 9.310905000000000177e-16
5.234348558326420061e+03 8.928633600000000629e-16
5.238425734490139803e+03 8.745715799999999422e-16
5.242502910653860454e+03 8.749817999999999428e-16
5.246580086817590200e+03 8.733859200000001216e-16
5.250657262981309941e+03 8.601656400000001268e-16
5.254734439145029683e+03 8.299603800000001098e-16
5.258811615308750333e+03 8.268480000000000795e-16
5.262888791472470075e+03 8.259133500000001305e-16
5.266965967636199821e+03 8.174921400000001050e-16
5.271043143799919562e+03 8.206010999999999622e-16
5.275120319963640213e+03 8.278786799999999955e-16
5.279197496127359955e+03 8.158123800000001016e-16
5.283274672291079696e+03 8.005486500000000085e-16
5.287351848454810352e+03 8.054683199999999585e-16
5.291429024618530093e+03 8.025368400000000965e-16
5.295506200782249834e+03 8.060279400000000794e-16
5.299583376945969576e+03 8.213862600000001029e-16
5.303660553109690227e+03 8.006307300000000218e-16
5.307737729273409968e+03 8.003694600000000254e-16
5.311814905437139714e+03 8.039424599999999554e-16
5.315892081600860365e+03 7.918469100000000029e-16
5.319969257764580107e+03 7.895704500000000464e-16
5.324046433928309852e+03 7.840795499999999949e-16
5.328123610092029594e+03 7.927388100000000559e-16
5.332200786255750245e+03 7.962646499999999964e-16
5.336277962419469986e+03 7.880805900000000699e-16
5.340355138583189728e+03 7.676447400000000201e-16
5.344432314746910379e+03 7.644078900000000156e-16
5.348509490910640125e+03 7.619833799999999915e-16
5.352586667074359866e+03 7.553536199999999766e-16
5.356663843238079608e+03 7.609213800000000938e-16
5.360741019401800258e+03 7.598339099999999499e-16
5.364818195565520000e+03 7.479052200000000310e-16
5.368895371729249746e+03 7.555386600000000898e-16
5.372972547892970397e+03 7.504637399999999880e-16
5.377049724056690138e+03 7.405637400000000638e-16
5.381126900220409880e+03 7.519341600000000132e-16
5.385204076384129621e+03 7.647628500000000059e-16
5.389281252547860277e+03 7.522389900000000556e-16
5.393358428711580018e+03 7.413030000000000868e-16
5.397435604875299759e+03 7.555219200000000468e-16
5.401512781039020410e+03 7.498736100000000353e-16
5.405589957202740152e+03 7.487667900000000226e-16
5.409667133366469898e+03 7.628591699999999868e-16
5.413744309530189639e+03 7.585633800000000267e-16
5.417821485693910290e+03 7.637735700000000317e-16
5.421898661857630032e+03 7.692147899999999557e-16
5.425975838021349773e+03 7.759104300000000410e-16
5.430053014185080428e+03 7.707804299999999951e-16
5.434130190348800170e+03 7.651306800000000456e-16
5.438207366512519911e+03 7.526015999999999505e-16
5.442284542676239653e+03 7.575326100000000282e-16
5.446361718839970308e+03 7.603515900000000289e-16
5.450438895003690050e+03 7.617009599999999572e-16
5.454516071167409791e+03 7.649479800000000042e-16
5.458593247331130442e+03 7.441257599999999985e-16
5.462670423494850183e+03 7.597385100000000667e-16
5.466747599658579929e+03 7.668602100000000617e-16
5.470824775822299671e+03 7.497789300000000225e-16
5.474901951986020322e+03 7.444194299999999795e-16
5.478979128149740063e+03 7.432764299999999726e-16
5.483056304313459805e+03 7.400241899999999779e-16
5.487133480477189551e+03 7.520971500000000533e-16
5.491210656640910202e+03 7.473518999999999591e-16
5.495287832804629943e+03 7.211590199999999475e-16
5.499365008968349684e+03 7.276986000000000269e-16
5.503442185132070335e+03 7.351357500000000258e-16
5.507519361295790077e+03 7.130520900000000381e-16
5.511596537459519823e+03 7.289478000000000433e-16
5.515673713623239564e+03 7.419341700000000461e-16
5.519750889786960215e+03 7.200714600000000171e-16
5.523828065950679957e+03 7.026230700000000057e-16
5.527905242114409702e+03 7.117098300000000130e-16
5.531982418278130353e+03 7.112100600000000621e-16
5.536059594441850095e+03 6.981739199999999480e-16
5.540136770605569836e+03 6.911197200000000276e-16
5.544213946769289578e+03 6.949053900000000266e-16
5.548291122933020233e+03 6.969459599999999532e-16
5.552368299096739975e+03 6.967738799999999719e-16
5.556445475260459716e+03 6.959106899999999761e-16
5.560522651424180367e+03 6.837497999999999545e-16
5.564599827587900108e+03 6.863230800000000152e-16
5.568677003751629854e+03 6.859231200000000409e-16
5.572754179915349596e+03 6.844078799999999993e-16
5.576831356079070247e+03 7.106584499999999781e-16
5.580908532242789988e+03 7.106805000000000511e-16
5.584985708406509730e+03 6.831477000000000862e-16
5.589062884570230381e+03 6.788228400000000351e-16
5.593140060733960127e+03 6.825895200000000019e-16
5.597217236897679868e+03 7.161773400000000192e-16
5.601294413061399609e+03 7.030108799999999981e-16
5.605371589225120260e+03 6.836414399999999395e-16
5.609448765388850006e+03 6.920411399999999920e-16
5.613525941552569748e+03 6.896668499999999981e-16
5.617603117716290399e+03 7.000450200000000150e-16
5.621680293880010140e+03 7.047875700000000037e-16
5.625757470043729882e+03 7.072340400000000184e-16
5.629834646207449623e+03 7.015742100000000102e-16
5.633911822371180278e+03 7.109170199999999677e-16
5.637988998534900020e+03 7.143712199999999874e-16
5.642066174698619761e+03 7.174492199999999952e-16
5.646143350862340412e+03 7.143129000000000350e-16
5.650220527026070158e+03 7.088798700000000170e-16
5.654297703189789900e+03 7.088149799999999656e-16
5.658374879353509641e+03 7.216814699999999566e-16
5.662452055517230292e+03 7.227873000000000490e-16
5.666529231680950033e+03 7.162339499999999836e-16
5.670606407844679779e+03 7.217018100000000417e-16
5.674683584008400430e+03 7.163040599999999827e-16
5.678760760172120172e+03 7.199063099999999714e-16
5.682837936335839913e+03 7.349772600000000630e-16
5.686915112499559655e+03 7.396131600000000246e-16
5.690992288663290310e+03 7.240741199999999976e-16
5.695069464827010052e+03 7.358111100000000164e-16
5.699146640990729793e+03 7.195174199999999762e-16
5.703223817154450444e+03 7.361253900000000338e-16
5.707300993318170185e+03 7.426551600000000058e-16
5.711378169481899931e+03 7.460019900000000294e-16
5.715455345645619673e+03 7.533653400000000034e-16
5.719532521809340324e+03 7.492772700000000174e-16
5.723609697973060065e+03 7.359151500000000203e-16
5.727686874136779807e+03 7.324270199999999957e-16
5.731764050300509552e+03 7.460874000000000349e-16
5.735841226464230203e+03 7.498165499999999547e-16
5.739918402627949945e+03 7.340898599999999886e-16
5.743995578791669686e+03 7.373761199999999720e-16
5.748072754955390337e+03 7.384426200000000456e-16
5.752149931119120083e+03 7.185231000000000220e-16
5.756227107282839825e+03 7.162866000000000694e-16
5.760304283446559566e+03 7.251892200000000973e-16
5.764381459610280217e+03 7.459955100000000128e-16
5.768458635773999958e+03 7.401645900000000423e-16
5.772535811937729704e+03 7.243341300000000237e-16
5.776612988101450355e+03 7.378045199999999534e-16
5.780690164265170097e+03 7.439885100000000573e-16
5.784767340428889838e+03 7.163804700000000308e-16
5.788844516592609580e+03 7.159245299999999787e-16
5.792921692756340235e+03 7.119754200000000205e-16
5.796998868920059977e+03 7.198712999999999637e-16
5.801076045083779718e+03 7.228908900000000354e-16
5.805153221247500369e+03 7.138722599999999892e-16
5.809230397411220110e+03 7.143183900000000326e-16
5.813307573574949856e+03 7.195794300000000531e-16
5.817384749738669598e+03 7.236136799999999668e-16
5.821461925902390249e+03 7.233036299999999767e-16
5.825539102066109990e+03 7.332287400000000146e-16
5.829616278229829732e+03 7.185147300000000499e-16
5.833693454393560387e+03 7.032123000000000218e-16
5.837770630557280128e+03 6.920486100000000276e-16
5.841847806720999870e+03 6.991336800000000108e-16
5.845924982884719611e+03 6.949576800000000786e-16
5.850002159048440262e+03 6.811603200000000496e-16
5.854079335212170008e+03 6.917814000000000159e-16
5.858156511375889750e+03 6.956306999999999974e-16
5.862233687539610401e+03 6.941996099999999909e-16
5.866310863703330142e+03 6.731463600000000664e-16
5.870388039867049883e+03 6.629625900000000551e-16
5.874465216030779629e+03 6.734684699999999560e-16
5.878542392194500280e+03 6.703519499999999808e-16
5.882619568358220022e+03 6.600920400000000700e-16
5.886696744521939763e+03 6.483579299999999272e-16
5.890773920685660414e+03 6.470879400000000053e-16
5.894851096849390160e+03 6.455274300000000284e-16
5.898928273013109902e+03 6.379066800000000514e-16
5.903005449176829643e+03 6.420302099999999641e-16
5.907082625340550294e+03 6.572478600000000704e-16
5.911159801504270035e+03 6.499052100000000181e-16
5.915236977667999781e+03 6.333916500000000219e-16
5.919314153831720432e+03 6.358270500000000575e-16
5.923391329995440174e+03 6.419965500000000092e-16
5.927468506159159915e+03 6.235526700000000571e-16
5.931545682322879657e+03 6.202384199999999855e-16
5.935622858486610312e+03 6.240477599999999631e-16
5.939700034650330053e+03 6.225738299999999782e-16
5.943777210814049795e+03 6.213763800000000124e-16
5.947854386977770446e+03 6.177163500000000727e-16
5.951931563141500192e+03 6.175844099999999643e-16
5.956008739305219933e+03 6.156251099999999997e-16
5.960085915468939675e+03 6.244480799999999712e-16
5.964163091632660326e+03 6.113151900000000198e-16
5.968240267796380067e+03 6.168302099999999687e-16
5.972317443960099808e+03 6.099883199999999849e-16
5.976394620123829554e+03 6.128516700000000829e-16
5.980471796287550205e+03 6.174568799999999494e-16
5.984548972451269947e+03 6.180406200000000664e-16
5.988626148614989688e+03 6.034632299999999591e-16
5.992703324778720344e+03 6.013365300000000581e-16
5.996780500942440085e+03 6.084794700000000747e-16
6.000857677106159827e+03 5.966140500000000059e-16
6.004934853269879568e+03 6.058124100000000365e-16
6.009012029433600219e+03 6.032138399999999932e-16
6.013089205597319960e+03 5.935280400000000597e-16
6.017166381761049706e+03 5.952478500000000508e-16
6.021243557924770357e+03 5.951134799999999855e-16
6.025320734088490099e+03 5.824331100000000117e-16
6.029397910252209840e+03 5.916443399999999932e-16
6.033475086415939586e+03 5.953927499999999953e-16
6.037552262579660237e+03 5.802982200000000075e-16
6.041629438743379978e+03 5.822027999999999632e-16
6.045706614907099720e+03 5.861167199999999462e-16
6.049783791070820371e+03 5.866478100000000761e-16
6.053860967234550117e+03 5.867579699999999643e-16
6.057938143398269858e+03 5.776815600000000657e-16
6.062015319561989600e+03 5.711443200000000581e-16
6.066092495725710251e+03 5.675765400000000757e-16
6.070169671889429992e+03 5.689933199999999962e-16
6.074246848053149733e+03 5.684093100000000263e-16
6.078324024216880389e+03 5.658224399999999473e-16
6.082401200380600130e+03 5.647431600000000052e-16
6.086478376544319872e+03 5.543384400000000352e-16
6.090555552708039613e+03 5.557263300000000294e-16
6.094632728871760264e+03 5.579224199999999606e-16
6.098709905035490010e+03 5.439816000000000237e-16
6.102787081199209752e+03 5.362796700000000685e-16
6.106864257362930402e+03 5.394186900000000357e-16
6.110941433526650144e+03 5.386158000000000302e-16
6.115018609690379890e+03 5.338906199999999711e-16
6.119095785854099631e+03 5.287931100000000907e-16
6.123172962017820282e+03 5.311332900000000135e-16
6.127250138181540024e+03 5.339124899999999779e-16
6.131327314345259765e+03 5.277180600000000773e-16
6.135404490508990420e+03 5.198382000000000108e-16
6.139481666672710162e+03 5.214933900000000006e-16
6.143558842836429903e+03 5.263530300000000102e-16
6.147636019000149645e+03 5.186318399999999728e-16
6.151713195163870296e+03 5.103392399999999650e-16
6.155790371327600042e+03 5.072741100000000067e-16
6.159867547491319783e+03 5.053360499999999651e-16
6.163944723655040434e+03 5.035595400000000257e-16
6.168021899818760176e+03 4.948148700000000579e-16
6.172099075982479917e+03 4.895244000000000112e-16
6.176176252146199658e+03 4.951820700000000138e-16
6.180253428309930314e+03 4.907621700000000147e-16
6.184330604473650055e+03 4.860921599999999821e-16
6.188407780637369797e+03 4.927489200000000662e-16
6.192484956801090448e+03 4.882042800000000429e-16
6.196562132964820194e+03 4.785104699999999738e-16
6.200639309128539935e+03 4.753422900000000305e-16
6.204716485292259676e+03 4.810272300000000538e-16
6.208793661455980327e+03 4.789195199999999878e-16
6.212870837619700069e+03 4.715171099999999465e-16
6.216948013783419810e+03 4.813871400000000403e-16
6.221025189947149556e+03 4.681844099999999427e-16
6.225102366110870207e+03 4.678396199999999949e-16
6.229179542274589949e+03 4.806828900000000250e-16
6.233256718438309690e+03 4.790438999999999782e-16
6.237333894602040345e+03 4.722156899999999966e-16
6.241411070765760087e+03 4.771403099999999429e-16
6.245488246929479828e+03 4.821090299999999366e-16
6.249565423093199570e+03 4.806380700000000086e-16
6.253642599256920221e+03 4.734107999999999893e-16
6.257719775420639962e+03 4.746560399999999298e-16
6.261796951584369708e+03 4.775474700000000014e-16
6.265874127748090359e+03 4.735209600000000747e-16
6.269951303911810101e+03 4.795117199999999622e-16
6.274028480075529842e+03 4.716864000000000357e-16
6.278105656239259588e+03 4.747832100000000096e-16
6.282182832402980239e+03 4.810305599999999473e-16
6.286260008566699980e+03 4.810860000000000238e-16
6.290337184730419722e+03 4.831565399999999779e-16
6.294414360894140373e+03 4.892950800000000803e-16
6.298491537057870119e+03 4.886236800000000670e-16
6.302568713221589860e+03 4.823355599999999754e-16
6.306645889385309601e+03 4.801139100000000116e-16
6.310723065549030252e+03 4.792105799999999457e-16
6.314800241712749994e+03 4.795272900000000186e-16
6.318877417876479740e+03 4.799976300000000420e-16
6.322954594040200391e+03 4.753891800000000686e-16
6.327031770203920132e+03 4.788024299999999668e-16
6.331108946367639874e+03 4.788146700000000311e-16
6.335186122531359615e+03 4.857614999999999555e-16
6.339263298695090270e+03 4.855534200000000462e-16
6.343340474858810012e+03 4.772810700000000411e-16
6.347417651022529753e+03 4.826033099999999885e-16
6.351494827186250404e+03 4.825182600000000168e-16
6.355572003349970146e+03 4.757051700000000740e-16
6.359649179513699892e+03 4.721599800000000673e-16
6.363726355677419633e+03 4.715585099999999870e-16
6.367803531841140284e+03 4.702160699999999943e-16
6.371880708004860026e+03 4.689870299999999967e-16
6.375957884168579767e+03 4.750638300000000721e-16
6.380035060332310422e+03 4.785729300000000683e-16
6.384112236496030164e+03 4.742100000000000675e-16
6.388189412659749905e+03 4.627971899999999600e-16
6.392266588823469647e+03 4.572558900000000094e-16
6.396343764987190298e+03 4.604660999999999784e-16
6.400420941150920044e+03 4.640106599999999998e-16
6.404498117314639785e+03 4.577607000000000390e-16
6.408575293478360436e+03 4.571655300000000077e-16
6.412652469642080177e+03 4.571918999999999931e-16
6.416729645805799919e+03 4.539367800000000240e-16
6.420806821969529665e+03 4.605875100000000105e-16
6.424883998133250316e+03 4.572953100000000119e-16
6.428961174296970057e+03 4.486023899999999961e-16
6.433038350460689799e+03 4.484110500000000311e-16
6.437115526624410450e+03 4.484641500000000359e-16
6.441192702788140195e+03 4.451218199999999909e-16
6.445269878951859937e+03 4.421931300000000210e-16
6.449347055115579678e+03 4.491887400000000376e-16
6.453424231279300329e+03 4.484308500000000162e-16
6.457501407443020071e+03 4.390624800000000260e-16
6.461578583606749817e+03 4.448945699999999831e-16
6.465655759770469558e+03 4.460826599999999578e-16
6.469732935934190209e+03 4.415543100000000092e-16
6.473810112097909951e+03 4.446111600000000284e-16
6.477887288261639696e+03 4.481395200000000083e-16
6.481964464425360347e+03 4.454603099999999882e-16
6.486041640589080089e+03 4.456591199999999888e-16
6.490118816752799830e+03 4.437981900000000136e-16
6.494195992916519572e+03 4.460202000000000605e-16
6.498273169080250227e+03 4.383076499999999960e-16
6.502350345243969969e+03 4.419627299999999887e-16
6.506427521407689710e+03 4.468704300000000230e-16
6.510504697571410361e+03 4.503982500000001002e-16
6.514581873735130102e+03 4.405381199999999988e-16
6.518659049898849844e+03 4.393808099999999552e-16
6.522736226062579590e+03 4.445240399999999364e-16
6.526813402226300241e+03 4.461779700000000544e-16
6.530890578390019982e+03 4.423145400000000038e-16
6.534967754553739724e+03 4.376622600000000330e-16
6.539044930717460375e+03 4.432493700000000683e-16
6.543122106881190120e+03 4.349132999999999983e-16
6.547199283044909862e+03 4.361050799999999989e-16
6.551276459208629603e+03 4.345913700000000270e-16
6.555353635372350254e+03 4.290101999999999577e-16
6.559430811536069996e+03 4.297327199999999870e-16
6.563507987699799742e+03 4.264299000000000269e-16
6.567585163863520393e+03 4.251921300000000234e-16
6.571662340027240134e+03 4.238028899999999764e-16
6.575739516190959876e+03 4.252394700000000298e-16
6.579816692354689621e+03 4.214803500000000331e-16
6.583893868518410272e+03 4.130117099999999681e-16
6.587971044682130014e+03 4.147259400000000272e-16
6.592048220845849755e+03 4.161572100000000505e-16
6.596125397009570406e+03 4.057864199999999868e-16
6.600202573173290148e+03 4.094093699999999957e-16
6.604279749337019894e+03 4.154761799999999961e-16
6.608356925500739635e+03 4.250714400000000096e-16
6.612434101664460286e+03 4.154208300000000514e-16
6.616511277828180027e+03 4.120978499999999738e-16
6.620588453991909773e+03 4.190649299999999502e-16
6.624665630155630424e+03 4.115602800000000245e-16
6.628742806319350166e+03 4.072264200000000654e-16
6.632819982483069907e+03 4.119643800000000423e-16
6.636897158646789649e+03 4.036742099999999914e-16
6.640974334810510300e+03 4.042331999999999793e-16
6.645051510974240045e+03 4.019027399999999828e-16
6.649128687137959787e+03 3.986068500000000076e-16
6.653205863301680438e+03 4.002054299999999836e-16
6.657283039465400179e+03 4.009885200000000533e-16
6.661360215629129925e+03 3.971856600000000430e-16
6.665437391792849667e+03 3.986473500000000129e-16
6.669514567956570318e+03 4.028859900000000072e-16
6.673591744120290059e+03 4.077743399999999755e-16
6.677668920284009801e+03 4.070218500000000665e-16
6.681746096447739546e+03 4.044698099999999782e-16
6.685823272611460197e+03 4.045873500000000168e-16
6.689900448775179939e+03 3.986236799999999851e-16
6.693977624938899680e+03 4.024631699999999579e-16
6.698054801102620331e+03 4.070309400000000076e-16
6.702131977266350077e+03 4.019947199999999887e-16
6.706209153430069819e+03 3.956014799999999889e-16
6.710286329593789560e+03 4.020180299999999827e-16
6.714363505757510211e+03 4.004815499999999689e-16
6.718440681921229952e+03 4.035123900000000365e-16
6.722517858084949694e+03 4.006557900000000543e-16
6.726595034248680349e+03 4.044120300000000272e-16
6.730672210412400091e+03 4.066169399999999974e-16
6.734749386576119832e+03 4.043204100000000058e-16
6.738826562739839574e+03 4.073376600000000056e-16
6.742903738903570229e+03 4.114639799999999583e-16
6.746980915067289970e+03 3.970827899999999763e-16
6.751058091231009712e+03 3.906748800000000047e-16
6.755135267394730363e+03 3.927184199999999882e-16
6.759212443558450104e+03 3.889697399999999854e-16
6.763289619722179850e+03 3.893864400000000026e-16
6.767366795885899592e+03 3.877858799999999887e-16
6.771443972049620243e+03 3.867200099999999989e-16
6.775521148213339984e+03 3.910885199999999812e-16
6.779598324377059726e+03 3.809444399999999731e-16
6.783675500540790381e+03 3.776443199999999707e-16
6.787752676704510122e+03 3.796291800000000173e-16
6.791829852868229864e+03 3.728724299999999889e-16
6.795907029031949605e+03 3.694399200000000084e-16
6.799984205195670256e+03 3.671537400000000269e-16
6.804061381359389998e+03 3.665735100000000175e-16
6.808138557523119744e+03 3.635252099999999873e-16
6.812215733686840395e+03 3.686504400000000045e-16
6.816292909850560136e+03 3.645640800000000065e-16
6.820370086014289882e+03 3.632544000000000321e-16
6.824447262178009623e+03 3.604789800000000281e-16
6.828524438341730274e+03 3.536807399999999755e-16
6.832601614505450016e+03 3.575833200000000279e-16
6.836678790669169757e+03 3.548623500000000321e-16
6.840755966832890408e+03 3.508223400000000215e-16
6.844833142996620154e+03 3.630335400000000078e-16
6.848910319160339895e+03 3.530088000000000101e-16
6.852987495324059637e+03 3.501846000000000125e-16
6.857064671487780288e+03 3.533039099999999784e-16
6.861141847651500029e+03 3.549781800000000335e-16
6.865219023815229775e+03 3.367853999999999860e-16
6.869296199978950426e+03 3.221388000000000134e-16
6.873373376142670168e+03 3.237283799999999827e-16
6.877450552306389909e+03 3.294247500000000189e-16
6.881527728470109651e+03 3.430701899999999869e-16
6.885604904633840306e+03 3.438382500000000016e-16
6.889682080797560047e+03 3.377777400000000008e-16
6.893759256961279789e+03 3.428059500000000321e-16
6.897836433125000440e+03 3.408919200000000029e-16
6.901913609288720181e+03 3.291852599999999962e-16
6.905990785452449927e+03 3.295960199999999981e-16
6.910067961616169669e+03 3.400076700000000023e-16
6.914145137779890320e+03 3.444996599999999892e-16
6.918222313943610061e+03 3.466610100000000120e-16
6.922299490107339807e+03 3.364386300000000003e-16
6.926376666271059548e+03 3.432579300000000083e-16
6.930453842434780199e+03 3.475498500000000243e-16
6.934531018598499941e+03 3.414248100000000059e-16
6.938608194762219682e+03 3.552404399999999996e-16
6.942685370925950338e+03 3.601395000000000118e-16
6.946762547089670079e+03 3.501895500000000088e-16
6.950839723253389820e+03 3.492347399999999916e-16
6.954916899417109562e+03 3.518620199999999935e-16
6.958994075580830213e+03 3.607933499999999800e-16
6.963071251744549954e+03 3.707141400000000069e-16
6.967148427908279700e+03 3.614580000000000252e-16
6.971225604072000351e+03 3.584062800000000191e-16
6.975302780235720093e+03 3.572026199999999880e-16
6.979379956399439834e+03 3.659589000000000349e-16
6.983457132563159576e+03 3.692150099999999738e-16
6.987534308726890231e+03 3.644505900000000276e-16
6.991611484890609972e+03 3.649817699999999934e-16
6.995688661054329714e+03 3.673051199999999880e-16
6.999765837218050365e+03 3.661840800000000210e-16
7.003843013381770106e+03 3.717577800000000054e-16
7.007920189545499852e+03 3.710478600000000248e-16
7.011997365709219594e+03 3.656214899999999911e-16
7.016074541872940245e+03 3.621229200000000219e-16
7.020151718036659986e+03 3.646023300000000224e-16
7.024228894200389732e+03 3.646336500000000042e-16
7.028306070364110383e+03 3.574755000000000143e-16
7.032383246527830124e+03 3.539770199999999796e-16
7.036460422691549866e+03 3.608301600000000087e-16
7.040537598855269607e+03 3.629973600000000136e-16
7.044614775018990258e+03 3.666319200000000030e-16
7.048691951182720004e+03 3.709331099999999770e-16
7.052769127346439745e+03 3.680439300000000427e-16
7.056846303510160396e+03 3.652218900000000506e-16
7.060923479673880138e+03 3.594446100000000369e-16
7.065000655837609884e+03 3.560015700000000294e-16
7.069077832001329625e+03 3.573842400000000267e-16
7.073155008165050276e+03 3.664265400000000020e-16
7.077232184328770018e+03 3.564114299999999962e-16
7.081309360492489759e+03 3.519555299999999704e-16
7.085386536656210410e+03 3.565812599999999881e-16
7.089463712819940156e+03 3.540012300000000088e-16
7.093540888983659897e+03 3.506053499999999908e-16
7.097618065147379639e+03 3.514052700000000379e-16
7.101695241311100290e+03 3.497432399999999978e-16
7.105772417474830036e+03 3.471978600000000416e-16
7.109849593638549777e+03 3.484179000000000325e-16
7.113926769802270428e+03 3.451071600000000193e-16
7.118003945965990169e+03 3.465272700000000304e-16
7.122081122129709911e+03 3.408336000000000012e-16
7.126158298293429652e+03 3.471215400000000266e-16
7.130235474457160308e+03 3.545401500000000109e-16
7.134312650620880049e+03 3.557622600000000235e-16
7.138389826784599791e+03 3.533032799999999932e-16
7.142467002948320442e+03 3.595849200000000189e-16
7.146544179112050188e+03 3.640266900000000248e-16
7.150621355275769929e+03 3.632659199999999795e-16
7.154698531439489670e+03 3.676634100000000197e-16
7.158775707603210321e+03 3.716536500000000177e-16
7.162852883766930063e+03 3.757296600000000056e-16
7.166930059930659809e+03 3.697550099999999786e-16
7.171007236094379550e+03 3.684531600000000243e-16
7.175084412258100201e+03 3.725927100000000109e-16
7.179161588421819943e+03 3.712320899999999880e-16
7.183238764585539684e+03 3.713839199999999666e-16
7.187315940749270339e+03 3.722362200000000495e-16
7.191393116912990081e+03 3.769685100000000119e-16
7.195470293076709822e+03 3.810305699999999969e-16
7.199547469240429564e+03 3.733694099999999984e-16
7.203624645404150215e+03 3.688518600000000282e-16
7.207701821567879961e+03 3.603973499999999830e-16
7.211778997731599702e+03 3.607103699999999808e-16
7.215856173895320353e+03 3.712921200000000270e-16
7.219933350059040094e+03 3.752512200000000108e-16
7.224010526222759836e+03 3.699112500000000014e-16
7.228087702386489582e+03 3.669918299999999896e-16
7.232164878550210233e+03 3.633686100000000293e-16
7.236242054713929974e+03 3.599949600000000026e-16
7.240319230877649716e+03 3.588228900000000032e-16
7.244396407041370367e+03 3.562765199999999788e-16
7.248473583205100113e+03 3.566924999999999777e-16
7.252550759368819854e+03 3.608471700000000030e-16
7.256627935532539595e+03 3.565054799999999745e-16
7.260705111696260246e+03 3.666269700000000068e-16
7.264782287859989992e+03 3.770130599999999783e-16
7.268859464023709734e+03 3.678114599999999887e-16
7.272936640187430385e+03 3.595220100000000054e-16
7.277013816351150126e+03 3.651576300000000336e-16
7.281090992514869868e+03 3.699096300000000466e-16
7.285168168678589609e+03 3.714794100000000308e-16
7.289245344842320264e+03 3.620199600000000207e-16
7.293322521006040006e+03 3.532599899999999972e-16
7.297399697169759747e+03 3.569982300000000060e-16
7.301476873333480398e+03 3.615980400000000065e-16
7.305554049497200140e+03 3.686240700000000190e-16
7.309631225660929886e+03 3.647491199999999717e-16
7.313708401824649627e+03 3.624944399999999889e-16
7.317785577988370278e+03 3.540156299999999800e-16
7.321862754152090019e+03 3.507197400000000048e-16
7.325939930315809761e+03 3.518015400000000356e-16
7.330017106479540416e+03 3.495263400000000001e-16
7.334094282643260158e+03 3.496892400000000071e-16
7.338171458806979899e+03 3.534450300000000117e-16
7.342248634970699641e+03 3.609141299999999776e-16
7.346325811134420292e+03 3.516436800000000086e-16
7.350402987298150038e+03 3.517237799999999840e-16
7.354480163461869779e+03 3.493245600000000412e-16
7.358557339625590430e+03 3.516029999999999864e-16
7.362634515789310171e+03 3.502336500000000068e-16
7.366711691953029913e+03 3.431988899999999884e-16
7.370788868116749654e+03 3.479852699999999744e-16
7.374866044280480310e+03 3.465572400000000087e-16
7.378943220444200051e+03 3.433061700000000006e-16
7.383020396607919793e+03 3.346742699999999934e-16
7.387097572771640444e+03 3.310216200000000069e-16
7.391174748935370189e+03 3.374754299999999977e-16
7.395251925099089931e+03 3.467250900000000120e-16
7.399329101262809672e+03 3.457219500000000187e-16
7.403406277426530323e+03 3.331521900000000494e-16
7.407483453590250065e+03 3.360995100000000177e-16
7.411560629753979811e+03 3.364454700000000014e-16
7.415637805917699552e+03 3.350976299999999948e-16
7.419714982081420203e+03 3.242355299999999854e-16
7.423792158245139944e+03 3.206157300000000011e-16
7.427869334408859686e+03 3.350993400000000321e-16
7.431946510572590341e+03 3.387622499999999956e-16
7.436023686736310083e+03 3.304617299999999839e-16
7.440100862900029824e+03 3.247812000000000048e-16
7.444178039063749566e+03 3.178916999999999646e-16
7.448255215227470217e+03 3.174451200000000515e-16
7.452332391391199963e+03 3.290894099999999968e-16
7.456409567554919704e+03 3.232821600000000048e-16
7.460486743718640355e+03 3.254837399999999829e-16
7.464563919882360096e+03 3.258833400000000220e-16
7.468641096046079838e+03 3.039047999999999916e-16
7.472718272209809584e+03 3.024092700000000006e-16
7.476795448373530235e+03 3.083131799999999940e-16
7.480872624537249976e+03 3.153104999999999987e-16
7.484949800700969718e+03 3.132881100000000037e-16
7.489026976864700373e+03 3.135599100000000271e-16
7.493104153028420114e+03 3.054364199999999930e-16
7.497181329192139856e+03 3.009051000000000368e-16
7.501258505355859597e+03 3.036726900000000207e-16
7.505335681519580248e+03 2.990475000000000044e-16
7.509412857683299990e+03 3.017662200000000108e-16
7.513490033847029736e+03 2.975605200000000518e-16
7.517567210010750387e+03 2.935259100000000057e-16
7.521644386174470128e+03 2.979729899999999924e-16
7.525721562338189869e+03 3.006466199999999817e-16
7.529798738501909611e+03 3.017079899999999929e-16
7.533875914665640266e+03 2.975879699999999907e-16
7.537953090829360008e+03 2.922623099999999688e-16
7.542030266993079749e+03 3.007074600000000228e-16
7.546107443156800400e+03 3.040884000000000189e-16
7.550184619320520142e+03 3.028760100000000312e-16
7.554261795484249888e+03 3.022481700000000146e-16
7.558338971647969629e+03 2.940130800000000065e-16
7.562416147811690280e+03 2.939529599999999837e-16
7.566493323975410021e+03 2.923551900000000098e-16
7.570570500139139767e+03 2.892980699999999898e-16
7.574647676302860418e+03 2.917607399999999968e-16
7.578724852466580160e+03 2.951640900000000011e-16
7.582802028630299901e+03 3.028998599999999773e-16
7.586879204794019643e+03 2.977147799999999873e-16
7.590956380957750298e+03 2.793098700000000201e-16
7.595033557121470039e+03 2.847768299999999937e-16
7.599110733285189781e+03 2.981476799999999968e-16
7.603187909448910432e+03 2.817729899999999954e-16
7.607265085612630173e+03 2.755645200000000095e-16
7.611342261776359919e+03 2.881632599999999875e-16
7.615419437940079661e+03 2.776074300000000078e-16
7.619496614103800312e+03 2.849535000000000361e-16
7.623573790267520053e+03 2.836137600000000010e-16
7.627650966431239794e+03 2.753758800000000021e-16
7.631728142594970450e+03 2.864016900000000207e-16
7.635805318758690191e+03 2.775105000000000057e-16
7.639882494922409933e+03 2.816137800000000142e-16
7.643959671086129674e+03 2.816163000000000043e-16
7.648036847249850325e+03 2.812777199999999738e-16
7.652114023413570067e+03 2.857030200000000361e-16
7.656191199577299813e+03 2.878215299999999818e-16
7.660268375741019554e+03 2.885903999999999986e-16
7.664345551904740205e+03 2.859190199999999986e-16
7.668422728068459946e+03 2.883780900000000127e-16
7.672499904232189692e+03 2.820631500000000166e-16
7.676577080395910343e+03 2.796527700000000124e-16
7.680654256559630085e+03 2.793517200000000289e-16
7.684731432723349826e+03 2.818500300000000287e-16
7.688808608887069568e+03 2.825645400000000210e-16
7.692885785050800223e+03 2.842176599999999890e-16
7.696962961214519964e+03 2.837665799999999986e-16
7.701040137378239706e+03 2.799420299999999985e-16
7.705117313541960357e+03 2.778552000000000189e-16
7.709194489705680098e+03 2.691881099999999872e-16
7.713271665869409844e+03 2.601074700000000121e-16
7.717348842033129586e+03 2.576997000000000309e-16
7.721426018196850237e+03 2.642851800000000308e-16
7.725503194360569978e+03 2.773469700000000134e-16
7.729580370524289719e+03 2.761918200000000246e-16
7.733657546688020375e+03 2.730982500000000097e-16
7.737734722851740116e+03 2.756834100000000022e-16
7.741811899015459858e+03 2.700738900000000081e-16
7.745889075179179599e+03 2.646017099999999882e-16
7.749966251342900250e+03 2.622157199999999808e-16
7.754043427506629996e+03 2.635427699999999833e-16
7.758120603670349738e+03 2.768961600000000238e-16
7.762197779834070388e+03 2.777292000000000244e-16
7.766274955997790130e+03 2.701464300000000134e-16
7.770352132161509871e+03 2.687922900000000071e-16
7.774429308325239617e+03 2.618454600000000334e-16
7.778506484488960268e+03 2.560395599999999956e-16
7.782583660652680010e+03 2.663405100000000117e-16
7.786660836816399751e+03 2.740454100000000237e-16
7.790738012980120402e+03 2.723769000000000163e-16
7.794815189143850148e+03 2.716714800000000144e-16
7.798892365307569889e+03 2.642242500000000060e-16
7.802969541471289631e+03 2.648187900000000028e-16
7.807046717635010282e+03 2.661736500000000273e-16
7.811123893798730023e+03 2.672829899999999808e-16
7.815201069962459769e+03 2.637508500000000405e-16
7.819278246126180420e+03 2.526854400000000026e-16
7.823355422289900162e+03 2.474998200000000112e-16
7.827432598453619903e+03 2.513065500000000150e-16
7.831509774617339644e+03 2.590480800000000388e-16
7.835586950781070300e+03 2.584587600000000390e-16
7.839664126944790041e+03 2.579938199999999802e-16
7.843741303108509783e+03 2.643803100000000119e-16
7.847818479272230434e+03 2.690307900000000109e-16
7.851895655435950175e+03 2.652513300000000278e-16
7.855972831599679921e+03 2.612123100000000361e-16
7.860050007763399663e+03 2.666875499999999981e-16
7.864127183927120313e+03 2.681229600000000156e-16
7.868204360090840055e+03 2.684863800000000112e-16
7.872281536254559796e+03 2.608938000000000408e-16
7.876358712418290452e+03 2.681826299999999715e-16
7.880435888582010193e+03 2.682805500000000419e-16
7.884513064745729935e+03 2.643797700000000105e-16
7.888590240909449676e+03 2.771649000000000065e-16
7.892667417073170327e+03 2.711317500000000102e-16
7.896744593236900073e+03 2.622642300000000231e-16
7.900821769400619814e+03 2.769223499999999923e-16
7.904898945564339556e+03 2.736644399999999832e-16
7.908976121728060207e+03 2.717451000000000225e-16
7.913053297891779948e+03 2.703041100000000235e-16
7.917130474055509694e+03 2.761169399999999969e-16
7.921207650219230345e+03 2.639782800000000159e-16
7.925284826382950087e+03 2.658976200000000259e-16
7.929362002546669828e+03 2.787284700000000241e-16
7.933439178710389569e+03 2.662930800000000215e-16
7.937516354874120225e+03 2.723769000000000163e-16
7.941593531037839966e+03 2.767757400000000107e-16
7.945670707201559708e+03 2.744622000000000247e-16
7.949747883365280359e+03 2.790661500000000194e-16
7.953825059529000100e+03 2.863843199999999925e-16
7.957902235692729846e+03 2.788655399999999978e-16
7.961979411856449588e+03 2.726011800000000164e-16
7.966056588020170238e+03 2.796452100000000423e-16
7.970133764183889980e+03 2.822361299999999838e-16
7.974210940347609721e+03 2.822176800000000022e-16
7.978288116511340377e+03 2.848785299999999752e-16
7.982365292675060118e+03 2.774282400000000247e-16
7.986442468838779860e+03 2.726562600000000098e-16
7.990519645002499601e+03 2.829564000000000238e-16
7.994596821166220252e+03 2.858321700000000058e-16
7.998673997329949998e+03 2.867859900000000041e-16
8.002751173493669739e+03 2.889446399999999706e-16
8.006828349657390390e+03 2.922146100000000272e-16
8.010905525821110132e+03 2.965770000000000267e-16
8.014982701984829873e+03 2.904246900000000369e-16
8.019059878148559619e+03 2.883414600000000009e-16
8.023137054312280270e+03 2.852361900000000217e-16
8.027214230476000012e+03 2.914071300000000100e-16
8.031291406639719753e+03 2.848483799999999801e-16
8.035368582803450408e+03 2.774325599999999865e-16
8.039445758967170150e+03 2.829689099999999902e-16
8.043522935130889891e+03 2.791822499999999721e-16
8.047600111294609633e+03 2.829204000000000465e-16
8.051677287458330284e+03 2.871727199999999937e-16
8.055754463622060030e+03 2.866968899999999727e-16
8.059831639785779771e+03 2.805287400000000245e-16
8.063908815949500422e+03 2.782107900000000437e-16
8.067985992113220163e+03 2.778372000000000056e-16
8.072063168276939905e+03 2.779624799999999819e-16
8.076140344440659646e+03 2.811580200000000283e-16
8.080217520604390302e+03 2.816444700000000108e-16
8.084294696768110043e+03 2.784317400000000025e-16
8.088371872931829785e+03 2.766093299999999946e-16
8.092449049095550436e+03 2.771641799999999882e-16
8.096526225259270177e+03 2.720274299999999743e-16
8.100603401422999923e+03 2.650608899999999994e-16
8.104680577586719664e+03 2.682341100000000214e-16
8.108757753750440315e+03 2.728542600000000083e-16
8.112834929914160057e+03 2.684105100000000138e-16
8.116912106077889803e+03 2.675467799999999673e-16
8.120989282241610454e+03 2.716636499999999943e-16
8.125066458405330195e+03 2.635951500000000191e-16
8.129143634569049937e+03 2.568032999999999992e-16
8.133220810732769678e+03 2.605169700000000437e-16
8.137297986896500333e+03 2.597419799999999948e-16
8.141375163060220075e+03 2.594898899999999726e-16
8.145452339223939816e+03 2.608002900000000145e-16
8.149529515387659558e+03 2.664440100000000143e-16
8.153606691551380209e+03 2.620122299999999847e-16
8.157683867715099950e+03 2.616619499999999899e-16
8.161761043878829696e+03 2.550372300000000044e-16
8.165838220042550347e+03 2.628442799999999663e-16
8.169915396206270088e+03 2.552381100000000268e-16
8.173992572369989830e+03 2.652130800000000118e-16
8.178069748533709571e+03 2.539881000000000082e-16
8.182146924697440227e+03 2.563956900000000218e-16
8.186224100861159968e+03 2.586378599999999890e-16
8.190301277024879710e+03 2.575124100000000270e-16
8.194378453188599451e+03 2.550022199999999968e-16
8.198455629352320102e+03 2.560346999999999832e-16
8.202532805516049848e+03 2.546844300000000197e-16
8.206609981679770499e+03 2.521139399999999991e-16
8.210687157843489331e+03 2.433854700000000235e-16
8.214764334007209982e+03 2.391219000000000311e-16
8.218841510170939728e+03 2.357999099999999725e-16
8.222918686334660379e+03 2.290286700000000384e-16
8.226995862498379211e+03 2.322539999999999969e-16
8.231073038662099862e+03 2.349757799999999948e-16
8.235150214825820512e+03 2.430299700000000319e-16
8.239227390989539344e+03 2.469930299999999930e-16
8.243304567153270909e+03 2.348899200000000210e-16
8.247381743316989741e+03 2.351167200000000112e-16
8.251458919480710392e+03 2.381836499999999906e-16
8.255536095644429224e+03 2.326366800000000254e-16
8.259613271808149875e+03 2.202012000000000143e-16
8.263690447971879621e+03 2.228973300000000203e-16
8.267767624135600272e+03 2.302011000000000223e-16
8.271844800299319104e+03 2.259592200000000197e-16
8.275921976463039755e+03 2.236544099999999904e-16
8.279999152626769501e+03 2.154303900000000107e-16
8.284076328790490152e+03 2.158674300000000143e-16
8.288153504954210803e+03 2.217918600000000111e-16
8.292230681117929635e+03 2.138224500000000189e-16
8.296307857281650286e+03 2.106801899999999941e-16
8.300385033445380031e+03 2.168195399999999999e-16
8.304462209609100682e+03 2.139637499999999952e-16
8.308539385772819514e+03 2.076024600000000117e-16
8.312616561936540165e+03 2.057155200000000355e-16
8.316693738100260816e+03 2.023397099999999786e-16
8.320770914263990562e+03 1.993945500000000157e-16
8.324848090427709394e+03 1.923123600000000070e-16
8.328925266591430045e+03 1.994194800000000139e-16
8.333002442755150696e+03 2.044989900000000289e-16
8.337079618918869528e+03 1.946146499999999970e-16
8.341156795082599274e+03 1.916436600000000007e-16
8.345233971246319925e+03 1.965140100000000050e-16
8.349311147410040576e+03 2.026188900000000045e-16
8.353388323573759408e+03 1.938164400000000118e-16
8.357465499737480059e+03 1.796228999999999935e-16
8.361542675901200710e+03 1.773959399999999996e-16
8.365619852064930456e+03 1.839289500000000046e-16
8.369697028228649287e+03 1.887874200000000031e-16
8.373774204392369938e+03 1.848850199999999921e-16
8.377851380556099684e+03 1.867900499999999901e-16
8.381928556719820335e+03 1.843407900000000093e-16
8.386005732883539167e+03 1.747883699999999990e-16
8.390082909047259818e+03 1.760943600000000214e-16
8.394160085210980469e+03 1.767143700000000178e-16
8.398237261374699301e+03 1.822542300000000059e-16
8.402314437538430866e+03 1.700906400000000020e-16
8.406391613702149698e+03 1.807329600000000146e-16
8.410468789865870349e+03 1.929094200000000186e-16
8.414545966029589181e+03 1.922051700000000032e-16
8.418623142193309832e+03 1.814514300000000089e-16
8.422700318357039578e+03 1.825227899999999964e-16
8.426777494520760229e+03 1.809112500000000118e-16
8.430854670684480880e+03 1.781711999999999999e-16
8.434931846848199712e+03 1.825542000000000112e-16
8.439009023011920362e+03 1.888294500000000041e-16
8.443086199175650108e+03 1.872952200000000042e-16
8.447163375339370759e+03 1.954576800000000232e-16
8.451240551503089591e+03 1.909615499999999929e-16
8.455317727666810242e+03 1.858643100000000146e-16
8.459394903830530893e+03 1.919566800000000231e-16
8.463472079994260639e+03 1.874086199999999993e-16
8.467549256157979471e+03 1.860991199999999925e-16
8.471626432321700122e+03 1.912681799999999825e-16
8.475703608485420773e+03 1.871125200000000121e-16
8.479780784649150519e+03 1.900834199999999999e-16
8.483857960812869351e+03 1.961467200000000160e-16
8.487935136976590002e+03 1.920000600000000029e-16
8.492012313140310653e+03 1.937030400000000167e-16
8.496089489304029485e+03 2.027908800000000020e-16
8.500166665467750136e+03 2.089413000000000116e-16
8.504243841631470787e+03 2.097307799999999908e-16
8.508321017795200532e+03 2.001896100000000257e-16
8.512398193958919364e+03 1.922222700000000060e-16
8.516475370122640015e+03 1.979984700000000169e-16
8.520552546286360666e+03 2.020667400000000178e-16
8.524629722450079498e+03 2.023296300000000185e-16
8.528706898613809244e+03 2.017718099999999926e-16
8.532784074777529895e+03 1.945219499999999975e-16
8.536861250941250546e+03 1.988562599999999989e-16
8.540938427104969378e+03 2.072997900000000241e-16
8.545015603268699124e+03 2.142171000000000124e-16
8.549092779432419775e+03 2.184883200000000081e-16
8.553169955596140426e+03 2.137824900000000150e-16
8.557247131759859258e+03 2.082123899999999987e-16
8.561324307923579909e+03 2.099368799999999854e-16
8.565401484087309655e+03 2.073083399999999885e-16
8.569478660251030306e+03 2.103256800000000214e-16
8.573555836414749137e+03 2.109140100000000024e-16
8.577633012578469788e+03 2.112247800000000108e-16
8.581710188742190439e+03 2.180578499999999802e-16
8.585787364905920185e+03 2.159807400000000256e-16
8.589864541069640836e+03 2.200826700000000061e-16
8.593941717233359668e+03 2.194667100000000200e-16
8.598018893397080319e+03 2.150570699999999979e-16
8.602096069560799151e+03 2.152822500000000086e-16
8.606173245724530716e+03 2.232484200000000171e-16
8.610250421888249548e+03 2.234977199999999993e-16
8.614327598051970199e+03 2.199227400000000066e-16
8.618404774215690850e+03 2.192954400000000162e-16
8.622481950379409682e+03 2.197886400000000160e-16
8.626559126543139428e+03 2.233168199999999790e-16
8.630636302706860079e+03 2.228253300000000164e-16
8.634713478870580730e+03 2.224758600000000238e-16
8.638790655034299562e+03 2.208051900000000354e-16
8.642867831198029307e+03 2.123221499999999992e-16
8.646945007361749958e+03 2.123498700000000128e-16
8.651022183525470609e+03 2.209216499999999973e-16
8.655099359689189441e+03 2.219100299999999855e-16
8.659176535852910092e+03 2.136761100000000133e-16
8.663253712016639838e+03 2.113561799999999945e-16
8.667330888180360489e+03 2.150835299999999919e-16
8.671408064344079321e+03 2.186993699999999990e-16
8.675485240507799972e+03 2.142513900000000018e-16
8.679562416671520623e+03 2.158479899999999891e-16
8.683639592835250369e+03 2.263877099999999850e-16
8.687716768998960106e+03 2.266404300000000417e-16
8.691793945162689852e+03 2.191878899999999785e-16
8.695871121326410503e+03 2.062793699999999865e-16
8.699948297490129335e+03 2.048525100000000073e-16
8.704025473653860900e+03 2.138309999999999833e-16
8.708102649817579731e+03 2.099640600000000223e-16
8.712179825981300382e+03 2.155222800000000328e-16
8.716257002145019214e+03 2.155670099999999914e-16
8.720334178308739865e+03 2.242157400000000500e-16
8.724411354472460516e+03 2.208746699999999754e-16
8.728488530636190262e+03 2.105900099999999847e-16
8.732565706799909094e+03 2.145077999999999858e-16
8.736642882963629745e+03 2.159179200000000206e-16
8.740720059127359491e+03 2.138994000000000191e-16
8.744797235291069228e+03 2.132124300000000234e-16
8.748874411454800793e+03 2.118158099999999986e-16
8.752951587618519625e+03 2.119080600000000052e-16
8.757028763782240276e+03 2.115543600000000099e-16
8.761105939945959108e+03 2.088098099999999947e-16
8.765183116109690673e+03 2.006078400000000140e-16
8.769260292273409505e+03 2.015376299999999999e-16
8.773337468437130156e+03 2.070764099999999851e-16
8.777414644600850806e+03 2.018601000000000218e-16
8.781491820764569638e+03 2.105752499999999797e-16
8.785568996928290289e+03 2.075163299999999879e-16
8.789646173092020035e+03 2.059905599999999933e-16
8.793723349255740686e+03 2.055600000000000309e-16
8.797800525419459518e+03 2.062770300000000133e-16
8.801877701583180169e+03 2.107363499999999903e-16
8.805954877746909915e+03 2.076637499999999964e-16
8.810032053910630566e+03 2.045826899999999971e-16
8.814109230074349398e+03 2.081033100000000147e-16
8.818186406238070049e+03 2.084525100000000313e-16
8.822263582401790700e+03 2.088434699999999989e-16
8.826340758565509532e+03 1.982041199999999939e-16
8.830417934729239278e+03 1.906723800000000152e-16
8.834495110892959929e+03 1.854438300000000124e-16
8.838572287056680580e+03 1.863348300000000055e-16
8.842649463220399412e+03 1.919197800000000106e-16
8.846726639384129157e+03 1.970512200000000191e-16
8.850803815547849808e+03 2.058924599999999799e-16
8.854880991711570459e+03 1.945416599999999987e-16
8.858958167875289291e+03 1.921695300000000104e-16
8.863035344039009942e+03 1.976750100000000006e-16
8.867112520202739688e+03 1.953097200000000134e-16
8.871189696366460339e+03 2.000798099999999988e-16
8.875266872530179171e+03 2.068985700000000301e-16
8.879344048693899822e+03 2.018475900000000062e-16
8.883421224857620473e+03 1.929362399999999970e-16
8.887498401021350219e+03 1.888000200000000025e-16
8.891575577185070870e+03 1.859207400000000115e-16
8.895652753348789702e+03 1.871324999999999894e-16
8.899729929512510353e+03 1.878362999999999871e-16
8.903807105676229185e+03 1.845835200000000157e-16
8.907884281839960749e+03 1.829120400000000007e-16
8.911961458003679581e+03 1.722011400000000094e-16
8.916038634167400232e+03 1.693521900000000057e-16
8.920115810331120883e+03 1.718016300000000034e-16
8.924192986494839715e+03 1.766168100000000058e-16
8.928270162658569461e+03 1.713432599999999943e-16
8.932347338822290112e+03 1.710740700000000187e-16
8.936424514986010763e+03 1.730850300000000007e-16
8.940501691149729595e+03 1.794768300000000132e-16
8.944578867313459341e+03 1.757091600000000028e-16
8.948656043477179992e+03 1.679136299999999883e-16
8.952733219640900643e+03 1.769290200000000015e-16
8.956810395804619475e+03 1.905761700000000067e-16
8.960887571968340126e+03 1.875423600000000055e-16
8.964964748132069872e+03 1.715617800000000208e-16
8.969041924295790523e+03 1.743714000000000057e-16
8.973119100459509355e+03 1.791605700000000072e-16
8.977196276623230005e+03 1.719078300000000129e-16
8.981273452786950656e+03 1.726927200000000050e-16
8.985350628950669488e+03 1.710866699999999935e-16
8.989427805114399234e+03 1.754529300000000111e-16
8.993504981278119885e+03 1.801628099999999899e-16
8.997582157441840536e+03 1.809783900000000032e-16
9.001659333605559368e+03 1.811700900000000020e-16
9.005736509769280019e+03 1.782409500000000145e-16
9.009813685933009765e+03 1.671017400000000009e-16
9.013890862096730416e+03 1.705562099999999967e-16
9.017968038260449248e+03 1.778898600000000177e-16
9.022045214424169899e+03 1.633953599999999998e-16
9.026122390587899645e+03 1.614508200000000156e-16
9.030199566751620296e+03 1.752122700000000018e-16
9.034276742915339128e+03 1.760573700000000004e-16
9.038353919079059779e+03 1.650254399999999991e-16
9.042431095242780430e+03 1.665198000000000035e-16
9.046508271406499262e+03 1.694693700000000105e-16
9.050585447570219912e+03 1.680607800000000207e-16
9.054662623733949658e+03 1.667085299999999947e-16
9.058739799897670309e+03 1.643213700000000006e-16
9.062816976061389141e+03 1.661792400000000091e-16
9.066894152225120706e+03 1.636734599999999984e-16
9.070971328388839538e+03 1.520568900000000174e-16
9.075048504552560189e+03 1.490320799999999981e-16
9.079125680716280840e+03 1.562509799999999959e-16
9.083202856879999672e+03 1.644491700000000163e-16
9.087280033043720323e+03 1.588702500000000102e-16
9.091357209207450069e+03 1.566002699999999963e-16
9.095434385371170720e+03 1.620211500000000078e-16
9.099511561534889552e+03 1.572325200000000077e-16
9.103588737698610203e+03 1.545789600000000041e-16
9.107665913862330854e+03 1.598218200000000191e-16
9.111743090026060599e+03 1.607957100000000030e-16
9.115820266189779431e+03 1.593656999999999993e-16
9.119897442353500082e+03 1.619347500000000080e-16
9.123974618517220733e+03 1.662730200000000114e-16
9.128051794680950479e+03 1.594824300000000112e-16
9.132128970844669311e+03 1.473221699999999995e-16
9.136206147008389962e+03 1.525479299999999870e-16
9.140283323172110613e+03 1.603031400000000131e-16
9.144360499335829445e+03 1.576963799999999898e-16
9.148437675499550096e+03 1.563088500000000047e-16
9.152514851663279842e+03 1.572857100000000209e-16
9.156592027827000493e+03 1.596307500000000055e-16
9.160669203990719325e+03 1.608721200000000018e-16
9.164746380154439976e+03 1.646968500000000189e-16
9.168823556318160627e+03 1.670507099999999932e-16
9.172900732481890373e+03 1.630505700000000028e-16
9.176977908645609205e+03 1.649215799999999874e-16
9.181055084809329855e+03 1.627121699999999892e-16
9.185132260973050506e+03 1.595397599999999939e-16
9.189209437136780252e+03 1.603168200000000153e-16
9.193286613300500903e+03 1.525959000000000032e-16
9.197363789464219735e+03 1.527881400000000034e-16
9.201440965627940386e+03 1.575890099999999937e-16
9.205518141791659218e+03 1.536606000000000065e-16
9.209595317955390783e+03 1.448657100000000084e-16
9.213672494119109615e+03 1.513726200000000040e-16
9.217749670282830266e+03 1.543662900000000091e-16
9.221826846446549098e+03 1.605852899999999973e-16
9.225904022610269749e+03 1.628634599999999911e-16
9.229981198773999495e+03 1.595707199999999912e-16
9.234058374937720146e+03 1.582947900000000048e-16
9.238135551101440797e+03 1.496931300000000012e-16
9.242212727265159629e+03 1.518596100000000125e-16
9.246289903428880280e+03 1.621161900000000051e-16
9.250367079592599111e+03 1.605041099999999945e-16
9.254444255756330676e+03 1.537698600000000074e-16
9.258521431920049508e+03 1.547052300000000240e-16
9.262598608083770159e+03 1.619976599999999969e-16
9.266675784247490810e+03 1.539441900000000027e-16
9.270752960411220556e+03 1.508579100000000065e-16
9.274830136574939388e+03 1.687743000000000188e-16
9.278907312738660039e+03 1.649837700000000072e-16
9.282984488902380690e+03 1.523707199999999925e-16
9.287061665066099522e+03 1.525615200000000054e-16
9.291138841229829268e+03 1.468508400000000065e-16
9.295216017393549919e+03 1.514178000000000048e-16
9.299293193557270570e+03 1.619400600000000134e-16
9.303370369720989402e+03 1.624972500000000048e-16
9.307447545884710053e+03 1.424854799999999994e-16
9.311524722048439799e+03 1.404898199999999990e-16
9.315601898212160449e+03 1.390941900000000178e-16
9.319679074375879281e+03 1.439512200000000043e-16
9.323756250539599932e+03 1.662644699999999977e-16
9.327833426703329678e+03 1.440713700000000167e-16
9.331910602867039415e+03 1.525472100000000180e-16
9.335987779030769161e+03 1.597091399999999930e-16
9.340064955194489812e+03 1.417309199999999946e-16
9.344142131358210463e+03 1.429703100000000023e-16
9.348219307521929295e+03 1.596645900000000019e-16
9.352296483685660860e+03 1.564308899999999973e-16
9.356373659849379692e+03 1.504114200000000033e-16
9.360450836013100343e+03 1.650263400000000096e-16
9.364528012176819175e+03 1.556475300000000009e-16
9.368605188340539826e+03 1.364639400000000082e-16
9.372682364504260477e+03 1.529964000000000035e-16
9.376759540667990223e+03 1.717634699999999959e-16
9.380836716831710874e+03 1.680423300000000145e-16
9.384913892995429705e+03 1.623866400000000005e-16
9.388991069159150356e+03 1.609975799999999950e-16
9.393068245322880102e+03 1.576486799999999989e-16
9.397145421486600753e+03 1.527324300000000001e-16
9.401222597650319585e+03 1.572525899999999935e-16
9.405299773814040236e+03 1.622739599999999990e-16
9.409376949977760887e+03 1.697881500000000066e-16
9.413454126141479719e+03 1.657964699999999968e-16
9.417531302305209465e+03 1.580883300000000010e-16
9.421608478468930116e+03 1.695025799999999971e-16
9.425685654632650767e+03 1.642387499999999859e-16
9.429762830796369599e+03 1.647010799999999969e-16
9.433840006960099345e+03 1.533597299999999906e-16
9.437917183123819996e+03 1.612554299999999909e-16
9.441994359287540647e+03 1.545692400000000038e-16
9.446071535451259479e+03 1.609378200000000060e-16
9.450148711614980130e+03 1.584989100000000108e-16
9.454225887778709875e+03 1.719023399999999906e-16
9.458303063942430526e+03 1.716355799999999965e-16
9.462380240106149358e+03 1.597635900000000012e-16
9.466457416269870009e+03 1.630128600000000128e-16
9.470534592433590660e+03 1.629241199999999906e-16
9.474611768597320406e+03 1.599291000000000067e-16
9.478688944761039238e+03 1.589768999999999880e-16
9.482766120924759889e+03 1.591963200000000003e-16
9.486843297088480540e+03 1.629692999999999915e-16
9.490920473252210286e+03 1.531485000000000075e-16
9.494997649415929118e+03 1.497477600000000017e-16
9.499074825579649769e+03 1.663670699999999897e-16
9.503152001743370420e+03 1.655383500000000002e-16
9.507229177907089252e+03 1.589301899999999914e-16
9.511306354070820817e+03 1.617998399999999906e-16
9.515383530234539649e+03 1.639548000000000052e-16
9.519460706398260299e+03 1.634218199999999938e-16
9.523537882561979131e+03 1.507209300000000166e-16
9.527615058725699782e+03 1.530800099999999879e-16
9.531692234889420433e+03 1.600066800000000167e-16
9.535769411053150179e+03 1.497412800000000097e-16
9.539846587216870830e+03 1.439835300000000050e-16
9.543923763380589662e+03 1.379291400000000118e-16
9.548000939544310313e+03 1.413458999999999930e-16
9.552078115708029145e+03 1.630430100000000080e-16
9.556155291871760710e+03 1.667733300000000130e-16
9.560232468035479542e+03 1.548873000000000063e-16
9.564309644199200193e+03 1.572453900000000079e-16
9.568386820362920844e+03 1.426567500000000032e-16
9.572463996526639676e+03 1.476018000000000184e-16
9.576541172690369422e+03 1.638685800000000223e-16
9.580618348854090073e+03 1.548715500000000070e-16
9.584695525017810724e+03 1.359297900000000102e-16
9.588772701181529555e+03 1.475021700000000093e-16
9.592849877345259301e+03 1.633941900000000133e-16
9.596927053508979952e+03 1.590061499999999973e-16
9.601004229672700603e+03 1.573300800000000197e-16
9.605081405836419435e+03 1.575431099999999992e-16
9.609158582000140086e+03 1.626870599999999987e-16
9.613235758163860737e+03 1.543860900000000188e-16
9.617312934327590483e+03 1.405092599999999996e-16
9.621390110491309315e+03 1.385040600000000158e-16
9.625467286655029966e+03 1.428980399999999977e-16
9.629544462818750617e+03 1.461746700000000138e-16
9.633621638982469449e+03 1.322332199999999932e-16
9.637698815146199195e+03 1.353068100000000061e-16
9.641775991309919846e+03 1.440042300000000006e-16
9.645853167473640497e+03 1.510563600000000226e-16
9.649930343637359329e+03 1.509057000000000058e-16
9.654007519801090893e+03 1.434856500000000096e-16
9.658084695964809725e+03 1.478371499999999976e-16
9.662161872128530376e+03 1.479819599999999829e-16
9.666239048292249208e+03 1.451156400000000005e-16
9.670316224455969859e+03 1.460048399999999972e-16
9.674393400619699605e+03 1.437640200000000089e-16
9.678470576783420256e+03 1.523252700000000156e-16
9.682547752947140907e+03 1.515638700000000098e-16
9.686624929110859739e+03 1.347556499999999891e-16
9.690702105274580390e+03 1.262062800000000128e-16
9.694779281438299222e+03 1.306782899999999977e-16
9.698856457602030787e+03 1.431990900000000058e-16
9.702933633765749619e+03 1.387409399999999908e-16
9.707010809929470270e+03 1.389941999999999995e-16
9.711087986093189102e+03 1.424300400000000215e-16
9.715165162256909753e+03 1.488241800000000071e-16
9.719242338420639499e+03 1.406916899999999910e-16
9.723319514584360149e+03 1.447200899999999964e-16
9.727396690748080800e+03 1.492380000000000005e-16
9.731473866911799632e+03 1.451691899999999981e-16
9.735551043075520283e+03 1.384569000000000016e-16
9.739628219239250029e+03 1.286271899999999948e-16
9.743705395402970680e+03 1.337092199999999998e-16
9.747782571566689512e+03 1.316780999999999989e-16
9.751859747730410163e+03 1.098521999999999985e-16
9.755936923894139909e+03 1.262209500000000094e-16
9.760014100057860560e+03 1.445638499999999983e-16
9.764091276221579392e+03 1.477048500000000033e-16
9.768168452385300043e+03 1.271983500000000023e-16
9.772245628549020694e+03 1.301299199999999960e-16
9.776322804712750440e+03 1.257314399999999862e-16
9.780399980876469272e+03 1.209875399999999940e-16
9.784477157040189923e+03 1.246264199999999945e-16
9.788554333203910574e+03 1.396402200000000216e-16
9.792631509367629405e+03 1.373996700000000093e-16
9.796708685531359151e+03 1.238243400000000158e-16
9.800785861695079802e+03 1.388812499999999974e-16
9.804863037858800453e+03 1.405693800000000223e-16
9.808940214022519285e+03 1.306204200000000136e-16
9.813017390186239936e+03 1.295647200000000170e-16
9.817094566349969682e+03 1.288318500000000022e-16
9.821171742513690333e+03 1.204747200000000014e-16
9.825248918677409165e+03 1.192995900000000106e-16
9.829326094841129816e+03 1.058497200000000103e-16
9.833403271004850467e+03 1.104244200000000080e-16
9.837480447168580213e+03 1.332999900000000182e-16
9.841557623332300864e+03 1.293149699999999925e-16
9.845634799496019696e+03 1.193934599999999967e-16
9.849711975659740347e+03 1.270928700000000111e-16
9.853789151823470092e+03 1.371917699999999936e-16
9.857866327987190743e+03 1.213566300000000041e-16
9.861943504150909575e+03 1.318022999999999970e-16
9.866020680314630226e+03 1.509872400000000178e-16
9.870097856478350877e+03 1.412632800000000029e-16
9.874175032642069709e+03 1.435493700000000006e-16
9.878252208805799455e+03 1.239930900000000050e-16
9.882329384969520106e+03 9.904644000000000219e-17
9.886406561133240757e+03 1.212629399999999856e-16
9.890483737296959589e+03 1.273691699999999886e-16
9.894560913460680240e+03 1.249904700000000245e-16
9.898638089624400891e+03 1.268962199999999914e-16
9.902715265788130637e+03 1.514440800000000065e-16
9.906792441951849469e+03 1.019395800000000124e-16
9.910869618115570120e+03 9.144252000000000267e-17
9.914946794279290771e+03 1.274576400000000101e-16
9.919023970443020517e+03 1.304912700000000192e-16
9.923101146606739348e+03 1.161860399999999938e-16
9.927178322770459999e+03 9.223641000000000146e-17
9.931255498934180650e+03 9.705059999999999726e-17
9.935332675097899482e+03 1.119382200000000006e-16
9.939409851261629228e+03 1.282181400000000054e-16
9.943487027425349879e+03 1.486314000000000055e-16
9.947564203589070530e+03 1.304960399999999985e-16
9.951641379752789362e+03 9.762272999999999823e-17
9.955718555916510013e+03 1.112373000000000020e-16
9.959795732080230664e+03 1.144047600000000011e-16
9.963872908243960410e+03 1.222748999999999933e-16
9.967950084407679242e+03 1.600405200000000131e-16
9.972027260571399893e+03 1.170495899999999987e-16
9.976104436735120544e+03 1.081347299999999928e-16
9.980181612898850290e+03 1.471485600000000225e-16
9.984258789062569122e+03 1.531043100000000010e-16
