3381.  2.680160E-15
3382.9499999271  2.667976E-15
3384.89999985419  2.621943E-15
3386.84999978129  2.592869E-15
3388.79999970838  2.607027E-15
3390.74999963548  2.628350E-15
3392.69999956257  2.723530E-15
3394.64999948967  2.690643E-15
3396.59999941676  2.582499E-15
3398.54999934386  2.654220E-15
3400.49999927095  2.744843E-15
3402.44999919805  2.765579E-15
3404.39999912514  2.719927E-15
3406.34999905224  2.730453E-15
3408.29999897933  2.718910E-15
3410.24999890643  2.601126E-15
3412.19999883352  2.492693E-15
3414.14999876062  2.646799E-15
3416.09999868771  2.664746E-15
3418.04999861481  2.582988E-15
3419.9999985419  2.633414E-15
3421.949998469  2.525944E-15
3423.89999839609  2.447390E-15
3425.84999832319  2.531074E-15
3427.79999825028  2.555844E-15
3429.74999817738  2.519147E-15
3431.69999810447  2.489109E-15
3433.64999803157  2.429514E-15
3435.59999795866  2.414268E-15
3437.54999788576  2.448344E-15
3439.49999781285  2.420836E-15
3441.44999773995  2.332473E-15
3443.39999766704  2.337485E-15
3445.34999759414  2.366571E-15
3447.29999752123  2.393536E-15
3449.24999744833  2.425913E-15
3451.19999737542  2.435821E-15
3453.14999730252  2.417004E-15
3455.09999722961  2.357468E-15
3457.04999715671  2.289816E-15
3458.9999970838  2.333308E-15
3460.9499970109  2.382378E-15
3462.89999693799  2.330890E-15
3464.84999686509  2.327972E-15
3466.79999679218  2.330887E-15
3468.74999671928  2.293306E-15
3470.69999664637  2.287542E-15
3472.64999657347  2.270837E-15
3474.59999650056  2.241490E-15
3476.54999642766  2.253701E-15
3478.49999635475  2.283476E-15
3480.44999628185  2.268747E-15
3482.39999620894  2.241675E-15
3484.34999613604  2.224256E-15
3486.29999606313  2.259257E-15
3488.24999599023  2.294680E-15
3490.19999591732  2.255167E-15
3492.14999584442  2.294287E-15
3494.09999577151  2.328744E-15
3496.04999569861  2.305005E-15
3497.9999956257  2.338228E-15
3499.9499955528  2.299332E-15
3501.89999547989  2.249133E-15
3503.84999540699  2.270490E-15
3505.79999533408  2.301657E-15
3507.74999526118  2.286562E-15
3509.69999518827  2.308600E-15
3511.64999511537  2.330426E-15
3513.59999504246  2.285645E-15
3515.54999496956  2.261339E-15
3517.49999489665  2.274002E-15
3519.44999482375  2.252534E-15
3521.39999475084  2.240842E-15
3523.34999467794  2.263664E-15
3525.29999460503  2.259575E-15
3527.24999453213  2.195679E-15
3529.19999445922  2.192665E-15
3531.14999438632  2.224424E-15
3533.09999431341  2.208920E-15
3535.04999424051  2.233456E-15
3536.9999941676  2.181697E-15
3538.9499940947  2.195556E-15
3540.89999402179  2.174908E-15
3542.84999394889  2.170037E-15
3544.79999387598  2.217846E-15
3546.74999380308  2.209490E-15
3548.69999373017  2.176330E-15
3550.64999365727  2.134791E-15
3552.59999358436  2.127518E-15
3554.54999351146  2.177279E-15
3556.49999343855  2.177189E-15
3558.44999336565  2.208297E-15
3560.39999329274  2.236013E-15
3562.34999321984  2.162412E-15
3564.29999314693  2.200445E-15
3566.24999307403  2.192111E-15
3568.19999300112  2.134628E-15
3570.14999292822  2.190240E-15
3572.09999285531  2.239154E-15
3574.04999278241  2.178313E-15
3575.9999927095  2.157061E-15
3577.9499926366  2.194034E-15
3579.89999256369  2.269105E-15
3581.84999249079  2.214827E-15
3583.79999241788  2.189832E-15
3585.74999234498  2.250524E-15
3587.69999227207  2.247250E-15
3589.64999219917  2.218395E-15
3591.59999212626  2.305045E-15
3593.54999205336  2.306110E-15
3595.49999198045  2.262014E-15
3597.44999190755  2.308516E-15
3599.39999183464  2.356458E-15
3601.34999176174  2.359760E-15
3603.29999168883  2.365086E-15
3605.24999161593  2.380501E-15
3607.19999154302  2.345794E-15
3609.14999147012  2.315859E-15
3611.09999139721  2.332006E-15
3613.04999132431  2.386423E-15
3614.9999912514  2.379986E-15
3616.9499911785  2.372874E-15
3618.89999110559  2.337337E-15
3620.84999103269  2.331289E-15
3622.79999095978  2.345163E-15
3624.74999088688  2.408947E-15
3626.69999081397  2.450681E-15
3628.64999074107  2.396766E-15
3630.59999066816  2.381252E-15
3632.54999059526  2.369312E-15
3634.49999052235  2.448398E-15
3636.44999044945  2.447135E-15
3638.39999037654  2.348526E-15
3640.34999030364  2.313958E-15
3642.29999023073  2.309507E-15
3644.24999015783  2.365242E-15
3646.19999008492  2.378810E-15
3648.14999001202  2.397320E-15
3650.09998993911  2.347959E-15
3652.04998986621  2.279999E-15
3653.9999897933  2.296771E-15
3655.9499897204  2.317802E-15
3657.89998964749  2.353352E-15
3659.84998957459  2.325873E-15
3661.79998950168  2.297391E-15
3663.74998942878  2.328474E-15
3665.69998935587  2.300750E-15
3667.64998928297  2.279788E-15
3669.59998921006  2.308584E-15
3671.54998913716  2.312260E-15
3673.49998906425  2.303841E-15
3675.44998899135  2.284847E-15
3677.39998891844  2.262142E-15
3679.34998884554  2.256642E-15
3681.29998877263  2.278835E-15
3683.24998869973  2.312528E-15
3685.19998862682  2.276999E-15
3687.14998855392  2.212639E-15
3689.09998848101  2.231019E-15
3691.04998840811  2.251583E-15
3692.9999883352  2.222923E-15
3694.9499882623  2.229911E-15
3696.89998818939  2.230729E-15
3698.84998811649  2.237848E-15
3700.79998804358  2.252466E-15
3702.74998797068  2.229631E-15
3704.69998789777  2.228278E-15
3706.64998782487  2.265692E-15
3708.59998775196  2.276213E-15
3710.54998767906  2.261806E-15
3712.49998760615  2.264930E-15
3714.44998753325  2.280734E-15
3716.39998746034  2.260973E-15
3718.34998738744  2.261118E-15
3720.29998731453  2.277727E-15
3722.24998724163  2.234615E-15
3724.19998716872  2.219549E-15
3726.14998709582  2.291139E-15
3728.09998702291  2.309614E-15
3730.04998695001  2.261126E-15
3731.9999868771  2.233366E-15
3733.9499868042  2.251381E-15
3735.89998673129  2.297164E-15
3737.84998665839  2.284486E-15
3739.79998658548  2.236633E-15
3741.74998651258  2.285934E-15
3743.69998643967  2.312611E-15
3745.64998636677  2.213124E-15
3747.59998629386  2.210262E-15
3749.54998622096  2.242042E-15
3751.49998614805  2.227669E-15
3753.44998607515  2.243229E-15
3755.39998600224  2.250474E-15
3757.34998592934  2.235715E-15
3759.29998585643  2.232706E-15
3761.24998578353  2.164239E-15
3763.19998571062  2.163991E-15
3765.14998563772  2.188633E-15
3767.09998556481  2.155517E-15
3769.04998549191  2.155120E-15
3770.999985419  2.168809E-15
3772.9499853461  2.155950E-15
3774.89998527319  2.135274E-15
3776.84998520029  2.119002E-15
3778.79998512738  2.094406E-15
3780.74998505448  2.092215E-15
3782.69998498157  2.101286E-15
3784.64998490867  2.087771E-15
3786.59998483576  2.110854E-15
3788.54998476286  2.090422E-15
3790.49998468995  2.081783E-15
3792.44998461705  2.026374E-15
3794.39998454414  2.010115E-15
3796.34998447124  2.040496E-15
3798.29998439833  2.094022E-15
3800.24998432543  2.068288E-15
3802.19998425252  2.032611E-15
3804.14998417962  2.031408E-15
3806.09998410671  2.016632E-15
3808.04998403381  2.038807E-15
3809.9999839609  2.050966E-15
3811.949983888  2.055283E-15
3813.89998381509  2.060310E-15
3815.84998374219  2.073425E-15
3817.79998366928  2.079879E-15
3819.74998359638  2.067703E-15
3821.69998352347  2.058285E-15
3823.64998345057  2.029767E-15
3825.59998337766  2.054851E-15
3827.54998330476  2.073987E-15
3829.49998323185  2.057998E-15
3831.44998315895  2.074916E-15
3833.39998308604  2.065903E-15
3835.34998301314  2.046706E-15
3837.29998294023  2.042631E-15
3839.24998286733  2.049292E-15
3841.19998279442  2.082493E-15
3843.14998272152  2.097012E-15
3845.09998264861  2.067739E-15
3847.04998257571  2.011774E-15
3848.9999825028  2.001377E-15
3850.9499824299  2.027357E-15
3852.89998235699  2.036052E-15
3854.84998228409  2.021845E-15
3856.79998221118  2.005611E-15
3858.74998213828  1.997348E-15
3860.69998206537  1.993622E-15
3862.64998199247  2.004742E-15
3864.59998191956  2.001448E-15
3866.54998184666  1.974868E-15
3868.49998177375  1.972387E-15
3870.44998170085  1.956811E-15
3872.39998162794  1.947653E-15
3874.34998155504  1.957204E-15
3876.29998148213  1.919299E-15
3878.24998140923  1.911917E-15
3880.19998133632  1.943208E-15
3882.14998126342  1.900391E-15
3884.09998119051  1.886253E-15
3886.04998111761  1.923957E-15
3887.9999810447  1.929466E-15
3889.9499809718  1.898592E-15
3891.89998089889  1.855623E-15
3893.84998082599  1.847383E-15
3895.79998075308  1.842761E-15
3897.74998068018  1.818547E-15
3899.69998060727  1.816335E-15
3901.64998053437  1.824711E-15
3903.59998046146  1.805104E-15
3905.54998038856  1.778961E-15
3907.49998031565  1.783918E-15
3909.44998024275  1.787039E-15
3911.39998016984  1.779536E-15
3913.34998009694  1.735482E-15
3915.29998002403  1.699876E-15
3917.24997995113  1.707984E-15
3919.19997987822  1.718693E-15
3921.14997980532  1.720912E-15
3923.09997973241  1.714226E-15
3925.04997965951  1.701441E-15
3926.9999795866  1.697169E-15
3928.9499795137  1.680664E-15
3930.89997944079  1.635326E-15
3932.84997936789  1.620202E-15
3934.79997929498  1.641683E-15
3936.74997922208  1.675984E-15
3938.69997914917  1.662615E-15
3940.64997907627  1.669696E-15
3942.59997900336  1.721042E-15
3944.54997893046  1.722242E-15
3946.49997885755  1.683462E-15
3948.44997878465  1.679535E-15
3950.39997871174  1.692885E-15
3952.34997863884  1.701897E-15
3954.29997856593  1.709124E-15
3956.24997849303  1.744120E-15
3958.19997842012  1.765413E-15
3960.14997834722  1.743340E-15
3962.09997827431  1.740779E-15
3964.04997820141  1.767385E-15
3965.9999781285  1.726467E-15
3967.9499780556  1.719115E-15
3969.89997798269  1.744441E-15
3971.84997790979  1.787096E-15
3973.79997783688  1.781437E-15
3975.74997776398  1.753511E-15
3977.69997769107  1.760479E-15
3979.64997761817  1.797177E-15
3981.59997754526  1.791810E-15
3983.54997747236  1.779534E-15
3985.49997739945  1.806646E-15
3987.44997732655  1.798884E-15
3989.39997725364  1.799491E-15
3991.34997718074  1.807937E-15
3993.29997710783  1.780186E-15
3995.24997703493  1.781018E-15
3997.19997696202  1.821595E-15
3999.14997688912  1.840000E-15
4001.09997681621  1.840376E-15
4003.04997674331  1.826509E-15
4004.9999766704  1.827787E-15
4006.9499765975  1.848161E-15
4008.89997652459  1.848126E-15
4010.84997645169  1.850982E-15
4012.79997637878  1.848654E-15
4014.74997630588  1.852623E-15
4016.69997623297  1.856443E-15
4018.64997616007  1.868001E-15
4020.59997608716  1.880593E-15
4022.54997601426  1.869019E-15
4024.49997594135  1.874853E-15
4026.44997586845  1.870175E-15
4028.39997579554  1.878755E-15
4030.34997572264  1.899542E-15
4032.29997564973  1.921414E-15
4034.24997557683  1.920975E-15
4036.19997550392  1.917906E-15
4038.14997543102  1.889767E-15
4040.09997535811  1.865728E-15
4042.04997528521  1.874896E-15
4043.9999752123  1.876833E-15
4045.9499751394  1.862649E-15
4047.89997506649  1.880964E-15
4049.84997499359  1.874746E-15
4051.79997492068  1.850959E-15
4053.74997484778  1.857847E-15
4055.69997477487  1.870020E-15
4057.64997470197  1.858304E-15
4059.59997462906  1.874640E-15
4061.54997455616  1.872874E-15
4063.49997448325  1.844879E-15
4065.44997441035  1.833793E-15
4067.39997433744  1.826996E-15
4069.34997426454  1.818140E-15
4071.29997419163  1.803924E-15
4073.24997411873  1.790763E-15
4075.19997404582  1.795935E-15
4077.14997397292  1.796581E-15
4079.09997390001  1.775778E-15
4081.04997382711  1.776044E-15
4082.9999737542  1.782807E-15
4084.9499736813  1.787492E-15
4086.89997360839  1.797741E-15
4088.84997353549  1.778019E-15
4090.79997346258  1.765230E-15
4092.74997338968  1.762112E-15
4094.69997331677  1.748022E-15
4096.64997324387  1.738538E-15
4098.59997317096  1.744826E-15
4100.54997309806  1.752382E-15
4102.49997302515  1.771312E-15
4104.44997295225  1.805473E-15
4106.39997287934  1.791723E-15
4108.34997280644  1.743977E-15
4110.29997273353  1.725974E-15
4112.24997266063  1.718246E-15
4114.19997258772  1.705126E-15
4116.14997251482  1.688830E-15
4118.09997244191  1.683797E-15
4120.04997236901  1.673366E-15
4121.9999722961  1.666013E-15
4123.9499722232  1.656567E-15
4125.89997215029  1.668109E-15
4127.84997207739  1.672136E-15
4129.79997200448  1.657725E-15
4131.74997193158  1.616317E-15
4133.69997185867  1.603668E-15
4135.64997178577  1.637238E-15
4137.59997171286  1.642962E-15
4139.54997163996  1.632355E-15
4141.49997156705  1.612374E-15
4143.44997149415  1.618261E-15
4145.39997142124  1.625250E-15
4147.34997134834  1.623305E-15
4149.29997127543  1.615754E-15
4151.24997120253  1.600203E-15
4153.19997112962  1.612253E-15
4155.14997105672  1.606692E-15
4157.09997098381  1.599451E-15
4159.04997091091  1.597986E-15
4160.999970838  1.597392E-15
4162.9499707651  1.596233E-15
4164.89997069219  1.593848E-15
4166.84997061929  1.592337E-15
4168.79997054638  1.577861E-15
4170.74997047348  1.578666E-15
4172.69997040057  1.583722E-15
4174.64997032767  1.585771E-15
4176.59997025476  1.577364E-15
4178.54997018186  1.595275E-15
4180.49997010895  1.595644E-15
4182.44997003605  1.587149E-15
4184.39996996314  1.584013E-15
4186.34996989024  1.593975E-15
4188.29996981733  1.614734E-15
4190.24996974443  1.629941E-15
4192.19996967152  1.625141E-15
4194.14996959862  1.618926E-15
4196.09996952571  1.615424E-15
4198.04996945281  1.613013E-15
4199.9999693799  1.616178E-15
4201.949969307  1.632659E-15
4203.89996923409  1.631879E-15
4205.84996916119  1.655673E-15
4207.79996908828  1.662381E-15
4209.74996901538  1.661161E-15
4211.69996894247  1.673404E-15
4213.64996886957  1.677180E-15
4215.59996879666  1.683093E-15
4217.54996872376  1.688113E-15
4219.49996865085  1.699189E-15
4221.44996857795  1.702191E-15
4223.39996850504  1.688834E-15
4225.34996843214  1.697092E-15
4227.29996835923  1.712230E-15
4229.24996828633  1.707247E-15
4231.19996821342  1.695003E-15
4233.14996814052  1.694748E-15
4235.09996806761  1.717332E-15
4237.04996799471  1.706101E-15
4238.9999679218  1.677105E-15
4240.9499678489  1.677965E-15
4242.89996777599  1.693571E-15
4244.84996770309  1.681629E-15
4246.79996763018  1.679082E-15
4248.74996755728  1.683918E-15
4250.69996748437  1.682840E-15
4252.64996741147  1.677722E-15
4254.59996733856  1.683573E-15
4256.54996726566  1.690946E-15
4258.49996719275  1.677904E-15
4260.44996711985  1.671994E-15
4262.39996704694  1.678250E-15
4264.34996697404  1.653582E-15
4266.29996690113  1.651018E-15
4268.24996682823  1.654015E-15
4270.19996675532  1.688033E-15
4272.14996668242  1.685102E-15
4274.09996660951  1.590148E-15
4276.04996653661  1.563443E-15
4277.9999664637  1.566774E-15
4279.9499663908  1.561061E-15
4281.89996631789  1.559027E-15
4283.84996624499  1.544440E-15
4285.79996617208  1.526931E-15
4287.74996609918  1.518055E-15
4289.69996602627  1.486857E-15
4291.64996595337  1.471696E-15
4293.59996588046  1.465320E-15
4295.54996580756  1.470172E-15
4297.49996573465  1.470800E-15
4299.44996566175  1.462852E-15
4301.39996558884  1.467294E-15
4303.34996551594  1.453980E-15
4305.29996544303  1.443087E-15
4307.24996537013  1.448861E-15
4309.19996529722  1.450625E-15
4311.14996522432  1.437964E-15
4313.09996515141  1.437398E-15
4315.04996507851  1.439750E-15
4316.9999650056  1.439050E-15
4318.9499649327  1.450433E-15
4320.89996485979  1.451719E-15
4322.84996478689  1.440467E-15
4324.79996471398  1.428012E-15
4326.74996464108  1.425496E-15
4328.69996456817  1.428675E-15
4330.64996449527  1.441464E-15
4332.59996442236  1.436517E-15
4334.54996434946  1.428729E-15
4336.49996427655  1.437036E-15
4338.44996420365  1.441365E-15
4340.39996413074  1.441053E-15
4342.34996405784  1.442535E-15
4344.29996398493  1.451702E-15
4346.24996391203  1.440529E-15
4348.19996383912  1.435619E-15
4350.14996376622  1.446998E-15
4352.09996369331  1.450776E-15
4354.04996362041  1.458333E-15
4355.9999635475  1.458787E-15
4357.9499634746  1.478807E-15
4359.89996340169  1.468136E-15
4361.84996332879  1.478518E-15
4363.79996325588  1.514211E-15
4365.74996318298  1.516843E-15
4367.69996311007  1.519807E-15
4369.64996303717  1.531296E-15
4371.59996296426  1.533291E-15
4373.54996289136  1.563035E-15
4375.49996281845  1.567839E-15
4377.44996274555  1.533680E-15
4379.39996267264  1.531701E-15
4381.34996259974  1.552039E-15
4383.29996252683  1.560840E-15
4385.24996245393  1.558066E-15
4387.19996238102  1.544389E-15
4389.14996230812  1.536773E-15
4391.09996223521  1.549611E-15
4393.04996216231  1.543650E-15
4394.9999620894  1.533336E-15
4396.9499620165  1.537756E-15
4398.89996194359  1.549948E-15
4400.84996187069  1.565770E-15
4402.79996179778  1.573384E-15
4404.74996172488  1.578680E-15
4406.69996165197  1.577057E-15
4408.64996157907  1.573205E-15
4410.59996150616  1.570871E-15
4412.54996143326  1.591859E-15
4414.49996136035  1.604400E-15
4416.44996128745  1.595093E-15
4418.39996121454  1.579393E-15
4420.34996114164  1.591916E-15
4422.29996106873  1.612645E-15
4424.24996099583  1.609071E-15
4426.19996092292  1.599358E-15
4428.14996085002  1.614350E-15
4430.09996077711  1.617397E-15
4432.04996070421  1.618745E-15
4433.9999606313  1.602780E-15
4435.9499605584  1.587424E-15
4437.89996048549  1.599934E-15
4439.84996041259  1.598982E-15
4441.79996033968  1.595168E-15
4443.74996026678  1.608461E-15
4445.69996019387  1.600061E-15
4447.64996012097  1.582642E-15
4449.59996004806  1.565968E-15
4451.54995997516  1.583796E-15
4453.49995990225  1.592574E-15
4455.44995982935  1.581137E-15
4457.39995975644  1.573397E-15
4459.34995968354  1.565530E-15
4461.29995961063  1.575162E-15
4463.24995953773  1.566411E-15
4465.19995946482  1.543896E-15
4467.14995939192  1.539374E-15
4469.09995931901  1.544628E-15
4471.04995924611  1.531956E-15
4472.9999591732  1.514268E-15
4474.9499591003  1.509209E-15
4476.89995902739  1.502382E-15
4478.84995895449  1.508124E-15
4480.79995888158  1.499778E-15
4482.74995880868  1.474934E-15
4484.69995873577  1.452258E-15
4486.64995866287  1.452011E-15
4488.59995858996  1.446143E-15
4490.54995851706  1.426474E-15
4492.49995844415  1.417865E-15
4494.44995837125  1.408192E-15
4496.39995829835  1.383835E-15
4498.34995822544  1.385534E-15
4500.29995815253  1.379049E-15
4502.24995807963  1.360874E-15
4504.19995800672  1.354550E-15
4506.14995793382  1.332858E-15
4508.09995786091  1.310756E-15
4510.04995778801  1.323864E-15
4511.9999577151  1.314335E-15
4513.9499576422  1.276002E-15
4515.89995756929  1.282344E-15
4517.84995749639  1.283273E-15
4519.79995742348  1.269834E-15
4521.74995735058  1.238555E-15
4523.69995727767  1.215682E-15
4525.64995720477  1.208662E-15
4527.59995713186  1.198398E-15
4529.54995705896  1.185057E-15
4531.49995698605  1.182781E-15
4533.44995691315  1.180777E-15
4535.39995684024  1.167638E-15
4537.34995676734  1.163173E-15
4539.29995669443  1.145111E-15
4541.24995662153  1.129679E-15
4543.19995654862  1.131470E-15
4545.14995647572  1.123013E-15
4547.09995640281  1.112067E-15
4549.04995632991  1.102628E-15
4550.999956257  1.101497E-15
4552.9499561841  1.099661E-15
4554.89995611119  1.083037E-15
4556.84995603829  1.085830E-15
4558.79995596539  1.089136E-15
4560.74995589248  1.076078E-15
4562.69995581957  1.069834E-15
4564.64995574667  1.061743E-15
4566.59995567376  1.065676E-15
4568.54995560086  1.070214E-15
4570.49995552795  1.065664E-15
4572.44995545505  1.065128E-15
4574.39995538214  1.052943E-15
4576.34995530924  1.065508E-15
4578.29995523633  1.081998E-15
4580.24995516343  1.063140E-15
4582.19995509052  1.046043E-15
4584.14995501762  1.058063E-15
4586.09995494471  1.080253E-15
4588.04995487181  1.074628E-15
4589.9999547989  1.081392E-15
4591.949954726  1.089880E-15
4593.89995465309  1.090973E-15
4595.84995458019  1.088049E-15
4597.79995450729  1.081125E-15
4599.74995443438  1.086642E-15
4601.69995436147  1.085655E-15
4603.64995428857  1.083547E-15
4605.59995421566  1.096532E-15
4607.54995414276  1.103187E-15
4609.49995406985  1.109750E-15
4611.44995399695  1.114799E-15
4613.39995392405  1.121923E-15
4615.34995385114  1.121472E-15
4617.29995377823  1.127738E-15
4619.24995370533  1.144895E-15
4621.19995363242  1.145370E-15
4623.14995355952  1.129545E-15
4625.09995348661  1.119241E-15
4627.04995341371  1.146154E-15
4628.99995334081  1.157297E-15
4630.9499532679  1.153041E-15
4632.89995319499  1.153625E-15
4634.84995312209  1.148307E-15
4636.79995304918  1.138194E-15
4638.74995297628  1.149291E-15
4640.69995290337  1.168662E-15
4642.64995283047  1.165402E-15
4644.59995275756  1.167285E-15
4646.54995268466  1.182486E-15
4648.49995261175  1.176178E-15
4650.44995253885  1.177660E-15
4652.39995246595  1.172756E-15
4654.34995239304  1.172798E-15
4656.29995232013  1.177226E-15
4658.24995224723  1.186075E-15
4660.19995217433  1.190862E-15
4662.14995210142  1.204841E-15
4664.09995202852  1.221608E-15
4666.04995195561  1.216863E-15
4667.9999518827  1.218305E-15
4669.9499518098  1.224400E-15
4671.89995173689  1.242783E-15
4673.84995166399  1.238934E-15
4675.79995159108  1.239080E-15
4677.74995151818  1.253144E-15
4679.69995144527  1.255466E-15
4681.64995137237  1.246560E-15
4683.59995129946  1.247236E-15
4685.54995122656  1.251220E-15
4687.49995115365  1.259054E-15
4689.44995108075  1.277096E-15
4691.39995100784  1.258738E-15
4693.34995093494  1.258023E-15
4695.29995086204  1.278549E-15
4697.24995078913  1.269170E-15
4699.19995071623  1.269106E-15
4701.14995064332  1.276309E-15
4703.09995057041  1.282385E-15
4705.04995049751  1.284506E-15
4706.9999504246  1.264451E-15
4708.9499503517  1.265827E-15
4710.89995027879  1.282530E-15
4712.84995020589  1.269499E-15
4714.79995013299  1.260782E-15
4716.74995006008  1.277465E-15
4718.69994998717  1.291484E-15
4720.64994991427  1.304232E-15
4722.59994984136  1.312666E-15
4724.54994976846  1.285143E-15
4726.49994969555  1.286213E-15
4728.44994962265  1.301184E-15
4730.39994954975  1.310426E-15
4732.34994947684  1.299313E-15
4734.29994940393  1.284692E-15
4736.24994933103  1.295480E-15
4738.19994925812  1.316532E-15
4740.14994918522  1.312911E-15
4742.09994911231  1.314034E-15
4744.04994903941  1.314502E-15
4745.9999489665  1.304472E-15
4747.9499488936  1.298000E-15
4749.8999488207  1.306654E-15
4751.84994874779  1.319073E-15
4753.79994867488  1.297710E-15
4755.74994860198  1.288520E-15
4757.69994852907  1.296414E-15
4759.64994845617  1.296272E-15
4761.59994838327  1.290344E-15
4763.54994831036  1.305033E-15
4765.49994823746  1.289691E-15
4767.44994816455  1.280794E-15
4769.39994809164  1.278868E-15
4771.34994801874  1.271805E-15
4773.29994794583  1.272153E-15
4775.24994787293  1.273421E-15
4777.19994780002  1.272601E-15
4779.14994772712  1.281917E-15
4781.09994765421  1.279166E-15
4783.04994758131  1.272497E-15
4784.9999475084  1.263514E-15
4786.9499474355  1.250055E-15
4788.89994736259  1.236599E-15
4790.84994728969  1.229970E-15
4792.79994721678  1.236837E-15
4794.74994714388  1.223567E-15
4796.69994707098  1.205568E-15
4798.64994699807  1.200462E-15
4800.59994692516  1.187789E-15
4802.54994685226  1.176129E-15
4804.49994677935  1.187585E-15
4806.44994670645  1.188455E-15
4808.39994663354  1.163318E-15
4810.34994656064  1.148874E-15
4812.29994648774  1.148742E-15
4814.24994641483  1.146689E-15
4816.19994634192  1.143864E-15
4818.14994626902  1.134112E-15
4820.09994619611  1.124384E-15
4822.04994612321  1.121149E-15
4823.99994605031  1.113156E-15
4825.9499459774  1.106854E-15
4827.8999459045  1.103963E-15
4829.84994583159  1.095102E-15
4831.79994575868  1.089542E-15
4833.74994568578  1.095442E-15
4835.69994561288  1.099385E-15
4837.64994553997  1.085618E-15
4839.59994546706  1.061892E-15
4841.54994539416  1.054112E-15
4843.49994532125  1.058129E-15
4845.44994524835  1.045281E-15
4847.39994517544  1.041123E-15
4849.34994510254  1.046473E-15
4851.29994502964  1.047350E-15
4853.24994495673  1.046394E-15
4855.19994488383  1.035539E-15
4857.14994481092  1.022691E-15
4859.09994473801  1.032087E-15
4861.04994466511  1.016988E-15
4862.99994459221  1.001640E-15
4864.9499445193  1.012697E-15
4866.8999444464  1.017716E-15
4868.84994437349  1.002406E-15
4870.79994430058  9.958693E-16
4872.74994422768  1.000828E-15
4874.69994415478  9.930782E-16
4876.64994408187  9.798147E-16
4878.59994400896  9.764515E-16
4880.54994393606  9.778992E-16
4882.49994386316  9.781854E-16
4884.44994379025  9.788203E-16
4886.39994371734  9.642277E-16
4888.34994364444  9.585899E-16
4890.29994357153  9.669525E-16
4892.24994349863  9.820864E-16
4894.19994342573  9.777194E-16
4896.14994335282  9.591099E-16
4898.09994327992  9.531591E-16
4900.04994320701  9.701442E-16
4901.9999431341  9.679320E-16
4903.9499430612  9.801226E-16
4905.8999429883  9.891194E-16
4907.84994291539  9.886140E-16
4909.79994284248  9.907721E-16
4911.74994276958  1.000119E-15
4913.69994269668  1.010774E-15
4915.64994262377  1.007127E-15
4917.59994255087  9.981469E-16
4919.54994247796  9.991906E-16
4921.49994240505  1.007399E-15
4923.44994233215  1.017219E-15
4925.39994225925  1.014174E-15
4927.34994218634  1.015888E-15
4929.29994211344  1.017736E-15
4931.24994204053  1.022522E-15
4933.19994196762  1.030775E-15
4935.14994189472  1.036308E-15
4937.09994182182  1.057389E-15
4939.04994174891  1.056339E-15
4940.999941676  1.048086E-15
4942.9499416031  1.053320E-15
4944.89994153019  1.055639E-15
4946.84994145729  1.058937E-15
4948.79994138439  1.071496E-15
4950.74994131148  1.082210E-15
4952.69994123858  1.067686E-15
4954.64994116567  1.065135E-15
4956.59994109277  1.064545E-15
4958.54994101986  1.059738E-15
4960.49994094695  1.088003E-15
4962.44994087405  1.100097E-15
4964.39994080115  1.084549E-15
4966.34994072824  1.097020E-15
4968.29994065534  1.125465E-15
4970.24994058243  1.112957E-15
4972.19994050952  1.122099E-15
4974.14994043662  1.155254E-15
4976.09994036371  1.145197E-15
4978.04994029081  1.134620E-15
4979.99994021791  1.138916E-15
4981.949940145  1.152872E-15
4983.8999400721  1.168219E-15
4985.84993999919  1.168974E-15
4987.79993992628  1.179313E-15
4989.74993985338  1.188209E-15
4991.69993978047  1.196200E-15
4993.64993970757  1.207196E-15
4995.59993963467  1.204395E-15
4997.54993956176  1.194612E-15
4999.49993948886  1.193209E-15
5001.44993941595  1.196069E-15
5003.39993934305  1.212330E-15
5005.34993927014  1.209617E-15
5007.29993919724  1.209924E-15
5009.24993912433  1.219797E-15
5011.19993905143  1.219064E-15
5013.14993897852  1.210278E-15
5015.09993890562  1.212044E-15
5017.04993883271  1.209654E-15
5018.99993875981  1.215343E-15
5020.9499386869  1.214415E-15
5022.89993861399  1.210191E-15
5024.84993854109  1.224344E-15
5026.79993846819  1.214166E-15
5028.74993839528  1.223254E-15
5030.69993832238  1.233207E-15
5032.64993824947  1.224872E-15
5034.59993817657  1.218576E-15
5036.54993810366  1.214678E-15
5038.49993803076  1.225305E-15
5040.44993795785  1.232791E-15
5042.39993788495  1.243026E-15
5044.34993781204  1.238654E-15
5046.29993773914  1.228676E-15
5048.24993766623  1.233657E-15
5050.19993759333  1.234466E-15
5052.14993752042  1.230869E-15
5054.09993744752  1.225652E-15
5056.04993737461  1.208013E-15
5057.99993730171  1.205726E-15
5059.9499372288  1.216117E-15
5061.89993715589  1.219442E-15
5063.84993708299  1.206367E-15
5065.79993701009  1.205740E-15
5067.74993693718  1.209112E-15
5069.69993686428  1.203483E-15
5071.64993679137  1.197283E-15
5073.59993671847  1.191463E-15
5075.54993664556  1.190935E-15
5077.49993657266  1.188631E-15
5079.44993649975  1.194431E-15
5081.39993642685  1.202988E-15
5083.34993635394  1.199373E-15
5085.29993628104  1.185060E-15
5087.24993620813  1.178320E-15
5089.19993613523  1.174019E-15
5091.14993606232  1.176173E-15
5093.09993598942  1.166710E-15
5095.04993591651  1.153463E-15
5096.99993584361  1.161665E-15
5098.9499357707  1.161275E-15
5100.8999356978  1.153190E-15
5102.84993562489  1.152053E-15
5104.79993555199  1.158839E-15
5106.74993547908  1.158998E-15
5108.69993540618  1.148216E-15
5110.64993533327  1.144262E-15
5112.59993526036  1.146733E-15
5114.54993518746  1.144280E-15
5116.49993511456  1.135794E-15
5118.44993504165  1.137718E-15
5120.39993496875  1.134456E-15
5122.34993489584  1.114366E-15
5124.29993482294  1.110757E-15
5126.24993475003  1.103867E-15
5128.19993467713  1.094086E-15
5130.14993460422  1.109340E-15
5132.09993453132  1.105619E-15
5134.04993445841  1.081499E-15
5135.99993438551  1.074988E-15
5137.9499343126  1.079965E-15
5139.8999342397  1.083300E-15
5141.84993416679  1.081198E-15
5143.79993409388  1.071871E-15
5145.74993402098  1.065134E-15
5147.69993394808  1.060084E-15
5149.64993387517  1.047685E-15
5151.59993380227  1.059435E-15
5153.54993372936  1.059547E-15
5155.49993365646  1.054712E-15
5157.44993358355  1.060618E-15
5159.39993351065  1.048214E-15
5161.34993343774  1.043813E-15
5163.29993336484  1.054638E-15
5165.24993329193  1.054092E-15
5167.19993321903  1.043906E-15
5169.14993314612  1.043280E-15
5171.09993307322  1.046401E-15
5173.04993300031  1.049439E-15
5174.99993292741  1.041552E-15
5176.9499328545  1.032795E-15
5178.8999327816  1.027773E-15
5180.84993270869  1.026573E-15
5182.79993263579  1.029273E-15
5184.74993256288  1.034815E-15
5186.69993248998  1.029765E-15
5188.64993241707  1.015161E-15
5190.59993234416  1.013161E-15
5192.54993227126  1.012791E-15
5194.49993219836  1.012755E-15
5196.44993212545  1.012396E-15
5198.39993205255  1.024338E-15
5200.34993197964  1.021204E-15
5202.29993190674  1.003369E-15
5204.24993183383  9.900358E-16
5206.19993176093  9.845425E-16
5208.14993168802  9.985667E-16
5210.09993161512  1.000732E-15
5212.04993154221  1.002261E-15
5213.9999314693  9.982860E-16
5215.9499313964  9.999979E-16
5217.8999313235  9.947988E-16
5219.84993125059  9.831076E-16
5221.79993117769  9.877497E-16
5223.74993110478  9.876829E-16
5225.69993103187  9.893901E-16
5227.64993095897  9.945237E-16
5229.59993088607  9.922966E-16
5231.54993081316  9.898735E-16
5233.49993074026  9.810841E-16
5235.44993066735  9.909886E-16
5237.39993059445  9.906068E-16
5239.34993052154  9.728682E-16
5241.29993044864  9.786711E-16
5243.24993037573  9.858060E-16
5245.19993030283  9.840400E-16
5247.14993022992  9.794692E-16
5249.09993015702  9.785456E-16
5251.04993008411  9.796876E-16
5252.99993001121  9.716801E-16
5254.9499299383  9.752765E-16
5256.8999298654  9.771471E-16
5258.84992979249  9.739045E-16
5260.79992971959  9.786617E-16
5262.74992964668  9.750112E-16
5264.69992957378  9.719273E-16
5266.64992950087  9.788117E-16
5268.59992942797  9.752094E-16
5270.54992935506  9.725089E-16
5272.49992928216  9.753660E-16
5274.44992920925  9.712177E-16
5276.39992913634  9.731452E-16
5278.34992906344  9.689550E-16
5280.29992899054  9.522073E-16
5282.24992891763  9.497755E-16
5284.19992884473  9.663875E-16
5286.14992877182  9.515997E-16
5288.09992869892  9.542763E-16
5290.04992862601  9.485641E-16
5291.99992855311  9.415345E-16
5293.9499284802  9.553588E-16
5295.8999284073  9.550358E-16
5297.84992833439  9.484760E-16
5299.79992826149  9.407643E-16
5301.74992818858  9.408126E-16
5303.69992811568  9.406280E-16
5305.64992804277  9.413854E-16
5307.59992796987  9.292413E-16
5309.54992789696  9.325777E-16
5311.49992782406  9.403749E-16
5313.44992775115  9.367857E-16
5315.39992767824  9.367480E-16
5317.34992760534  9.363062E-16
5319.29992753244  9.419690E-16
5321.24992745953  9.399299E-16
5323.19992738663  9.316796E-16
5325.14992731372  9.303651E-16
5327.09992724082  9.339779E-16
5329.04992716791  9.322126E-16
5330.99992709501  9.232980E-16
5332.9499270221  9.289170E-16
5334.8999269492  9.205320E-16
5336.84992687629  9.228516E-16
5338.79992680339  9.195738E-16
5340.74992673048  9.113671E-16
5342.69992665758  9.083975E-16
5344.64992658467  9.050671E-16
5346.59992651176  9.090972E-16
5348.54992643886  9.160009E-16
5350.49992636596  9.319875E-16
5352.44992629305  9.628649E-16
5354.39992622015  9.746156E-16
5356.34992614724  9.658894E-16
5358.29992607434  9.242253E-16
5360.24992600143  8.935849E-16
5362.19992592853  8.945358E-16
5364.14992585562  8.902154E-16
5366.09992578272  8.907941E-16
5368.04992570981  8.930751E-16
5369.99992563691  8.829404E-16
5371.949925564  8.836035E-16
5373.8999254911  8.829165E-16
5375.84992541819  8.819771E-16
5377.79992534529  8.863418E-16
5379.74992527238  8.763523E-16
5381.69992519948  8.721845E-16
5383.64992512657  8.612213E-16
5385.59992505367  8.622848E-16
5387.54992498076  8.709859E-16
5389.49992490786  8.620701E-16
5391.44992483495  8.443159E-16
5393.39992476205  8.535660E-16
5395.34992468914  8.555970E-16
5397.29992461624  8.676735E-16
5399.24992454333  9.234372E-16
5401.19992447043  9.292669E-16
5403.14992439752  8.779014E-16
5405.09992432462  8.413929E-16
5407.04992425171  8.282828E-16
5408.99992417881  8.246155E-16
5410.9499241059  8.351638E-16
5412.899924033  8.343095E-16
5414.84992396009  8.301502E-16
5416.79992388719  8.369540E-16
5418.74992381428  8.289102E-16
5420.69992374138  8.202042E-16
5422.64992366847  8.286936E-16
5424.59992359557  8.241346E-16
5426.54992352266  8.170782E-16
5428.49992344976  8.268910E-16
5430.44992337685  8.288969E-16
5432.39992330394  8.243523E-16
5434.34992323104  8.299314E-16
5436.29992315814  8.363110E-16
5438.24992308523  8.343527E-16
5440.19992301233  8.333281E-16
5442.14992293942  8.357992E-16
5444.09992286652  8.278869E-16
5446.04992279361  8.180968E-16
5447.99992272071  8.169133E-16
5449.9499226478  8.194330E-16
5451.8999225749  8.225312E-16
5453.84992250199  8.278913E-16
5455.79992242909  8.432924E-16
5457.74992235618  8.615865E-16
5459.69992228328  9.059803E-16
5461.64992221037  9.581860E-16
5463.59992213747  9.465889E-16
5465.54992206456  8.858382E-16
5467.49992199166  8.421768E-16
5469.44992191875  8.318433E-16
5471.39992184585  8.273100E-16
5473.34992177294  8.120934E-16
5475.29992170004  8.131952E-16
5477.24992162713  8.252211E-16
5479.19992155422  8.237458E-16
5481.14992148132  8.167178E-16
5483.09992140841  8.146586E-16
5485.04992133551  8.183264E-16
5486.99992126261  8.243017E-16
5488.9499211897  8.125767E-16
5490.8999211168  8.123647E-16
5492.84992104389  8.194308E-16
5494.79992097099  8.164528E-16
5496.74992089808  8.212019E-16
5498.69992082518  8.231380E-16
5500.64992075227  8.153219E-16
5502.59992067937  8.165998E-16
5504.54992060646  8.225124E-16
5506.49992053356  8.187369E-16
5508.44992046065  8.323582E-16
5510.39992038775  9.055153E-16
5512.34992031484  1.070521E-15
5514.29992024194  1.205539E-15
5516.24992016903  1.163759E-15
5518.19992009613  1.005223E-15
5520.14992002322  8.774363E-16
5522.09991995032  8.273397E-16
5524.04991987741  8.255553E-16
5525.99991980451  8.298104E-16
5527.9499197316  8.154663E-16
5529.8999196587  8.113435E-16
5531.84991958579  8.124533E-16
5533.79991951289  8.161515E-16
5535.74991943998  8.273306E-16
5537.69991936708  8.238663E-16
5539.64991929417  8.154842E-16
5541.59991922127  8.120761E-16
5543.54991914836  8.103743E-16
5545.49991907546  8.147021E-16
5547.44991900255  8.163545E-16
5549.39991892965  8.193060E-16
5551.34991885674  8.182968E-16
5553.29991878384  8.102384E-16
5555.24991871093  8.143289E-16
5557.19991863803  8.130682E-16
5559.14991856512  8.128014E-16
5561.09991849222  8.196554E-16
5563.04991841931  8.236717E-16
5564.99991834641  8.198594E-16
5566.9499182735  8.159362E-16
5568.8999182006  8.165603E-16
5570.84991812769  8.264494E-16
5572.79991805479  8.293284E-16
5574.74991798188  8.294652E-16
5576.69991790898  8.111868E-16
5578.64991783607  8.011615E-16
5580.59991776317  8.013266E-16
5582.54991769026  8.021350E-16
5584.49991761736  8.153696E-16
5586.44991754445  8.100608E-16
5588.39991747155  8.048378E-16
5590.34991739864  8.038531E-16
5592.29991732574  8.080599E-16
5594.24991725283  8.123741E-16
5596.19991717993  8.086757E-16
5598.14991710702  8.106290E-16
5600.09991703412  8.092309E-16
5602.04991696121  8.021744E-16
5603.99991688831  8.042022E-16
5605.9499168154  8.115071E-16
5607.8999167425  8.164869E-16
5609.84991666959  8.224939E-16
5611.79991659669  8.133719E-16
5613.74991652378  8.037346E-16
5615.69991645088  8.129087E-16
5617.64991637797  8.164081E-16
5619.59991630507  8.056566E-16
5621.54991623216  7.979421E-16
5623.49991615926  7.966581E-16
5625.44991608635  7.918495E-16
5627.39991601345  7.911303E-16
5629.34991594054  7.988600E-16
5631.29991586764  7.954262E-16
5633.24991579473  7.895173E-16
5635.19991572183  7.907586E-16
5637.14991564892  7.982769E-16
5639.09991557602  8.037935E-16
5641.04991550311  7.966634E-16
5642.99991543021  7.913154E-16
5644.9499153573  8.006035E-16
5646.8999152844  7.995873E-16
5648.84991521149  8.085874E-16
5650.79991513859  8.055587E-16
5652.74991506568  7.880886E-16
5654.69991499278  7.879999E-16
5656.64991491987  8.011582E-16
5658.59991484697  8.003627E-16
5660.54991477406  7.922920E-16
5662.49991470116  7.909446E-16
5664.44991462825  7.913027E-16
5666.39991455535  7.915065E-16
5668.34991448244  7.921751E-16
5670.29991440954  7.890882E-16
5672.24991433663  7.764564E-16
5674.19991426373  7.741855E-16
5676.14991419082  7.801693E-16
5678.09991411792  7.823842E-16
5680.04991404501  7.826407E-16
5681.99991397211  7.875853E-16
5683.9499138992  7.779255E-16
5685.8999138263  7.705915E-16
5687.84991375339  7.684921E-16
5689.79991368049  7.689177E-16
5691.74991360758  7.814396E-16
5693.69991353468  7.786808E-16
5695.64991346177  7.669449E-16
5697.59991338887  7.723666E-16
5699.54991331596  7.764433E-16
5701.49991324306  7.717237E-16
5703.44991317015  7.753833E-16
5705.39991309725  7.794391E-16
5707.34991302434  7.762591E-16
5709.29991295144  7.759656E-16
5711.24991287853  7.742638E-16
5713.19991280563  7.712530E-16
5715.14991273272  7.623329E-16
5717.09991265982  7.556062E-16
5719.04991258691  7.524279E-16
5720.99991251401  7.513955E-16
5722.9499124411  7.564139E-16
5724.8999123682  7.584582E-16
5726.84991229529  7.602843E-16
5728.79991222239  7.804169E-16
5730.74991214948  7.828551E-16
5732.69991207658  7.586620E-16
5734.64991200367  7.535062E-16
5736.59991193077  7.506088E-16
5738.54991185786  7.478400E-16
5740.49991178496  7.459441E-16
5742.44991171205  7.430253E-16
5744.39991163915  7.434301E-16
5746.34991156624  7.491938E-16
5748.29991149334  7.461341E-16
5750.24991142043  7.398806E-16
5752.19991134753  7.396156E-16
5754.14991127462  7.429102E-16
5756.09991120172  7.312458E-16
5758.04991112881  7.254503E-16
5759.99991105591  7.237769E-16
5761.949910983  7.213218E-16
5763.8999109101  7.346287E-16
5765.84991083719  7.361947E-16
5767.79991076429  7.349827E-16
5769.74991069138  7.385157E-16
5771.69991061848  7.684446E-16
5773.64991054557  7.855972E-16
5775.59991047267  7.428962E-16
5777.54991039976  7.268083E-16
5779.49991032686  7.336228E-16
5781.44991025395  7.424460E-16
5783.39991018105  7.359490E-16
5785.34991010814  7.261241E-16
5787.29991003524  7.309105E-16
5789.24990996233  7.290229E-16
5791.19990988943  7.265571E-16
5793.14990981652  7.254079E-16
5795.09990974362  7.329651E-16
5797.04990967071  7.272044E-16
5798.99990959781  7.258194E-16
5800.9499095249  7.286115E-16
5802.899909452  7.247962E-16
5804.84990937909  7.207964E-16
5806.79990930619  7.169979E-16
5808.74990923328  7.237522E-16
5810.69990916038  7.292582E-16
5812.64990908747  7.276727E-16
5814.59990901457  7.264823E-16
5816.54990894166  7.127026E-16
5818.49990886876  7.143604E-16
5820.44990879585  7.226049E-16
5822.39990872295  7.216807E-16
5824.34990865004  7.173498E-16
5826.29990857714  7.246290E-16
5828.24990850423  7.223553E-16
5830.19990843133  7.111804E-16
5832.14990835842  7.082731E-16
5834.09990828552  7.183794E-16
5836.04990821261  7.175438E-16
5837.99990813971  7.097778E-16
5839.9499080668  7.107961E-16
5841.8999079939  7.204745E-16
5843.84990792099  7.109248E-16
5845.79990784809  7.063362E-16
5847.74990777518  7.119319E-16
5849.69990770228  7.180625E-16
5851.64990762937  7.052124E-16
5853.59990755647  6.903867E-16
5855.54990748356  6.963935E-16
5857.49990741066  7.016183E-16
5859.44990733775  7.006751E-16
5861.39990726485  7.074562E-16
5863.34990719194  7.096370E-16
5865.29990711904  6.951686E-16
5867.24990704613  6.940603E-16
5869.19990697323  6.959167E-16
5871.14990690032  6.857965E-16
5873.09990682742  6.869458E-16
5875.04990675451  6.883018E-16
5876.99990668161  6.757942E-16
5878.9499066087  6.763626E-16
5880.8999065358  6.851252E-16
5882.84990646289  6.827804E-16
5884.79990638999  6.754009E-16
5886.74990631708  6.757435E-16
5888.69990624418  6.616038E-16
5890.64990617127  6.490592E-16
5892.59990609837  6.497508E-16
5894.54990602546  6.532905E-16
5896.49990595256  6.576734E-16
5898.44990587965  6.586553E-16
5900.39990580675  6.626249E-16
5902.34990573384  6.654309E-16
5904.29990566094  6.629890E-16
5906.24990558803  6.672538E-16
5908.19990551513  6.792474E-16
5910.14990544222  6.601642E-16
5912.09990536932  6.594218E-16
5914.04990529641  6.657128E-16
5915.99990522351  6.605872E-16
5917.9499051506  6.482114E-16
5919.8999050777  6.475652E-16
5921.84990500479  6.415438E-16
5923.79990493189  6.379553E-16
5925.74990485898  6.471156E-16
5927.69990478608  6.610697E-16
5929.64990471317  6.487334E-16
5931.59990464027  6.510123E-16
5933.54990456736  6.458916E-16
5935.49990449446  6.352540E-16
5937.44990442155  6.310294E-16
5939.39990434865  6.258092E-16
5941.34990427574  6.372686E-16
5943.29990420284  6.280682E-16
5945.24990412993  6.044716E-16
5947.19990405703  6.236245E-16
5949.14990398412  6.376257E-16
5951.09990391122  6.463965E-16
5953.04990383831  6.414698E-16
5954.99990376541  6.264163E-16
5956.9499036925  6.236381E-16
5958.8999036196  6.322911E-16
5960.84990354669  6.297510E-16
5962.79990347379  6.248519E-16
5964.74990340088  6.271554E-16
5966.69990332798  6.257756E-16
5968.64990325507  6.254977E-16
5970.59990318217  6.178581E-16
5972.54990310926  6.191098E-16
5974.49990303636  6.285582E-16
5976.44990296345  6.274324E-16
5978.39990289055  6.190081E-16
5980.34990281764  6.169359E-16
5982.29990274474  6.239559E-16
5984.24990267183  6.203199E-16
5986.19990259893  6.116276E-16
5988.14990252602  6.066752E-16
5990.09990245312  6.123309E-16
5992.04990238021  6.200774E-16
5993.99990230731  6.132765E-16
5995.9499022344  6.080642E-16
5997.8999021615  6.130339E-16
5999.84990208859  6.104677E-16
6001.79990201569  6.048976E-16
6003.74990194278  5.968828E-16
6005.69990186988  5.980028E-16
6007.64990179697  6.020697E-16
6009.59990172407  6.070779E-16
6011.54990165116  6.021667E-16
6013.49990157826  6.000750E-16
6015.44990150535  6.036890E-16
6017.39990143245  6.083997E-16
6019.34990135954  6.150070E-16
6021.29990128664  6.110091E-16
6023.24990121373  6.221247E-16
6025.19990114083  6.435961E-16
6027.14990106792  6.504874E-16
6029.09990099502  6.307934E-16
6031.04990092211  6.042255E-16
6032.99990084921  6.005307E-16
6034.9499007763  6.088943E-16
6036.8999007034  6.087765E-16
6038.84990063049  5.888895E-16
6040.79990055759  5.924847E-16
6042.74990048468  5.973284E-16
6044.69990041178  6.062316E-16
6046.64990033887  6.064234E-16
6048.59990026597  5.943796E-16
6050.54990019306  5.885328E-16
6052.49990012016  5.946080E-16
6054.44990004725  6.024633E-16
6056.39989997435  5.898755E-16
6058.34989990144  5.969941E-16
6060.29989982854  5.947758E-16
6062.24989975563  5.973470E-16
6064.19989968273  6.050259E-16
6066.14989960982  6.101626E-16
6068.09989953692  6.082122E-16
6070.04989946401  6.092693E-16
6071.99989939111  6.047810E-16
6073.9498993182  6.071232E-16
6075.8998992453  6.004324E-16
6077.84989917239  6.092047E-16
6079.79989909949  6.109877E-16
6081.74989902658  6.042611E-16
6083.69989895368  6.042454E-16
6085.64989888077  6.056416E-16
6087.59989880787  6.116481E-16
6089.54989873496  6.199581E-16
6091.49989866206  6.105011E-16
6093.44989858915  6.014385E-16
6095.39989851625  6.073649E-16
6097.34989844334  6.102346E-16
6099.29989837044  6.107672E-16
6101.24989829753  6.094775E-16
6103.19989822463  6.058248E-16
6105.14989815172  6.125468E-16
6107.09989807882  6.157785E-16
6109.04989800591  6.203335E-16
6110.99989793301  6.179589E-16
6112.9498978601  6.138746E-16
6114.8998977872  5.988978E-16
6116.84989771429  5.973095E-16
6118.79989764139  6.094763E-16
6120.74989756848  6.071519E-16
6122.69989749558  6.065614E-16
6124.64989742267  6.036689E-16
6126.59989734977  6.065594E-16
6128.54989727686  6.058106E-16
6130.49989720396  6.120854E-16
6132.44989713105  6.192015E-16
6134.39989705815  6.134782E-16
6136.34989698524  6.053166E-16
6138.29989691234  6.018764E-16
6140.24989683943  6.050409E-16
6142.19989676653  6.010610E-16
6144.14989669362  5.999023E-16
6146.09989662072  6.067086E-16
6148.04989654781  6.073822E-16
6149.99989647491  6.131148E-16
6151.949896402  6.092237E-16
6153.8998963291  6.067917E-16
6155.84989625619  6.070982E-16
6157.79989618329  6.127289E-16
6159.74989611038  5.996870E-16
6161.69989603748  5.933966E-16
6163.64989596457  6.018312E-16
6165.59989589167  5.974448E-16
6167.54989581876  5.964726E-16
6169.49989574586  6.031218E-16
6171.44989567295  5.991697E-16
6173.39989560005  5.966574E-16
6175.34989552714  5.893585E-16
6177.29989545424  5.958317E-16
6179.24989538133  6.044284E-16
6181.19989530843  6.066992E-16
6183.14989523552  5.986482E-16
6185.09989516262  5.935689E-16
6187.04989508971  6.001427E-16
6188.99989501681  5.915185E-16
6190.9498949439  5.996698E-16
6192.899894871  6.040446E-16
6194.84989479809  5.953823E-16
6196.79989472519  6.037294E-16
6198.74989465228  5.989375E-16
6200.69989457938  5.956080E-16
6202.64989450647  5.930415E-16
6204.59989443357  5.929736E-16
6206.54989436066  5.837287E-16
6208.49989428776  5.801294E-16
6210.44989421485  5.865703E-16
6212.39989414195  5.958592E-16
6214.34989406904  5.963346E-16
6216.29989399614  5.947289E-16
6218.24989392323  6.100491E-16
6220.19989385033  6.053266E-16
6222.14989377742  5.963124E-16
6224.09989370452  5.943922E-16
6226.04989363161  5.967585E-16
6227.99989355871  5.953050E-16
6229.9498934858  5.931722E-16
6231.8998934129  5.837794E-16
6233.84989333999  5.694395E-16
6235.79989326709  5.722159E-16
6237.74989319418  5.793206E-16
6239.69989312128  5.899817E-16
6241.64989304837  5.833732E-16
6243.59989297547  5.817888E-16
6245.54989290256  5.782493E-16
6247.49989282966  5.798257E-16
6249.44989275675  5.919648E-16
6251.39989268385  5.855350E-16
6253.34989261094  5.877912E-16
6255.29989253804  5.847163E-16
6257.24989246513  5.677966E-16
6259.19989239223  5.708739E-16
6261.14989231932  5.794658E-16
6263.09989224642  5.846410E-16
6265.04989217351  5.783603E-16
6266.99989210061  5.768974E-16
6268.9498920277  5.617984E-16
6270.8998919548  5.687670E-16
6272.84989188189  5.712668E-16
6274.79989180899  5.570768E-16
6276.74989173608  5.420136E-16
6278.69989166318  5.449040E-16
6280.64989159027  5.482720E-16
6282.59989151737  5.610007E-16
6284.54989144446  5.694900E-16
6286.49989137156  5.754331E-16
6288.44989129865  5.582228E-16
6290.39989122575  5.565877E-16
6292.34989115284  5.701589E-16
6294.29989107994  5.612979E-16
6296.24989100703  5.547436E-16
6298.19989093413  5.572143E-16
6300.14989086122  5.638216E-16
6302.09989078832  5.704557E-16
6304.04989071541  6.001061E-16
6305.99989064251  5.932544E-16
6307.9498905696  5.934900E-16
6309.8998904967  5.856693E-16
6311.84989042379  5.770797E-16
6313.79989035089  5.680113E-16
6315.74989027798  5.721608E-16
6317.69989020508  5.721964E-16
6319.64989013217  5.682166E-16
6321.59989005927  5.718020E-16
6323.54988998636  5.678119E-16
6325.49988991346  5.701070E-16
6327.44988984055  5.798161E-16
6329.39988976765  5.687411E-16
6331.34988969474  5.572630E-16
6333.29988962184  5.553117E-16
6335.24988954893  5.586028E-16
6337.19988947603  5.657172E-16
6339.14988940312  5.661655E-16
6341.09988933022  5.592530E-16
6343.04988925731  5.520000E-16
6344.99988918441  5.600907E-16
6346.9498891115  5.641070E-16
6348.8998890386  5.565797E-16
6350.84988896569  5.561508E-16
6352.79988889279  5.583436E-16
6354.74988881988  5.591180E-16
6356.69988874698  5.551879E-16
6358.64988867407  5.546212E-16
6360.59988860117  5.543703E-16
6362.54988852826  5.500655E-16
6364.49988845536  5.484190E-16
6366.44988838245  5.388785E-16
6368.39988830955  5.398939E-16
6370.34988823664  5.516940E-16
6372.29988816374  5.613602E-16
6374.24988809083  5.642200E-16
6376.19988801793  5.614722E-16
6378.14988794502  5.608960E-16
6380.09988787212  5.560391E-16
6382.04988779921  5.547344E-16
6383.99988772631  5.568909E-16
6385.9498876534  5.505265E-16
6387.8998875805  5.511482E-16
6389.84988750759  5.617731E-16
6391.79988743469  5.553439E-16
6393.74988736178  5.487591E-16
6395.69988728888  5.476063E-16
6397.64988721597  5.529315E-16
6399.59988714307  5.553394E-16
6401.54988707016  5.431121E-16
6403.49988699726  5.472405E-16
6405.44988692435  5.502333E-16
6407.39988685145  5.450700E-16
6409.34988677854  5.467175E-16
6411.29988670564  5.544083E-16
6413.24988663273  5.508865E-16
6415.19988655983  5.485514E-16
6417.14988648692  5.486458E-16
6419.09988641402  5.531256E-16
6421.04988634111  5.502386E-16
6422.99988626821  5.502723E-16
6424.9498861953  5.495581E-16
6426.8998861224  5.434399E-16
6428.84988604949  5.476218E-16
6430.79988597659  5.451046E-16
6432.74988590368  5.417029E-16
6434.69988583078  5.381940E-16
6436.64988575787  5.439115E-16
6438.59988568497  5.414505E-16
6440.54988561206  5.508595E-16
6442.49988553916  5.543344E-16
6444.44988546625  5.497973E-16
6446.39988539335  5.454179E-16
6448.34988532044  5.500136E-16
6450.29988524754  5.496818E-16
6452.24988517463  5.463700E-16
6454.19988510173  5.386101E-16
6456.14988502882  5.395472E-16
6458.09988495592  5.406821E-16
6460.04988488301  5.462580E-16
6461.99988481011  5.449240E-16
6463.9498847372  5.355704E-16
6465.8998846643  5.374027E-16
6467.84988459139  5.332124E-16
6469.79988451849  5.357399E-16
6471.74988444558  5.409440E-16
6473.69988437268  5.465800E-16
6475.64988429977  5.422414E-16
6477.59988422687  5.344279E-16
6479.54988415396  5.329753E-16
6481.49988408106  5.285074E-16
6483.44988400815  5.282337E-16
6485.39988393525  5.251442E-16
6487.34988386234  5.326358E-16
6489.29988378944  5.399664E-16
6491.24988371653  5.378665E-16
6493.19988364363  5.300577E-16
6495.14988357072  5.288715E-16
6497.09988349782  5.294576E-16
6499.04988342491  5.324403E-16
6500.99988335201  5.271188E-16
6502.9498832791  5.290510E-16
6504.8998832062  5.332460E-16
6506.84988313329  5.290634E-16
6508.79988306039  5.340473E-16
6510.74988298748  5.326030E-16
6512.69988291458  5.321450E-16
6514.64988284167  5.270135E-16
6516.59988276877  5.236863E-16
6518.54988269586  5.308281E-16
6520.49988262296  5.283012E-16
6522.44988255005  5.259525E-16
6524.39988247715  5.286462E-16
6526.34988240424  5.241078E-16
6528.29988233134  5.317895E-16
6530.24988225843  5.433553E-16
6532.19988218553  5.312392E-16
6534.14988211262  5.299601E-16
6536.09988203972  5.330608E-16
6538.04988196681  5.330736E-16
6539.99988189391  5.443292E-16
6541.949881821  5.462668E-16
6543.8998817481  5.376895E-16
6545.84988167519  5.300623E-16
6547.79988160229  5.256477E-16
6549.74988152938  5.308682E-16
6551.69988145648  5.350873E-16
6553.64988138357  5.315903E-16
6555.59988131067  5.282606E-16
6557.54988123776  5.195196E-16
6559.49988116486  5.144041E-16
6561.44988109195  5.163964E-16
6563.39988101905  5.273380E-16
6565.34988094614  5.280039E-16
6567.29988087324  5.364114E-16
6569.24988080033  5.368753E-16
6571.19988072743  5.229260E-16
6573.14988065452  5.252432E-16
6575.09988058162  5.324251E-16
6577.04988050871  5.346289E-16
6578.99988043581  5.259920E-16
6580.9498803629  5.177191E-16
6582.89988029  5.270737E-16
6584.84988021709  5.176363E-16
6586.79988014419  5.114272E-16
6588.74988007128  5.257582E-16
6590.69987999838  5.212940E-16
6592.64987992547  5.268136E-16
6594.59987985257  5.354524E-16
6596.54987977966  5.225792E-16
6598.49987970676  5.236983E-16
6600.44987963385  5.240160E-16
6602.39987956095  5.220700E-16
6604.34987948804  5.143810E-16
6606.29987941514  5.066028E-16
6608.24987934223  5.135686E-16
6610.19987926933  5.077845E-16
6612.14987919642  4.988921E-16
6614.09987912352  5.090739E-16
6616.04987905061  5.118585E-16
6617.99987897771  5.059007E-16
6619.9498789048  5.091617E-16
6621.8998788319  5.063497E-16
6623.84987875899  5.018712E-16
6625.79987868609  5.028840E-16
6627.74987861318  4.998390E-16
6629.69987854028  5.044459E-16
6631.64987846737  5.068486E-16
6633.59987839447  4.949653E-16
6635.54987832156  4.843002E-16
6637.49987824866  4.851160E-16
6639.44987817575  4.881104E-16
6641.39987810285  4.861971E-16
6643.34987802994  4.893706E-16
6645.29987795704  4.890695E-16
6647.24987788413  4.820207E-16
6649.19987781123  4.873978E-16
6651.14987773832  4.938663E-16
6653.09987766542  4.851872E-16
6655.04987759251  4.797258E-16
6656.99987751961  4.802734E-16
6658.9498774467  4.813790E-16
6660.8998773738  4.865288E-16
6662.84987730089  4.857990E-16
6664.79987722799  4.870735E-16
6666.74987715508  4.833949E-16
6668.69987708218  4.670953E-16
6670.64987700927  4.719049E-16
6672.59987693637  4.788881E-16
6674.54987686346  4.780924E-16
6676.49987679056  4.744259E-16
6678.44987671765  4.721680E-16
6680.39987664475  4.779751E-16
6682.34987657184  4.710478E-16
6684.29987649894  4.659858E-16
6686.24987642603  4.664102E-16
6688.19987635313  4.668900E-16
6690.14987628022  4.709090E-16
6692.09987620732  4.706394E-16
6694.04987613441  4.613145E-16
6695.99987606151  4.619301E-16
6697.9498759886  4.762478E-16
6699.8998759157  4.739133E-16
6701.84987584279  4.685748E-16
6703.79987576989  4.753418E-16
6705.74987569698  4.747765E-16
6707.69987562408  4.661162E-16
6709.64987555117  4.638723E-16
6711.59987547827  4.596970E-16
6713.54987540536  4.542676E-16
6715.49987533246  4.615422E-16
6717.44987525955  4.658642E-16
6719.39987518665  4.701042E-16
6721.34987511374  4.711524E-16
6723.29987504084  4.653596E-16
6725.24987496793  4.725751E-16
6727.19987489503  4.712079E-16
6729.14987482212  4.652070E-16
6731.09987474922  4.719905E-16
6733.04987467631  4.686503E-16
6734.99987460341  4.642554E-16
6736.94987453051  4.651301E-16
6738.8998744576  4.624054E-16
6740.84987438469  4.604202E-16
6742.79987431179  4.634342E-16
6744.74987423888  4.713776E-16
6746.69987416598  4.684680E-16
6748.64987409307  4.657608E-16
6750.59987402017  4.629640E-16
6752.54987394726  4.582306E-16
6754.49987387436  4.524876E-16
6756.44987380145  4.535934E-16
6758.39987372855  4.660052E-16
6760.34987365564  4.683257E-16
6762.29987358274  4.636126E-16
6764.24987350983  4.640948E-16
6766.19987343693  4.678384E-16
6768.14987336402  4.680903E-16
6770.09987329112  4.645759E-16
6772.04987321821  4.607026E-16
6773.99987314531  4.633016E-16
6775.9498730724  4.653864E-16
6777.8998729995  4.598278E-16
6779.84987292659  4.611822E-16
6781.79987285369  4.562008E-16
6783.74987278078  4.451481E-16
6785.69987270788  4.458625E-16
6787.64987263497  4.465291E-16
6789.59987256207  4.485754E-16
6791.54987248916  4.482067E-16
6793.49987241626  4.431023E-16
6795.44987234335  4.473682E-16
6797.39987227045  4.429480E-16
6799.34987219754  4.411316E-16
6801.29987212464  4.492781E-16
6803.24987205173  4.507691E-16
6805.19987197883  4.471922E-16
6807.14987190592  4.412170E-16
6809.09987183302  4.487052E-16
6811.04987176011  4.486470E-16
6812.99987168721  4.394734E-16
6814.9498716143  4.374390E-16
6816.8998715414  4.377444E-16
6818.84987146849  4.275489E-16
6820.79987139559  4.284692E-16
6822.74987132268  4.359781E-16
6824.69987124978  4.365035E-16
6826.64987117687  4.320787E-16
6828.59987110397  4.314306E-16
6830.54987103106  4.326881E-16
6832.49987095816  4.263466E-16
6834.44987088525  4.288304E-16
6836.39987081235  4.317248E-16
6838.34987073944  4.277206E-16
6840.29987066654  4.418132E-16
6842.24987059363  4.447872E-16
6844.19987052073  4.409909E-16
6846.14987044782  4.316906E-16
6848.09987037492  4.382841E-16
6850.04987030201  4.421383E-16
6851.99987022911  4.353810E-16
6853.9498701562  4.242152E-16
6855.8998700833  4.241014E-16
6857.84987001039  4.353066E-16
6859.79986993749  4.435740E-16
6861.74986986458  4.536767E-16
6863.69986979168  4.576203E-16
6865.64986971877  4.406257E-16
6867.59986964587  4.157931E-16
6869.54986957296  4.157240E-16
6871.49986950006  4.351662E-16
6873.44986942715  4.353517E-16
6875.39986935425  4.333647E-16
6877.34986928134  4.369654E-16
6879.29986920844  4.306702E-16
6881.24986913553  4.237821E-16
6883.19986906263  4.113235E-16
6885.14986898972  3.994352E-16
6887.09986891682  3.897933E-16
6889.04986884391  3.864566E-16
6890.99986877101  4.009885E-16
6892.9498686981  4.264043E-16
6894.8998686252  4.414036E-16
6896.84986855229  4.316534E-16
6898.79986847939  4.170625E-16
6900.74986840648  4.356968E-16
6902.69986833358  4.375329E-16
6904.64986826067  4.421538E-16
6906.59986818777  4.318337E-16
6908.54986811486  4.178390E-16
6910.49986804196  4.335076E-16
6912.44986796905  4.464705E-16
6914.39986789615  4.473535E-16
6916.34986782324  4.445334E-16
6918.29986775034  4.602606E-16
6920.24986767743  4.667450E-16
6922.19986760453  4.636738E-16
6924.14986753162  4.537392E-16
6926.09986745872  4.548115E-16
6928.04986738581  4.575025E-16
6929.99986731291  4.503283E-16
6931.94986724  4.432771E-16
6933.8998671671  4.417526E-16
6935.84986709419  4.392510E-16
6937.79986702129  4.399282E-16
6939.74986694838  4.379825E-16
6941.69986687548  4.351628E-16
6943.64986680257  4.344665E-16
6945.59986672967  4.429868E-16
6947.54986665676  4.448707E-16
6949.49986658386  4.522503E-16
6951.44986651095  4.345874E-16
6953.39986643805  4.436076E-16
6955.34986636514  4.516221E-16
6957.29986629224  4.348113E-16
6959.24986621933  4.209136E-16
6961.19986614643  4.375864E-16
6963.14986607352  4.610550E-16
6965.09986600062  4.693024E-16
6967.04986592771  4.712762E-16
6968.99986585481  4.561740E-16
6970.9498657819  4.547112E-16
6972.899865709  4.480405E-16
6974.84986563609  4.562933E-16
6976.79986556319  4.521316E-16
6978.74986549028  4.343413E-16
6980.69986541738  4.351153E-16
6982.64986534447  4.427395E-16
6984.59986527157  4.415104E-16
6986.54986519866  4.353295E-16
6988.49986512576  4.324156E-16
6990.44986505286  4.339130E-16
6992.39986497995  4.359102E-16
6994.34986490704  4.310482E-16
6996.29986483414  4.417353E-16
6998.24986476123  4.348412E-16
7000.19986468833  4.274197E-16
7002.14986461542  4.297144E-16
7004.09986454252  4.289231E-16
7006.04986446961  4.242800E-16
7007.99986439671  4.334733E-16
7009.9498643238  4.317652E-16
7011.8998642509  4.401548E-16
7013.84986417799  4.635849E-16
7015.79986410509  4.528557E-16
7017.74986403218  4.419236E-16
7019.69986395928  4.502276E-16
7021.64986388637  4.589682E-16
7023.59986381347  4.523739E-16
7025.54986374056  4.499062E-16
7027.49986366766  4.480132E-16
7029.44986359475  4.462563E-16
7031.39986352185  4.504665E-16
7033.34986344894  4.631128E-16
7035.29986337604  4.596907E-16
7037.24986330313  4.542233E-16
7039.19986323023  4.571733E-16
7041.14986315732  4.507429E-16
7043.09986308442  4.554780E-16
7045.04986301151  4.567687E-16
7046.99986293861  4.494052E-16
7048.9498628657  4.437740E-16
7050.8998627928  4.423755E-16
7052.84986271989  4.423518E-16
7054.79986264699  4.441506E-16
7056.74986257408  4.352974E-16
7058.69986250118  4.413894E-16
7060.64986242827  4.430707E-16
7062.59986235537  4.394941E-16
7064.54986228246  4.550052E-16
7066.49986220956  4.506215E-16
7068.44986213665  4.399035E-16
7070.39986206375  4.410798E-16
7072.34986199084  4.406158E-16
7074.29986191794  4.397383E-16
7076.24986184503  4.443206E-16
7078.19986177213  4.467652E-16
7080.14986169922  4.421178E-16
7082.09986162632  4.495267E-16
7084.04986155341  4.585526E-16
7085.99986148051  4.487918E-16
7087.9498614076  4.366421E-16
7089.8998613347  4.385721E-16
7091.84986126179  4.450913E-16
7093.79986118889  4.390808E-16
7095.74986111598  4.406328E-16
7097.69986104308  4.522414E-16
7099.64986097017  4.522811E-16
7101.59986089727  4.496285E-16
7103.54986082436  4.519573E-16
7105.49986075146  4.615776E-16
7107.44986067855  4.565414E-16
7109.39986060565  4.513624E-16
7111.34986053274  4.647264E-16
7113.29986045984  4.615187E-16
7115.24986038693  4.433773E-16
7117.19986031403  4.397340E-16
7119.14986024112  4.513346E-16
7121.09986016822  4.485233E-16
7123.04986009531  4.424945E-16
7124.99986002241  4.488931E-16
7126.9498599495  4.593899E-16
7128.8998598766  4.412821E-16
7130.84985980369  3.471834E-16
7132.79985973079  4.000624E-16
7134.74985965788  5.054283E-16
7136.69985958498  4.649950E-16
7138.64985951207  4.643065E-16
7140.59985943917  4.685835E-16
7142.54985936626  4.659550E-16
7144.49985929336  4.589104E-16
7146.44985922045  4.652238E-16
7148.39985914755  4.632713E-16
7150.34985907464  4.464171E-16
7152.29985900174  4.445075E-16
7154.24985892883  4.480737E-16
7156.19985885593  4.583906E-16
7158.14985878302  4.637062E-16
7160.09985871012  4.540791E-16
7162.04985863721  4.422632E-16
7163.99985856431  4.313428E-16
7165.9498584914  4.242234E-16
7167.8998584185  4.186414E-16
7169.84985834559  4.180814E-16
7171.79985827269  4.100596E-16
7173.74985819978  4.081805E-16
7175.69985812688  4.066061E-16
7177.64985805397  4.025121E-16
7179.59985798107  4.101745E-16
7181.54985790816  4.100764E-16
7183.49985783526  4.014564E-16
7185.44985776235  3.933101E-16
7187.39985768945  3.944003E-16
7189.34985761654  4.112951E-16
7191.29985754364  4.262879E-16
7193.24985747073  4.356379E-16
7195.19985739783  4.486226E-16
7197.14985732492  4.496938E-16
7199.09985725202  4.331038E-16
7201.04985717911  4.433812E-16
7202.99985710621  4.607524E-16
7204.9498570333  4.581636E-16
7206.8998569604  4.610658E-16
7208.84985688749  4.891758E-16
7210.79985681459  5.146737E-16
7212.74985674168  5.167961E-16
7214.69985666878  4.977206E-16
7216.64985659587  4.938206E-16
7218.59985652297  4.992028E-16
7220.54985645006  4.849225E-16
7222.49985637716  4.905256E-16
7224.44985630425  5.360206E-16
7226.39985623135  6.631213E-16
7228.34985615844  7.623444E-16
7230.29985608554  7.116183E-16
7232.24985601263  5.573783E-16
7234.19985593973  4.512241E-16
7236.14985586682  4.384731E-16
7238.09985579392  4.326863E-16
7240.04985572101  4.117442E-16
7241.99985564811  4.132639E-16
7243.94985557521  4.306080E-16
7245.8998555023  4.327277E-16
7247.84985542939  4.455156E-16
7249.79985535649  4.418191E-16
7251.74985528358  4.464729E-16
7253.69985521068  4.361988E-16
7255.64985513777  4.532629E-16
7257.59985506487  4.613926E-16
7259.54985499196  4.620186E-16
7261.49985491906  4.547787E-16
7263.44985484615  4.364961E-16
7265.39985477325  4.429841E-16
7267.34985470034  4.595406E-16
7269.29985462744  4.537900E-16
7271.24985455453  4.392471E-16
7273.19985448163  4.324991E-16
7275.14985440872  3.990483E-16
7277.09985433582  4.035608E-16
7279.04985426291  4.087081E-16
7280.99985419001  4.287472E-16
7282.9498541171  4.524747E-16
7284.8998540442  4.541664E-16
7286.84985397129  4.446663E-16
7288.79985389839  4.469463E-16
7290.74985382548  4.454000E-16
7292.69985375258  4.475277E-16
7294.64985367967  4.431612E-16
7296.59985360677  4.529015E-16
7298.54985353386  4.662730E-16
7300.49985346096  4.719314E-16
7302.44985338805  4.655688E-16
7304.39985331515  4.589376E-16
7306.34985324224  4.420128E-16
7308.29985316934  4.197200E-16
7310.24985309643  4.179396E-16
7312.19985302353  4.292502E-16
7314.14985295062  4.424163E-16
7316.09985287772  4.388249E-16
7318.04985280481  4.179331E-16
7319.99985273191  4.125229E-16
7321.949852659  4.144775E-16
7323.8998525861  4.217717E-16
7325.84985251319  4.520084E-16
7327.79985244029  4.547658E-16
7329.74985236738  4.349623E-16
7331.69985229448  4.319941E-16
7333.64985222157  4.197012E-16
7335.59985214867  4.402329E-16
7337.54985207576  4.580624E-16
7339.49985200286  4.658805E-16
7341.44985192996  4.654482E-16
7343.39985185705  4.597407E-16
7345.34985178414  4.553789E-16
7347.29985171124  4.363290E-16
7349.24985163833  4.325656E-16
7351.19985156543  4.357931E-16
7353.14985149252  4.168169E-16
7355.09985141962  4.249277E-16
7357.04985134671  4.307802E-16
7358.99985127381  3.994560E-16
7360.9498512009  4.078636E-16
7362.899851128  4.230886E-16
7364.84985105509  4.043483E-16
7366.79985098219  4.032276E-16
7368.74985090928  4.057335E-16
7370.69985083638  3.981258E-16
7372.64985076347  3.977489E-16
7374.59985069057  4.089692E-16
7376.54985061766  4.079515E-16
7378.49985054476  4.167831E-16
7380.44985047185  4.258549E-16
7382.39985039895  4.244351E-16
7384.34985032604  4.304792E-16
7386.29985025314  4.337357E-16
7388.24985018023  4.356628E-16
7390.19985010733  4.297923E-16
7392.14985003442  4.272979E-16
7394.09984996152  4.358388E-16
7396.04984988861  4.408970E-16
7397.99984981571  4.411262E-16
7399.9498497428  4.302881E-16
7401.8998496699  4.022919E-16
7403.84984959699  3.866287E-16
7405.79984952409  3.947762E-16
7407.74984945118  4.039928E-16
7409.69984937828  4.052715E-16
7411.64984930537  4.027821E-16
7413.59984923247  4.068796E-16
7415.54984915956  4.065707E-16
7417.49984908666  3.927869E-16
7419.44984901375  3.910822E-16
7421.39984894085  3.965787E-16
7423.34984886794  3.971244E-16
7425.29984879504  3.985772E-16
7427.24984872213  3.910349E-16
7429.19984864923  3.902285E-16
7431.14984857632  3.884421E-16
7433.09984850342  3.797815E-16
7435.04984843051  3.968991E-16
7436.99984835761  3.968171E-16
7438.9498482847  3.903942E-16
7440.8998482118  3.989930E-16
7442.84984813889  3.923139E-16
7444.79984806599  3.939798E-16
7446.74984799308  3.925968E-16
7448.69984792018  3.895696E-16
7450.64984784727  3.804707E-16
7452.59984777437  3.817830E-16
7454.54984770146  3.804310E-16
7456.49984762856  3.728176E-16
7458.44984755565  3.855856E-16
7460.39984748275  3.993186E-16
7462.34984740984  3.972034E-16
7464.29984733694  3.963787E-16
7466.24984726403  3.945529E-16
7468.19984719113  3.903456E-16
7470.14984711823  3.921070E-16
7472.09984704532  3.894611E-16
7474.04984697242  3.973550E-16
7475.99984689951  4.002267E-16
7477.9498468266  4.023556E-16
7479.8998467537  3.963770E-16
7481.84984668079  3.957223E-16
7483.79984660789  4.031556E-16
7485.74984653498  3.907344E-16
7487.69984646208  3.855662E-16
7489.64984638917  3.869355E-16
7491.59984631627  3.831079E-16
7493.54984624336  3.842821E-16
7495.49984617046  3.744953E-16
7497.44984609756  3.885642E-16
7499.39984602465  3.954705E-16
7501.34984595174  3.819208E-16
7503.29984587884  3.840889E-16
7505.24984580593  3.854604E-16
7507.19984573303  3.830383E-16
7509.14984566012  3.902904E-16
7511.09984558722  3.800802E-16
7513.04984551431  3.751494E-16
7514.99984544141  3.867446E-16
7516.9498453685  3.815458E-16
7518.8998452956  3.779437E-16
7520.84984522269  3.818373E-16
7522.79984514979  3.915868E-16
7524.74984507688  4.004390E-16
7526.69984500398  3.897976E-16
7528.64984493107  3.779550E-16
7530.59984485817  3.716897E-16
7532.54984478527  3.721279E-16
7534.49984471236  3.712947E-16
7536.44984463945  3.657691E-16
7538.39984456655  3.623555E-16
7540.34984449364  3.601275E-16
7542.29984442074  3.642628E-16
7544.24984434784  3.681897E-16
7546.19984427493  3.600540E-16
7548.14984420202  3.533916E-16
7550.09984412912  3.558000E-16
7552.04984405621  3.638509E-16
7553.99984398331  3.768789E-16
7555.9498439104  3.759809E-16
7557.8998438375  3.718869E-16
7559.84984376459  3.652877E-16
7561.79984369169  3.561541E-16
7563.74984361878  3.640625E-16
7565.69984354588  3.784530E-16
7567.64984347297  3.852235E-16
7569.59984340007  3.778250E-16
7571.54984332716  3.708329E-16
7573.49984325426  3.693847E-16
7575.44984318135  3.729364E-16
7577.39984310845  3.681125E-16
7579.34984303554  3.581071E-16
7581.29984296264  3.511871E-16
7583.24984288973  3.704424E-16
7585.19984281683  3.662200E-16
7587.14984274392  3.675719E-16
7589.09984267102  3.828432E-16
7591.04984259811  3.776743E-16
7592.99984252521  3.678249E-16
7594.94984245231  3.503899E-16
7596.8998423794  3.434038E-16
7598.84984230649  3.590792E-16
7600.79984223359  3.702851E-16
7602.74984216068  3.752640E-16
7604.69984208778  3.845859E-16
7606.64984201487  3.816780E-16
7608.59984194197  3.680135E-16
7610.54984186906  3.441255E-16
7612.49984179616  3.257477E-16
7614.44984172325  3.177027E-16
7616.39984165035  3.432282E-16
7618.34984157744  4.081380E-16
7620.29984150454  3.940264E-16
7622.24984143163  3.603087E-16
7624.19984135873  3.203220E-16
7626.14984128582  3.383831E-16
7628.09984121292  3.833838E-16
7630.04984114001  3.692778E-16
7631.99984106711  3.725905E-16
7633.9498409942  3.691702E-16
7635.8998409213  3.449465E-16
7637.84984084839  3.216492E-16
7639.79984077549  3.025218E-16
7641.74984070258  2.502011E-16
7643.69984062968  2.637890E-16
7645.64984055677  3.157117E-16
7647.59984048387  3.566480E-16
7649.54984041096  3.788707E-16
7651.49984033806  3.923724E-16
7653.44984026515  4.040222E-16
7655.39984019225  3.827329E-16
7657.34984011934  3.892438E-16
7659.29984004644  3.665359E-16
7661.24983997353  3.686394E-16
7663.19983990063  3.799036E-16
7665.14983982772  3.651727E-16
7667.09983975482  3.573339E-16
7669.04983968191  3.631569E-16
7670.99983960901  3.749676E-16
7672.94983953611  3.876320E-16
7674.8998394632  3.746478E-16
7676.8498393903  3.761885E-16
7678.79983931739  3.967715E-16
7680.74983924448  3.943710E-16
7682.69983917158  3.806692E-16
7684.64983909867  3.645337E-16
7686.59983902577  3.647474E-16
7688.54983895286  3.694929E-16
7690.49983887996  3.659253E-16
7692.44983880705  3.562892E-16
7694.39983873415  3.640920E-16
7696.34983866124  3.673697E-16
7698.29983858834  3.627898E-16
7700.24983851543  3.696843E-16
7702.19983844253  3.652731E-16
7704.14983836962  3.717066E-16
7706.09983829672  3.781801E-16
7708.04983822381  3.829021E-16
7709.99983815091  3.756177E-16
7711.949838078  3.767453E-16
7713.8998380051  3.979588E-16
7715.84983793219  3.932297E-16
7717.79983785929  3.753977E-16
7719.74983778638  3.561789E-16
7721.69983771348  3.561744E-16
7723.64983764058  3.539890E-16
7725.59983756767  3.453839E-16
7727.54983749477  3.373680E-16
7729.49983742186  3.374404E-16
7731.44983734895  3.307959E-16
7733.39983727605  3.288671E-16
7735.34983720315  3.363865E-16
7737.29983713024  3.312787E-16
7739.24983705733  3.320581E-16
7741.19983698443  3.410140E-16
7743.14983691152  3.410463E-16
7745.09983683862  3.406282E-16
7747.04983676571  3.519724E-16
7748.99983669281  3.514179E-16
7750.94983661991  3.805154E-16
7752.899836547  3.923233E-16
7754.84983647409  3.894823E-16
7756.79983640119  3.691988E-16
7758.74983632828  3.619338E-16
7760.69983625538  3.698219E-16
7762.64983618247  3.732898E-16
7764.59983610957  3.717827E-16
7766.54983603666  3.636739E-16
7768.49983596376  3.374780E-16
7770.44983589085  3.444415E-16
7772.39983581795  3.440419E-16
7774.34983574505  3.348195E-16
7776.29983567214  3.294886E-16
7778.24983559923  3.266219E-16
7780.19983552633  3.195296E-16
7782.14983545342  3.156496E-16
7784.09983538052  3.160364E-16
7786.04983530762  3.306741E-16
7787.99983523471  3.467686E-16
7789.9498351618  3.291910E-16
7791.8998350889  3.187020E-16
7793.84983501599  3.466064E-16
7795.79983494309  3.734173E-16
7797.74983487019  3.748191E-16
7799.69983479728  3.516622E-16
7801.64983472437  3.490539E-16
7803.59983465147  3.668833E-16
7805.54983457856  3.731267E-16
7807.49983450566  3.635094E-16
7809.44983443275  3.606497E-16
7811.39983435985  3.524653E-16
7813.34983428695  3.432419E-16
7815.29983421404  3.410985E-16
7817.24983414114  3.430939E-16
7819.19983406823  3.546702E-16
7821.14983399532  3.473090E-16
7823.09983392242  3.133301E-16
7825.04983384951  2.979041E-16
7826.99983377661  3.109560E-16
7828.9498337037  3.242148E-16
7830.8998336308  3.385517E-16
7832.84983355789  3.376474E-16
7834.79983348499  3.391205E-16
7836.74983341208  3.493551E-16
7838.69983333918  3.364282E-16
7840.64983326627  3.411998E-16
7842.59983319337  3.524843E-16
7844.54983312046  3.500016E-16
7846.49983304756  3.586159E-16
7848.44983297466  3.693000E-16
7850.39983290175  3.657670E-16
7852.34983282884  3.749489E-16
7854.29983275594  3.875811E-16
7856.24983268303  3.834228E-16
7858.19983261013  3.717456E-16
7860.14983253722  3.670933E-16
7862.09983246432  3.568014E-16
7864.04983239141  3.434015E-16
7865.99983231851  3.428158E-16
7867.9498322456  3.350850E-16
7869.8998321727  3.225657E-16
7871.84983209979  3.161771E-16
7873.79983202689  3.131456E-16
7875.74983195399  3.161297E-16
7877.69983188108  3.218479E-16
7879.64983180818  3.115622E-16
7881.59983173527  3.141079E-16
7883.54983166236  3.211150E-16
7885.49983158946  3.193597E-16
7887.44983151655  3.211685E-16
7889.39983144365  3.388493E-16
7891.34983137074  3.456321E-16
7893.29983129784  3.331734E-16
7895.24983122493  3.391451E-16
7897.19983115203  3.500361E-16
7899.14983107912  3.367759E-16
7901.09983100622  3.316751E-16
7903.04983093331  3.490820E-16
7904.99983086041  3.528601E-16
7906.9498307875  3.467568E-16
7908.8998307146  3.510952E-16
7910.84983064169  3.542684E-16
7912.79983056879  3.437672E-16
7914.74983049588  3.204483E-16
7916.69983042298  3.221825E-16
7918.64983035007  3.210786E-16
7920.59983027717  3.187972E-16
7922.54983020426  3.007157E-16
7924.49983013136  3.088322E-16
7926.44983005846  3.194551E-16
7928.39982998555  3.154635E-16
7930.34982991265  3.139538E-16
7932.29982983974  3.267280E-16
7934.24982976683  3.095432E-16
7936.19982969393  3.250033E-16
7938.14982962103  3.317028E-16
7940.09982954812  3.260717E-16
7942.04982947522  3.163757E-16
7943.99982940231  3.311228E-16
7945.94982932941  3.478327E-16
7947.8998292565  3.475174E-16
7949.84982918359  3.581578E-16
7951.79982911069  3.471929E-16
7953.74982903778  3.511425E-16
7955.69982896488  3.444312E-16
7957.64982889197  3.355991E-16
7959.59982881907  3.215664E-16
7961.54982874616  3.211267E-16
7963.49982867326  3.290459E-16
7965.44982860035  3.036378E-16
7967.39982852745  2.967360E-16
7969.34982845454  3.112781E-16
7971.29982838164  2.954591E-16
7973.24982830873  2.964232E-16
7975.19982823583  3.069701E-16
7977.14982816293  3.115648E-16
7979.09982809002  2.978410E-16
7981.04982801712  2.980389E-16
7982.99982794421  3.158821E-16
7984.9498278713  3.246381E-16
7986.8998277984  3.176901E-16
7988.8498277255  3.120254E-16
7990.79982765259  3.014532E-16
7992.74982757968  3.260485E-16
7994.69982750678  3.407549E-16
7996.64982743387  3.227310E-16
7998.59982736097  3.197654E-16
8000.54982728807  3.176514E-16
8002.49982721516  3.128896E-16
8004.44982714226  3.155811E-16
8006.39982706935  3.153956E-16
8008.34982699644  3.267240E-16
8010.29982692354  3.300640E-16
8012.24982685063  3.229577E-16
8014.19982677773  3.123678E-16
8016.14982670482  3.036140E-16
8018.09982663192  3.098529E-16
8020.04982655901  3.034277E-16
8021.99982648611  2.856479E-16
8023.9498264132  2.809233E-16
8025.8998263403  2.763534E-16
8027.8498262674  2.593965E-16
8029.79982619449  2.548465E-16
8031.74982612158  2.767283E-16
8033.69982604868  2.877485E-16
8035.64982597577  2.823678E-16
8037.59982590287  2.849505E-16
8039.54982582997  2.975226E-16
8041.49982575706  3.036080E-16
8043.44982568415  3.037578E-16
8045.39982561125  3.134673E-16
8047.34982553834  3.093674E-16
8049.29982546544  3.030839E-16
8051.24982539254  3.232669E-16
8053.19982531963  3.359993E-16
8055.14982524672  3.274608E-16
8057.09982517382  3.095556E-16
8059.04982510091  3.105728E-16
8060.99982502801  3.149046E-16
8062.9498249551  2.993151E-16
8064.8998248822  2.856902E-16
8066.84982480929  2.826040E-16
8068.79982473639  2.823066E-16
8070.74982466348  2.852584E-16
8072.69982459058  2.755933E-16
8074.64982451767  2.695100E-16
8076.59982444477  2.692873E-16
8078.54982437187  2.635871E-16
8080.49982429896  2.659214E-16
8082.44982422606  2.541664E-16
8084.39982415315  2.622062E-16
8086.34982408024  2.709235E-16
8088.29982400734  2.668867E-16
8090.24982393443  2.690805E-16
8092.19982386153  2.854190E-16
8094.14982378862  2.862557E-16
8096.09982371572  2.920457E-16
8098.04982364281  2.957194E-16
8099.99982356991  2.932320E-16
8101.94982349701  2.975055E-16
8103.8998234241  2.997133E-16
8105.84982335119  2.933946E-16
8107.79982327829  2.902952E-16
8109.74982320538  2.885466E-16
8111.69982313248  2.943864E-16
8113.64982305957  2.877901E-16
8115.59982298667  2.727492E-16
8117.54982291376  2.769693E-16
8119.49982284086  2.823064E-16
8121.44982276795  2.644445E-16
8123.39982269505  2.588952E-16
8125.34982262214  2.683076E-16
8127.29982254924  2.695449E-16
8129.24982247634  2.544901E-16
8131.19982240343  2.463041E-16
8133.14982233053  2.343831E-16
8135.09982225762  2.381401E-16
8137.04982218471  2.449018E-16
8138.99982211181  2.547633E-16
8140.94982203891  2.588450E-16
8142.899821966  2.553889E-16
8144.8498218931  2.583567E-16
8146.79982182019  2.468877E-16
8148.74982174728  2.555465E-16
8150.69982167438  2.592854E-16
8152.64982160148  2.651065E-16
8154.59982152857  2.623870E-16
8156.54982145566  2.741891E-16
8158.49982138276  2.691990E-16
8160.44982130985  2.745438E-16
8162.39982123695  2.599932E-16
8164.34982116404  2.616138E-16
8166.29982109114  2.675601E-16
8168.24982101823  2.637064E-16
8170.19982094533  2.649518E-16
8172.14982087242  2.721706E-16
8174.09982079952  2.614897E-16
8176.04982072661  2.523879E-16
8177.99982065371  2.430845E-16
8179.94982058081  2.553973E-16
8181.8998205079  2.532839E-16
8183.849820435  2.620106E-16
8185.79982036209  2.699166E-16
8187.74982028918  2.574985E-16
8189.69982021628  2.536274E-16
8191.64982014338  2.763654E-16
8193.59982007047  2.765635E-16
8195.54981999757  2.631683E-16
8197.49981992466  2.248776E-16
8199.44981985175  2.216826E-16
8201.39981977885  2.567074E-16
8203.34981970595  2.849694E-16
8205.29981963304  2.956477E-16
8207.24981956014  2.876041E-16
8209.19981948723  2.877368E-16
8211.14981941433  3.027862E-16
8213.09981934142  3.034776E-16
8215.04981926851  2.883977E-16
8216.99981919561  2.692917E-16
8218.9498191227  2.469272E-16
8220.8998190498  2.391621E-16
8222.84981897689  2.321635E-16
8224.79981890399  2.184334E-16
8226.74981883108  2.075696E-16
8228.69981875818  2.038531E-16
8230.64981868528  2.082871E-16
8232.59981861237  2.205755E-16
8234.54981853947  2.463431E-16
8236.49981846656  2.593078E-16
8238.44981839365  2.782663E-16
8240.39981832075  2.959953E-16
8242.34981824785  3.072674E-16
8244.29981817494  3.160249E-16
8246.24981810204  3.071373E-16
8248.19981802913  2.965384E-16
8250.14981795622  2.935638E-16
8252.09981788332  2.692444E-16
8254.04981781042  2.533190E-16
8255.99981773751  2.577887E-16
8257.94981766461  2.756452E-16
8259.8998175917  2.687472E-16
8261.84981751879  2.565596E-16
8263.79981744589  2.706742E-16
8265.74981737299  2.738208E-16
8267.69981730008  2.709554E-16
8269.64981722718  2.655751E-16
8271.59981715427  2.529829E-16
8273.54981708136  2.367324E-16
8275.49981700846  2.374676E-16
8277.44981693555  2.420059E-16
8279.39981686265  2.360313E-16
8281.34981678975  2.239510E-16
8283.29981671684  2.277298E-16
8285.24981664394  2.443794E-16
8287.19981657103  2.492255E-16
8289.14981649812  2.596031E-16
8291.09981642522  2.578554E-16
8293.04981635232  2.490248E-16
8294.99981627941  2.605932E-16
8296.9498162065  2.732670E-16
8298.8998161336  2.865131E-16
8300.84981606069  2.861121E-16
8302.79981598779  2.830946E-16
8304.74981591489  2.845161E-16
8306.69981584198  2.817985E-16
8308.64981576907  2.540713E-16
8310.59981569617  2.586057E-16
8312.54981562326  2.707117E-16
8314.49981555036  2.695765E-16
8316.44981547746  2.585228E-16
8318.39981540455  2.648179E-16
8320.34981533164  2.564544E-16
8322.29981525874  2.486787E-16
8324.24981518583  2.623149E-16
8326.19981511293  2.736563E-16
8328.14981504002  2.766949E-16
8330.09981496712  2.619195E-16
8332.04981489422  2.661901E-16
8333.99981482131  2.824880E-16
8335.94981474841  2.855370E-16
8337.8998146755  2.895711E-16
8339.84981460259  2.659152E-16
8341.79981452969  2.408639E-16
8343.74981445679  2.852103E-16
8345.69981438388  3.618935E-16
8347.64981431098  3.687842E-16
8349.59981423807  3.222660E-16
8351.54981416516  2.834530E-16
8353.49981409226  2.857460E-16
8355.44981401936  2.747757E-16
8357.39981394645  2.810855E-16
8359.34981387354  2.697848E-16
8361.29981380064  2.554666E-16
8363.24981372773  2.537065E-16
8365.19981365483  2.600213E-16
8367.14981358193  2.515953E-16
8369.09981350902  2.430965E-16
8371.04981343611  2.530060E-16
8372.99981336321  2.608591E-16
8374.9498132903  2.646914E-16
8376.8998132174  2.498948E-16
8378.84981314449  2.425131E-16
8380.79981307159  2.516372E-16
8382.74981299869  2.667384E-16
8384.69981292578  2.758706E-16
8386.64981285288  2.692974E-16
8388.59981277997  2.712456E-16
8390.54981270706  2.650640E-16
8392.49981263416  2.505885E-16
8394.44981256126  2.668786E-16
8396.39981248835  3.014139E-16
8398.34981241545  2.780022E-16
8400.29981234254  2.094993E-16
8402.24981226963  1.875409E-16
8404.19981219673  2.119682E-16
8406.14981212383  2.375238E-16
8408.09981205092  2.540112E-16
8410.04981197802  2.543514E-16
8411.99981190511  2.273736E-16
8413.94981183221  2.399939E-16
8415.8998117593  2.582600E-16
8417.8498116864  2.609387E-16
8419.79981161349  2.406868E-16
8421.74981154058  2.367254E-16
8423.69981146768  2.461890E-16
8425.64981139477  2.543523E-16
8427.59981132187  2.695580E-16
8429.54981124896  2.440333E-16
8431.49981117606  2.178761E-16
8433.44981110316  1.832098E-16
8435.39981103025  1.868645E-16
8437.34981095735  2.302385E-16
8439.29981088444  2.558615E-16
8441.24981081153  2.528531E-16
8443.19981073863  2.624998E-16
8445.14981066573  2.727994E-16
8447.09981059282  2.790845E-16
8449.04981051992  2.774221E-16
8450.99981044701  2.613791E-16
8452.9498103741  2.447271E-16
8454.8998103012  2.354854E-16
8456.8498102283  2.257341E-16
8458.79981015539  2.204521E-16
8460.74981008249  2.253481E-16
8462.69981000958  2.336698E-16
8464.64980993668  2.280816E-16
8466.59980986377  2.734984E-16
8468.54980979087  3.052748E-16
8470.49980971796  2.833885E-16
8472.44980964506  2.620948E-16
8474.39980957215  2.491105E-16
8476.34980949925  2.449289E-16
8478.29980942634  2.349934E-16
8480.24980935343  2.284809E-16
8482.19980928053  2.360503E-16
8484.14980920763  2.571629E-16
8486.09980913472  2.662313E-16
8488.04980906182  2.495758E-16
8489.99980898891  2.508514E-16
8491.949808916  2.530071E-16
8493.8998088431  2.397735E-16
8495.8498087702  2.451042E-16
8497.79980869729  2.427866E-16
8499.74980862439  2.242759E-16
8501.69980855148  2.469832E-16
8503.64980847857  2.535267E-16
8505.59980840567  2.550281E-16
8507.54980833277  2.684773E-16
8509.49980825986  2.628753E-16
8511.44980818696  2.613519E-16
8513.39980811405  2.581192E-16
8515.34980804114  2.561311E-16
8517.29980796824  2.430577E-16
8519.24980789534  2.355560E-16
8521.19980782243  2.448943E-16
8523.14980774953  2.526488E-16
8525.09980767662  2.608639E-16
8527.04980760371  2.686617E-16
8528.99980753081  2.738604E-16
8530.9498074579  2.742179E-16
8532.899807385  2.660532E-16
8534.8498073121  2.572514E-16
8536.79980723919  2.623214E-16
8538.74980716629  2.465655E-16
8540.69980709338  2.382623E-16
8542.64980702047  2.648849E-16
8544.59980694757  2.680591E-16
8546.54980687467  2.622555E-16
8548.49980680176  2.517862E-16
8550.44980672886  2.435465E-16
8552.39980665595  2.454013E-16
8554.34980658304  2.411582E-16
8556.29980651014  2.478741E-16
8558.24980643724  2.531975E-16
8560.19980636433  2.614620E-16
8562.14980629142  2.560682E-16
8564.09980621852  2.483453E-16
8566.04980614561  2.495628E-16
8567.99980607271  2.485358E-16
8569.94980599981  2.518627E-16
8571.8998059269  2.535375E-16
8573.84980585399  2.506701E-16
8575.79980578109  2.368399E-16
8577.74980570818  2.393639E-16
8579.69980563528  2.525961E-16
8581.64980556237  2.546893E-16
8583.59980548947  2.484730E-16
8585.54980541657  2.362112E-16
8587.49980534366  2.509568E-16
8589.44980527076  2.411672E-16
8591.39980519785  2.409673E-16
8593.34980512494  2.375837E-16
8595.29980505204  2.508229E-16
8597.24980497914  2.525541E-16
8599.19980490623  2.444414E-16
8601.14980483333  2.305565E-16
8603.09980476042  2.384805E-16
8605.04980468751  2.298878E-16
