6000.00000000002  1.340636E-17
6004.95049524309  1.299261E-17
6009.90099048616  1.310994E-17
6014.85148572923  1.350252E-17
6019.80198097231  1.348678E-17
6024.75247621538  1.345128E-17
6029.70297145845  1.314651E-17
6034.65346670152  1.282237E-17
6039.6039619446  1.290092E-17
6044.55445718767  1.310627E-17
6049.50495243074  1.276916E-17
6054.45544767381  1.243184E-17
6059.40594291689  1.243179E-17
6064.35643815996  1.304194E-17
6069.30693340303  1.312253E-17
6074.2574286461  1.309036E-17
6079.20792388917  1.182696E-17
6084.15841913225  9.744514E-18
6089.10891437532  1.107179E-17
6094.05940961839  1.246865E-17
6099.00990486147  1.234085E-17
6103.96040010454  1.267772E-17
6108.91089534761  1.285339E-17
6113.86139059068  1.276402E-17
6118.81188583376  1.302112E-17
6123.76238107683  1.304464E-17
6128.7128763199  1.262056E-17
6133.66337156297  1.179573E-17
6138.61386680605  1.220824E-17
6143.56436204912  1.247048E-17
6148.51485729219  1.219322E-17
6153.46535253526  1.173079E-17
6158.41584777834  1.184464E-17
6163.36634302141  1.170940E-17
6168.31683826448  1.099479E-17
6173.26733350755  1.115091E-17
6178.21782875063  1.173671E-17
6183.1683239937  1.108054E-17
6188.11881923677  1.033553E-17
6193.06931447984  1.022529E-17
6198.01980972291  1.046316E-17
6202.97030496599  1.044065E-17
6207.92080020906  9.896718E-18
6212.87129545213  1.003226E-17
6217.8217906952  1.026848E-17
6222.77228593828  1.010183E-17
6227.72278118135  1.026729E-17
6232.67327642442  1.022028E-17
6237.6237716675  9.990903E-18
6242.57426691057  9.972446E-18
6247.52476215364  9.948195E-18
6252.47525739671  1.007954E-17
6257.42575263979  1.053602E-17
6262.37624788286  1.065931E-17
6267.32674312593  1.029099E-17
6272.277238369  1.009801E-17
6277.22773361208  9.869682E-18
6282.17822885515  9.696494E-18
6287.12872409822  9.351709E-18
6292.07921934129  9.500944E-18
6297.02971458437  9.933390E-18
6301.98020982744  9.874224E-18
6306.93070507051  1.038497E-17
6311.88120031358  1.037620E-17
6316.83169555666  9.620547E-18
6321.78219079973  9.593557E-18
6326.7326860428  1.015672E-17
6331.68318128587  9.778933E-18
6336.63367652895  1.004416E-17
6341.58417177202  1.008575E-17
6346.53466701509  9.546378E-18
6351.48516225816  9.485588E-18
6356.43565750124  1.008297E-17
6361.38615274431  1.013060E-17
6366.33664798738  1.019545E-17
6371.28714323045  1.018957E-17
6376.23763847353  9.560860E-18
6381.1881337166  9.726735E-18
6386.13862895967  9.929761E-18
6391.08912420274  9.834462E-18
6396.03961944582  9.902564E-18
6400.99011468889  9.704711E-18
6405.94060993196  9.817090E-18
6410.89110517503  1.009804E-17
6415.84160041811  1.021369E-17
6420.79209566118  9.913483E-18
6425.74259090425  9.499216E-18
6430.69308614732  9.770437E-18
6435.6435813904  1.032344E-17
6440.59407663347  1.015889E-17
6445.54457187654  1.004664E-17
6450.49506711961  1.038352E-17
6455.44556236269  1.027228E-17
6460.39605760576  1.073836E-17
6465.34655284883  1.369052E-17
6470.29704809191  1.679381E-17
6475.24754333498  1.634206E-17
6480.19803857805  1.299460E-17
6485.14853382112  1.057345E-17
6490.0990290642  9.930853E-18
6495.04952430727  9.869220E-18
6500.00001955034  1.005396E-17
6504.95051479341  1.036459E-17
6509.90101003648  1.023905E-17
6514.85150527956  1.031371E-17
6519.80200052263  1.032753E-17
6524.7524957657  9.951664E-18
6529.70299100877  9.977260E-18
6534.65348625185  1.016218E-17
6539.60398149492  9.975365E-18
6544.55447673799  1.000052E-17
6549.50497198106  1.010017E-17
6554.45546722414  1.009167E-17
6559.40596246721  1.013047E-17
6564.35645771028  9.607189E-18
6569.30695295335  9.842998E-18
6574.25744819643  1.012609E-17
6579.2079434395  1.011811E-17
6584.15843868257  9.782215E-18
6589.10893392564  9.523273E-18
6594.05942916872  9.798421E-18
6599.00992441179  1.007480E-17
6603.96041965486  9.796805E-18
6608.91091489794  9.364215E-18
6613.86141014101  9.333544E-18
6618.81190538408  9.418864E-18
6623.76240062715  9.417064E-18
6628.71289587023  9.458197E-18
6633.6633911133  9.400033E-18
6638.61388635637  9.326085E-18
6643.56438159944  9.607010E-18
6648.51487684252  9.270371E-18
6653.46537208559  8.972282E-18
6658.41586732866  9.486024E-18
6663.36636257173  9.898641E-18
6668.3168578148  9.716186E-18
6673.26735305788  9.482350E-18
6678.21784830095  9.629556E-18
6683.16834354402  9.567740E-18
6688.11883878709  9.489257E-18
6693.06933403017  9.664014E-18
6698.01982927324  9.473195E-18
6702.97032451631  9.383342E-18
6707.92081975938  9.686546E-18
6712.87131500246  9.427621E-18
6717.82181024553  9.209140E-18
6722.7723054886  9.313846E-18
6727.72280073167  9.462285E-18
6732.67329597475  9.696262E-18
6737.62379121782  9.631970E-18
6742.57428646089  9.473659E-18
6747.52478170396  9.741540E-18
6752.47527694704  9.593121E-18
6757.42577219011  9.607211E-18
6762.37626743318  9.686641E-18
6767.32676267626  9.516694E-18
6772.27725791933  9.503402E-18
6777.2277531624  9.544136E-18
6782.17824840547  9.617744E-18
6787.12874364855  9.730495E-18
6792.07923889162  9.696330E-18
6797.02973413469  9.791700E-18
6801.98022937776  1.002000E-17
6806.93072462084  1.013988E-17
6811.88121986391  9.893378E-18
6816.83171510698  9.602971E-18
6821.78221035005  9.984516E-18
6826.73270559313  1.056640E-17
6831.6832008362  1.089431E-17
6836.63369607927  1.089879E-17
6841.58419132234  1.093552E-17
6846.53468656541  1.101992E-17
6851.48518180849  1.135882E-17
6856.43567705156  1.219427E-17
6861.38617229463  1.239356E-17
6866.33666753771  1.121014E-17
6871.28716278078  1.034702E-17
6876.23765802385  1.072289E-17
6881.18815326692  1.180432E-17
6886.13864850999  1.230977E-17
6891.08914375307  1.264343E-17
6896.03963899614  1.270187E-17
6900.99013423921  1.253859E-17
6905.94062948229  1.307918E-17
6910.89112472536  1.379041E-17
6915.84161996843  1.532516E-17
6920.7921152115  1.588085E-17
6925.74261045458  1.596610E-17
6930.69310569765  1.615866E-17
6935.64360094072  1.645942E-17
6940.59409618379  1.815273E-17
6945.54459142687  1.780843E-17
6950.49508666994  1.705231E-17
6955.44558191301  1.738257E-17
6960.39607715608  1.689639E-17
6965.34657239916  1.576962E-17
6970.29706764223  1.512986E-17
6975.2475628853  1.472709E-17
6980.19805812838  1.453028E-17
6985.14855337145  1.509869E-17
6990.09904861452  1.482913E-17
6995.04954385759  1.435447E-17
7000.00003910067  1.417896E-17
7004.95053434374  1.410041E-17
7009.90102958681  1.429863E-17
7014.85152482988  1.408938E-17
7019.80202007295  1.375853E-17
7024.75251531603  1.347423E-17
7029.7030105591  1.272475E-17
7034.65350580217  1.244269E-17
7039.60400104524  1.224571E-17
7044.55449628832  1.217023E-17
7049.50499153139  1.204100E-17
7054.45548677446  1.150445E-17
7059.40598201753  1.118319E-17
7064.35647726061  1.100481E-17
7069.30697250368  1.086639E-17
7074.25746774675  1.075194E-17
7079.20796298982  1.068441E-17
7084.1584582329  1.062986E-17
7089.10895347597  1.026560E-17
7094.05944871904  1.003333E-17
7099.00994396211  1.009248E-17
7103.96043920519  1.022197E-17
7108.91093444826  1.007367E-17
7113.86142969133  1.000017E-17
7118.8119249344  9.962553E-18
7123.76242017748  9.870406E-18
7128.71291542055  9.656630E-18
7133.66341066362  9.788456E-18
7138.61390590669  9.641664E-18
7143.56440114977  9.168677E-18
7148.51489639284  9.214481E-18
7153.46539163591  9.372069E-18
7158.41588687898  9.305614E-18
7163.36638212206  9.330391E-18
7168.31687736513  9.136068E-18
7173.2673726082  9.073922E-18
7178.21786785127  8.931754E-18
7183.16836309435  8.624172E-18
7188.11885833742  8.694059E-18
7193.06935358049  8.996711E-18
7198.01984882356  8.869408E-18
7202.97034406664  9.342384E-18
7207.92083930971  1.012413E-17
7212.87133455278  1.116310E-17
7217.82182979585  4.894017E-17
7222.77232503893  1.400781E-16
7227.722820282  2.034011E-16
7232.67331552507  1.684270E-16
7237.62381076814  7.561097E-17
7242.57430601122  1.985338E-17
7247.52480125429  1.130804E-17
7252.47529649736  1.168389E-17
7257.42579174043  1.025141E-17
7262.37628698351  8.396890E-18
7267.32678222658  8.499905E-18
7272.27727746965  9.184760E-18
7277.22777271272  9.021499E-18
7282.1782679558  9.092083E-18
7287.12876319887  8.554964E-18
7292.07925844194  7.845021E-18
7297.02975368501  8.411196E-18
7301.98024892809  8.211422E-18
7306.93074417116  8.875861E-18
7311.88123941423  8.541691E-18
7316.8317346573  7.994273E-18
7321.78222990038  8.996112E-18
7326.73272514345  8.043735E-18
7331.68322038652  8.336617E-18
7336.63371562959  8.284305E-18
7341.58421087267  7.966537E-18
7346.53470611574  8.836030E-18
7351.48520135881  9.408701E-18
7356.43569660188  9.961660E-18
7361.38619184496  9.987575E-18
7366.33668708803  9.205433E-18
7371.2871823311  8.427333E-18
7376.23767757418  1.086481E-17
7381.18817281725  1.361921E-17
7386.13866806032  1.385407E-17
7391.08916330339  1.407065E-17
7396.03965854646  1.588646E-17
7400.99015378954  1.676101E-17
7405.94064903261  1.538061E-17
7410.89114427568  1.415061E-17
7415.84163951875  1.338263E-17
7420.79213476183  1.111427E-17
7425.7426300049  8.645545E-18
7430.69312524797  7.761623E-18
7435.64362049104  7.790366E-18
7440.59411573412  7.615327E-18
7445.54461097719  8.017451E-18
7450.49510622026  7.686803E-18
7455.44560146333  7.778206E-18
7460.39609670641  7.896611E-18
7465.34659194948  8.042996E-18
7470.29708719255  7.675086E-18
7475.24758243563  7.989762E-18
7480.1980776787  7.869421E-18
7485.14857292177  7.796357E-18
7490.09906816484  7.643187E-18
7495.04956340792  7.825526E-18
7500.00005865099  7.579901E-18
7504.95055389406  7.347653E-18
7509.90104913713  7.198483E-18
7514.8515443802  8.158611E-18
7519.80203962328  8.116270E-18
7524.75253486635  8.206828E-18
7529.70303010942  8.252337E-18
7534.65352535249  7.469338E-18
7539.60402059557  7.574357E-18
7544.55451583864  7.608553E-18
7549.50501108171  7.413074E-18
7554.45550632478  7.412778E-18
7559.40600156786  7.606488E-18
7564.35649681093  7.784073E-18
7569.306992054  7.615120E-18
7574.25748729708  7.253581E-18
7579.20798254015  7.213665E-18
7584.15847778322  7.324693E-18
7589.10897302629  6.728515E-18
7594.05946826937  5.428724E-18
7599.00996351244  3.574637E-18
7603.96045875551  2.669021E-18
7608.91095399858  2.965122E-18
7613.86144924166  4.130269E-18
7618.81194448473  4.978695E-18
7623.7624397278  4.891473E-18
7628.71293497087  4.359835E-18
7633.66343021395  4.510260E-18
7638.61392545702  4.667803E-18
7643.56442070009  5.103564E-18
7648.51491594316  5.342908E-18
7653.46541118624  5.875131E-18
7658.41590642931  6.288594E-18
7663.36640167238  6.344874E-18
7668.31689691545  6.853010E-18
7673.26739215853  7.222759E-18
7678.2178874016  7.235570E-18
7683.16838264467  7.110450E-18
7688.11887788774  7.103056E-18
7693.06937313082  7.346694E-18
7698.01986837389  7.105169E-18
7702.97036361696  7.454294E-18
7707.92085886003  8.566010E-18
7712.87135410311  8.384626E-18
7717.82184934618  8.749444E-18
7722.77234458925  8.893357E-18
7727.72283983232  8.660043E-18
7732.6733350754  7.508198E-18
7737.62383031847  6.604162E-18
7742.57432556154  7.668629E-18
7747.52482080461  7.640114E-18
7752.47531604769  8.128543E-18
7757.42581129076  8.327785E-18
7762.37630653383  7.872375E-18
7767.3268017769  7.398298E-18
7772.27729701998  8.179119E-18
7777.22779226305  9.255927E-18
7782.17828750612  9.692235E-18
7787.12878274919  8.800244E-18
7792.07927799227  7.755123E-18
7797.02977323534  7.559541E-18
7801.98026847841  7.760083E-18
7806.93076372148  7.294915E-18
7811.88125896456  8.468330E-18
7816.83175420763  8.739695E-18
7821.7822494507  8.750900E-18
7826.73274469377  8.680470E-18
7831.68323993685  8.327173E-18
7836.63373517992  8.547649E-18
7841.58423042299  9.091699E-18
7846.53472566606  1.002551E-17
7851.48522090914  1.135847E-17
7856.43571615221  1.361006E-17
7861.38621139528  1.371803E-17
7866.33670663835  1.155417E-17
7871.28720188143  1.000813E-17
7876.2376971245  9.932700E-18
7881.18819236757  1.002163E-17
7886.13868761064  9.643124E-18
7891.08918285372  9.051041E-18
7896.03967809679  8.920087E-18
7900.99017333986  9.319320E-18
7905.94066858293  9.258387E-18
7910.89116382601  9.078622E-18
7915.84165906908  8.923416E-18
7920.79215431215  8.304806E-18
7925.74264955522  1.316509E-17
7930.6931447983  2.085250E-17
7935.64364004137  1.693674E-17
7940.59413528444  9.670937E-18
7945.54463052751  9.319447E-18
7950.49512577059  9.412386E-18
7955.44562101366  9.569769E-18
7960.39611625673  1.001393E-17
7965.3466114998  1.020075E-17
7970.29710674288  9.746840E-18
7975.24760198595  8.830649E-18
7980.19809722902  9.458769E-18
7985.1485924721  1.041462E-17
7990.09908771517  9.459475E-18
7995.04958295824  9.379929E-18
8000.00007820131  9.784560E-18
8004.95057344439  9.765789E-18
8009.90106868746  9.905640E-18
8014.85156393053  1.013479E-17
8019.8020591736  1.067620E-17
8024.75255441667  1.037683E-17
8029.70304965975  9.846367E-18
8034.65354490282  9.797672E-18
8039.60404014589  9.795567E-18
8044.55453538896  1.016785E-17
8049.50503063204  1.023967E-17
8054.45552587511  1.089844E-17
8059.40602111818  1.150783E-17
8064.35651636125  1.158227E-17
8069.30701160433  1.139073E-17
8074.2575068474  1.062617E-17
8079.20800209047  1.068436E-17
8084.15849733354  1.002816E-17
8089.10899257662  9.381256E-18
8094.05948781969  9.823334E-18
8099.00998306276  1.114125E-17
8103.96047830583  1.181997E-17
8108.91097354891  1.099986E-17
8113.86146879198  9.599876E-18
8118.81196403505  9.060320E-18
8123.76245927812  9.183970E-18
8128.7129545212  9.467149E-18
8133.66344976427  9.494887E-18
8138.61394500734  9.334243E-18
8143.56444025041  9.035989E-18
8148.51493549349  9.167337E-18
8153.46543073656  9.250928E-18
8158.41592597963  9.144607E-18
8163.3664212227  8.941903E-18
8168.31691646578  8.629623E-18
8173.26741170885  8.908844E-18
8178.21790695192  8.891473E-18
8183.16840219499  9.098859E-18
8188.11889743807  9.290633E-18
8193.06939268114  8.725496E-18
8198.01988792421  8.438916E-18
8202.97038316729  8.738386E-18
8207.92087841036  8.813223E-18
8212.87137365343  8.727784E-18
8217.8218688965  8.621365E-18
8222.77236413958  8.455247E-18
8227.72285938265  8.369574E-18
8232.67335462572  8.228882E-18
8237.62384986879  7.998417E-18
8242.57434511187  8.063810E-18
8247.52484035494  8.152134E-18
8252.47533559801  8.158239E-18
8257.42583084108  8.141610E-18
8262.37632608416  8.008197E-18
8267.32682132723  7.946729E-18
8272.2773165703  7.857813E-18
8277.22781181337  8.394781E-18
8282.17830705645  8.849350E-18
8287.12880229952  8.254542E-18
8292.07929754259  7.830564E-18
8297.02979278566  7.057742E-18
8301.98028802874  6.678568E-18
8306.93078327181  7.422691E-18
8311.88127851488  7.276805E-18
8316.83177375795  7.082529E-18
8321.78226900103  7.464910E-18
8326.7327642441  7.214067E-18
8331.68325948717  7.493817E-18
8336.63375473024  8.256006E-18
8341.58424997331  6.974690E-18
8346.53474521639  7.407422E-18
8351.48524045946  7.572418E-18
8356.43573570253  6.246039E-18
8361.38623094561  6.052189E-18
8366.33672618868  6.743446E-18
8371.28722143175  6.900852E-18
8376.23771667482  7.571900E-18
8381.1882119179  7.283039E-18
8386.13870716097  6.563085E-18
8391.08920240404  7.477138E-18
8396.03969764711  7.157605E-18
8400.99019289019  6.548338E-18
8405.94068813326  7.227440E-18
8410.89118337633  7.156215E-18
8415.8416786194  7.184002E-18
8420.79217386248  7.731584E-18
8425.74266910555  6.985103E-18
8430.69316434862  6.940717E-18
8435.64365959169  7.581088E-18
8440.59415483477  6.977880E-18
8445.54465007784  7.015222E-18
8450.49514532091  7.272670E-18
8455.44564056398  7.662100E-18
8460.39613580706  7.616881E-18
8465.34663105013  7.645051E-18
8470.2971262932  8.253218E-18
8475.24762153627  7.452827E-18
8480.19811677935  6.934141E-18
8485.14861202242  7.545576E-18
8490.09910726549  7.571436E-18
8495.04960250856  7.865450E-18
8500.00009775163  8.052229E-18
8504.95059299471  8.067346E-18
8509.90108823778  8.706626E-18
8514.85158348085  8.907105E-18
8519.80207872393  8.775055E-18
8524.752573967  1.294096E-17
8529.70306921007  1.748052E-17
8534.65356445314  1.390250E-17
8539.60405969622  1.082081E-17
8544.55455493929  1.022823E-17
8549.50505018236  9.582512E-18
8554.45554542543  9.572301E-18
8559.40604066851  8.949550E-18
8564.35653591158  8.557550E-18
8569.30703115465  8.834914E-18
8574.25752639772  9.150260E-18
8579.2080216408  9.462547E-18
8584.15851688387  9.666915E-18
8589.10901212694  9.595565E-18
8594.05950737001  8.645393E-18
8599.01000261309  8.209862E-18
8603.96049785616  7.928027E-18
8608.91099309923  8.308646E-18
8613.8614883423  9.022334E-18
8618.81198358538  8.714684E-18
8623.76247882845  8.198158E-18
8628.71297407152  9.179815E-18
8633.66346931459  9.418094E-18
8638.61396455767  8.081474E-18
8643.56445980074  7.575353E-18
8648.51495504381  8.034304E-18
8653.46545028688  8.282997E-18
8658.41594552996  8.248784E-18
8663.36644077303  7.463394E-18
8668.3169360161  7.717883E-18
8673.26743125917  8.423962E-18
8678.21792650225  8.439668E-18
8683.16842174532  7.977873E-18
8688.11891698839  8.118684E-18
8693.06941223146  8.140456E-18
8698.01990747454  8.067925E-18
8702.97040271761  7.917816E-18
8707.92089796068  7.531396E-18
8712.87139320375  7.732096E-18
8717.82188844683  7.578427E-18
8722.7723836899  7.511416E-18
8727.72287893297  7.566550E-18
8732.67337417604  7.520591E-18
8737.62386941912  7.770790E-18
8742.57436466219  7.353589E-18
8747.52485990526  7.611625E-18
8752.47535514833  8.084341E-18
8757.42585039141  6.866559E-18
8762.37634563448  6.599237E-18
8767.32684087755  7.160587E-18
8772.27733612062  7.826938E-18
8777.2278313637  7.080748E-18
8782.17832660677  6.414745E-18
8787.12882184984  5.882472E-18
8792.07931709292  6.003595E-18
8797.02981233599  5.893724E-18
8801.98030757906  5.960892E-18
8806.93080282213  6.076755E-18
8811.8812980652  6.396816E-18
8816.83179330828  7.065440E-18
8821.78228855135  6.785984E-18
8826.73278379442  8.642625E-18
8831.6832790375  9.605292E-18
8836.63377428057  5.738412E-18
8841.58426952364  4.558091E-18
8846.53476476671  5.316807E-18
8851.48526000979  5.381756E-18
8856.43575525286  5.596537E-18
8861.38625049593  5.582957E-18
8866.336745739  5.172225E-18
8871.28724098207  5.324584E-18
8876.23773622515  6.405675E-18
8881.18823146822  6.154529E-18
8886.13872671129  5.225558E-18
8891.08922195436  5.659650E-18
8896.03971719744  6.056278E-18
8900.99021244051  5.783163E-18
8905.94070768358  5.175180E-18
8910.89120292665  5.536976E-18
8915.84169816973  6.026319E-18
8920.7921934128  5.308952E-18
8925.74268865587  4.763794E-18
8930.69318389894  5.014671E-18
8935.64367914202  4.925220E-18
8940.59417438509  4.826676E-18
8945.54466962816  5.443747E-18
8950.49516487123  5.131943E-18
8955.44566011431  4.237800E-18
8960.39615535738  3.510626E-18
8965.34665060045  2.732268E-18
8970.29714584352  3.874895E-18
8975.2476410866  6.535280E-18
8980.19813632967  5.833045E-18
8985.14863157274  4.856679E-18
8990.09912681582  4.021495E-18
8995.04962205889  5.120994E-18
9000.00011730196  4.973705E-18
9004.95061254503  4.091192E-18
9009.90110778811  4.309149E-18
9014.85160303118  4.362197E-18
9019.80209827425  4.100314E-18
9024.75259351732  4.152435E-18
9029.7030887604  4.335425E-18
9034.65358400347  4.416043E-18
9039.60407924654  4.520853E-18
9044.55457448961  4.495348E-18
9049.50506973268  4.302010E-18
9054.45556497576  4.383049E-18
9059.40606021883  4.328994E-18
9064.3565554619  3.996737E-18
9069.30705070497  4.066971E-18
9074.25754594805  4.097450E-18
9079.20804119112  4.075761E-18
9084.15853643419  4.095356E-18
9089.10903167726  4.360339E-18
9094.05952692034  4.466244E-18
9099.01002216341  3.619684E-18
9103.96051740648  3.376646E-18
9108.91101264955  3.503431E-18
9113.86150789263  3.850227E-18
9118.8120031357  3.915713E-18
9123.76249837877  4.007540E-18
9128.71299362185  3.951319E-18
9133.66348886492  3.931524E-18
9138.61398410799  3.954132E-18
9143.56447935106  3.995954E-18
9148.51497459413  4.010861E-18
9153.46546983721  4.195103E-18
9158.41596508028  3.870689E-18
9163.36646032335  3.536006E-18
9168.31695556643  3.687406E-18
9173.2674508095  3.814599E-18
9178.21794605257  3.889347E-18
9183.16844129564  3.924827E-18
9188.11893653872  4.039153E-18
9193.06943178179  4.048135E-18
9198.01992702486  4.328516E-18
9202.97042226793  4.585527E-18
9207.92091751101  4.139863E-18
9212.87141275408  4.278436E-18
9217.82190799715  4.392627E-18
9222.77240324023  4.234788E-18
9227.7228984833  3.942643E-18
9232.67339372637  2.468694E-18
9237.62388896944  1.457183E-17
9242.57438421251  4.626241E-17
9247.52487945559  3.828796E-17
9252.47537469866  9.633031E-18
9257.42586994173  4.191685E-18
9262.3763651848  4.973198E-18
9267.32686042788  4.855886E-18
9272.27735567095  4.875027E-18
9277.22785091402  4.580373E-18
9282.17834615709  4.659268E-18
9287.12884140017  4.631656E-18
9292.07933664324  5.077440E-18
9297.02983188631  6.566928E-18
9301.98032712938  6.436824E-18
9306.93082237246  5.420514E-18
9311.88131761553  5.372185E-18
9316.8318128586  4.998609E-18
9321.78230810168  3.883834E-18
9326.73280334475  3.562848E-18
9331.68329858782  4.161196E-18
9336.63379383089  4.278509E-18
9341.58428907396  4.350180E-18
9346.53478431704  4.383746E-18
9351.48527956011  4.009864E-18
9356.43577480318  4.466889E-18
9361.38627004625  4.935302E-18
9366.33676528933  6.122930E-18
9371.2872605324  7.484927E-18
9376.23775577547  6.786601E-18
9381.18825101854  4.945172E-18
9386.13874626162  6.212737E-18
9391.08924150469  6.876298E-18
9396.03973674776  7.609397E-18
9400.99023199083  6.845771E-18
9405.94072723391  6.839409E-18
9410.89122247698  7.530611E-18
9415.84171772005  7.408849E-18
9420.79221296313  6.424141E-18
9425.7427082062  6.148194E-18
9430.69320344927  6.254551E-18
9435.64369869234  5.575790E-18
9440.59419393541  4.178638E-18
9445.54468917849  5.487089E-18
9450.49518442156  6.839848E-18
9455.44567966463  6.846115E-18
9460.3961749077  7.866885E-18
9465.34667015078  9.056109E-18
9470.29716539385  7.964426E-18
9475.24766063692  7.436570E-18
9480.19815588  8.202863E-18
9485.14865112307  7.444665E-18
9490.09914636614  7.380924E-18
9495.04964160921  7.058509E-18
9500.00013685229  6.533127E-18
9504.95063209536  6.938836E-18
9509.90112733843  7.439825E-18
9514.8516225815  6.650406E-18
9519.80211782457  6.175093E-18
9524.75261306765  6.213746E-18
9529.70310831072  7.407133E-18
9534.65360355379  7.967635E-18
9539.60409879686  7.826121E-18
9544.55459403994  7.991021E-18
9549.50508928301  8.132495E-18
9554.45558452608  7.872342E-18
9559.40607976915  7.710903E-18
9564.35657501223  7.848443E-18
9569.3070702553  8.209093E-18
9574.25756549837  7.740307E-18
9579.20806074145  7.556933E-18
9584.15855598452  7.650938E-18
9589.10905122759  7.791686E-18
9594.05954647066  7.997640E-18
9599.01004171374  8.045352E-18
9603.96053695681  7.936757E-18
9608.91103219988  7.770349E-18
9613.86152744295  7.472674E-18
9618.81202268603  6.760405E-18
9623.7625179291  6.751741E-18
9628.71301317217  7.365312E-18
9633.66350841524  7.369099E-18
9638.61400365832  7.352938E-18
9643.56449890139  7.353541E-18
9648.51499414446  7.170605E-18
9653.46548938753  7.222498E-18
9658.4159846306  6.976146E-18
9663.36647987368  6.578010E-18
9668.31697511675  6.592914E-18
9673.26747035982  7.633266E-18
9678.21796560289  7.558661E-18
9683.16846084597  7.702901E-18
9688.11895608904  7.329674E-18
9693.06945133211  7.055616E-18
9698.01994657518  6.204562E-18
9702.97044181826  5.916657E-18
9707.92093706133  6.155198E-18
9712.8714323044  6.355153E-18
9717.82192754747  6.314569E-18
9722.77242279055  6.449642E-18
9727.72291803362  6.560789E-18
9732.67341327669  6.342777E-18
9737.62390851977  6.438804E-18
9742.57440376284  6.753027E-18
9747.52489900591  6.737544E-18
9752.47539424898  6.306978E-18
9757.42588949206  6.298144E-18
9762.37638473513  6.357456E-18
9767.3268799782  6.267069E-18
9772.27737522127  6.171461E-18
9777.22787046435  7.302997E-18
9782.17836570742  8.612885E-18
9787.12886095049  8.362693E-18
9792.07935619356  8.554905E-18
9797.02985143664  7.497203E-18
9801.98034667971  5.872118E-18
9806.93084192278  5.278095E-18
9811.88133716585  5.317606E-18
9816.83183240893  5.403638E-18
9821.782327652  5.718311E-18
9826.73282289507  5.500528E-18
9831.68331813814  4.905707E-18
9836.63381338122  5.551958E-18
9841.58430862429  6.048214E-18
9846.53480386736  5.855999E-18
9851.48529911043  6.018533E-18
9856.43579435351  6.495685E-18
9861.38628959658  7.132764E-18
9866.33678483965  7.435911E-18
9871.28728008272  7.668246E-18
9876.2377753258  7.031039E-18
9881.18827056887  5.569143E-18
9886.13876581194  6.076989E-18
9891.08926105501  6.700305E-18
9896.03975629808  6.869508E-18
9900.99025154116  5.273704E-18
9905.94074678423  5.114734E-18
9910.8912420273  5.084497E-18
9915.84173727037  4.495587E-18
9920.79223251345  4.462726E-18
9925.74272775652  4.825099E-18
9930.69322299959  5.335422E-18
9935.64371824267  7.371749E-18
9940.59421348574  7.817939E-18
9945.54470872881  1.078264E-17
9950.49520397188  1.462584E-17
9955.44569921496  1.401575E-17
9960.39619445803  1.208934E-17
9965.3466897011  7.517886E-18
9970.29718494417  3.759599E-18
9975.24768018725  4.545324E-18
9980.19817543032  5.714157E-18
9985.14867067339  6.133390E-18
9990.09916591646  6.111098E-18
9995.04966115954  7.962910E-18
10000.0001564026  8.907476E-18
