3503.39  1.976572E-15
3506.87346815643  1.998560E-15
3510.35693631285  2.015240E-15
3513.84040446927  2.055738E-15
3517.3238726257  1.900935E-15
3520.80734078212  1.907155E-15
3524.29080893855  1.985141E-15
3527.77427709497  2.052063E-15
3531.2577452514  2.001203E-15
3534.74121340782  1.904115E-15
3538.22468156425  1.984256E-15
3541.70814972067  2.092842E-15
3545.1916178771  1.962327E-15
3548.67508603352  1.984161E-15
3552.15855418995  2.009728E-15
3555.64202234637  2.036597E-15
3559.12549050279  2.194004E-15
3562.60895865922  2.213517E-15
3566.09242681564  2.035900E-15
3569.57589497207  2.011291E-15
3573.05936312849  2.076168E-15
3576.54283128492  2.050336E-15
3580.02629944134  1.992361E-15
3583.50976759777  2.094055E-15
3586.99323575419  2.159085E-15
3590.47670391062  2.037274E-15
3593.96017206704  1.899715E-15
3597.44364022346  1.960405E-15
3600.92710837989  1.858261E-15
3604.41057653631  1.867327E-15
3607.89404469274  1.862818E-15
3611.37751284916  1.937047E-15
3614.86098100559  2.076695E-15
3618.34444916201  1.963310E-15
3621.82791731844  2.048430E-15
3625.31138547486  2.115761E-15
3628.79485363129  2.057740E-15
3632.27832178771  1.904773E-15
3635.76178994414  1.755565E-15
3639.24525810056  1.860217E-15
3642.72872625699  1.902925E-15
3646.21219441341  1.891686E-15
3649.69566256983  1.952733E-15
3653.17913072626  1.998685E-15
3656.66259888268  1.939698E-15
3660.14606703911  1.906391E-15
3663.62953519553  1.980133E-15
3667.11300335196  1.968759E-15
3670.59647150838  1.874567E-15
3674.07993966481  1.891018E-15
3677.56340782123  1.910198E-15
3681.04687597766  1.870272E-15
3684.53034413408  1.878371E-15
3688.01381229051  1.942340E-15
3691.49728044693  1.950824E-15
3694.98074860335  1.930313E-15
3698.46421675978  1.902220E-15
3701.9476849162  1.900331E-15
3705.43115307263  1.909534E-15
3708.91462122905  1.933127E-15
3712.39808938548  1.896456E-15
3715.8815575419  1.856093E-15
3719.36502569833  1.814087E-15
3722.84849385475  1.807355E-15
3726.33196201118  1.803729E-15
3729.8154301676  1.834722E-15
3733.29889832403  1.805796E-15
3736.78236648045  1.731602E-15
3740.26583463687  1.668643E-15
3743.7493027933  1.726221E-15
3747.23277094972  1.721916E-15
3750.71623910615  1.729839E-15
3754.19970726257  1.724540E-15
3757.683175419  1.649787E-15
3761.16664357542  1.775673E-15
3764.65011173185  1.786509E-15
3768.13357988827  1.677097E-15
3771.6170480447  1.581194E-15
3775.10051620112  1.687803E-15
3778.58398435755  1.741348E-15
3782.06745251397  1.747544E-15
3785.55092067039  1.690298E-15
3789.03438882682  1.648885E-15
3792.51785698324  1.627623E-15
3796.00132513967  1.640266E-15
3799.48479329609  1.615692E-15
3802.96826145252  1.525080E-15
3806.45172960894  1.585179E-15
3809.93519776537  1.574329E-15
3813.41866592179  1.514907E-15
3816.90213407822  1.521837E-15
3820.38560223464  1.539743E-15
3823.86907039106  1.533987E-15
3827.35253854749  1.515749E-15
3830.83600670391  1.478618E-15
3834.31947486034  1.400095E-15
3837.80294301676  1.403840E-15
3841.28641117319  1.455457E-15
3844.76987932961  1.441872E-15
3848.25334748604  1.365067E-15
3851.73681564246  1.340915E-15
3855.22028379889  1.324473E-15
3858.70375195531  1.333278E-15
3862.18722011174  1.322901E-15
3865.67068826816  1.268798E-15
3869.15415642458  1.310732E-15
3872.63762458101  1.343345E-15
3876.12109273743  1.288489E-15
3879.60456089386  1.340730E-15
3883.08802905028  1.399668E-15
3886.57149720671  1.336351E-15
3890.05496536313  1.288660E-15
3893.53843351956  1.294809E-15
3897.02190167598  1.365560E-15
3900.50536983241  1.363914E-15
3903.98883798883  1.294309E-15
3907.47230614526  1.357795E-15
3910.95577430168  1.379803E-15
3914.43924245811  1.263555E-15
3917.92271061453  1.296250E-15
3921.40617877095  1.358808E-15
3924.88964692738  1.278631E-15
3928.3731150838  1.318245E-15
3931.85658324023  1.313464E-15
3935.34005139665  1.322646E-15
3938.82351955308  1.357120E-15
3942.3069877095  1.369200E-15
3945.79045586593  1.346964E-15
3949.27392402235  1.321118E-15
3952.75739217878  1.369327E-15
3956.2408603352  1.394620E-15
3959.72432849163  1.370777E-15
3963.20779664805  1.392782E-15
3966.69126480447  1.420004E-15
3970.1747329609  1.423474E-15
3973.65820111732  1.450386E-15
3977.14166927375  1.484469E-15
3980.62513743017  1.536117E-15
3984.1086055866  1.479593E-15
3987.59207374302  1.431742E-15
3991.07554189945  1.381280E-15
3994.55901005587  1.443095E-15
3998.0424782123  1.449877E-15
4001.52594636872  1.473346E-15
4005.00941452515  1.489280E-15
4008.49288268157  1.433497E-15
4011.97635083799  1.446082E-15
4015.45981899442  1.476048E-15
4018.94328715084  1.472522E-15
4022.42675530727  1.484043E-15
4025.91022346369  1.482310E-15
4029.39369162012  1.486482E-15
4032.87715977654  1.457795E-15
4036.36062793297  1.413184E-15
4039.84409608939  1.492905E-15
4043.32756424582  1.512917E-15
4046.81103240224  1.470915E-15
4050.29450055867  1.489270E-15
4053.77796871509  1.486344E-15
4057.26143687151  1.443286E-15
4060.74490502794  1.438649E-15
4064.22837318436  1.429415E-15
4067.71184134079  1.436371E-15
4071.19530949721  1.469772E-15
4074.67877765364  1.417107E-15
4078.16224581006  1.476704E-15
4081.64571396649  1.438755E-15
4085.12918212291  1.414467E-15
4088.61265027934  1.418861E-15
4092.09611843576  1.437893E-15
4095.57958659219  1.445739E-15
4099.06305474861  1.442878E-15
4102.54652290503  1.432887E-15
4106.02999106146  1.402103E-15
4109.51345921788  1.368718E-15
4112.99692737431  1.339099E-15
4116.48039553073  1.363727E-15
4119.96386368716  1.389284E-15
4123.44733184358  1.364227E-15
4126.93080000001  1.304413E-15
4130.41426815643  1.310442E-15
4133.89773631286  1.331828E-15
4137.38120446928  1.373791E-15
4140.8646726257  1.374000E-15
4144.34814078213  1.372794E-15
4147.83160893855  1.395923E-15
4151.31507709498  1.422745E-15
4154.7985452514  1.422377E-15
4158.28201340783  1.367060E-15
4161.76548156425  1.345392E-15
4165.24894972068  1.417559E-15
4168.7324178771  1.437895E-15
4172.21588603353  1.367759E-15
4175.69935418995  1.375579E-15
4179.18282234638  1.409843E-15
4182.6662905028  1.371681E-15
4186.14975865922  1.302602E-15
4189.63322681565  1.359902E-15
4193.11669497207  1.364763E-15
4196.6001631285  1.276459E-15
4200.08363128492  1.316510E-15
4203.56709944135  1.384342E-15
4207.05056759777  1.399661E-15
4210.5340357542  1.340214E-15
4214.01750391062  1.311886E-15
4217.50097206705  1.343734E-15
4220.98444022347  1.322496E-15
4224.4679083799  1.310681E-15
4227.95137653632  1.291447E-15
4231.43484469275  1.284269E-15
4234.91831284917  1.318352E-15
4238.40178100559  1.252266E-15
4241.88524916202  1.255363E-15
4245.36871731844  1.275742E-15
4248.85218547487  1.242150E-15
4252.33565363129  1.213252E-15
4255.81912178772  1.280786E-15
4259.30258994414  1.238054E-15
4262.78605810057  1.222264E-15
4266.26952625699  1.245475E-15
4269.75299441342  1.263004E-15
4273.23646256984  1.216235E-15
4276.71993072627  1.149037E-15
4280.20339888269  1.170850E-15
4283.68686703911  1.190729E-15
4287.17033519554  1.156081E-15
4290.65380335196  1.144744E-15
4294.13727150839  1.160328E-15
4297.62073966481  1.172542E-15
4301.10420782124  1.240422E-15
4304.58767597766  1.232962E-15
4308.07114413409  1.173073E-15
4311.55461229051  1.176096E-15
4315.03808044694  1.198104E-15
4318.52154860336  1.215264E-15
4322.00501675978  1.215946E-15
4325.48848491621  1.185262E-15
4328.97195307263  1.184027E-15
4332.45542122906  1.223208E-15
4335.93888938548  1.266470E-15
4339.42235754191  1.244768E-15
4342.90582569833  1.226561E-15
4346.38929385476  1.253464E-15
4349.87276201118  1.306909E-15
4353.35623016761  1.280191E-15
4356.83969832403  1.303146E-15
4360.32316648046  1.314942E-15
4363.80663463688  1.275933E-15
4367.29010279331  1.270046E-15
4370.77357094973  1.262128E-15
4374.25703910615  1.292725E-15
4377.74050726258  1.307795E-15
4381.223975419  1.359410E-15
4384.70744357543  1.355270E-15
4388.19091173185  1.289810E-15
4391.67437988828  1.232527E-15
4395.1578480447  1.242689E-15
4398.64131620113  1.247565E-15
4402.12478435755  1.287041E-15
4405.60825251398  1.252367E-15
4409.0917206704  1.288846E-15
4412.57518882683  1.293197E-15
4416.05865698325  1.270090E-15
4419.54212513968  1.269323E-15
4423.0255932961  1.281914E-15
4426.50906145252  1.300460E-15
4429.99252960895  1.271559E-15
4433.47599776537  1.296278E-15
4436.9594659218  1.273740E-15
4440.44293407822  1.227048E-15
4443.92640223465  1.217215E-15
4447.40987039107  1.188726E-15
4450.8933385475  1.207875E-15
4454.37680670392  1.232453E-15
4457.86027486035  1.210711E-15
4461.34374301677  1.152275E-15
4464.82721117319  1.101158E-15
4468.31067932962  1.098056E-15
4471.79414748604  1.096890E-15
4475.27761564247  1.095023E-15
4478.76108379889  1.065167E-15
4482.24455195532  1.025484E-15
4485.72802011174  1.002181E-15
4489.21148826817  1.018366E-15
4492.69495642459  1.011092E-15
4496.17842458102  9.820709E-16
4499.66189273744  9.373721E-16
4503.14536089387  9.553715E-16
4506.62882905029  9.557971E-16
4510.11229720671  9.525700E-16
4513.59576536314  9.275102E-16
4517.07923351956  9.084114E-16
4520.56270167599  9.058366E-16
4524.04616983241  9.211830E-16
4527.52963798884  9.304317E-16
4531.01310614526  9.534997E-16
4534.49657430169  9.128402E-16
4537.98004245811  8.680314E-16
4541.46351061454  8.841786E-16
4544.94697877096  9.109061E-16
4548.43044692739  8.903886E-16
4551.91391508381  8.926102E-16
4555.39738324024  8.991348E-16
4558.88085139666  8.972753E-16
4562.36431955308  9.175859E-16
4565.84778770951  9.289734E-16
4569.33125586593  9.198503E-16
4572.81472402236  9.396927E-16
4576.29819217878  9.644618E-16
4579.78166033521  9.184627E-16
4583.26512849163  9.034502E-16
4586.74859664806  9.217319E-16
4590.23206480448  9.309699E-16
4593.71553296091  9.702039E-16
4597.19900111733  9.822270E-16
4600.68246927375  9.731882E-16
4604.16593743018  9.696666E-16
4607.6494055866  9.811359E-16
4611.13287374303  1.004054E-15
4614.61634189945  9.947634E-16
4618.09981005588  9.763802E-16
4621.5832782123  9.726515E-16
4625.06674636873  9.888281E-16
4628.55021452515  1.012474E-15
4632.03368268158  1.021232E-15
4635.517150838  1.021596E-15
4639.00061899442  1.001119E-15
4642.48408715085  1.020574E-15
4645.96755530727  1.035723E-15
4649.4510234637  1.049873E-15
4652.93449162012  1.047261E-15
4656.41795977655  1.050058E-15
4659.90142793297  1.063142E-15
4663.3848960894  1.007237E-15
4666.86836424582  1.005879E-15
4670.35183240225  1.074760E-15
4673.83530055867  1.082986E-15
4677.3187687151  1.062051E-15
4680.80223687152  1.064881E-15
4684.28570502794  1.058104E-15
4687.76917318437  1.063146E-15
4691.25264134079  1.063715E-15
4694.73610949722  1.066708E-15
4698.21957765364  1.031908E-15
4701.70304581007  1.037834E-15
4705.18651396649  1.067257E-15
4708.66998212292  1.066937E-15
4712.15345027934  1.030039E-15
4715.63691843577  1.085750E-15
4719.12038659219  1.013226E-15
4722.60385474862  8.798547E-16
4726.08732290504  1.097436E-15
4729.57079106146  1.068540E-15
4733.05425921789  1.035546E-15
4736.53772737431  1.039503E-15
4740.02119553074  1.014643E-15
4743.50466368716  1.006942E-15
4746.98813184359  1.042818E-15
4750.47160000001  1.057854E-15
4753.95506815644  1.040892E-15
4757.43853631286  1.002888E-15
4760.92200446929  9.828897E-16
4764.40547262571  9.946514E-16
4767.88894078214  9.840934E-16
4771.37240893856  9.669039E-16
4774.85587709498  9.524232E-16
4778.33934525141  9.321438E-16
4781.82281340783  9.368866E-16
4785.30628156426  9.262972E-16
4788.78974972068  9.142167E-16
4792.27321787711  9.103490E-16
4795.75668603353  8.807531E-16
4799.24015418996  8.609186E-16
4802.72362234638  8.389013E-16
4806.20709050281  8.308203E-16
4809.69055865923  8.172002E-16
4813.17402681566  7.960394E-16
4816.65749497208  7.830360E-16
4820.1409631285  8.019195E-16
4823.62443128493  7.953420E-16
4827.10789944135  7.870334E-16
4830.59136759778  7.807949E-16
4834.0748357542  7.927485E-16
4837.55830391063  7.788228E-16
4841.04177206705  7.470270E-16
4844.52524022348  7.332924E-16
4848.0087083799  7.275937E-16
4851.49217653633  7.315216E-16
4854.97564469275  7.253133E-16
4858.45911284918  7.310190E-16
4861.9425810056  7.737951E-16
4865.42604916203  7.928588E-16
4868.90951731845  7.766860E-16
4872.39298547487  7.597616E-16
4875.8764536313  7.443500E-16
4879.35992178772  7.686123E-16
4882.84338994415  7.731014E-16
4886.32685810057  7.691121E-16
4889.810326257  7.814673E-16
4893.29379441342  7.868590E-16
4896.77726256985  7.867679E-16
4900.26073072627  8.064464E-16
4903.7441988827  8.221089E-16
4907.22766703912  8.334582E-16
4910.71113519554  8.427007E-16
4914.19460335197  8.129706E-16
4917.67807150839  8.116886E-16
4921.16153966482  8.251076E-16
4924.64500782124  8.670295E-16
4928.12847597767  8.648203E-16
4931.61194413409  8.700102E-16
4935.09541229052  8.740895E-16
4938.57888044694  9.007058E-16
4942.06234860337  9.136383E-16
4945.54581675979  9.212934E-16
4949.02928491622  9.471229E-16
4952.51275307264  9.418999E-16
4955.99622122906  9.258417E-16
4959.47968938549  9.147197E-16
4962.96315754191  9.262068E-16
4966.44662569834  9.633081E-16
4969.93009385476  9.482667E-16
4973.41356201119  9.578895E-16
4976.89703016761  9.703639E-16
4980.38049832404  9.793007E-16
4983.86396648046  1.001947E-15
4987.34743463689  9.795645E-16
4990.83090279331  9.602109E-16
4994.31437094974  9.749322E-16
4997.79783910616  9.793324E-16
5001.28130726259  9.964042E-16
5004.76477541901  9.998354E-16
5008.24824357544  9.805716E-16
5011.73171173186  9.804292E-16
5015.21517988828  9.803720E-16
5018.69864804471  9.669628E-16
5022.18211620113  9.880248E-16
5025.66558435756  9.807498E-16
5029.14905251398  9.778736E-16
5032.63252067041  9.819444E-16
5036.11598882683  9.900575E-16
5039.59945698326  1.004510E-15
5043.08292513968  9.567096E-16
5046.56639329611  9.703597E-16
5050.04986145253  9.702412E-16
5053.53332960896  9.609045E-16
5057.01679776538  9.667707E-16
5060.5002659218  9.801649E-16
5063.98373407823  9.725165E-16
5067.46720223465  9.372575E-16
5070.95067039108  9.424640E-16
5074.4341385475  9.273306E-16
5077.91760670393  9.216396E-16
5081.40107486035  9.359111E-16
5084.88454301678  9.484872E-16
5088.3680111732  9.101771E-16
5091.85147932963  9.008262E-16
5095.33494748605  9.130921E-16
5098.81841564247  9.191012E-16
5102.3018837989  9.113593E-16
5105.78535195532  9.099997E-16
5109.26882011175  8.893419E-16
5112.75228826817  8.802636E-16
5116.2357564246  8.645915E-16
5119.71922458102  8.638664E-16
5123.20269273745  8.568987E-16
5126.68616089387  8.541305E-16
5130.1696290503  8.670656E-16
5133.65309720672  8.669556E-16
5137.13656536315  8.603411E-16
5140.62003351957  8.675783E-16
5144.10350167599  8.345611E-16
5147.58696983242  8.370910E-16
5151.07043798884  8.442376E-16
5154.55390614527  8.399059E-16
5158.03737430169  8.297067E-16
5161.52084245812  8.299466E-16
5165.00431061454  7.877492E-16
5168.48777877097  8.089960E-16
5171.97124692739  8.100422E-16
5175.45471508382  8.111275E-16
5178.93818324024  7.983487E-16
5182.42165139667  8.038329E-16
5185.90511955309  8.083717E-16
5189.38858770951  7.997048E-16
5192.87205586594  7.983940E-16
5196.35552402236  7.906511E-16
5199.83899217879  7.821232E-16
5203.32246033521  7.843245E-16
5206.80592849164  7.855878E-16
5210.28939664806  8.030705E-16
5213.77286480449  8.101729E-16
5217.25633296091  8.189346E-16
5220.73980111734  8.160978E-16
5224.22326927376  7.900967E-16
5227.70673743018  8.133333E-16
5231.19020558661  8.150446E-16
5234.67367374303  7.878094E-16
5238.15714189946  8.264849E-16
5241.64061005588  8.047670E-16
5245.12407821231  7.992408E-16
5248.60754636873  8.329098E-16
5252.09101452516  8.189341E-16
5255.57448268158  7.820774E-16
5259.05795083801  7.882418E-16
5262.54141899443  7.849405E-16
5266.02488715086  7.594710E-16
5269.50835530728  7.584330E-16
5272.99182346371  7.850355E-16
5276.47529162013  7.623492E-16
5279.95875977655  7.714195E-16
5283.44222793298  7.742149E-16
5286.9256960894  7.592440E-16
5290.40916424583  7.752658E-16
5293.89263240225  7.730345E-16
5297.37610055868  7.660453E-16
5300.8595687151  7.629991E-16
5304.34303687153  7.675655E-16
5307.82650502795  7.459015E-16
5311.30997318438  7.375635E-16
5314.7934413408  7.498190E-16
5318.27690949722  7.591668E-16
5321.76037765365  7.548048E-16
5325.24384581007  7.339406E-16
5328.7273139665  7.235877E-16
5332.21078212292  7.280433E-16
5335.69425027935  7.283064E-16
5339.17771843577  7.222642E-16
5342.6611865922  7.157171E-16
5346.14465474862  7.211918E-16
5349.62812290505  7.301791E-16
5353.11159106147  7.193266E-16
5356.5950592179  7.364053E-16
5360.07852737432  7.558014E-16
5363.56199553075  7.337986E-16
5367.04546368717  7.142742E-16
5370.52893184359  6.954875E-16
5374.01240000002  7.040688E-16
5377.49586815644  7.004703E-16
5380.97933631287  6.685809E-16
5384.46280446929  6.793127E-16
5387.94627262572  6.748427E-16
5391.42974078214  6.762287E-16
5394.91320893857  6.842620E-16
5398.39667709499  6.888474E-16
5401.88014525142  6.469429E-16
5405.36361340784  6.607928E-16
5408.84708156427  6.742550E-16
5412.33054972069  6.749929E-16
5415.81401787712  6.609295E-16
5419.29748603354  6.578776E-16
5422.78095418996  6.599138E-16
5426.26442234639  6.586973E-16
5429.74789050281  6.634883E-16
5433.23135865924  6.535062E-16
5436.71482681566  6.488536E-16
5440.19829497209  6.515178E-16
5443.68176312851  6.566150E-16
5447.16523128494  6.495351E-16
5450.64869944136  6.593006E-16
5454.13216759779  6.653738E-16
5457.61563575421  6.316832E-16
5461.09910391063  6.750817E-16
5464.58257206706  7.080040E-16
5468.06604022348  7.181585E-16
5471.54950837991  7.232454E-16
5475.03297653633  7.028126E-16
5478.51644469276  6.513306E-16
5481.99991284918  6.276370E-16
5485.48338100561  6.417512E-16
5488.96684916203  6.430165E-16
5492.45031731846  6.372560E-16
5495.93378547488  6.471893E-16
5499.41725363131  6.473635E-16
5502.90072178773  6.348614E-16
5506.38418994415  6.435173E-16
5509.86765810058  6.580532E-16
5513.35112625701  7.148763E-16
5516.83459441343  8.095936E-16
5520.31806256985  8.552902E-16
5523.80153072628  8.323616E-16
5527.2849988827  7.858136E-16
5530.76846703913  6.940996E-16
5534.25193519555  6.286566E-16
5537.73540335198  6.344386E-16
5541.2188715084  6.333847E-16
5544.70233966483  6.376403E-16
5548.18580782125  6.288985E-16
5551.66927597768  6.266391E-16
5555.1527441341  6.459295E-16
5558.63621229052  6.376884E-16
5562.11968044695  6.203960E-16
5565.60314860337  6.202339E-16
5569.0866167598  6.197675E-16
5572.57008491622  6.125572E-16
5576.05355307265  6.166548E-16
5579.53702122907  6.213731E-16
5583.0204893855  6.269257E-16
5586.50395754192  6.348356E-16
5589.98742569835  6.280884E-16
5593.47089385477  6.219244E-16
5596.9543620112  6.132931E-16
5600.43783016762  6.195158E-16
5603.92129832404  6.253740E-16
5607.40476648047  6.168205E-16
5610.88823463689  6.076455E-16
5614.37170279332  5.935908E-16
5617.85517094974  6.194344E-16
5621.33863910617  6.291947E-16
5624.82210726259  6.050998E-16
5628.30557541902  6.143491E-16
5631.78904357544  6.109834E-16
5635.27251173187  5.717679E-16
5638.75597988829  5.831599E-16
5642.23944804471  6.062979E-16
5645.72291620114  6.001883E-16
5649.20638435756  5.677548E-16
5652.68985251399  5.741853E-16
5656.17332067041  5.837085E-16
5659.65678882684  5.759683E-16
5663.14025698326  5.919158E-16
5666.62372513969  5.865042E-16
5670.10719329611  5.729794E-16
5673.59066145254  5.598277E-16
5677.07412960896  5.564010E-16
5680.55759776538  5.841869E-16
5684.04106592181  5.908726E-16
5687.52453407823  5.667952E-16
5691.00800223466  5.644685E-16
5694.49147039108  5.804968E-16
5697.97493854751  5.707444E-16
5701.45840670393  5.758538E-16
5704.94187486036  5.751734E-16
5708.42534301678  5.596130E-16
5711.90881117321  5.561260E-16
5715.39227932963  5.573364E-16
5718.87574748606  5.717781E-16
5722.35921564248  5.676036E-16
5725.8426837989  5.734571E-16
5729.32615195533  5.609023E-16
5732.80962011175  5.521175E-16
5736.29308826818  5.562879E-16
5739.7765564246  5.618778E-16
5743.26002458103  5.606235E-16
5746.74349273745  5.479358E-16
5750.22696089388  5.343637E-16
5753.7104290503  5.375617E-16
5757.19389720673  5.533623E-16
5760.67736536315  5.529361E-16
5764.16083351958  5.464393E-16
5767.644301676  5.414521E-16
5771.12776983243  5.237773E-16
5774.61123798885  5.360717E-16
5778.09470614527  5.431146E-16
5781.5781743017  5.458043E-16
5785.06164245812  5.434287E-16
5788.54511061455  5.223897E-16
5792.02857877097  5.151187E-16
5795.5120469274  5.318928E-16
5798.99551508382  5.431781E-16
5802.47898324025  5.296895E-16
5805.96245139667  5.297197E-16
5809.4459195531  5.212416E-16
5812.92938770952  5.171218E-16
5816.41285586595  5.274781E-16
5819.89632402237  5.228237E-16
5823.37979217879  5.196592E-16
5826.86326033522  5.251468E-16
5830.34672849164  5.261386E-16
5833.83019664807  5.166365E-16
5837.31366480449  5.093440E-16
5840.79713296092  5.117940E-16
5844.28060111734  5.126455E-16
5847.76406927377  4.881367E-16
5851.24753743019  4.922922E-16
5854.73100558662  5.049484E-16
5858.21447374304  4.936644E-16
5861.69794189947  4.931939E-16
5865.18141005589  4.828766E-16
5868.66487821231  4.787756E-16
5872.14834636874  4.901047E-16
5875.63181452516  4.783163E-16
5879.11528268159  4.662115E-16
5882.59875083801  4.571162E-16
5886.08221899444  4.552979E-16
5889.56568715086  4.601313E-16
5893.04915530729  4.565529E-16
5896.53262346371  4.552618E-16
5900.01609162014  4.595369E-16
5903.49955977656  4.742282E-16
5906.98302793299  4.633553E-16
5910.46649608941  4.452264E-16
5913.94996424583  4.533234E-16
5917.43343240226  4.571132E-16
5920.91690055869  4.636241E-16
5924.40036871511  4.741098E-16
5927.88383687153  4.545078E-16
5931.36730502796  4.529434E-16
5934.85077318438  4.753648E-16
5938.33424134081  4.794487E-16
5941.81770949723  4.736310E-16
5945.30117765366  4.509923E-16
5948.78464581008  4.591455E-16
5952.2681139665  4.589883E-16
5955.75158212293  4.476212E-16
5959.23505027936  4.514248E-16
5962.71851843578  4.535485E-16
5966.2019865922  4.547689E-16
5969.68545474863  4.471447E-16
5973.16892290505  4.551416E-16
5976.65239106148  4.682832E-16
5980.1358592179  4.588993E-16
5983.61932737433  4.486410E-16
5987.10279553075  4.439735E-16
5990.58626368718  4.500317E-16
5994.0697318436  4.591848E-16
5997.55320000003  4.559398E-16
6001.03666815645  4.574279E-16
6004.52013631287  4.627652E-16
6008.0036044693  4.570350E-16
6011.48707262572  4.581364E-16
6014.97054078215  4.656027E-16
6018.45400893857  4.455526E-16
6021.937477095  4.462090E-16
6025.42094525142  4.674388E-16
6028.90441340785  4.686613E-16
6032.38788156427  4.443744E-16
6035.8713497207  4.354542E-16
6039.35481787712  4.380198E-16
6042.83828603355  4.555239E-16
6046.32175418997  4.626355E-16
6049.80522234639  4.554405E-16
6053.28869050282  4.494192E-16
6056.77215865925  4.330596E-16
6060.25562681567  4.448280E-16
6063.73909497209  4.577500E-16
6067.22256312852  4.547809E-16
6070.70603128494  4.593435E-16
6074.18949944137  4.536201E-16
6077.67296759779  4.489845E-16
6081.15643575422  4.488764E-16
6084.63990391064  4.566079E-16
6088.12337206706  4.506378E-16
6091.60684022349  4.418440E-16
6095.09030837992  4.362695E-16
6098.57377653634  4.479715E-16
6102.05724469276  4.505527E-16
6105.54071284919  4.415292E-16
6109.02418100561  4.464958E-16
6112.50764916204  4.285934E-16
6115.99111731846  4.412954E-16
6119.47458547489  4.272914E-16
6122.95805363131  4.121276E-16
6126.44152178774  4.150976E-16
6129.92498994416  4.212883E-16
6133.40845810058  4.258098E-16
6136.89192625701  4.265074E-16
6140.37539441343  4.324884E-16
6143.85886256986  4.366652E-16
6147.34233072628  4.265267E-16
6150.82579888271  4.302359E-16
6154.30926703913  4.313835E-16
6157.79273519556  4.294092E-16
6161.27620335198  4.233991E-16
6164.75967150841  4.167727E-16
6168.24313966483  4.268121E-16
6171.72660782125  4.303453E-16
6175.21007597768  4.335116E-16
6178.69354413411  4.271356E-16
6182.17701229053  4.203920E-16
6185.66048044695  4.177882E-16
6189.14394860338  4.109895E-16
6192.6274167598  4.224532E-16
6196.11088491623  4.187947E-16
6199.59435307265  4.074729E-16
6203.07782122908  4.285096E-16
6206.5612893855  4.356315E-16
6210.04475754193  4.244778E-16
6213.52822569835  4.181290E-16
6217.01169385478  4.075583E-16
6220.4951620112  4.337658E-16
6223.97863016763  4.185773E-16
6227.46209832405  4.058077E-16
6230.94556648047  4.005491E-16
6234.4290346369  4.144876E-16
6237.91250279332  4.232900E-16
6241.39597094975  4.191494E-16
6244.87943910617  4.000801E-16
6248.3629072626  4.156245E-16
6251.84637541902  4.099879E-16
6255.32984357545  4.157602E-16
6258.81331173187  4.068766E-16
6262.2967798883  3.909807E-16
6265.78024804472  3.965441E-16
6269.26371620115  3.998546E-16
6272.74718435757  3.991336E-16
6276.23065251399  3.814243E-16
6279.71412067042  3.875938E-16
6283.19758882684  3.986749E-16
6286.68105698327  3.895946E-16
6290.16452513969  3.878937E-16
6293.64799329612  4.066525E-16
6297.13146145254  3.969619E-16
6300.61492960897  3.891696E-16
6304.09839776539  3.973030E-16
6307.58186592182  4.057418E-16
6311.06533407824  3.990768E-16
6314.54880223467  3.901907E-16
6318.03227039109  3.966883E-16
6321.51573854751  3.915048E-16
6324.99920670394  3.896140E-16
6328.48267486036  3.889067E-16
6331.96614301679  3.783813E-16
6335.44961117321  3.626912E-16
6338.93307932964  3.736091E-16
6342.41654748606  3.828342E-16
6345.90001564249  3.800918E-16
6349.38348379891  3.767178E-16
6352.86695195534  3.813897E-16
6356.35042011176  3.975567E-16
6359.83388826819  3.925997E-16
6363.31735642461  3.806775E-16
6366.80082458104  3.814336E-16
6370.28429273746  3.865331E-16
6373.76776089388  3.855418E-16
6377.25122905031  3.810947E-16
6380.73469720673  3.813504E-16
6384.21816536316  3.789298E-16
6387.70163351958  3.611099E-16
6391.18510167601  3.756498E-16
6394.66856983243  3.685094E-16
6398.15203798886  3.682614E-16
6401.63550614528  3.684952E-16
6405.11897430171  3.613264E-16
6408.60244245813  3.620243E-16
6412.08591061455  3.615435E-16
6415.56937877098  3.733109E-16
6419.0528469274  3.599572E-16
6422.53631508383  3.682925E-16
6426.01978324025  3.603414E-16
6429.50325139668  3.491969E-16
6432.9867195531  3.664669E-16
6436.47018770953  3.680910E-16
6439.95365586595  3.672218E-16
6443.43712402238  3.600501E-16
6446.9205921788  3.633666E-16
6450.40406033523  3.717302E-16
6453.88752849165  3.731034E-16
6457.37099664807  3.798274E-16
6460.8544648045  3.731460E-16
6464.33793296092  3.634124E-16
6467.82140111735  3.584333E-16
6471.30486927377  3.713933E-16
6474.7883374302  3.599611E-16
6478.27180558662  3.599244E-16
6481.75527374305  3.727270E-16
6485.23874189947  3.741302E-16
6488.7222100559  3.643488E-16
6492.20567821232  3.531335E-16
6495.68914636874  3.619784E-16
6499.17261452517  3.556308E-16
6502.65608268159  3.662077E-16
6506.13955083802  3.656621E-16
6509.62301899444  3.531469E-16
6513.10648715087  3.469535E-16
6516.58995530729  3.579956E-16
6520.07342346372  3.545639E-16
6523.55689162014  3.445516E-16
6527.04035977657  3.459333E-16
6530.52382793299  3.498110E-16
6534.00729608942  3.594774E-16
6537.49076424584  3.555099E-16
6540.97423240227  3.592991E-16
6544.45770055869  3.581623E-16
6547.94116871512  3.581386E-16
6551.42463687154  3.647612E-16
6554.90810502796  3.431061E-16
6558.39157318439  3.398906E-16
6561.87504134081  3.464255E-16
6565.35850949724  3.470569E-16
6568.84197765366  3.453219E-16
6572.32544581009  3.395655E-16
6575.80891396651  3.485590E-16
6579.29238212293  3.393061E-16
6582.77585027936  3.460370E-16
6586.25931843578  3.574592E-16
6589.74278659221  3.493688E-16
6593.22625474863  3.478985E-16
6596.70972290506  3.394148E-16
6600.19319106148  3.339336E-16
6603.67665921791  3.081681E-16
6607.16012737433  3.112783E-16
6610.64359553076  3.299895E-16
6614.12706368718  3.254050E-16
6617.61053184361  3.527789E-16
6621.09400000003  3.419032E-16
6624.57746815646  3.302926E-16
6628.06093631288  3.387413E-16
6631.54440446931  3.244414E-16
6635.02787262573  3.220562E-16
6638.51134078215  3.306559E-16
6641.99480893858  3.337491E-16
6645.478277095  3.283215E-16
6648.96174525143  3.290188E-16
6652.44521340785  3.318545E-16
6655.92868156428  3.351798E-16
6659.4121497207  3.350474E-16
6662.89561787713  3.392510E-16
6666.37908603355  3.260286E-16
6669.86255418998  3.107965E-16
6673.3460223464  3.140241E-16
6676.82949050283  3.145020E-16
6680.31295865925  3.187527E-16
6683.79642681567  3.279434E-16
6687.2798949721  3.276913E-16
6690.76336312852  3.189552E-16
6694.24683128495  3.176426E-16
6697.73029944137  3.037134E-16
6701.2137675978  3.044977E-16
6704.69723575422  3.060154E-16
6708.18070391065  3.155034E-16
6711.66417206707  3.245982E-16
6715.1476402235  3.197020E-16
6718.63110837992  3.195930E-16
6722.11457653634  3.226050E-16
6725.59804469277  3.260172E-16
6729.08151284919  3.241563E-16
6732.56498100562  3.163046E-16
6736.04844916204  3.182292E-16
6739.53191731847  3.171632E-16
6743.01538547489  3.186631E-16
6746.49885363132  3.147695E-16
6749.98232178774  3.215828E-16
6753.46578994417  3.209415E-16
6756.94925810059  3.145158E-16
6760.43272625702  3.196726E-16
6763.91619441344  3.168856E-16
6767.39966256987  3.122487E-16
6770.88313072629  3.079065E-16
6774.36659888271  3.044906E-16
6777.85006703914  3.031310E-16
6781.33353519556  3.067189E-16
6784.81700335199  3.116016E-16
6788.30047150841  3.066386E-16
6791.78393966484  3.042912E-16
6795.26740782126  3.015876E-16
6798.75087597769  2.940941E-16
6802.23434413411  2.992527E-16
6805.71781229054  2.956490E-16
6809.20128044696  2.919115E-16
6812.68474860339  3.107090E-16
6816.16821675981  3.040616E-16
6819.65168491623  2.990007E-16
6823.13515307266  3.058479E-16
6826.61862122908  2.879548E-16
6830.10208938551  3.003670E-16
6833.58555754193  3.028146E-16
6837.06902569836  3.092475E-16
6840.55249385478  2.967939E-16
6844.03596201121  3.034453E-16
6847.51943016763  2.941808E-16
6851.00289832406  2.745064E-16
6854.48636648048  2.668837E-16
6857.96983463691  2.569951E-16
6861.45330279333  2.429116E-16
6864.93677094975  2.409777E-16
6868.42023910618  2.499520E-16
6871.9037072626  2.701004E-16
6875.38717541903  2.789921E-16
6878.87064357545  2.797195E-16
6882.35411173188  2.712784E-16
6885.8375798883  2.718316E-16
6889.32104804473  2.791806E-16
6892.80451620115  2.758977E-16
6896.28798435758  2.780876E-16
6899.771452514  2.836833E-16
6903.25492067043  2.830014E-16
6906.73838882685  2.832010E-16
6910.22185698327  2.778050E-16
6913.7053251397  2.839060E-16
6917.18879329612  2.968658E-16
6920.67226145255  3.021665E-16
6924.15572960897  3.119226E-16
6927.6391977654  3.004324E-16
6931.12266592182  3.105028E-16
6934.60613407825  2.984086E-16
6938.08960223467  3.098866E-16
6941.5730703911  2.911095E-16
6945.05653854752  2.990161E-16
6948.54000670395  3.047527E-16
6952.02347486037  3.000091E-16
6955.5069430168  3.091470E-16
6958.99041117322  3.059369E-16
6962.47387932964  3.026533E-16
6965.95734748607  3.125663E-16
6969.44081564249  3.138686E-16
6972.92428379892  3.089137E-16
6976.40775195534  3.165040E-16
6979.89122011177  3.105426E-16
6983.37468826819  2.989259E-16
6986.85815642462  3.039180E-16
6990.34162458104  3.142213E-16
6993.82509273747  3.174422E-16
6997.30856089389  3.039055E-16
7000.79202905031  2.989691E-16
7004.27549720674  3.086184E-16
7007.75896536316  3.160148E-16
7011.24243351959  3.264196E-16
7014.72590167601  3.351497E-16
7018.20936983244  3.024219E-16
7021.69283798886  3.100229E-16
7025.17630614529  3.209772E-16
7028.65977430171  3.179937E-16
7032.14324245814  3.102377E-16
7035.62671061456  3.193717E-16
7039.11017877099  3.219658E-16
7042.59364692741  3.224978E-16
7046.07711508383  3.132649E-16
7049.56058324026  3.120596E-16
7053.04405139668  3.241483E-16
7056.52751955311  3.179443E-16
7060.01098770953  3.147876E-16
7063.49445586596  3.153805E-16
7066.97792402238  3.141234E-16
7070.46139217881  3.256759E-16
7073.94486033523  3.310826E-16
7077.42832849166  3.269797E-16
7080.91179664808  3.328442E-16
7084.3952648045  3.319252E-16
7087.87873296093  3.156345E-16
7091.36220111735  3.105046E-16
7094.84566927378  3.235861E-16
7098.3291374302  3.152914E-16
7101.81260558663  3.128529E-16
7105.29607374305  3.049173E-16
7108.77954189948  3.037344E-16
7112.2630100559  3.024096E-16
7115.74647821233  3.208026E-16
7119.22994636875  3.420044E-16
7122.71341452518  3.410966E-16
7126.1968826816  3.208877E-16
7129.68035083802  3.235879E-16
7133.16381899445  3.272017E-16
7136.64728715088  3.164783E-16
7140.1307553073  3.138871E-16
7143.61422346372  3.197356E-16
7147.09769162015  3.229770E-16
7150.58115977657  3.273054E-16
7154.064627933  3.176180E-16
7157.54809608942  3.112249E-16
7161.03156424585  3.146621E-16
7164.51503240227  3.098103E-16
7167.99850055869  3.134323E-16
7171.48196871512  3.065925E-16
7174.96543687155  2.974500E-16
7178.44890502797  2.982329E-16
7181.93237318439  3.028041E-16
7185.41584134082  3.042433E-16
7188.89930949724  3.066832E-16
7192.38277765367  3.149125E-16
7195.86624581009  3.155842E-16
7199.34971396652  3.301738E-16
7202.83318212294  3.123485E-16
7206.31665027937  3.027184E-16
7209.80011843579  3.277781E-16
7213.28358659221  4.026372E-16
7216.76705474864  4.495889E-16
7220.25052290506  4.481054E-16
7223.73399106149  4.164207E-16
7227.21745921791  3.626127E-16
7230.70092737434  3.152416E-16
7234.18439553076  2.961980E-16
7237.66786368719  3.060781E-16
7241.15133184361  3.158593E-16
7244.63480000004  3.000623E-16
7248.11826815646  3.100852E-16
7251.60173631289  3.107633E-16
7255.08520446931  2.906578E-16
7258.56867262574  2.851139E-16
7262.05214078216  2.978560E-16
7265.53560893859  2.986584E-16
7269.01907709501  3.078490E-16
7272.50254525144  2.985924E-16
7275.98601340786  2.974431E-16
7279.46948156428  2.871010E-16
7282.95294972071  2.886854E-16
7286.43641787713  2.857735E-16
7289.91988603356  2.831589E-16
7293.40335418998  2.968749E-16
7296.88682234641  3.007016E-16
7300.37029050283  2.983199E-16
7303.85375865926  3.039729E-16
7307.33722681568  3.056782E-16
7310.82069497211  2.972599E-16
7314.30416312853  2.919581E-16
7317.78763128495  2.931812E-16
7321.27109944138  2.963900E-16
7324.7545675978  2.915287E-16
7328.23803575423  2.865856E-16
7331.72150391065  2.825063E-16
7335.20497206708  2.903333E-16
7338.6884402235  3.008652E-16
7342.17190837993  2.887802E-16
7345.65537653635  2.837944E-16
7349.13884469277  2.886251E-16
7352.6223128492  2.747700E-16
7356.10578100562  2.811358E-16
7359.58924916205  2.938326E-16
7363.07271731847  2.921460E-16
7366.5561854749  2.896329E-16
7370.03965363132  2.810133E-16
7373.52312178775  2.821176E-16
7377.00658994417  2.858587E-16
7380.4900581006  2.873874E-16
7383.97352625702  2.960856E-16
7387.45699441345  2.927792E-16
7390.94046256987  2.857741E-16
7394.4239307263  2.760868E-16
7397.90739888272  2.792876E-16
7401.39086703915  2.905621E-16
7404.87433519557  2.741526E-16
7408.357803352  2.657778E-16
7411.84127150842  2.703635E-16
7415.32473966484  2.709001E-16
7418.80820782127  2.577414E-16
7422.29167597769  2.677244E-16
7425.77514413412  2.713193E-16
7429.25861229054  2.553859E-16
7432.74208044697  2.551110E-16
7436.22554860339  2.584696E-16
7439.70901675982  2.667804E-16
7443.19248491624  2.794181E-16
7446.67595307267  2.730795E-16
7450.15942122909  2.613992E-16
7453.64288938551  2.612694E-16
7457.12635754194  2.673883E-16
7460.60982569836  2.530729E-16
7464.09329385479  2.584973E-16
7467.57676201121  2.695235E-16
7471.06023016764  2.600034E-16
7474.54369832406  2.555922E-16
7478.02716648049  2.692899E-16
7481.51063463691  2.752289E-16
7484.99410279334  2.632507E-16
7488.47757094976  2.593950E-16
7491.96103910618  2.624911E-16
7495.44450726261  2.684403E-16
7498.92797541903  2.675184E-16
7502.41144357546  2.553434E-16
7505.89491173188  2.571225E-16
7509.37837988831  2.678654E-16
7512.86184804473  2.626465E-16
7516.34531620116  2.735781E-16
7519.82878435758  2.686237E-16
7523.31225251401  2.499183E-16
7526.79572067043  2.554674E-16
7530.27918882686  2.729398E-16
7533.76265698328  2.630237E-16
7537.24612513971  2.658529E-16
7540.72959329613  2.603827E-16
7544.21306145255  2.541455E-16
7547.69652960898  2.466155E-16
7551.1799977654  2.498956E-16
7554.66346592183  2.621897E-16
7558.14693407825  2.549169E-16
7561.63040223468  2.500178E-16
7565.1138703911  2.630566E-16
7568.59733854753  2.617169E-16
7572.08080670395  2.629401E-16
7575.56427486038  2.577510E-16
7579.0477430168  2.361569E-16
7582.53121117323  2.059400E-16
7586.01467932965  1.545519E-16
7589.49814748607  1.199388E-16
7592.9816156425  1.041476E-16
7596.46508379892  8.327944E-17
7599.94855195535  9.404469E-17
7603.43202011177  1.290217E-16
7606.9154882682  1.515824E-16
7610.39895642462  1.590459E-16
7613.88242458105  1.726729E-16
7617.36589273747  1.606864E-16
7620.8493608939  1.391200E-16
7624.33282905032  1.467468E-16
7627.81629720674  1.581384E-16
7631.29976536317  1.642524E-16
7634.78323351959  1.701827E-16
7638.26670167602  1.673180E-16
7641.75016983244  1.883764E-16
7645.23363798887  2.046341E-16
7648.71710614529  2.084884E-16
7652.20057430172  2.120330E-16
7655.68404245814  2.251692E-16
7659.16751061457  2.279663E-16
7662.65097877099  2.348693E-16
7666.13444692742  2.444457E-16
7669.61791508384  2.398471E-16
7673.10138324026  2.357901E-16
7676.58485139669  2.373226E-16
7680.06831955311  2.393761E-16
7683.55178770954  2.364084E-16
7687.03525586596  2.396794E-16
7690.51872402239  2.577064E-16
7694.00219217881  2.516381E-16
7697.48566033524  2.469679E-16
7700.96912849166  2.452964E-16
7704.45259664809  2.441228E-16
7707.93606480451  2.430239E-16
7711.41953296094  2.503576E-16
7714.90300111736  2.441307E-16
7718.38646927378  2.490343E-16
7721.86993743021  2.427532E-16
7725.35340558663  2.364008E-16
7728.83687374306  2.497724E-16
7732.32034189948  2.570374E-16
7735.80381005591  2.450390E-16
7739.28727821233  2.371807E-16
7742.77074636876  2.479218E-16
7746.25421452518  2.618001E-16
7749.73768268161  2.509843E-16
7753.22115083803  2.378210E-16
7756.70461899445  2.263113E-16
7760.18808715088  2.381077E-16
7763.6715553073  2.505191E-16
7767.15502346373  2.431270E-16
7770.63849162015  2.267317E-16
7774.12195977658  2.378170E-16
7777.605427933  2.404822E-16
7781.08889608943  2.428579E-16
7784.57236424585  2.373046E-16
7788.05583240228  2.435341E-16
7791.5393005587  2.465609E-16
7795.02276871513  2.394594E-16
7798.50623687155  2.494637E-16
7801.98970502798  2.410913E-16
7805.4731731844  2.306636E-16
7808.95664134083  2.149154E-16
7812.44010949725  2.188949E-16
7815.92357765367  2.274267E-16
7819.4070458101  2.473746E-16
7822.89051396652  2.464569E-16
7826.37398212295  2.292146E-16
7829.85745027937  2.293338E-16
7833.3409184358  2.322379E-16
7836.82438659222  2.383935E-16
7840.30785474865  2.314944E-16
7843.79132290507  2.199540E-16
7847.2747910615  2.261469E-16
7850.75825921792  2.347370E-16
7854.24172737434  2.354161E-16
7857.72519553077  2.348697E-16
7861.20866368719  2.369723E-16
7864.69213184362  2.293895E-16
7868.17560000004  2.491296E-16
7871.65906815647  2.369762E-16
7875.14253631289  2.155162E-16
7878.62600446932  2.279713E-16
7882.10947262574  2.319768E-16
7885.59294078217  2.348236E-16
7889.07640893859  2.331064E-16
7892.55987709502  2.355558E-16
7896.04334525144  2.355194E-16
7899.52681340786  2.149337E-16
7903.01028156429  2.200237E-16
7906.49374972071  2.319025E-16
7909.97721787714  2.224962E-16
7913.46068603356  2.122377E-16
7916.94415418999  2.245683E-16
7920.42762234641  2.224224E-16
7923.91109050284  2.255674E-16
7927.39455865926  2.275739E-16
7930.87802681569  2.274735E-16
7934.36149497211  2.178786E-16
7937.84496312854  2.112327E-16
7941.32843128496  2.138393E-16
7944.81189944139  2.150663E-16
7948.29536759781  2.138768E-16
7951.77883575424  2.162366E-16
7955.26230391066  2.169553E-16
7958.74577206708  2.090305E-16
7962.22924022351  2.047865E-16
7965.71270837993  2.142317E-16
7969.19617653636  2.201535E-16
7972.67964469278  2.104646E-16
7976.16311284921  2.132123E-16
7979.64658100563  2.207048E-16
7983.13004916206  2.073992E-16
7986.61351731848  2.016889E-16
7990.0969854749  2.161729E-16
7993.58045363133  2.180126E-16
7997.06392178775  2.100392E-16
8000.54738994418  2.128614E-16
8004.0308581006  2.160794E-16
8007.51432625703  2.068639E-16
8010.99779441345  1.899626E-16
8014.48126256988  1.923891E-16
8017.9647307263  1.955862E-16
8021.44819888273  1.861741E-16
8024.93166703915  1.888307E-16
8028.41513519558  2.045946E-16
8031.898603352  2.087202E-16
8035.38207150843  1.974337E-16
8038.86553966485  1.978737E-16
8042.34900782128  1.997754E-16
8045.8324759777  2.004191E-16
8049.31594413412  2.116206E-16
8052.79941229055  2.145266E-16
8056.28288044697  2.113615E-16
8059.7663486034  1.986996E-16
8063.24981675982  1.893246E-16
8066.73328491625  1.958471E-16
8070.21675307267  2.016652E-16
8073.70022122909  1.956425E-16
8077.18368938552  1.986375E-16
8080.66715754194  2.024849E-16
8084.15062569837  2.020172E-16
8087.63409385479  1.983019E-16
8091.11756201122  1.956920E-16
8094.60103016764  1.976243E-16
8098.08449832407  1.960615E-16
8101.56796648049  1.882927E-16
8105.05143463692  1.882038E-16
8108.53490279334  1.913283E-16
8112.01837094977  1.873064E-16
8115.50183910619  1.908451E-16
8118.98530726262  1.969298E-16
8122.46877541904  2.027316E-16
8125.95224357546  1.915821E-16
8129.43571173189  1.878834E-16
8132.91917988832  1.903443E-16
8136.40264804474  1.801979E-16
8139.88611620116  1.704737E-16
8143.36958435759  1.698153E-16
8146.85305251401  1.780251E-16
8150.33652067044  1.892805E-16
8153.81998882686  1.827100E-16
8157.30345698329  1.742733E-16
8160.78692513971  1.747781E-16
8164.27039329614  1.680726E-16
8167.75386145256  1.841625E-16
8171.23732960899  1.780917E-16
8174.72079776541  1.743285E-16
8178.20426592183  1.827476E-16
8181.68773407826  1.874024E-16
8185.17120223468  1.912352E-16
8188.65467039111  1.796632E-16
8192.13813854753  1.715984E-16
8195.62160670396  1.816189E-16
8199.10507486038  1.839825E-16
8202.58854301681  1.778064E-16
8206.07201117323  1.804521E-16
8209.55547932966  1.713434E-16
8213.03894748608  1.687064E-16
8216.5224156425  1.719758E-16
8220.00588379893  1.801581E-16
8223.48935195535  1.771917E-16
8226.97282011178  1.683685E-16
8230.4562882682  1.654224E-16
8233.93975642463  1.697309E-16
8237.42322458105  1.819078E-16
8240.90669273748  1.847663E-16
8244.3901608939  1.850271E-16
8247.87362905033  1.786138E-16
8251.35709720675  1.898343E-16
8254.84056536318  1.831826E-16
8258.3240335196  1.863889E-16
8261.80750167602  1.787188E-16
8265.29096983245  1.788263E-16
8268.77443798887  1.852137E-16
8272.2579061453  1.739352E-16
8275.74137430172  1.725379E-16
8279.22484245815  1.801953E-16
8282.70831061457  1.749643E-16
8286.191778771  1.782176E-16
8289.67524692742  1.652462E-16
8293.15871508385  1.889195E-16
8296.64218324027  1.892057E-16
8300.1256513967  1.792520E-16
8303.60911955312  1.733813E-16
8307.09258770954  1.633281E-16
8310.57605586597  1.669027E-16
8314.05952402239  1.751567E-16
8317.54299217882  1.776464E-16
8321.02646033524  1.873061E-16
8324.50992849167  1.899328E-16
8327.99339664809  1.755646E-16
8331.47686480452  1.798851E-16
8334.96033296094  1.715554E-16
8338.44380111737  1.687242E-16
8341.92726927379  1.828686E-16
8345.41073743021  1.885449E-16
8348.89420558664  1.804483E-16
8352.37767374307  1.916410E-16
8355.86114189949  1.918881E-16
8359.34461005591  1.770115E-16
8362.82807821234  1.822627E-16
8366.31154636876  1.777288E-16
8369.79501452519  1.844080E-16
8373.27848268161  1.954313E-16
8376.76195083804  1.874288E-16
8380.24541899446  1.806671E-16
8383.72888715089  1.776111E-16
8387.21235530731  1.648900E-16
8390.69582346374  1.678243E-16
8394.17929162016  1.870995E-16
8397.66275977658  1.860553E-16
8401.14622793301  1.774092E-16
8404.62969608944  1.847300E-16
8408.11316424586  1.800663E-16
8411.59663240228  1.790508E-16
8415.08010055871  1.757292E-16
8418.56356871513  1.754394E-16
8422.04703687156  1.683091E-16
8425.53050502798  1.713901E-16
8429.01397318441  1.476796E-16
8432.49744134083  1.561665E-16
8435.98090949726  1.816627E-16
8439.46437765368  1.835886E-16
8442.94784581011  1.779568E-16
8446.43131396653  1.724118E-16
8449.91478212296  1.709490E-16
8453.39825027938  1.787288E-16
8456.88171843581  1.691475E-16
8460.36518659223  1.063000E-16
8463.84865474865  7.495845E-17
8467.33212290508  1.477992E-16
8470.8155910615  1.831512E-16
8474.29905921793  1.779771E-16
8477.78252737435  1.716897E-16
8481.26599553078  1.710265E-16
8484.7494636872  1.733929E-16
8488.23293184363  1.750092E-16
8491.71640000005  1.778031E-16
8495.19986815647  1.714581E-16
8498.6833363129  1.731514E-16
8502.16680446932  1.900335E-16
8505.65027262575  1.767114E-16
8509.13374078217  1.676847E-16
8512.6172089386  1.747971E-16
8516.10067709502  1.601186E-16
8519.58414525144  1.549164E-16
8523.06761340787  1.671419E-16
8526.5510815643  1.727034E-16
8530.03454972072  1.678868E-16
8533.51801787714  1.675427E-16
8537.00148603357  1.766571E-16
8540.48495418999  1.682346E-16
8543.96842234642  1.606957E-16
8547.45189050284  1.506111E-16
8550.93535865927  1.621402E-16
8554.41882681569  1.669788E-16
8557.90229497212  1.470479E-16
8561.38576312854  1.503656E-16
8564.86923128496  1.635544E-16
8568.35269944139  1.539020E-16
8571.83616759782  1.588627E-16
8575.31963575424  1.588264E-16
8578.80310391066  1.594646E-16
8582.28657206709  1.673117E-16
8585.77004022351  1.629817E-16
8589.25350837994  1.645719E-16
8592.73697653636  1.721540E-16
8596.22044469279  1.697010E-16
8599.70391284921  1.623051E-16
8603.18738100564  1.527541E-16
8606.67084916206  1.535620E-16
8610.15431731849  1.648316E-16
8613.63778547491  1.494929E-16
8617.12125363134  1.569137E-16
8620.60472178776  1.637448E-16
8624.08818994419  1.671296E-16
8627.57165810061  1.580025E-16
8631.05512625703  1.603080E-16
8634.53859441346  1.702355E-16
8638.02206256988  1.642992E-16
8641.50553072631  1.514189E-16
8644.98899888273  1.530416E-16
8648.47246703916  1.600847E-16
8651.95593519558  1.545976E-16
8655.43940335201  1.484605E-16
8658.92287150843  1.504048E-16
8662.40633966486  1.626117E-16
8665.88980782128  1.512840E-16
8669.37327597771  1.714991E-16
8672.85674413413  1.817043E-16
8676.34021229055  1.646815E-16
8679.82368044698  1.535289E-16
8683.3071486034  1.599954E-16
8686.79061675983  1.625717E-16
8690.27408491625  1.522930E-16
8693.75755307268  1.649364E-16
8697.2410212291  1.518573E-16
8700.72448938553  1.428865E-16
8704.20795754195  1.477403E-16
8707.69142569838  1.597240E-16
8711.1748938548  1.598029E-16
8714.65836201123  1.445605E-16
8718.14183016765  1.408601E-16
8721.62529832407  1.581598E-16
8725.1087664805  1.709557E-16
8728.59223463692  1.618735E-16
8732.07570279335  1.505469E-16
8735.55917094977  1.421086E-16
8739.0426391062  1.501645E-16
8742.52610726262  1.526662E-16
8746.00957541905  1.562822E-16
8749.49304357547  1.623706E-16
8752.9765117319  1.674535E-16
8756.45997988832  1.693607E-16
8759.94344804475  1.726557E-16
8763.42691620117  1.668350E-16
8766.91038435759  1.365732E-16
8770.39385251402  1.657172E-16
8773.87732067044  1.773899E-16
8777.36078882687  1.670080E-16
8780.84425698329  1.408526E-16
8784.32772513972  1.356650E-16
8787.81119329614  1.486939E-16
8791.29466145257  1.618955E-16
8794.77812960899  1.689365E-16
8798.26159776541  1.540284E-16
8801.74506592184  1.474090E-16
8805.22853407826  1.602545E-16
8808.71200223469  1.523334E-16
8812.19547039111  1.510745E-16
8815.67893854754  1.557833E-16
8819.16240670396  1.329199E-16
8822.64587486039  1.337569E-16
8826.12934301681  1.445282E-16
8829.61281117324  1.452976E-16
8833.09627932966  1.491772E-16
8836.57974748609  1.428511E-16
8840.06321564251  1.527892E-16
8843.54668379894  1.655094E-16
8847.03015195536  1.563102E-16
8850.51362011178  1.304591E-16
8853.99708826821  1.399718E-16
8857.48055642464  1.514153E-16
8860.96402458106  1.516578E-16
8864.44749273748  1.461793E-16
8867.93096089391  1.383366E-16
8871.41442905033  1.463550E-16
8874.89789720676  1.634553E-16
8878.38136536318  1.629936E-16
8881.86483351961  1.519819E-16
8885.34830167603  1.482238E-16
8888.83176983246  1.546607E-16
8892.31523798888  1.470558E-16
8895.7987061453  1.383915E-16
8899.28217430173  1.411413E-16
8902.76564245815  1.500610E-16
8906.24911061458  1.617523E-16
8909.732578771  1.598853E-16
8913.21604692743  1.548460E-16
8916.69951508385  1.446507E-16
8920.18298324028  1.546623E-16
8923.6664513967  1.514926E-16
8927.14991955313  1.266699E-16
8930.63338770955  1.195637E-16
8934.11685586598  1.341230E-16
8937.6003240224  1.487481E-16
8941.08379217882  1.485891E-16
8944.56726033525  1.367701E-16
8948.05072849167  1.536120E-16
8951.5341966481  1.532860E-16
8955.01766480452  1.353969E-16
8958.50113296095  1.217737E-16
8961.98460111737  1.302293E-16
8965.4680692738  1.543483E-16
8968.95153743022  1.616150E-16
8972.43500558665  1.404410E-16
8975.91847374307  1.329086E-16
8979.4019418995  1.543670E-16
8982.88541005592  1.511712E-16
8986.36887821234  1.371442E-16
8989.85234636877  1.361173E-16
8993.33581452519  1.282053E-16
8996.81928268162  1.332486E-16
9000.30275083804  1.339574E-16
9003.78621899447  1.170341E-16
9007.26968715089  1.202899E-16
9010.75315530732  1.307313E-16
9014.23662346374  1.211147E-16
9017.72009162017  1.160345E-16
9021.20355977659  1.293859E-16
9024.68702793302  1.414104E-16
9028.17049608944  1.421345E-16
9031.65396424587  1.382599E-16
9035.13743240229  1.381880E-16
9038.62090055871  1.351240E-16
9042.10436871514  1.304726E-16
9045.58783687156  1.263380E-16
9049.07130502799  1.106066E-16
9052.55477318441  1.183231E-16
9056.03824134084  1.216820E-16
9059.52170949726  1.296592E-16
9063.00517765369  1.322039E-16
9066.48864581011  1.341554E-16
9069.97211396653  1.242207E-16
9073.45558212296  1.142115E-16
9076.93905027939  1.276052E-16
9080.42251843581  1.425655E-16
9083.90598659223  1.433884E-16
9087.38945474866  1.424118E-16
9090.87292290508  1.379807E-16
9094.35639106151  1.342647E-16
9097.83985921793  1.230010E-16
9101.32332737436  1.308729E-16
9104.80679553078  1.305593E-16
9108.29026368721  1.247029E-16
9111.77373184363  1.302925E-16
9115.25720000006  1.277869E-16
9118.74066815648  1.256100E-16
9122.22413631291  1.122224E-16
9125.70760446933  1.148734E-16
9129.19107262576  1.183256E-16
9132.67454078218  1.292550E-16
9136.1580089386  1.328525E-16
9139.64147709503  1.308227E-16
9143.12494525145  1.336947E-16
9146.60841340788  1.273931E-16
9150.0918815643  1.223883E-16
9153.57534972073  1.332138E-16
9157.05881787715  1.322764E-16
9160.54228603358  1.315663E-16
9164.02575419  1.261833E-16
9167.50922234642  1.219427E-16
9170.99269050285  1.247762E-16
9174.47615865928  1.216054E-16
9177.9596268157  1.161208E-16
9181.44309497212  1.223353E-16
9184.92656312855  1.190403E-16
9188.41003128497  1.285371E-16
9191.8934994414  1.142498E-16
9195.37696759782  1.070042E-16
9198.86043575425  1.284115E-16
9202.34390391067  1.307160E-16
9205.8273720671  1.187564E-16
9209.31084022352  1.254093E-16
9212.79430837995  1.223024E-16
9216.27777653637  1.252975E-16
9219.7612446928  1.267218E-16
9223.24471284922  1.178712E-16
9226.72818100564  1.252793E-16
9230.21164916207  1.140243E-16
9233.69511731849  1.116627E-16
9237.17858547492  1.214902E-16
9240.66205363134  1.240657E-16
9244.14552178777  1.281864E-16
9247.62898994419  1.196610E-16
9251.11245810062  1.130021E-16
9254.59592625704  1.161088E-16
9258.07939441346  1.098498E-16
9261.56286256989  1.044253E-16
9265.04633072632  1.073143E-16
9268.52979888274  1.141496E-16
9272.01326703916  1.211501E-16
9275.49673519559  1.168513E-16
9278.98020335201  9.663248E-17
9282.46367150844  9.455603E-17
9285.94713966486  1.139664E-16
9289.43060782129  1.090939E-16
9292.91407597771  1.005438E-16
9296.39754413414  1.053656E-16
9299.88101229056  1.058720E-16
9303.36448044698  1.048852E-16
9306.84794860341  1.111527E-16
9310.33141675983  1.057203E-16
9313.81488491626  9.361227E-17
9317.29835307268  9.381825E-17
9320.78182122911  9.253682E-17
9324.26528938553  1.010200E-16
9327.74875754196  1.115936E-16
9331.23222569838  9.870800E-17
9334.71569385481  7.471936E-17
9338.19916201123  8.264572E-17
9341.68263016766  9.616032E-17
9345.16609832408  8.534854E-17
9348.64956648051  9.060811E-17
9352.13303463693  7.063090E-17
9355.61650279335  7.501489E-17
9359.09997094978  7.496282E-17
9362.58343910621  6.218320E-17
9366.06690726263  6.456124E-17
9369.55037541905  6.566623E-17
9373.03384357548  6.801635E-17
9376.5173117319  9.150001E-17
9380.00077988833  8.350528E-17
9383.48424804475  6.751970E-17
9386.96771620118  6.665441E-17
9390.4511843576  8.754536E-17
9393.93465251402  7.638460E-17
9397.41812067045  6.228153E-17
9400.90158882687  7.461714E-17
9404.3850569833  8.263261E-17
9407.86852513972  7.963071E-17
9411.35199329615  6.768908E-17
9414.83546145257  6.292494E-17
9418.318929609  7.446470E-17
9421.80239776542  7.811927E-17
9425.28586592185  7.395099E-17
9428.76933407827  6.689566E-17
9432.2528022347  8.196629E-17
9435.73627039112  1.071613E-16
9439.21973854754  6.642952E-17
9442.70320670397  7.254818E-17
9446.18667486039  5.874485E-17
9449.67014301682  7.713638E-17
9453.15361117324  8.229743E-17
9456.63707932967  7.638082E-17
9460.12054748609  7.695510E-17
9463.60401564252  6.594765E-17
9467.08748379894  5.811821E-17
9470.57095195537  7.481080E-17
9474.05442011179  8.628823E-17
9477.53788826821  9.575943E-17
9481.02135642464  8.145798E-17
9484.50482458107  6.871139E-17
9487.98829273749  6.079011E-17
9491.47176089391  7.670323E-17
9494.95522905034  1.087029E-16
9498.43869720676  9.782223E-17
9501.92216536319  7.400111E-17
9505.40563351961  6.492258E-17
9508.88910167604  6.523835E-17
9512.37256983246  8.598662E-17
9515.85603798889  9.407690E-17
9519.33950614531  7.098763E-17
9522.82297430174  6.359241E-17
9526.30644245816  7.222827E-17
9529.78991061459  6.485653E-17
9533.27337877101  8.902062E-17
9536.75684692744  8.529960E-17
9540.24031508386  8.564742E-17
9543.72378324028  6.244173E-17
9547.20725139671  8.327580E-17
9550.69071955313  1.028294E-16
9554.17418770956  7.007587E-17
9557.65765586598  6.389633E-17
9561.14112402241  9.950199E-17
9564.62459217883  8.072489E-17
9568.10806033526  5.806112E-17
9571.59152849168  6.199497E-17
9575.0749966481  6.903444E-17
9578.55846480453  5.903309E-17
9582.04193296095  4.587697E-17
9585.52540111738  5.903398E-17
9589.0088692738  9.057081E-17
9592.49233743023  7.736113E-17
9595.97580558665  5.170696E-17
9599.45927374308  6.979161E-17
9602.9427418995  6.892698E-17
9606.42621005593  7.526480E-17
9609.90967821235  9.086825E-17
9613.39314636878  7.381447E-17
9616.8766145252  5.238186E-17
9620.36008268163  5.744233E-17
9623.84355083805  5.701808E-17
9627.32701899448  6.477814E-17
9630.8104871509  5.851165E-17
9634.29395530733  7.074178E-17
9637.77742346375  9.465067E-17
9641.26089162017  7.653604E-17
9644.7443597766  4.948347E-17
9648.22782793302  8.508678E-17
9651.71129608945  8.955969E-17
9655.19476424587  8.030089E-17
9658.6782324023  6.124376E-17
9662.16170055872  6.213341E-17
9665.64516871514  8.238172E-17
9669.12863687157  9.473870E-17
9672.61210502799  9.509547E-17
9676.09557318442  9.503328E-17
9679.57904134084  8.327129E-17
9683.06250949727  7.377386E-17
9686.54597765369  8.465143E-17
9690.02944581012  7.602968E-17
9693.51291396654  7.223270E-17
9696.99638212296  8.522411E-17
9700.47985027939  8.290120E-17
9703.96331843581  6.294060E-17
9707.44678659224  4.992526E-17
9710.93025474866  6.348814E-17
9714.41372290509  9.884902E-17
9717.89719106151  6.171507E-17
9721.38065921794  3.658871E-17
9724.86412737436  8.550354E-17
9728.34759553079  9.163909E-17
9731.83106368721  6.844213E-17
9735.31453184364  7.658129E-17
9738.79800000006  5.659549E-17
