3405.532  1.886827E-15
3408.88566487936  1.952291E-15
3412.23932975871  1.475219E-15
3415.59299463807  1.445532E-15
3418.94665951743  2.035119E-15
3422.30032439678  2.254513E-15
3425.65398927614  1.897820E-15
3429.0076541555  2.212735E-15
3432.36131903485  2.317916E-15
3435.71498391421  1.754612E-15
3439.06864879357  1.918406E-15
3442.42231367292  2.692110E-15
3445.77597855228  2.487004E-15
3449.12964343164  1.976952E-15
3452.48330831099  2.046204E-15
3455.83697319035  2.057561E-15
3459.19063806971  1.848646E-15
3462.54430294906  2.463419E-15
3465.89796782842  1.882346E-15
3469.25163270778  1.870438E-15
3472.60529758713  2.239897E-15
3475.95896246649  2.396321E-15
3479.31262734585  2.620573E-15
3482.6662922252  2.352959E-15
3486.01995710456  2.886748E-15
3489.37362198392  3.136156E-15
3492.72728686327  3.096203E-15
3496.08095174263  3.018862E-15
3499.43461662199  2.892378E-15
3502.78828150134  2.623963E-15
3506.1419463807  3.125189E-15
3509.49561126006  3.352828E-15
3512.84927613941  2.723950E-15
3516.20294101877  2.891297E-15
3519.55660589813  3.219897E-15
3522.91027077748  3.118541E-15
3526.26393565684  3.286748E-15
3529.6176005362  3.167379E-15
3532.97126541555  3.195190E-15
3536.32493029491  3.567499E-15
3539.67859517426  3.411635E-15
3543.03226005362  3.290999E-15
3546.38592493298  3.171735E-15
3549.73958981233  2.878663E-15
3553.09325469169  2.727381E-15
3556.44691957105  3.023571E-15
3559.8005844504  2.964293E-15
3563.15424932976  2.549084E-15
3566.50791420912  3.083103E-15
3569.86157908847  3.208319E-15
3573.21524396783  3.100058E-15
3576.56890884719  2.875767E-15
3579.92257372654  2.632594E-15
3583.2762386059  2.625310E-15
3586.62990348526  2.946043E-15
3589.98356836461  2.960254E-15
3593.33723324397  2.720871E-15
3596.69089812333  2.841754E-15
3600.04456300268  2.956940E-15
3603.39822788204  2.819126E-15
3606.7518927614  2.943070E-15
3610.10555764075  2.828891E-15
3613.45922252011  2.734146E-15
3616.81288739947  2.718700E-15
3620.16655227882  2.732461E-15
3623.52021715818  2.738146E-15
3626.87388203754  2.742864E-15
3630.22754691689  2.707962E-15
3633.58121179625  2.846265E-15
3636.93487667561  2.697462E-15
3640.28854155496  2.812193E-15
3643.64220643432  2.527496E-15
3646.99587131368  2.386381E-15
3650.34953619303  2.687448E-15
3653.70320107239  2.812281E-15
3657.05686595175  2.877271E-15
3660.4105308311  2.677719E-15
3663.76419571046  2.766295E-15
3667.11786058982  2.652075E-15
3670.47152546917  2.385151E-15
3673.82519034853  2.485756E-15
3677.17885522789  2.632836E-15
3680.53252010724  2.407165E-15
3683.8861849866  2.601242E-15
3687.23984986596  2.739682E-15
3690.59351474531  2.627200E-15
3693.94717962467  2.755162E-15
3697.30084450403  2.657605E-15
3700.65450938338  2.584145E-15
3704.00817426274  2.585754E-15
3707.36183914209  2.647307E-15
3710.71550402145  2.458534E-15
3714.06916890081  2.394095E-15
3717.42283378017  2.288668E-15
3720.77649865952  2.351315E-15
3724.13016353888  2.384395E-15
3727.48382841823  2.512040E-15
3730.83749329759  2.593946E-15
3734.19115817695  2.595747E-15
3737.5448230563  2.388901E-15
3740.89848793566  2.544174E-15
3744.25215281502  2.563523E-15
3747.60581769437  2.707313E-15
3750.95948257373  2.576513E-15
3754.31314745309  2.659836E-15
3757.66681233244  2.589417E-15
3761.0204772118  2.545589E-15
3764.37414209116  2.610427E-15
3767.72780697051  2.565675E-15
3771.08147184987  2.525708E-15
3774.43513672923  2.497297E-15
3777.78880160858  2.536783E-15
3781.14246648794  2.437802E-15
3784.4961313673  2.431307E-15
3787.84979624665  2.485096E-15
3791.20346112601  2.387737E-15
3794.55712600537  2.424684E-15
3797.91079088472  2.482571E-15
3801.26445576408  2.444999E-15
3804.61812064344  2.347365E-15
3807.97178552279  2.514955E-15
3811.32545040215  2.424463E-15
3814.67911528151  2.369741E-15
3818.03278016086  2.407174E-15
3821.38644504022  2.334463E-15
3824.74010991958  2.493561E-15
3828.09377479893  2.571142E-15
3831.44743967829  2.497422E-15
3834.80110455765  2.529714E-15
3838.154769437  2.528098E-15
3841.50843431636  2.499674E-15
3844.86209919572  2.449606E-15
3848.21576407507  2.452178E-15
3851.56942895443  2.552243E-15
3854.92309383379  2.619928E-15
3858.27675871314  2.654483E-15
3861.6304235925  2.550077E-15
3864.98408847186  2.565538E-15
3868.33775335121  2.598154E-15
3871.69141823057  2.570644E-15
3875.04508310993  2.474748E-15
3878.39874798928  2.616683E-15
3881.75241286864  2.554281E-15
3885.106077748  2.565421E-15
3888.45974262735  2.639048E-15
3891.81340750671  2.583810E-15
3895.16707238606  2.521507E-15
3898.52073726542  2.586989E-15
3901.87440214478  2.554785E-15
3905.22806702414  2.566507E-15
3908.58173190349  2.459869E-15
3911.93539678285  2.417640E-15
3915.2890616622  2.460329E-15
3918.64272654156  2.418080E-15
3921.99639142092  2.404284E-15
3925.35005630027  2.264515E-15
3928.70372117963  2.226766E-15
3932.05738605899  2.299686E-15
3935.41105093834  2.286078E-15
3938.7647158177  2.181253E-15
3942.11838069706  2.205999E-15
3945.47204557641  2.256471E-15
3948.82571045577  2.280271E-15
3952.17937533513  2.213993E-15
3955.53304021448  2.156334E-15
3958.88670509384  2.156806E-15
3962.2403699732  2.194101E-15
3965.59403485255  2.290957E-15
3968.94769973191  2.316082E-15
3972.30136461127  2.307060E-15
3975.65502949062  2.405287E-15
3979.00869436998  2.457335E-15
3982.36235924934  2.452357E-15
3985.71602412869  2.438642E-15
3989.06968900805  2.441056E-15
3992.42335388741  2.554136E-15
3995.77701876676  2.559685E-15
3999.13068364612  2.518949E-15
4002.48434852548  2.577333E-15
4005.83801340483  2.572291E-15
4009.19167828419  2.597295E-15
4012.54534316355  2.595389E-15
4015.8990080429  2.539147E-15
4019.25267292226  2.494460E-15
4022.60633780162  2.538003E-15
4025.96000268097  2.533777E-15
4029.31366756033  2.566013E-15
4032.66733243969  2.571498E-15
4036.02099731904  2.527365E-15
4039.3746621984  2.539365E-15
4042.72832707776  2.551235E-15
4046.08199195711  2.567410E-15
4049.43565683647  2.565882E-15
4052.78932171583  2.561664E-15
4056.14298659518  2.633652E-15
4059.49665147454  2.670961E-15
4062.8503163539  2.617645E-15
4066.20398123325  2.600875E-15
4069.55764611261  2.607412E-15
4072.91131099197  2.606475E-15
4076.26497587132  2.633114E-15
4079.61864075068  2.620346E-15
4082.97230563003  2.613576E-15
4086.32597050939  2.616709E-15
4089.67963538875  2.628770E-15
4093.0333002681  2.573537E-15
4096.38696514746  2.603271E-15
4099.74063002682  2.555999E-15
4103.09429490617  2.536177E-15
4106.44795978553  2.536139E-15
4109.80162466489  2.489754E-15
4113.15528954424  2.500733E-15
4116.5089544236  2.447539E-15
4119.86261930296  2.393129E-15
4123.21628418231  2.402827E-15
4126.56994906167  2.425958E-15
4129.92361394103  2.392829E-15
4133.27727882038  2.410238E-15
4136.63094369974  2.439102E-15
4139.9846085791  2.389662E-15
4143.33827345845  2.417047E-15
4146.69193833781  2.393097E-15
4150.04560321717  2.329623E-15
4153.39926809652  2.395068E-15
4156.75293297588  2.445103E-15
4160.10659785524  2.391306E-15
4163.46026273459  2.335342E-15
4166.81392761395  2.357697E-15
4170.16759249331  2.397792E-15
4173.52125737266  2.344599E-15
4176.87492225202  2.323362E-15
4180.22858713138  2.368987E-15
4183.58225201073  2.376686E-15
4186.93591689009  2.382719E-15
4190.28958176945  2.323430E-15
4193.6432466488  2.291988E-15
4196.99691152816  2.299365E-15
4200.35057640752  2.251478E-15
4203.70424128687  2.384386E-15
4207.05790616623  2.318682E-15
4210.41157104559  2.286150E-15
4213.76523592494  2.307089E-15
4217.1189008043  2.342761E-15
4220.47256568366  2.336346E-15
4223.82623056301  2.348743E-15
4227.17989544237  2.426801E-15
4230.53356032173  2.477663E-15
4233.88722520108  2.430587E-15
4237.24089008044  2.471386E-15
4240.5945549598  2.436473E-15
4243.94821983915  2.401208E-15
4247.30188471851  2.435398E-15
4250.65554959786  2.390234E-15
4254.00921447722  2.479371E-15
4257.36287935658  2.489342E-15
4260.71654423594  2.473371E-15
4264.07020911529  2.354817E-15
4267.42387399465  2.402858E-15
4270.777538874  2.412398E-15
4274.13120375336  2.363406E-15
4277.48486863272  2.328633E-15
4280.83853351207  2.349957E-15
4284.19219839143  2.406814E-15
4287.54586327079  2.337273E-15
4290.89952815014  2.287380E-15
4294.2531930295  2.308116E-15
4297.60685790886  2.236808E-15
4300.96052278821  2.196993E-15
4304.31418766757  2.226587E-15
4307.66785254693  2.196880E-15
4311.02151742628  2.177828E-15
4314.37518230564  2.218418E-15
4317.728847185  2.171012E-15
4321.08251206435  2.133308E-15
4324.43617694371  2.128658E-15
4327.78984182307  2.112090E-15
4331.14350670242  2.103788E-15
4334.49717158178  2.143966E-15
4337.85083646114  2.126152E-15
4341.20450134049  2.067025E-15
4344.55816621985  2.029037E-15
4347.91183109921  2.043520E-15
4351.26549597856  2.043366E-15
4354.61916085792  2.099995E-15
4357.97282573728  2.101082E-15
4361.32649061663  2.057730E-15
4364.68015549599  2.004785E-15
4368.03382037535  2.017087E-15
4371.3874852547  2.027723E-15
4374.74115013406  2.006509E-15
4378.09481501342  2.002451E-15
4381.44847989277  2.003885E-15
4384.80214477213  2.013239E-15
4388.15580965149  2.060562E-15
4391.50947453084  2.032538E-15
4394.8631394102  2.037984E-15
4398.21680428956  2.055191E-15
4401.57046916891  2.040469E-15
4404.92413404827  2.071103E-15
4408.27779892763  2.164653E-15
4411.63146380698  2.131010E-15
4414.98512868634  2.083058E-15
4418.3387935657  2.103199E-15
4421.69245844505  2.124263E-15
4425.04612332441  2.120467E-15
4428.39978820376  2.138589E-15
4431.75345308312  2.208904E-15
4435.10711796248  2.162148E-15
4438.46078284183  2.094881E-15
4441.81444772119  2.119004E-15
4445.16811260055  2.141968E-15
4448.5217774799  2.158782E-15
4451.87544235926  2.144755E-15
4455.22910723862  2.066236E-15
4458.58277211797  2.109628E-15
4461.93643699733  2.136231E-15
4465.29010187669  2.167463E-15
4468.64376675604  2.128286E-15
4471.9974316354  2.100510E-15
4475.35109651476  2.073785E-15
4478.70476139411  2.065046E-15
4482.05842627347  2.083752E-15
4485.41209115283  2.047250E-15
4488.76575603218  2.006318E-15
4492.11942091154  2.058773E-15
4495.4730857909  2.054720E-15
4498.82675067025  1.960990E-15
4502.18041554961  1.956496E-15
4505.53408042897  1.946083E-15
4508.88774530832  1.929755E-15
4512.24141018768  1.941531E-15
4515.59507506704  1.931594E-15
4518.94873994639  1.882368E-15
4522.30240482575  1.888400E-15
4525.65606970511  1.835920E-15
4529.00973458446  1.838075E-15
4532.36339946382  1.738500E-15
4535.71706434318  1.713178E-15
4539.07072922253  1.758352E-15
4542.42439410189  1.738262E-15
4545.77805898125  1.672036E-15
4549.1317238606  1.647826E-15
4552.48538873996  1.677762E-15
4555.83905361932  1.638571E-15
4559.19271849867  1.561440E-15
4562.54638337803  1.510800E-15
4565.90004825739  1.527621E-15
4569.25371313674  1.538855E-15
4572.6073780161  1.525279E-15
4575.96104289546  1.520488E-15
4579.31470777481  1.498592E-15
4582.66837265417  1.451482E-15
4586.02203753353  1.455269E-15
4589.37570241288  1.492344E-15
4592.72936729224  1.453641E-15
4596.0830321716  1.435727E-15
4599.43669705095  1.496799E-15
4602.79036193031  1.479405E-15
4606.14402680966  1.431698E-15
4609.49769168902  1.470607E-15
4612.85135656838  1.505895E-15
4616.20502144774  1.470255E-15
4619.55868632709  1.506342E-15
4622.91235120645  1.472788E-15
4626.2660160858  1.476357E-15
4629.61968096516  1.478431E-15
4632.97334584452  1.513374E-15
4636.32701072387  1.483716E-15
4639.68067560323  1.484780E-15
4643.03434048259  1.516358E-15
4646.38800536194  1.531331E-15
4649.7416702413  1.492741E-15
4653.09533512066  1.495155E-15
4656.44900000001  1.480005E-15
4659.80266487937  1.547702E-15
4663.15632975873  1.488015E-15
4666.50999463808  1.452031E-15
4669.86365951744  1.525180E-15
4673.2173243968  1.496548E-15
4676.57098927615  1.466132E-15
4679.92465415551  1.471184E-15
4683.27831903487  1.489641E-15
4686.63198391422  1.512279E-15
4689.98564879358  1.504691E-15
4693.33931367294  1.524879E-15
4696.69297855229  1.524194E-15
4700.04664343165  1.519527E-15
4703.40030831101  1.517799E-15
4706.75397319036  1.571834E-15
4710.10763806972  1.545336E-15
4713.46130294908  1.552020E-15
4716.81496782843  1.533875E-15
4720.16863270779  1.536570E-15
4723.52229758715  1.550189E-15
4726.8759624665  1.560607E-15
4730.22962734586  1.578888E-15
4733.58329222522  1.555501E-15
4736.93695710457  1.554708E-15
4740.29062198393  1.583665E-15
4743.64428686328  1.567701E-15
4746.99795174264  1.565435E-15
4750.351616622  1.609196E-15
4753.70528150136  1.573103E-15
4757.05894638071  1.556544E-15
4760.41261126007  1.568331E-15
4763.76627613943  1.585854E-15
4767.11994101878  1.605886E-15
4770.47360589814  1.605748E-15
4773.8272707775  1.635398E-15
4777.18093565685  1.610384E-15
4780.53460053621  1.581614E-15
4783.88826541557  1.601569E-15
4787.24193029492  1.602973E-15
4790.59559517428  1.586253E-15
4793.94926005363  1.603014E-15
4797.30292493299  1.579894E-15
4800.65658981235  1.514393E-15
4804.01025469171  1.507283E-15
4807.36391957106  1.515837E-15
4810.71758445042  1.503890E-15
4814.07124932977  1.500690E-15
4817.42491420913  1.492618E-15
4820.77857908849  1.468004E-15
4824.13224396784  1.486192E-15
4827.4859088472  1.459757E-15
4830.83957372656  1.439403E-15
4834.19323860591  1.454412E-15
4837.54690348527  1.445734E-15
4840.90056836463  1.456888E-15
4844.25423324398  1.406721E-15
4847.60789812334  1.406604E-15
4850.9615630027  1.426933E-15
4854.31522788205  1.377621E-15
4857.66889276141  1.361059E-15
4861.02255764077  1.371791E-15
4864.37622252012  1.385615E-15
4867.72988739948  1.376107E-15
4871.08355227884  1.345829E-15
4874.43721715819  1.364111E-15
4877.79088203755  1.354876E-15
4881.14454691691  1.308848E-15
4884.49821179626  1.282351E-15
4887.85187667562  1.310390E-15
4891.20554155498  1.299783E-15
4894.55920643433  1.280485E-15
4897.91287131369  1.266394E-15
4901.26653619305  1.288895E-15
4904.6202010724  1.278966E-15
4907.97386595176  1.283220E-15
4911.32753083112  1.295740E-15
4914.68119571047  1.288059E-15
4918.03486058983  1.304466E-15
4921.38852546919  1.294733E-15
4924.74219034854  1.278984E-15
4928.0958552279  1.332934E-15
4931.44952010726  1.354605E-15
4934.80318498661  1.343449E-15
4938.15684986597  1.344721E-15
4941.51051474533  1.327430E-15
4944.86417962468  1.350566E-15
4948.21784450404  1.391898E-15
4951.57150938339  1.388738E-15
4954.92517426275  1.368407E-15
4958.27883914211  1.386450E-15
4961.63250402146  1.403880E-15
4964.98616890082  1.444926E-15
4968.33983378018  1.412986E-15
4971.69349865954  1.435629E-15
4975.04716353889  1.462915E-15
4978.40082841825  1.449339E-15
4981.7544932976  1.452482E-15
4985.10815817696  1.442746E-15
4988.46182305632  1.416395E-15
4991.81548793567  1.471426E-15
4995.16915281503  1.505638E-15
4998.52281769439  1.502420E-15
5001.87648257375  1.496537E-15
5005.2301474531  1.504455E-15
5008.58381233246  1.520292E-15
5011.93747721181  1.537426E-15
5015.29114209117  1.516784E-15
5018.64480697053  1.511171E-15
5021.99847184989  1.509575E-15
5025.35213672924  1.507505E-15
5028.7058016086  1.517841E-15
5032.05946648795  1.560097E-15
5035.41313136731  1.552815E-15
5038.76679624667  1.545392E-15
5042.12046112602  1.540633E-15
5045.47412600538  1.520439E-15
5048.82779088474  1.531165E-15
5052.18145576409  1.550282E-15
5055.53512064345  1.560036E-15
5058.88878552281  1.579704E-15
5062.24245040216  1.543247E-15
5065.59611528152  1.524118E-15
5068.94978016088  1.536466E-15
5072.30344504023  1.514785E-15
5075.65710991959  1.480400E-15
5079.01077479895  1.477957E-15
5082.3644396783  1.512755E-15
5085.71810455766  1.515988E-15
5089.07176943702  1.506051E-15
5092.42543431637  1.522985E-15
5095.77909919573  1.518696E-15
5099.13276407509  1.488638E-15
5102.48642895444  1.482687E-15
5105.8400938338  1.484085E-15
5109.19375871316  1.463954E-15
5112.54742359251  1.464465E-15
5115.90108847187  1.475561E-15
5119.25475335123  1.445116E-15
5122.60841823058  1.440992E-15
5125.96208310994  1.445578E-15
5129.3157479893  1.419445E-15
5132.66941286865  1.431925E-15
5136.02307774801  1.431279E-15
5139.37674262737  1.437555E-15
5142.73040750672  1.424683E-15
5146.08407238608  1.390189E-15
5149.43773726544  1.394153E-15
5152.79140214479  1.398112E-15
5156.14506702415  1.392975E-15
5159.49873190351  1.390021E-15
5162.85239678286  1.374013E-15
5166.20606166222  1.353061E-15
5169.55972654157  1.357654E-15
5172.91339142093  1.359383E-15
5176.26705630029  1.357171E-15
5179.62072117964  1.360944E-15
5182.974386059  1.336092E-15
5186.32805093836  1.333322E-15
5189.68171581771  1.313321E-15
5193.03538069707  1.335263E-15
5196.38904557643  1.327051E-15
5199.74271045578  1.338517E-15
5203.09637533514  1.328441E-15
5206.4500402145  1.303318E-15
5209.80370509385  1.280720E-15
5213.15736997321  1.303540E-15
5216.51103485257  1.310873E-15
5219.86469973192  1.282940E-15
5223.21836461128  1.295905E-15
5226.57202949064  1.288575E-15
5229.92569437  1.269161E-15
5233.27935924935  1.271126E-15
5236.63302412871  1.256772E-15
5239.98668900806  1.293707E-15
5243.34035388742  1.258075E-15
5246.69401876678  1.268717E-15
5250.04768364613  1.277092E-15
5253.40134852549  1.248278E-15
5256.75501340485  1.261540E-15
5260.1086782842  1.266383E-15
5263.46234316356  1.279476E-15
5266.81600804292  1.268133E-15
5270.16967292227  1.226877E-15
5273.52333780163  1.237981E-15
5276.87700268099  1.245782E-15
5280.23066756034  1.226894E-15
5283.5843324397  1.209290E-15
5286.93799731906  1.174789E-15
5290.29166219841  1.194052E-15
5293.64532707777  1.235965E-15
5296.99899195713  1.222025E-15
5300.35265683648  1.210255E-15
5303.70632171584  1.206456E-15
5307.0599865952  1.190863E-15
5310.41365147455  1.185526E-15
5313.76731635391  1.180637E-15
5317.12098123327  1.184280E-15
5320.47464611262  1.193158E-15
5323.82831099198  1.173359E-15
5327.18197587134  1.174075E-15
5330.53564075069  1.185273E-15
5333.88930563005  1.168062E-15
5337.2429705094  1.146328E-15
5340.59663538876  1.139324E-15
5343.95030026812  1.142058E-15
5347.30396514747  1.190328E-15
5350.65763002683  1.200018E-15
5354.01129490619  1.181705E-15
5357.36495978554  1.174298E-15
5360.7186246649  1.139765E-15
5364.07228954426  1.112626E-15
5367.42595442362  1.143206E-15
5370.77961930297  1.143728E-15
5374.13328418233  1.115579E-15
5377.48694906168  1.134533E-15
5380.84061394104  1.158841E-15
5384.1942788204  1.142815E-15
5387.54794369975  1.132137E-15
5390.90160857911  1.129880E-15
5394.25527345847  1.097394E-15
5397.60893833782  1.095159E-15
5400.96260321718  1.111869E-15
5404.31626809654  1.122297E-15
5407.66993297589  1.102614E-15
5411.02359785525  1.096277E-15
5414.37726273461  1.110638E-15
5417.73092761396  1.093370E-15
5421.08459249332  1.067600E-15
5424.43825737268  1.081037E-15
5427.79192225203  1.097506E-15
5431.14558713139  1.083386E-15
5434.49925201075  1.071658E-15
5437.8529168901  1.061277E-15
5441.20658176946  1.063977E-15
5444.56024664882  1.068685E-15
5447.91391152817  1.060194E-15
5451.26757640753  1.074195E-15
5454.62124128689  1.124173E-15
5457.97490616624  1.115300E-15
5461.3285710456  1.121676E-15
5464.68223592496  1.133423E-15
5468.03590080431  1.144170E-15
5471.38956568367  1.113596E-15
5474.74323056303  1.058064E-15
5478.09689544238  1.058185E-15
5481.45056032174  1.059255E-15
5484.8042252011  1.081586E-15
5488.15789008045  1.092814E-15
5491.51155495981  1.069193E-15
5494.86521983917  1.051789E-15
5498.21888471852  1.064609E-15
5501.57254959788  1.087670E-15
5504.92621447724  1.135778E-15
5508.27987935659  1.207265E-15
5511.63354423595  1.258477E-15
5514.9872091153  1.259643E-15
5518.34087399466  1.225943E-15
5521.69453887402  1.183099E-15
5525.04820375337  1.131637E-15
5528.40186863273  1.070748E-15
5531.75553351209  1.048835E-15
5535.10919839144  1.091380E-15
5538.4628632708  1.110503E-15
5541.81652815016  1.070237E-15
5545.17019302952  1.039527E-15
5548.52385790887  1.062509E-15
5551.87752278823  1.086412E-15
5555.23118766758  1.070489E-15
5558.58485254694  1.071222E-15
5561.9385174263  1.073402E-15
5565.29218230566  1.050965E-15
5568.64584718501  1.061291E-15
5571.99951206437  1.100736E-15
5575.35317694373  1.126575E-15
5578.70684182308  1.088718E-15
5582.06050670244  1.101791E-15
5585.41417158179  1.100275E-15
5588.76783646115  1.067933E-15
5592.12150134051  1.070951E-15
5595.47516621986  1.074902E-15
5598.82883109922  1.064008E-15
5602.18249597858  1.074718E-15
5605.53616085793  1.071934E-15
5608.88982573729  1.064629E-15
5612.24349061665  1.066020E-15
5615.597155496  1.075380E-15
5618.95082037536  1.074308E-15
5622.30448525472  1.058696E-15
5625.65815013407  1.051140E-15
5629.01181501343  1.043045E-15
5632.36547989279  1.044169E-15
5635.71914477214  1.052351E-15
5639.0728096515  1.080908E-15
5642.42647453086  1.061923E-15
5645.78013941021  1.044501E-15
5649.13380428957  1.057623E-15
5652.48746916893  1.061021E-15
5655.84113404828  1.077183E-15
5659.19479892764  1.066445E-15
5662.548463807  1.058190E-15
5665.90212868635  1.056921E-15
5669.25579356571  1.050204E-15
5672.60945844507  1.024800E-15
5675.96312332442  1.058600E-15
5679.31678820378  1.064411E-15
5682.67045308314  1.046296E-15
5686.02411796249  1.039694E-15
5689.37778284185  1.038935E-15
5692.73144772121  1.015514E-15
5696.08511260056  1.010326E-15
5699.43877747992  1.025377E-15
5702.79244235928  1.018167E-15
5706.14610723863  1.028628E-15
5709.49977211799  1.023668E-15
5712.85343699735  9.872853E-16
5716.2071018767  9.911826E-16
5719.56076675606  1.019511E-15
5722.91443163542  1.023016E-15
5726.26809651477  9.865119E-16
5729.62176139413  9.861577E-16
5732.97542627348  9.639924E-16
5736.32909115284  9.433955E-16
5739.6827560322  9.639140E-16
5743.03642091156  9.782317E-16
5746.39008579091  9.665596E-16
5749.74375067027  9.740466E-16
5753.09741554962  9.515601E-16
5756.45108042898  9.533641E-16
5759.80474530834  9.373665E-16
5763.15841018769  9.233182E-16
5766.51207506705  9.436716E-16
5769.86573994641  9.457502E-16
5773.21940482576  9.377878E-16
5776.57306970512  9.377595E-16
5779.92673458448  9.275704E-16
5783.28039946383  9.163927E-16
5786.63406434319  9.191773E-16
5789.98772922255  9.393726E-16
5793.3413941019  9.484610E-16
5796.69505898126  9.299951E-16
5800.04872386062  9.081152E-16
5803.40238873997  9.257041E-16
5806.75605361933  9.223819E-16
5810.10971849869  9.295531E-16
5813.46338337804  9.371853E-16
5816.8170482574  9.236685E-16
5820.17071313676  9.086207E-16
5823.52437801611  9.102343E-16
5826.87804289547  9.157107E-16
5830.23170777483  9.307011E-16
5833.58537265418  9.181587E-16
5836.93903753354  9.154810E-16
5840.2927024129  9.245730E-16
5843.64636729225  9.039473E-16
5847.00003217161  8.986525E-16
5850.35369705097  9.229041E-16
5853.70736193032  9.312589E-16
5857.06102680968  9.216482E-16
5860.41469168904  9.107850E-16
5863.76835656839  8.934073E-16
5867.12202144775  8.894580E-16
5870.47568632711  9.017525E-16
5873.82935120646  9.017523E-16
5877.18301608582  8.912888E-16
5880.53668096518  8.652755E-16
5883.89034584453  8.759482E-16
5887.24401072389  8.842281E-16
5890.59767560325  8.654349E-16
5893.9513404826  8.545093E-16
5897.30500536196  8.659888E-16
5900.65867024131  8.778665E-16
5904.01233512067  9.013550E-16
5907.36600000003  9.030317E-16
5910.71966487939  8.649987E-16
5914.07332975874  8.399156E-16
5917.4269946381  8.635369E-16
5920.78065951746  8.807829E-16
5924.13432439681  8.621844E-16
5927.48798927617  8.472395E-16
5930.84165415552  8.484532E-16
5934.19531903488  8.616468E-16
5937.54898391424  8.606058E-16
5940.90264879359  8.429842E-16
5944.25631367295  8.368131E-16
5947.60997855231  8.236260E-16
5950.96364343166  8.176586E-16
5954.31730831102  8.479953E-16
5957.67097319038  8.318906E-16
5961.02463806973  8.131550E-16
5964.37830294909  8.063004E-16
5967.73196782845  8.334198E-16
5971.0856327078  8.411516E-16
5974.43929758716  8.195224E-16
5977.79296246652  8.197571E-16
5981.14662734587  8.187402E-16
5984.50029222523  8.063871E-16
5987.85395710459  8.091286E-16
5991.20762198394  7.972697E-16
5994.5612868633  7.874584E-16
5997.91495174266  7.969147E-16
6001.26861662201  7.789070E-16
6004.62228150137  7.622208E-16
6007.97594638073  7.620637E-16
6011.32961126008  7.901124E-16
6014.68327613944  8.120431E-16
6018.0369410188  7.896992E-16
6021.39060589815  7.658103E-16
6024.74427077751  7.543663E-16
6028.09793565686  7.726486E-16
6031.45160053622  7.894566E-16
6034.80526541558  7.835412E-16
6038.15893029494  7.788501E-16
6041.51259517429  7.627952E-16
6044.86626005365  7.645007E-16
6048.21992493301  7.812386E-16
6051.57358981236  7.655593E-16
6054.92725469172  7.583256E-16
6058.28091957108  7.658090E-16
6061.63458445043  7.705199E-16
6064.98824932979  7.696838E-16
6068.34191420914  7.687850E-16
6071.6955790885  7.655953E-16
6075.04924396786  7.624294E-16
6078.40290884721  7.747734E-16
6081.75657372657  7.636347E-16
6085.11023860593  7.764275E-16
6088.46390348528  7.899169E-16
6091.81756836464  7.833597E-16
6095.171233244  7.694609E-16
6098.52489812335  7.815433E-16
6101.87856300271  7.821267E-16
6105.23222788207  7.676932E-16
6108.58589276142  7.781820E-16
6111.93955764078  7.848508E-16
6115.29322252014  7.681732E-16
6118.64688739949  7.575092E-16
6122.00055227885  7.528337E-16
6125.35421715821  7.689091E-16
6128.70788203756  7.803496E-16
6132.06154691692  7.787211E-16
6135.41521179628  7.669365E-16
6138.76887667563  7.788285E-16
6142.12254155499  7.658121E-16
6145.47620643435  7.704783E-16
6148.8298713137  7.821996E-16
6152.18353619306  7.671513E-16
6155.53720107242  7.501698E-16
6158.89086595177  7.373574E-16
6162.24453083113  7.353852E-16
6165.59819571049  7.682936E-16
6168.95186058984  7.811675E-16
6172.3055254692  7.549146E-16
6175.65919034856  7.552418E-16
6179.01285522791  7.661101E-16
6182.36652010727  7.679118E-16
6185.72018498663  7.746889E-16
6189.07384986598  7.488513E-16
6192.42751474534  7.715374E-16
6195.7811796247  7.805871E-16
6199.13484450405  7.670070E-16
6202.48850938341  7.732515E-16
6205.84217426277  7.567853E-16
6209.19583914212  7.416336E-16
6212.54950402148  7.375403E-16
6215.90316890084  7.404973E-16
6219.25683378019  7.609352E-16
6222.61049865955  7.708156E-16
6225.96416353891  7.658778E-16
6229.31782841826  7.732258E-16
6232.67149329762  7.887039E-16
6236.02515817698  7.701492E-16
6239.37882305633  7.325467E-16
6242.73248793569  7.381553E-16
6246.08615281505  7.559274E-16
6249.4398176944  7.529501E-16
6252.79348257376  7.251699E-16
6256.14714745311  7.485153E-16
6259.50081233247  7.620658E-16
6262.85447721183  7.536301E-16
6266.20814209118  7.465505E-16
6269.56180697054  7.289085E-16
6272.9154718499  7.155069E-16
6276.26913672925  7.126165E-16
6279.62280160861  7.145485E-16
6282.97646648797  7.262955E-16
6286.33013136732  7.158142E-16
6289.68379624668  6.947404E-16
6293.03746112604  7.183976E-16
6296.39112600539  7.246709E-16
6299.74479088475  7.163470E-16
6303.09845576411  7.168763E-16
6306.45212064346  7.178641E-16
6309.80578552282  7.177329E-16
6313.15945040218  7.176724E-16
6316.51311528154  7.260631E-16
6319.86678016089  7.303929E-16
6323.22044504025  7.254658E-16
6326.5741099196  7.298102E-16
6329.92777479896  7.402521E-16
6333.28143967832  7.348394E-16
6336.63510455767  7.129640E-16
6339.98876943703  6.990962E-16
6343.34243431639  7.088549E-16
6346.69609919574  6.768878E-16
6350.0497640751  6.749631E-16
6353.40342895446  6.985721E-16
6356.75709383381  7.114528E-16
6360.11075871317  7.043061E-16
6363.46442359253  7.252347E-16
6366.81808847188  7.162864E-16
6370.17175335124  6.875728E-16
6373.5254182306  6.892242E-16
6376.87908310995  6.972305E-16
6380.23274798931  6.899648E-16
6383.58641286867  6.860459E-16
6386.94007774802  6.788726E-16
6390.29374262738  6.753146E-16
6393.64740750674  6.818170E-16
6397.00107238609  6.638082E-16
6400.35473726545  6.759724E-16
6403.70840214481  6.870922E-16
6407.06206702416  6.772540E-16
6410.41573190352  6.756328E-16
6413.76939678288  6.850697E-16
6417.12306166223  6.832241E-16
6420.47672654159  6.746495E-16
6423.83039142095  6.674753E-16
6427.1840563003  6.678479E-16
6430.53772117966  6.607355E-16
6433.89138605902  6.561929E-16
6437.24505093837  6.605041E-16
6440.59871581773  6.615867E-16
6443.95238069709  6.674789E-16
6447.30604557644  6.673596E-16
6450.6597104558  6.576099E-16
6454.01337533516  6.644007E-16
6457.36704021451  6.719083E-16
6460.72070509387  6.643546E-16
6464.07436997322  6.614180E-16
6467.42803485258  6.597660E-16
6470.78169973194  6.491185E-16
6474.13536461129  6.557360E-16
6477.48902949065  6.684405E-16
6480.84269437001  6.604466E-16
6484.19635924937  6.477677E-16
6487.55002412872  6.512196E-16
6490.90368900808  6.451611E-16
6494.25735388743  6.279954E-16
6497.61101876679  6.351613E-16
6500.96468364615  6.461872E-16
6504.3183485255  6.465473E-16
6507.67201340486  6.378891E-16
6511.02567828422  6.422824E-16
6514.37934316357  6.564705E-16
6517.73300804293  6.405228E-16
6521.08667292229  6.106579E-16
6524.44033780164  6.287491E-16
6527.794002681  6.319643E-16
6531.14766756036  6.272264E-16
6534.50133243971  6.399460E-16
6537.85499731907  6.390300E-16
6541.20866219843  6.280359E-16
6544.56232707778  6.161334E-16
6547.91599195714  6.163643E-16
6551.2696568365  6.174254E-16
6554.62332171585  6.199532E-16
6557.97698659521  6.379063E-16
6561.33065147457  6.260471E-16
6564.68431635392  6.252729E-16
6568.03798123328  6.130138E-16
6571.39164611264  6.154324E-16
6574.74531099199  6.210139E-16
6578.09897587135  6.189956E-16
6581.45264075071  6.285985E-16
6584.80630563006  6.328118E-16
6588.15997050942  6.271044E-16
6591.51363538878  6.296620E-16
6594.86730026813  6.231846E-16
6598.22096514749  6.081735E-16
6601.57463002684  6.057285E-16
6604.9282949062  6.102754E-16
6608.28195978556  5.885150E-16
6611.63562466492  5.997144E-16
6614.98928954427  6.015794E-16
6618.34295442363  6.097980E-16
6621.69661930299  5.911710E-16
6625.05028418234  5.754027E-16
6628.4039490617  5.626891E-16
6631.75761394105  5.565939E-16
6635.11127882041  5.760460E-16
6638.46494369977  5.840645E-16
6641.81860857912  5.727093E-16
6645.17227345848  5.737809E-16
6648.52593833784  5.837451E-16
6651.87960321719  5.642442E-16
6655.23326809655  5.377941E-16
6658.58693297591  5.492875E-16
6661.94059785526  5.447495E-16
6665.29426273462  5.546874E-16
6668.64792761398  5.438976E-16
6672.00159249333  5.376922E-16
6675.35525737269  5.362047E-16
6678.70892225205  5.374764E-16
6682.0625871314  5.463895E-16
6685.41625201076  5.446797E-16
6688.76991689012  5.421871E-16
6692.12358176947  5.490243E-16
6695.47724664883  5.487904E-16
6698.83091152819  5.424152E-16
6702.18457640754  5.419713E-16
6705.5382412869  5.383169E-16
6708.89190616626  5.304968E-16
6712.24557104561  5.206200E-16
6715.59923592497  5.373564E-16
6718.95290080433  5.365440E-16
6722.30656568368  5.335888E-16
6725.66023056304  5.412610E-16
6729.0138954424  5.361424E-16
6732.36756032175  5.343242E-16
6735.72122520111  5.410216E-16
6739.07489008047  5.390966E-16
6742.42855495982  5.226464E-16
6745.78221983918  5.379120E-16
6749.13588471854  5.342802E-16
6752.48954959789  5.424207E-16
6755.84321447725  5.401794E-16
6759.19687935661  5.317035E-16
6762.55054423596  5.549208E-16
6765.90420911532  5.592751E-16
6769.25787399468  5.378044E-16
6772.61153887403  5.348705E-16
6775.96520375339  5.495004E-16
6779.31886863275  5.519777E-16
6782.6725335121  5.332371E-16
6786.02619839146  5.269802E-16
6789.37986327082  5.413247E-16
6792.73352815017  5.418977E-16
6796.08719302953  5.322683E-16
6799.44085790889  5.457406E-16
6802.79452278824  5.392729E-16
6806.1481876676  5.316303E-16
6809.50185254695  5.399577E-16
6812.85551742631  5.353221E-16
6816.20918230567  5.292822E-16
6819.56284718502  5.239579E-16
6822.91651206438  5.204533E-16
6826.27017694374  5.258002E-16
6829.6238418231  5.201538E-16
6832.97750670245  5.143902E-16
6836.33117158181  5.218124E-16
6839.68483646116  5.372222E-16
6843.03850134052  5.167432E-16
6846.39216621988  5.076929E-16
6849.74583109923  5.131239E-16
6853.09949597859  5.140964E-16
6856.45316085795  5.197692E-16
6859.8068257373  5.241734E-16
6863.16049061666  5.112069E-16
6866.51415549602  4.973843E-16
6869.86782037537  5.210429E-16
6873.22148525473  5.426318E-16
6876.57515013409  5.246245E-16
6879.92881501344  5.287552E-16
6883.2824798928  5.091882E-16
6886.63614477216  4.927115E-16
6889.98980965151  5.081005E-16
6893.34347453087  5.256269E-16
6896.69713941023  5.133222E-16
6900.05080428958  4.902113E-16
6903.40446916894  4.865197E-16
6906.7581340483  4.911671E-16
6910.11179892765  4.975872E-16
6913.46546380701  4.972541E-16
6916.81912868637  4.852987E-16
6920.17279356572  4.808584E-16
6923.52645844508  4.901791E-16
6926.88012332444  5.126434E-16
6930.23378820379  4.900757E-16
6933.58745308315  4.848488E-16
6936.94111796251  4.854888E-16
6940.29478284186  4.878033E-16
6943.64844772122  4.990602E-16
6947.00211260057  4.909166E-16
6950.35577747993  4.847488E-16
6953.70944235929  4.918272E-16
6957.06310723865  4.927113E-16
6960.416772118  5.031143E-16
6963.77043699736  5.149933E-16
6967.12410187672  5.107951E-16
6970.47776675607  5.201190E-16
6973.83143163543  5.421651E-16
6977.18509651478  5.157394E-16
6980.53876139414  4.969422E-16
6983.8924262735  4.917153E-16
6987.24609115285  5.087786E-16
6990.59975603221  5.239673E-16
6993.95342091157  5.350673E-16
6997.30708579092  5.320699E-16
7000.66075067028  5.192867E-16
7004.01441554964  5.272444E-16
7007.36808042899  5.425266E-16
7010.72174530835  5.526195E-16
7014.07541018771  5.285899E-16
7017.42907506706  5.211923E-16
7020.78273994642  5.223131E-16
7024.13640482578  5.322558E-16
7027.49006970513  5.320706E-16
7030.84373458449  5.214197E-16
7034.19739946385  5.287827E-16
7037.5510643432  5.375065E-16
7040.90472922256  5.324580E-16
7044.25839410192  5.282232E-16
7047.61205898127  5.220385E-16
7050.96572386063  5.182864E-16
7054.31938873999  5.258409E-16
7057.67305361934  5.322818E-16
7061.0267184987  5.314934E-16
7064.38038337806  5.267972E-16
7067.73404825741  5.223952E-16
7071.08771313677  5.137530E-16
7074.44137801613  5.219178E-16
7077.79504289548  5.236638E-16
7081.14870777484  5.132176E-16
7084.5023726542  5.196614E-16
7087.85603753355  5.233152E-16
7091.20970241291  5.130194E-16
7094.56336729227  5.174253E-16
7097.91703217162  5.181802E-16
7101.27069705098  5.160188E-16
7104.62436193034  5.158552E-16
7107.97802680969  5.179648E-16
7111.33169168905  5.014318E-16
7114.6853565684  5.150554E-16
7118.03902144776  5.330472E-16
7121.39268632712  5.369044E-16
7124.74635120647  5.296117E-16
7128.10001608583  5.134287E-16
7131.45368096519  5.160161E-16
7134.80734584455  5.288791E-16
7138.1610107239  5.298351E-16
7141.51467560326  5.112103E-16
7144.86834048261  5.207241E-16
7148.22200536197  5.558168E-16
7151.57567024133  5.523839E-16
7154.92933512068  5.356915E-16
7158.28300000004  5.245286E-16
7161.6366648794  5.063720E-16
7164.99032975875  5.074831E-16
7168.34399463811  5.288888E-16
7171.69765951747  5.442222E-16
7175.05132439682  5.480974E-16
7178.40498927618  5.400751E-16
7181.75865415554  5.458108E-16
7185.11231903489  5.420414E-16
7188.46598391425  5.101674E-16
7191.81964879361  5.167982E-16
7195.17331367297  5.359005E-16
7198.52697855232  5.414203E-16
7201.88064343168  5.428863E-16
7205.23430831104  5.439836E-16
7208.58797319039  5.300958E-16
7211.94163806975  5.219236E-16
7215.2953029491  5.595987E-16
7218.64896782846  6.133539E-16
7222.00263270782  6.345195E-16
7225.35629758717  6.426940E-16
7228.70996246653  6.321912E-16
7232.06362734589  6.184176E-16
7235.41729222524  6.083804E-16
7238.7709571046  5.507733E-16
7242.12462198396  5.044012E-16
7245.47828686331  5.032749E-16
7248.83195174267  5.077858E-16
7252.18561662203  5.122650E-16
7255.53928150138  5.392274E-16
7258.89294638074  5.609560E-16
7262.2466112601  5.530657E-16
7265.60027613945  5.038561E-16
7268.95394101881  5.205050E-16
7272.30760589817  5.182454E-16
7275.66127077752  5.075084E-16
7279.01493565688  5.120295E-16
7282.36860053624  4.894575E-16
7285.72226541559  4.729081E-16
7289.07593029495  4.780003E-16
7292.42959517431  4.861533E-16
7295.78326005366  5.034917E-16
7299.13692493302  5.022877E-16
7302.49058981238  4.817230E-16
7305.84425469173  4.602967E-16
7309.19791957109  4.756026E-16
7312.55158445045  4.958845E-16
7315.9052493298  5.106627E-16
7319.25891420916  4.940775E-16
7322.61257908852  4.838515E-16
7325.96624396787  4.843859E-16
7329.31990884723  4.739378E-16
7332.67357372659  4.629552E-16
7336.02723860594  4.558376E-16
7339.3809034853  4.460821E-16
7342.73456836466  4.343964E-16
7346.08823324401  4.473295E-16
7349.44189812337  4.580594E-16
7352.79556300273  4.672972E-16
7356.14922788208  4.524447E-16
7359.50289276144  4.484759E-16
7362.8565576408  4.637267E-16
7366.21022252015  4.656827E-16
7369.56388739951  4.677704E-16
7372.91755227886  4.636277E-16
7376.27121715822  4.436766E-16
7379.62488203758  4.594516E-16
7382.97854691693  4.655430E-16
7386.33221179629  4.596851E-16
7389.68587667565  4.512256E-16
7393.039541555  4.570634E-16
7396.39320643436  4.471475E-16
7399.74687131372  4.339278E-16
7403.10053619308  4.367422E-16
7406.45420107243  4.599946E-16
7409.80786595179  4.711208E-16
7413.16153083114  4.578729E-16
7416.5151957105  4.556453E-16
7419.86886058986  4.511330E-16
7423.22252546921  4.370930E-16
7426.57619034857  4.497950E-16
7429.92985522793  4.488848E-16
7433.28352010728  4.397762E-16
7436.63718498664  4.474834E-16
7439.990849866  4.312509E-16
7443.34451474535  4.296752E-16
7446.69817962471  4.333317E-16
7450.05184450407  4.319950E-16
7453.40550938342  4.383755E-16
7456.75917426278  4.293788E-16
7460.11283914214  4.306574E-16
7463.46650402149  4.131898E-16
7466.82016890085  4.227838E-16
7470.17383378021  4.137097E-16
7473.52749865956  4.199419E-16
7476.88116353892  4.190032E-16
7480.23482841828  4.281579E-16
7483.58849329763  4.402208E-16
7486.94215817699  4.274737E-16
7490.29582305635  4.209482E-16
7493.6494879357  4.293892E-16
7497.00315281506  4.199256E-16
7500.35681769442  4.154256E-16
7503.71048257377  4.203255E-16
7507.06414745313  4.098648E-16
7510.41781233248  3.941406E-16
7513.77147721184  4.055958E-16
7517.1251420912  4.212977E-16
7520.47880697055  4.154183E-16
7523.83247184991  4.141433E-16
7527.18613672927  4.217254E-16
7530.53980160863  4.163520E-16
7533.89346648798  4.099468E-16
7537.24713136734  4.035564E-16
7540.60079624669  3.938651E-16
7543.95446112605  3.883928E-16
7547.30812600541  3.805260E-16
7550.66179088476  3.882419E-16
7554.01545576412  3.730063E-16
7557.36912064348  3.652456E-16
7560.72278552283  3.640482E-16
7564.07645040219  3.769560E-16
7567.43011528155  3.877079E-16
7570.7837801609  3.696019E-16
7574.13744504026  3.699189E-16
7577.49110991962  3.636612E-16
7580.84477479897  3.644219E-16
7584.19843967833  3.852521E-16
7587.55210455769  3.815476E-16
7590.90576943704  3.588190E-16
7594.2594343164  3.719226E-16
7597.61309919576  4.010659E-16
7600.96676407511  3.798532E-16
7604.32042895447  3.588781E-16
7607.67409383383  3.770111E-16
7611.02775871318  3.633872E-16
7614.38142359254  3.230286E-16
7617.7350884719  3.307750E-16
7621.08875335125  3.469334E-16
7624.44241823061  3.392470E-16
7627.79608310997  3.340892E-16
7631.14974798932  3.260064E-16
7634.50341286868  3.211329E-16
7637.85707774804  3.435747E-16
7641.21074262739  3.706038E-16
7644.56440750675  3.720557E-16
7647.91807238611  3.564671E-16
7651.27173726546  3.372556E-16
7654.62540214482  3.560940E-16
7657.97906702417  3.622190E-16
7661.33273190353  3.314790E-16
7664.68639678289  3.398977E-16
7668.04006166225  3.567834E-16
7671.3937265416  3.685703E-16
7674.74739142096  3.790247E-16
7678.10105630032  3.770448E-16
7681.45472117967  3.641237E-16
7684.80838605903  3.501039E-16
7688.16205093839  3.489374E-16
7691.51571581774  3.551628E-16
7694.8693806971  3.677810E-16
7698.22304557646  3.683002E-16
7701.57671045581  3.618991E-16
7704.93037533517  3.578595E-16
7708.28404021453  3.559547E-16
7711.63770509388  3.655939E-16
7714.99136997324  3.631738E-16
7718.34503485259  3.425007E-16
7721.69869973195  3.419272E-16
7725.05236461131  3.700691E-16
7728.40602949066  3.864000E-16
7731.75969437002  3.601462E-16
7735.11335924938  3.609077E-16
7738.46702412873  3.582802E-16
7741.82068900809  3.537426E-16
7745.17435388745  3.352920E-16
7748.5280187668  3.195812E-16
7751.88168364616  3.460711E-16
7755.23534852552  3.701815E-16
7758.58901340487  3.633219E-16
7761.94267828423  3.745838E-16
7765.29634316359  3.659554E-16
7768.65000804294  3.783029E-16
7772.0036729223  3.642781E-16
7775.35733780166  3.585632E-16
7778.71100268101  3.641881E-16
7782.06466756037  3.536325E-16
7785.41833243973  3.658109E-16
7788.77199731908  3.779528E-16
7792.12566219844  3.682396E-16
7795.4793270778  3.628181E-16
7798.83299195715  3.472300E-16
7802.18665683651  3.542786E-16
7805.54032171587  3.566794E-16
7808.89398659522  3.280474E-16
7812.24765147458  3.417174E-16
7815.60131635394  3.550842E-16
7818.95498123329  3.469327E-16
7822.30864611265  3.641720E-16
7825.66231099201  3.563997E-16
7829.01597587136  3.290347E-16
7832.36964075072  3.493128E-16
7835.72330563008  3.535777E-16
7839.07697050943  3.478492E-16
7842.43063538879  3.344701E-16
7845.78430026815  3.506213E-16
7849.1379651475  3.600911E-16
7852.49163002686  3.671374E-16
7855.84529490621  3.486572E-16
7859.19895978557  3.410927E-16
7862.55262466493  3.535274E-16
7865.90628954428  3.407832E-16
7869.25995442364  3.389371E-16
7872.613619303  3.540365E-16
7875.96728418236  3.413505E-16
7879.32094906171  3.463109E-16
7882.67461394107  3.559394E-16
7886.02827882042  3.686473E-16
7889.38194369978  3.472922E-16
7892.73560857914  3.437557E-16
7896.0892734585  3.567924E-16
7899.44293833785  3.323784E-16
7902.79660321721  3.426844E-16
7906.15026809657  3.760562E-16
7909.50393297592  3.335781E-16
7912.85759785528  3.413059E-16
7916.21126273464  3.629003E-16
7919.56492761399  3.298735E-16
7922.91859249335  3.439810E-16
7926.2722573727  3.532424E-16
7929.62592225206  3.475244E-16
7932.97958713142  3.527908E-16
7936.33325201077  3.547375E-16
7939.68691689013  3.608031E-16
7943.04058176949  3.507633E-16
7946.39424664884  3.389350E-16
7949.7479115282  3.542679E-16
7953.10157640756  3.742365E-16
7956.45524128691  3.691663E-16
7959.80890616627  3.548541E-16
7963.16257104563  3.628720E-16
7966.51623592498  3.661460E-16
7969.86990080434  3.573238E-16
7973.2235656837  3.524526E-16
7976.57723056305  3.341304E-16
7979.93089544241  3.244440E-16
7983.28456032177  3.325430E-16
7986.63822520112  3.157522E-16
7989.99189008048  3.160742E-16
7993.34555495984  3.407267E-16
7996.69921983919  3.616788E-16
8000.05288471855  3.513023E-16
8003.40654959791  3.376239E-16
8006.76021447726  3.444789E-16
8010.11387935662  3.517142E-16
8013.46754423598  3.516370E-16
8016.82120911533  3.339831E-16
8020.17487399469  3.239498E-16
8023.52853887405  3.484905E-16
8026.8822037534  3.338962E-16
8030.23586863276  3.376596E-16
8033.58953351212  3.565535E-16
8036.94319839147  3.283072E-16
8040.29686327083  3.014163E-16
8043.65052815019  3.257461E-16
8047.00419302954  3.375326E-16
8050.3578579089  3.195224E-16
8053.71152278826  3.319087E-16
8057.06518766761  3.589747E-16
8060.41885254697  3.485190E-16
8063.77251742632  3.355184E-16
8067.12618230568  3.188750E-16
8070.47984718504  3.185131E-16
8073.83351206439  3.207526E-16
8077.18717694375  3.156991E-16
8080.54084182311  3.149220E-16
8083.89450670246  2.990389E-16
8087.24817158182  3.084981E-16
8090.60183646118  3.087632E-16
8093.95550134054  3.113101E-16
8097.30916621989  3.140661E-16
8100.66283109925  3.173197E-16
8104.0164959786  2.968204E-16
8107.37016085796  2.927530E-16
8110.72382573732  3.096557E-16
8114.07749061668  2.899451E-16
8117.43115549603  2.759527E-16
8120.78482037539  2.920207E-16
8124.13848525474  2.937770E-16
8127.4921501341  2.931440E-16
8130.84581501345  2.868523E-16
8134.19947989281  2.753370E-16
8137.55314477217  2.737360E-16
8140.90680965153  2.767979E-16
8144.26047453088  2.745155E-16
8147.61413941024  2.613630E-16
8150.9678042896  2.389619E-16
8154.32146916895  2.351885E-16
8157.67513404831  2.487111E-16
8161.02879892767  2.551756E-16
8164.38246380702  2.553164E-16
8167.73612868638  2.564239E-16
8171.08979356574  2.592240E-16
8174.44345844509  2.577258E-16
8177.79712332445  2.532041E-16
8181.15078820381  2.496954E-16
8184.50445308316  2.451579E-16
8187.85811796252  2.451395E-16
8191.21178284188  2.593429E-16
8194.56544772123  2.676576E-16
8197.91911260059  2.752566E-16
8201.27277747995  2.742402E-16
8204.6264423593  2.696107E-16
8207.98010723866  2.608748E-16
8211.33377211802  2.613866E-16
8214.68743699737  2.662110E-16
8218.04110187673  2.563313E-16
8221.39476675609  2.583704E-16
8224.74843163544  2.466725E-16
8228.1020965148  2.437432E-16
8231.45576139416  2.574201E-16
8234.80942627351  2.531472E-16
8238.16309115287  2.732379E-16
8241.51675603222  2.916079E-16
8244.87042091158  2.895804E-16
8248.22408579094  2.875415E-16
8251.5777506703  2.669322E-16
8254.93141554965  2.612261E-16
8258.28508042901  2.787011E-16
8261.63874530836  2.792092E-16
8264.99241018772  2.664940E-16
8268.34607506708  2.601132E-16
8271.69973994643  2.611273E-16
8275.05340482579  2.467257E-16
8278.40706970515  2.369983E-16
8281.76073458451  2.686601E-16
8285.11439946386  2.882116E-16
8288.46806434322  2.553074E-16
8291.82172922258  2.548748E-16
8295.17539410193  2.751317E-16
8298.52905898129  2.914724E-16
8301.88272386064  2.862977E-16
8305.23638874  2.812898E-16
8308.59005361936  2.836849E-16
8311.94371849871  2.902256E-16
8315.29738337807  2.962116E-16
8318.65104825743  2.856652E-16
8322.00471313678  2.730717E-16
8325.35837801614  2.831970E-16
8328.7120428955  2.707721E-16
8332.06570777485  2.511256E-16
8335.41937265421  2.757222E-16
8338.77303753357  2.970113E-16
8342.12670241292  2.852566E-16
8345.48036729228  2.715986E-16
8348.83403217164  2.580164E-16
8352.18769705099  2.564139E-16
8355.54136193035  2.863384E-16
8358.89502680971  2.960881E-16
8362.24869168906  2.752639E-16
8365.60235656842  2.737150E-16
8368.95602144778  2.775687E-16
8372.30968632713  2.661491E-16
8375.66335120649  2.782397E-16
8379.01701608585  2.996610E-16
8382.3706809652  2.928159E-16
8385.72434584456  2.769986E-16
8389.07801072392  2.528219E-16
8392.43167560327  2.813489E-16
8395.78534048263  2.952396E-16
8399.13900536198  2.810086E-16
8402.49267024134  2.754601E-16
8405.8463351207  2.902400E-16
8409.20000000006  2.994788E-16
8412.55366487941  2.873277E-16
8415.90732975877  2.680004E-16
8419.26099463813  2.646780E-16
8422.61465951748  2.824517E-16
8425.96832439684  2.771616E-16
8429.32198927619  2.884536E-16
8432.67565415555  2.693340E-16
8436.02931903491  2.529572E-16
8439.38298391426  2.717738E-16
8442.73664879362  2.829752E-16
8446.09031367298  2.781773E-16
8449.44397855233  2.782915E-16
8452.79764343169  2.788090E-16
8456.15130831105  2.928917E-16
8459.5049731904  2.977172E-16
8462.85863806976  2.896417E-16
8466.21230294912  2.896236E-16
8469.56596782847  3.069065E-16
8472.91963270783  3.069449E-16
8476.27329758719  2.862567E-16
8479.62696246654  2.720043E-16
8482.9806273459  2.623684E-16
8486.33429222526  2.888799E-16
8489.68795710461  3.115607E-16
8493.04162198397  2.955691E-16
8496.39528686333  2.931813E-16
8499.74895174268  3.083089E-16
8503.10261662204  2.986247E-16
8506.4562815014  2.923711E-16
8509.80994638075  2.991719E-16
8513.16361126011  2.838852E-16
8516.51727613947  2.834739E-16
8519.87094101882  2.837336E-16
8523.22460589818  2.935917E-16
8526.57827077754  3.003106E-16
8529.93193565689  2.778112E-16
8533.28560053625  2.757121E-16
8536.63926541561  2.837441E-16
8539.99293029496  2.677909E-16
8543.34659517432  2.685981E-16
8546.70026005368  2.869930E-16
8550.05392493303  2.895455E-16
8553.40758981239  2.807521E-16
8556.76125469175  2.725151E-16
8560.1149195711  2.891135E-16
8563.46858445046  2.971725E-16
8566.82224932981  2.834165E-16
8570.17591420917  2.785377E-16
8573.52957908853  2.849684E-16
8576.88324396788  2.849879E-16
8580.23690884724  2.831020E-16
8583.5905737266  2.823024E-16
8586.94423860596  2.838218E-16
8590.29790348531  2.711579E-16
8593.65156836467  2.825544E-16
8597.00523324402  2.770717E-16
8600.35889812338  2.649792E-16
8603.71256300274  2.768833E-16
8607.0662278821  2.728661E-16
8610.41989276145  2.690652E-16
8613.77355764081  2.683462E-16
8617.12722252017  2.808159E-16
8620.48088739952  2.795347E-16
8623.83455227888  2.589807E-16
8627.18821715824  2.461633E-16
8630.54188203759  2.651643E-16
8633.89554691695  2.772363E-16
8637.24921179631  2.734668E-16
8640.60287667566  2.779897E-16
8643.95654155502  2.591760E-16
8647.31020643437  2.649932E-16
8650.66387131373  2.781386E-16
8654.01753619309  2.596925E-16
8657.37120107244  2.621408E-16
8660.7248659518  2.689091E-16
8664.07853083116  2.639515E-16
8667.43219571051  2.880701E-16
8670.78586058987  3.032231E-16
8674.13952546923  2.793061E-16
8677.49319034858  2.573093E-16
8680.84685522794  2.558626E-16
8684.2005201073  2.593769E-16
8687.55418498665  2.719174E-16
8690.90784986601  2.684716E-16
8694.26151474537  2.387487E-16
8697.61517962472  2.316199E-16
8700.96884450408  2.561422E-16
8704.32250938343  2.452988E-16
8707.67617426279  2.363132E-16
8711.02983914215  2.419005E-16
8714.38350402151  2.519721E-16
8717.73716890086  2.548471E-16
8721.09083378022  2.490244E-16
8724.44449865958  2.353735E-16
8727.79816353893  2.320677E-16
8731.15182841829  2.500604E-16
8734.50549329765  2.535505E-16
8737.859158177  2.471255E-16
8741.21282305636  2.358349E-16
8744.56648793572  2.391286E-16
8747.92015281507  2.290974E-16
8751.27381769443  2.380649E-16
8754.62748257379  2.488259E-16
8757.98114745314  2.259284E-16
8761.3348123325  2.245111E-16
8764.68847721186  2.404760E-16
8768.04214209121  2.304776E-16
8771.39580697057  2.373884E-16
8774.74947184992  2.679433E-16
8778.10313672928  2.458790E-16
8781.45680160864  2.099601E-16
8784.81046648799  2.153737E-16
8788.16413136735  2.284717E-16
8791.51779624671  2.374996E-16
8794.87146112606  2.465172E-16
8798.22512600542  2.402694E-16
8801.57879088478  2.345403E-16
8804.93245576414  2.471850E-16
8808.28612064349  2.451031E-16
8811.63978552285  2.262703E-16
8814.9934504022  2.081746E-16
8818.34711528156  2.080425E-16
8821.70078016092  2.228104E-16
8825.05444504028  2.038208E-16
8828.40810991963  1.983845E-16
8831.76177479899  2.193527E-16
8835.11543967834  2.157994E-16
8838.4691045577  2.066854E-16
8841.82276943706  2.271584E-16
8845.17643431641  2.458269E-16
8848.53009919577  2.339855E-16
8851.88376407513  2.241950E-16
8855.23742895448  2.378219E-16
8858.59109383384  2.473288E-16
8861.9447587132  2.268999E-16
8865.29842359255  1.995684E-16
8868.65208847191  2.104801E-16
8872.00575335127  2.187585E-16
8875.35941823062  1.929233E-16
8878.71308310998  2.041952E-16
8882.06674798934  2.395000E-16
8885.42041286869  2.394592E-16
8888.77407774805  2.236612E-16
8892.12774262741  1.944219E-16
8895.48140750676  1.837210E-16
8898.83507238612  1.920582E-16
8902.18873726548  2.061478E-16
8905.54240214483  2.048080E-16
8908.89606702419  1.802703E-16
8912.24973190355  1.755420E-16
8915.6033967829  1.953750E-16
8918.95706166226  1.851059E-16
8922.31072654161  1.953744E-16
8925.66439142097  2.098434E-16
8929.01805630033  2.183240E-16
8932.37172117969  2.172515E-16
8935.72538605904  2.108361E-16
8939.0790509384  2.158693E-16
8942.43271581776  1.939039E-16
8945.78638069711  1.864843E-16
8949.14004557647  1.961852E-16
8952.49371045582  2.175170E-16
8955.84737533518  1.965069E-16
8959.20104021454  1.698672E-16
8962.5547050939  1.911767E-16
8965.90836997325  2.075320E-16
8969.26203485261  1.912762E-16
8972.61569973196  1.836656E-16
8975.96936461132  1.843954E-16
8979.32302949068  1.783640E-16
8982.67669437004  1.875451E-16
8986.03035924939  1.963835E-16
8989.38402412875  1.734419E-16
8992.7376890081  1.669646E-16
8996.09135388746  2.008437E-16
8999.44501876682  1.915712E-16
9002.79868364617  1.657264E-16
9006.15234852553  1.829994E-16
9009.50601340489  2.019865E-16
9012.85967828424  1.907603E-16
9016.2133431636  1.678664E-16
9019.56700804296  1.703083E-16
9022.92067292231  1.892027E-16
9026.27433780167  1.823132E-16
9029.62800268103  1.738496E-16
9032.98166756038  1.722124E-16
9036.33533243974  1.669151E-16
9039.6889973191  1.775101E-16
9043.04266219845  1.899008E-16
9046.39632707781  2.007146E-16
9049.74999195717  2.082762E-16
9053.10365683652  2.014124E-16
9056.45732171588  2.114147E-16
9059.81098659524  2.087326E-16
9063.16465147459  1.869674E-16
9066.51831635395  1.644180E-16
9069.87198123331  1.517127E-16
9073.22564611266  1.639541E-16
9076.57931099202  1.822570E-16
9079.93297587138  1.712507E-16
9083.28664075073  1.548477E-16
9086.64030563009  1.616744E-16
9089.99397050945  1.635470E-16
9093.3476353888  1.623515E-16
9096.70130026816  1.783596E-16
9100.05496514752  1.663322E-16
9103.40863002687  1.468848E-16
9106.76229490623  1.638826E-16
9110.11595978559  1.693030E-16
9113.46962466494  1.689791E-16
9116.8232895443  1.837151E-16
9120.17695442366  1.803825E-16
9123.53061930301  1.645049E-16
9126.88428418237  1.572483E-16
9130.23794906173  1.578049E-16
9133.59161394108  1.637456E-16
9136.94527882044  1.687228E-16
9140.29894369979  1.638407E-16
9143.65260857915  1.702272E-16
9147.00627345851  1.693739E-16
9150.35993833786  1.617900E-16
9153.71360321722  1.545462E-16
9157.06726809658  1.501997E-16
9160.42093297594  1.520932E-16
9163.77459785529  1.653946E-16
9167.12826273465  1.812635E-16
9170.481927614  1.682384E-16
9173.83559249336  1.487083E-16
9177.18925737272  1.402488E-16
9180.54292225208  1.469910E-16
9183.89658713143  1.526175E-16
9187.25025201079  1.630670E-16
9190.60391689014  1.777850E-16
9193.9575817695  1.735129E-16
9197.31124664886  1.687811E-16
9200.66491152822  1.618902E-16
9204.01857640757  1.543702E-16
9207.37224128693  1.600915E-16
9210.72590616628  1.606647E-16
9214.07957104564  1.516667E-16
9217.433235925  1.440733E-16
9220.78690080435  1.390971E-16
9224.14056568371  1.593631E-16
9227.49423056307  1.770517E-16
9230.84789544242  1.777702E-16
9234.20156032178  1.721756E-16
9237.55522520114  1.679182E-16
9240.90889008049  1.568625E-16
9244.26255495985  1.550126E-16
9247.61621983921  1.688302E-16
9250.96988471856  1.576719E-16
9254.32354959792  1.589063E-16
9257.67721447728  1.442284E-16
9261.03087935663  1.456559E-16
9264.38454423599  1.623688E-16
9267.73820911535  1.589103E-16
9271.0918739947  1.420854E-16
9274.44553887406  1.308794E-16
9277.79920375341  1.339014E-16
9281.15286863277  1.561365E-16
9284.50653351213  1.547018E-16
9287.86019839148  1.351326E-16
9291.21386327084  1.253484E-16
9294.5675281502  1.325331E-16
9297.92119302956  1.331324E-16
9301.27485790891  1.234548E-16
9304.62852278827  1.344489E-16
9307.98218766763  1.044697E-16
9311.33585254698  1.235202E-16
9314.68951742634  1.328543E-16
9318.0431823057  1.101269E-16
9321.39684718505  1.120122E-16
9324.75051206441  1.256442E-16
9328.10417694377  1.141780E-16
9331.45784182312  1.327900E-16
9334.81150670248  1.127174E-16
9338.16517158183  8.421145E-17
9341.51883646119  7.581375E-17
9344.87250134055  7.936286E-17
9348.2261662199  9.768949E-17
9351.57983109926  1.147728E-16
9354.93349597862  1.010697E-16
9358.28716085797  9.355773E-17
9361.64082573733  1.034736E-16
9364.99449061669  9.718984E-17
9368.34815549604  7.093182E-17
9371.7018203754  6.573289E-17
9375.05548525476  8.479313E-17
9378.40915013412  9.082220E-17
9381.76281501347  8.365724E-17
9385.11647989283  8.880765E-17
9388.47014477218  1.113018E-16
9391.82380965154  1.092003E-16
9395.1774745309  9.913931E-17
9398.53113941025  1.085074E-16
9401.88480428961  1.238839E-16
9405.23846916897  1.261919E-16
9408.59213404832  1.153267E-16
9411.94579892768  1.093876E-16
9415.29946380703  1.134560E-16
9418.65312868639  1.002585E-16
9422.00679356575  9.826607E-17
9425.36045844511  1.095452E-16
9428.71412332446  1.215730E-16
9432.06778820382  1.249521E-16
9435.42145308318  8.592491E-17
9438.77511796253  9.245935E-17
9442.12878284189  1.103439E-16
9445.48244772125  1.244509E-16
9448.8361126006  1.271543E-16
9452.18977747996  1.150500E-16
9455.54344235932  1.157211E-16
9458.89710723867  1.236486E-16
9462.25077211803  1.058507E-16
9465.60443699739  1.111500E-16
9468.95810187674  1.076139E-16
9472.3117667561  4.950585E-17
9475.66543163545  6.194337E-17
9479.01909651481  1.333139E-16
9482.37276139417  1.084052E-16
9485.72642627352  8.334541E-17
9489.08009115288  1.201304E-16
9492.43375603224  1.197418E-16
9495.78742091159  1.142771E-16
9499.14108579095  1.185089E-16
9502.49475067031  1.181743E-16
9505.84841554967  1.287583E-16
9509.20208042902  1.349549E-16
9512.55574530838  1.165039E-16
9515.90941018774  1.134777E-16
9519.26307506709  1.199809E-16
9522.61673994645  1.233483E-16
9525.9704048258  1.185985E-16
9529.32406970516  1.214842E-16
9532.67773458452  1.379150E-16
9536.03139946388  1.401349E-16
9539.38506434323  1.286400E-16
9542.73872922259  1.047460E-16
9546.09239410194  1.064981E-16
9549.4460589813  9.695370E-17
9552.79972386066  8.612045E-17
9556.15338874001  1.018719E-16
9559.50705361937  9.946346E-17
9562.86071849873  8.919346E-17
9566.21438337808  9.212926E-17
9569.56804825744  9.905304E-17
9572.9217131368  1.017164E-16
9576.27537801615  1.073651E-16
9579.62904289551  1.130434E-16
9582.98270777487  1.146302E-16
9586.33637265422  1.191972E-16
9589.69003753358  1.169215E-16
9593.04370241294  1.031350E-16
9596.39736729229  9.804144E-17
9599.75103217165  1.148040E-16
9603.10469705101  1.139496E-16
9606.45836193036  9.523646E-17
9609.81202680972  1.061664E-16
9613.16569168908  1.045973E-16
9616.51935656843  9.550010E-17
9619.87302144779  1.085447E-16
9623.22668632715  9.819491E-17
9626.5803512065  8.948240E-17
9629.93401608586  1.125647E-16
9633.28768096522  1.124690E-16
9636.64134584457  9.365066E-17
9639.99501072393  9.291398E-17
9643.34867560329  9.078594E-17
9646.70234048264  9.159152E-17
9650.056005362  9.572146E-17
9653.40967024136  9.425421E-17
9656.76333512071  9.807312E-17
9660.11700000007  1.107938E-16
