3287.6525878906  -5.387201E-19
3289.59570730229  4.348753E-18
3291.53882671398  1.475585E-17
3293.48194612566  1.150689E-17
3295.42506553735  8.565402E-18
3297.36818494903  8.249794E-18
3299.31130436072  7.878326E-18
3301.25442377241  9.327955E-18
3303.19754318409  9.225309E-18
3305.14066259578  8.651562E-18
3307.08378200746  9.490544E-18
3309.02690141915  1.023522E-17
3310.97002083084  9.333509E-18
3312.91314024252  9.241622E-18
3314.85625965421  9.622628E-18
3316.7993790659  8.489939E-18
3318.74249847758  8.804419E-18
3320.68561788927  9.970076E-18
3322.62873730095  1.121596E-17
3324.57185671264  1.226794E-17
3326.51497612433  1.037398E-17
3328.45809553601  1.079037E-17
3330.4012149477  1.122696E-17
3332.34433435938  1.022218E-17
3334.28745377107  1.029548E-17
3336.23057318276  1.109743E-17
3338.17369259444  1.119938E-17
3340.11681200613  1.095896E-17
3342.05993141781  1.125389E-17
3344.0030508295  1.125764E-17
3345.94617024119  1.173424E-17
3347.88928965287  1.293566E-17
3349.83240906456  1.531928E-17
3351.77552847625  1.529230E-17
3353.71864788793  1.428601E-17
3355.66176729962  1.308829E-17
3357.6048867113  1.235964E-17
3359.54800612299  1.176689E-17
3361.49112553468  1.257096E-17
3363.43424494636  1.393659E-17
3365.37736435805  1.301469E-17
3367.32048376973  1.141420E-17
3369.26360318142  1.405664E-17
3371.20672259311  1.464326E-17
3373.14984200479  1.375012E-17
3375.09296141648  1.464917E-17
3377.03608082816  1.331194E-17
3378.97920023985  1.230722E-17
3380.92231965154  1.241475E-17
3382.86543906322  1.231126E-17
3384.80855847491  1.073440E-17
3386.75167788659  1.181699E-17
3388.69479729828  1.114212E-17
3390.63791670997  9.932123E-18
3392.58103612165  9.854335E-18
3394.52415553334  1.096359E-17
3396.46727494503  1.320041E-17
3398.41039435671  1.522485E-17
3400.3535137684  1.430021E-17
3402.29663318008  1.268563E-17
3404.23975259177  1.092249E-17
3406.18287200346  1.138701E-17
3408.12599141514  1.350470E-17
3410.06911082683  1.480836E-17
3412.01223023851  1.375766E-17
3413.9553496502  1.254828E-17
3415.89846906189  1.275274E-17
3417.84158847357  1.332517E-17
3419.78470788526  1.373961E-17
3421.72782729694  1.334718E-17
3423.67094670863  1.257153E-17
3425.61406612032  1.324734E-17
3427.557185532  1.445345E-17
3429.50030494369  1.298884E-17
3431.44342435538  1.071134E-17
3433.38654376706  1.071473E-17
3435.32966317875  1.091065E-17
3437.27278259043  1.152639E-17
3439.21590200212  1.270579E-17
3441.15902141381  1.457137E-17
3443.10214082549  1.425439E-17
3445.04526023718  1.381894E-17
3446.98837964886  1.342583E-17
3448.93149906055  1.274298E-17
3450.87461847224  1.323813E-17
3452.81773788392  1.311188E-17
3454.76085729561  1.227342E-17
3456.7039767073  1.082976E-17
3458.64709611898  1.132021E-17
3460.59021553067  1.173777E-17
3462.53333494235  1.256217E-17
3464.47645435404  1.385865E-17
3466.41957376573  1.471711E-17
3468.36269317741  1.420834E-17
3470.3058125891  1.317581E-17
3472.24893200078  1.274316E-17
3474.19205141247  1.230542E-17
3476.13517082416  1.162637E-17
3478.07829023584  1.285336E-17
3480.02140964753  1.380099E-17
3481.96452905921  1.445430E-17
3483.9076484709  1.389491E-17
3485.85076788259  1.361546E-17
3487.79388729427  1.310044E-17
3489.73700670596  1.242758E-17
3491.68012611764  1.277788E-17
3493.62324552933  1.237144E-17
3495.56636494102  1.212088E-17
3497.5094843527  1.223162E-17
3499.45260376439  1.268752E-17
3501.39572317608  1.304160E-17
3503.33884258776  1.248441E-17
3505.28196199945  1.302229E-17
3507.22508141113  1.303592E-17
3509.16820082282  1.245286E-17
3511.11132023451  1.247673E-17
3513.05443964619  1.195930E-17
3514.99755905788  1.252222E-17
3516.94067846956  1.393810E-17
3518.88379788125  1.295910E-17
3520.82691729294  1.170740E-17
3522.77003670462  1.076031E-17
3524.71315611631  1.103512E-17
3526.65627552799  1.241508E-17
3528.59939493968  1.255794E-17
3530.54251435137  1.362119E-17
3532.48563376305  1.394924E-17
3534.42875317474  1.207964E-17
3536.37187258642  1.226468E-17
3538.31499199811  1.337496E-17
3540.2581114098  1.288073E-17
3542.20123082148  1.136881E-17
3544.14435023317  1.135935E-17
3546.08746964486  1.171683E-17
3548.03058905654  1.035583E-17
3549.97370846823  1.082187E-17
3551.91682787991  1.157631E-17
3553.8599472916  1.227104E-17
3555.80306670329  1.305096E-17
3557.74618611497  1.305933E-17
3559.68930552666  1.283787E-17
3561.63242493834  1.224941E-17
3563.57554435003  1.196630E-17
3565.51866376172  1.181110E-17
3567.4617831734  1.132592E-17
3569.40490258509  1.054797E-17
3571.34802199677  1.133870E-17
3573.29114140846  1.160854E-17
3575.23426082015  1.162347E-17
3577.17738023183  1.290417E-17
3579.12049964352  1.314102E-17
3581.06361905521  1.165463E-17
3583.00673846689  1.170276E-17
3584.94985787858  1.273077E-17
3586.89297729026  1.330138E-17
3588.83609670195  1.347331E-17
3590.77921611364  1.379669E-17
3592.72233552532  1.352921E-17
3594.66545493701  1.247037E-17
3596.60857434869  1.194194E-17
3598.55169376038  1.198373E-17
3600.49481317207  1.229745E-17
3602.43793258375  1.311640E-17
3604.38105199544  1.336538E-17
3606.32417140712  1.200337E-17
3608.26729081881  1.213081E-17
3610.2104102305  1.237265E-17
3612.15352964218  1.255918E-17
3614.09664905387  1.294242E-17
3616.03976846555  1.243691E-17
3617.98288787724  1.300864E-17
3619.92600728893  1.215032E-17
3621.86912670061  1.230911E-17
3623.8122461123  1.312870E-17
3625.75536552399  1.229646E-17
3627.69848493567  1.197649E-17
3629.64160434736  1.337112E-17
3631.58472375904  1.291819E-17
3633.52784317073  1.138995E-17
3635.47096258242  1.248059E-17
3637.4140819941  1.374630E-17
3639.35720140579  1.430311E-17
3641.30032081747  1.382437E-17
3643.24344022916  1.483960E-17
3645.18655964085  1.576716E-17
3647.12967905253  1.518979E-17
3649.07279846422  1.404324E-17
3651.01591787591  1.398647E-17
3652.95903728759  1.394063E-17
3654.90215669928  1.269467E-17
3656.84527611096  1.228818E-17
3658.78839552265  1.204485E-17
3660.73151493434  1.185501E-17
3662.67463434602  1.377260E-17
3664.61775375771  1.282859E-17
3666.56087316939  1.172105E-17
3668.50399258108  1.307539E-17
3670.44711199277  1.323054E-17
3672.39023140445  1.341159E-17
3674.33335081614  1.328184E-17
3676.27647022782  1.247089E-17
3678.21958963951  1.195337E-17
3680.1627090512  1.207342E-17
3682.10582846288  1.331452E-17
3684.04894787457  1.503663E-17
3685.99206728625  1.470967E-17
3687.93518669794  1.208297E-17
3689.87830610963  1.223981E-17
3691.82142552131  1.382163E-17
3693.764544933  1.276647E-17
3695.70766434469  1.208459E-17
3697.65078375637  1.364560E-17
3699.59390316806  1.432658E-17
3701.53702257974  1.339926E-17
3703.48014199143  1.417716E-17
3705.42326140312  1.444553E-17
3707.3663808148  1.333562E-17
3709.30950022649  1.421348E-17
3711.25261963817  1.403791E-17
3713.19573904986  1.297649E-17
3715.13885846155  1.406812E-17
3717.08197787323  1.530261E-17
3719.02509728492  1.450476E-17
3720.9682166966  1.292526E-17
3722.91133610829  1.177317E-17
3724.85445551998  1.143631E-17
3726.79757493166  1.242399E-17
3728.74069434335  1.331342E-17
3730.68381375503  1.335966E-17
3732.62693316672  1.293607E-17
3734.57005257841  1.240837E-17
3736.51317199009  1.222307E-17
3738.45629140178  1.269091E-17
3740.39941081347  1.322191E-17
3742.34253022515  1.232475E-17
3744.28564963684  1.158146E-17
3746.22876904852  1.173338E-17
3748.17188846021  1.227114E-17
3750.1150078719  1.267872E-17
3752.05812728358  1.170343E-17
3754.00124669527  1.160511E-17
3755.94436610695  1.295477E-17
3757.88748551864  1.229367E-17
3759.83060493033  1.139427E-17
3761.77372434201  1.228004E-17
3763.7168437537  1.310628E-17
3765.65996316538  1.212731E-17
3767.60308257707  1.199984E-17
3769.54620198876  1.292401E-17
3771.48932140044  1.345109E-17
3773.43244081213  1.396202E-17
3775.37556022382  1.293007E-17
3777.3186796355  1.184140E-17
3779.26179904719  1.194093E-17
3781.20491845887  1.200255E-17
3783.14803787056  1.232490E-17
3785.09115728225  1.243023E-17
3787.03427669393  1.226254E-17
3788.97739610562  1.239616E-17
3790.9205155173  1.303030E-17
3792.86363492899  1.287315E-17
3794.80675434068  1.306656E-17
3796.74987375236  1.315522E-17
3798.69299316405  1.156843E-17
3800.63611257574  1.119231E-17
3802.57923198742  1.323959E-17
3804.52235139911  1.387611E-17
3806.46547081079  1.301845E-17
3808.40859022248  1.362383E-17
3810.35170963417  1.423154E-17
3812.29482904585  1.367484E-17
3814.23794845754  1.299115E-17
3816.18106786922  1.294008E-17
3818.12418728091  1.252840E-17
3820.0673066926  1.240682E-17
3822.01042610428  1.370817E-17
3823.95354551597  1.415518E-17
3825.89666492765  1.358038E-17
3827.83978433934  1.318296E-17
3829.78290375103  1.210772E-17
3831.72602316271  1.178880E-17
3833.6691425744  1.311790E-17
3835.61226198608  1.337996E-17
3837.55538139777  1.339799E-17
3839.49850080946  1.381445E-17
3841.44162022114  1.307748E-17
3843.38473963283  1.320108E-17
3845.32785904452  1.439328E-17
3847.2709784562  1.368746E-17
3849.21409786789  1.258065E-17
3851.15721727957  1.281381E-17
3853.10033669126  1.358623E-17
3855.04345610295  1.394906E-17
3856.98657551463  1.387755E-17
3858.92969492632  1.359894E-17
3860.872814338  1.310489E-17
3862.81593374969  1.367966E-17
3864.75905316138  1.410483E-17
3866.70217257306  1.304714E-17
3868.64529198475  1.178430E-17
3870.58841139644  1.182755E-17
3872.53153080812  1.308382E-17
3874.47465021981  1.321514E-17
3876.41776963149  1.221628E-17
3878.36088904318  1.211778E-17
3880.30400845487  1.216658E-17
3882.24712786655  1.202999E-17
3884.19024727824  1.242096E-17
3886.13336668992  1.239311E-17
3888.07648610161  1.094083E-17
3890.0196055133  1.063998E-17
3891.96272492498  1.211506E-17
3893.90584433667  1.248008E-17
3895.84896374835  1.212724E-17
3897.79208316004  1.195663E-17
3899.73520257173  1.214222E-17
3901.67832198341  1.296205E-17
3903.6214413951  1.389623E-17
3905.56456080679  1.352901E-17
3907.50768021847  1.232874E-17
3909.45079963016  1.179740E-17
3911.39391904184  1.129329E-17
3913.33703845353  1.143642E-17
3915.28015786522  1.230090E-17
3917.2232772769  1.240526E-17
3919.16639668859  1.222117E-17
3921.10951610027  1.180856E-17
3923.05263551196  1.148054E-17
3924.99575492365  1.211778E-17
3926.93887433533  1.233984E-17
3928.88199374702  1.217452E-17
3930.8251131587  1.254567E-17
3932.76823257039  1.238679E-17
3934.71135198208  1.170900E-17
3936.65447139376  1.213179E-17
3938.59759080545  1.349506E-17
3940.54071021713  1.390525E-17
3942.48382962882  1.293878E-17
3944.42694904051  1.181470E-17
3946.37006845219  1.182795E-17
3948.31318786388  1.270686E-17
3950.25630727556  1.271118E-17
3952.19942668725  1.260027E-17
3954.14254609894  1.303149E-17
3956.08566551062  1.288649E-17
3958.02878492231  1.146232E-17
3959.971904334  1.034936E-17
3961.91502374568  1.057714E-17
3963.85814315737  1.142243E-17
3965.80126256905  1.220166E-17
3967.74438198074  1.193146E-17
3969.68750139243  1.212371E-17
3971.63062080411  1.196252E-17
3973.5737402158  1.092769E-17
3975.51685962748  1.136425E-17
3977.45997903917  1.245859E-17
3979.40309845086  1.346356E-17
3981.34621786254  1.289784E-17
3983.28933727423  1.258613E-17
3985.23245668592  1.377764E-17
3987.1755760976  1.306445E-17
3989.11869550929  1.201772E-17
3991.06181492097  1.192331E-17
3993.00493433266  1.190790E-17
3994.94805374434  1.224640E-17
3996.89117315603  1.279250E-17
3998.83429256772  1.341717E-17
4000.7774119794  1.320345E-17
4002.72053139109  1.256034E-17
4004.66365080278  1.324676E-17
4006.60677021446  1.355231E-17
4008.54988962615  1.242845E-17
4010.49300903783  1.213249E-17
4012.43612844952  1.210473E-17
4014.37924786121  1.268180E-17
4016.32236727289  1.356134E-17
4018.26548668458  1.353554E-17
4020.20860609627  1.302658E-17
4022.15172550795  1.227784E-17
4024.09484491964  1.159817E-17
4026.03796433132  1.190083E-17
4027.98108374301  1.244564E-17
4029.92420315469  1.318606E-17
4031.86732256638  1.247646E-17
4033.81044197807  1.100926E-17
4035.75356138975  1.159696E-17
4037.69668080144  1.230114E-17
4039.63980021312  1.194731E-17
4041.58291962481  1.155373E-17
4043.5260390365  1.190944E-17
4045.46915844818  1.191242E-17
4047.41227785987  1.151310E-17
4049.35539727156  1.223280E-17
4051.29851668324  1.289473E-17
4053.24163609493  1.252792E-17
4055.18475550661  1.259144E-17
4057.1278749183  1.305047E-17
4059.07099432999  1.285091E-17
4061.01411374167  1.229252E-17
4062.95723315336  1.250008E-17
4064.90035256504  1.279306E-17
4066.84347197673  1.276636E-17
4068.78659138842  1.303337E-17
4070.7297108001  1.329815E-17
4072.67283021179  1.269084E-17
4074.61594962348  1.197142E-17
4076.55906903516  1.231978E-17
4078.50218844685  1.264245E-17
4080.44530785853  1.179579E-17
4082.38842727022  1.160657E-17
4084.33154668191  1.213625E-17
4086.27466609359  1.168940E-17
4088.21778550528  1.161353E-17
4090.16090491696  1.195246E-17
4092.10402432865  1.179110E-17
4094.04714374034  1.184556E-17
4095.99026315202  1.138088E-17
4097.93338256371  1.195865E-17
4099.87650197539  1.648863E-17
4101.81962138708  2.799972E-17
4103.76274079877  4.577500E-17
4105.70586021045  5.981413E-17
4107.64897962214  5.825099E-17
4109.59209903383  4.360779E-17
4111.53521844551  2.683532E-17
4113.4783378572  1.606381E-17
4115.42145726888  1.275540E-17
4117.36457668057  1.164601E-17
4119.30769609225  1.075526E-17
4121.25081550394  1.121149E-17
4123.19393491563  1.132161E-17
4125.13705432731  1.061925E-17
4127.080173739  1.105803E-17
4129.02329315069  1.136847E-17
4130.96641256237  1.196076E-17
4132.90953197406  1.226279E-17
4134.85265138574  1.075652E-17
4136.79577079743  9.380351E-18
4138.73889020912  9.707667E-18
4140.6820096208  1.047589E-17
4142.62512903249  1.084793E-17
4144.56824844417  1.119353E-17
4146.51136785586  1.078790E-17
4148.45448726755  1.037707E-17
4150.39760667923  1.093567E-17
4152.34072609092  1.256232E-17
4154.28384550261  1.199899E-17
4156.22696491429  1.117594E-17
4158.17008432598  1.074199E-17
4160.11320373766  1.123704E-17
4162.05632314935  1.212855E-17
4163.99944256104  1.211184E-17
4165.94256197272  1.106644E-17
4167.88568138441  9.426395E-18
4169.82880079609  9.806066E-18
4171.77192020778  1.049250E-17
4173.71503961947  1.067824E-17
4175.65815903115  1.085913E-17
4177.60127844284  1.112621E-17
4179.54439785452  1.238246E-17
4181.48751726621  1.343288E-17
4183.4306366779  1.332532E-17
4185.37375608958  1.279146E-17
4187.31687550127  1.161619E-17
4189.25999491296  1.184456E-17
4191.20311432464  1.126457E-17
4193.14623373633  1.101860E-17
4195.08935314801  1.228440E-17
4197.0324725597  1.227779E-17
4198.97559197139  1.181851E-17
4200.91871138307  1.090026E-17
4202.86183079476  1.187666E-17
4204.80495020644  1.284569E-17
4206.74806961813  1.252729E-17
4208.69118902982  1.253195E-17
4210.6343084415  1.393843E-17
4212.57742785319  1.413310E-17
4214.52054726488  1.339964E-17
4216.46366667656  1.273662E-17
4218.40678608825  1.317855E-17
4220.34990549993  1.415863E-17
4222.29302491162  1.458192E-17
4224.23614432331  1.525791E-17
4226.17926373499  1.475644E-17
4228.12238314668  1.403560E-17
4230.06550255836  1.400323E-17
4232.00862197005  1.388950E-17
4233.95174138174  1.328300E-17
4235.89486079342  1.355320E-17
4237.83798020511  1.357811E-17
4239.78109961679  1.297344E-17
4241.72421902848  1.354985E-17
4243.66733844017  1.353741E-17
4245.61045785185  1.414436E-17
4247.55357726354  1.430854E-17
4249.49669667522  1.430150E-17
4251.43981608691  1.354945E-17
4253.3829354986  1.365898E-17
4255.32605491028  1.533946E-17
4257.26917432197  1.829524E-17
4259.21229373366  2.105732E-17
4261.15541314534  2.228850E-17
4263.09853255703  2.227653E-17
4265.04165196871  2.070175E-17
4266.9847713804  1.796741E-17
4268.92789079209  1.555110E-17
4270.87101020377  1.387064E-17
4272.81412961546  1.440987E-17
4274.75724902714  1.478854E-17
4276.70036843883  1.475516E-17
4278.64348785052  1.544648E-17
4280.5866072622  1.791649E-17
4282.52972667389  2.156520E-17
4284.47284608558  2.275945E-17
4286.41596549726  2.001232E-17
4288.35908490895  1.687685E-17
4290.30220432063  1.583086E-17
4292.24532373232  1.580324E-17
4294.188443144  1.600924E-17
4296.13156255569  1.596358E-17
4298.07468196738  1.556407E-17
4300.01780137906  1.557516E-17
4301.96092079075  1.546978E-17
4303.90404020244  1.558818E-17
4305.84715961412  1.622926E-17
4307.79027902581  1.567031E-17
4309.73339843749  1.512990E-17
4311.67651784918  1.632579E-17
4313.61963726087  1.724778E-17
4315.56275667255  1.727099E-17
4317.50587608424  1.703391E-17
4319.44899549592  1.745975E-17
4321.39211490761  1.744486E-17
4323.3352343193  1.735531E-17
4325.27835373098  1.770528E-17
4327.22147314267  1.804659E-17
4329.16459255435  1.824249E-17
4331.10771196604  1.796509E-17
4333.05083137773  1.768383E-17
4334.99395078941  1.777553E-17
4336.9370702011  1.823096E-17
4338.88018961279  1.901441E-17
4340.82330902447  2.018491E-17
4342.76642843616  1.989798E-17
4344.70954784784  1.869676E-17
4346.65266725953  1.888717E-17
4348.59578667122  1.912295E-17
4350.5389060829  1.829261E-17
4352.48202549459  1.703014E-17
4354.42514490627  1.731222E-17
4356.36826431796  1.658472E-17
4358.31138372965  1.745173E-17
4360.25450314133  1.887259E-17
4362.19762255302  1.867204E-17
4364.14074196471  1.811924E-17
4366.08386137639  1.888573E-17
4368.02698078808  2.210041E-17
4369.97010019976  2.619242E-17
4371.91321961145  2.737475E-17
4373.85633902314  2.473532E-17
4375.79945843482  2.033135E-17
4377.74257784651  1.764674E-17
4379.68569725819  1.701390E-17
4381.62881666988  1.748966E-17
4383.57193608157  1.755206E-17
4385.51505549325  1.713038E-17
4387.45817490494  1.713485E-17
4389.40129431662  1.710654E-17
4391.34441372831  1.661042E-17
4393.28753314  1.705954E-17
4395.23065255168  1.784422E-17
4397.17377196337  1.796607E-17
4399.11689137505  1.627919E-17
4401.06001078674  1.537336E-17
4403.00313019843  1.631592E-17
4404.94624961011  1.727280E-17
4406.8893690218  1.771433E-17
4408.83248843349  1.721595E-17
4410.77560784517  1.697677E-17
4412.71872725686  1.655778E-17
4414.66184666854  1.556863E-17
4416.60496608023  1.658219E-17
4418.54808549192  1.653876E-17
4420.4912049036  1.481457E-17
4422.43432431529  1.427856E-17
4424.37744372697  1.504541E-17
4426.32056313866  1.564664E-17
4428.26368255035  1.598548E-17
4430.20680196203  1.561588E-17
4432.14992137372  1.587845E-17
4434.0930407854  1.547999E-17
4436.03616019709  1.575284E-17
4437.97927960878  1.571796E-17
4439.92239902046  1.472015E-17
4441.86551843215  1.372549E-17
4443.80863784383  1.323851E-17
4445.75175725552  1.361584E-17
4447.69487666721  1.470276E-17
4449.63799607889  1.489948E-17
4451.58111549058  1.516981E-17
4453.52423490226  1.436616E-17
4455.46735431395  1.368193E-17
4457.41047372564  1.429140E-17
4459.35359313732  1.450470E-17
4461.29671254901  1.495370E-17
4463.2398319607  1.641459E-17
4465.18295137238  1.500822E-17
4467.12607078407  1.340341E-17
4469.06919019575  1.405198E-17
4471.01230960744  1.534317E-17
4472.95542901913  1.557067E-17
4474.89854843081  1.577833E-17
4476.8416678425  1.591869E-17
4478.78478725418  1.567686E-17
4480.72790666587  1.648754E-17
4482.67102607756  1.611719E-17
4484.61414548924  1.529343E-17
4486.55726490093  1.448114E-17
4488.50038431262  1.416339E-17
4490.4435037243  1.423806E-17
4492.38662313599  1.434512E-17
4494.32974254767  1.454015E-17
4496.27286195936  1.479257E-17
4498.21598137105  1.482360E-17
4500.15910078273  1.440682E-17
4502.10222019442  1.386164E-17
4504.0453396061  1.324722E-17
4505.98845901779  1.329799E-17
4507.93157842948  1.380500E-17
4509.87469784116  1.364904E-17
4511.81781725285  1.343288E-17
4513.76093666454  1.585840E-17
4515.70405607622  2.122716E-17
4517.64717548791  2.462587E-17
4519.59029489959  2.290048E-17
4521.53341431128  1.852516E-17
4523.47653372297  1.467798E-17
4525.41965313465  1.258498E-17
4527.36277254634  1.320480E-17
4529.30589195802  1.348901E-17
4531.24901136971  1.261307E-17
4533.1921307814  1.277789E-17
4535.13525019308  1.339643E-17
4537.07836960477  1.248308E-17
4539.02148901645  1.190719E-17
4540.96460842814  1.162425E-17
4542.90772783983  1.236164E-17
4544.85084725151  1.291635E-17
4546.7939666632  1.301784E-17
4548.73708607488  1.348217E-17
4550.68020548657  1.329289E-17
4552.62332489826  1.303406E-17
4554.56644430994  1.307723E-17
4556.50956372163  1.288980E-17
4558.45268313331  1.220507E-17
4560.395802545  1.290678E-17
4562.33892195669  1.354688E-17
4564.28204136837  1.299622E-17
4566.22516078006  1.315066E-17
4568.16828019175  1.358308E-17
4570.11139960343  1.349484E-17
4572.05451901512  1.267332E-17
4573.9976384268  1.280825E-17
4575.94075783849  1.324741E-17
4577.88387725018  1.296882E-17
4579.82699666186  1.257944E-17
4581.77011607355  1.295975E-17
4583.71323548523  1.335779E-17
4585.65635489692  1.367475E-17
4587.59947430861  1.377761E-17
4589.54259372029  1.323024E-17
4591.48571313198  1.325658E-17
4593.42883254366  1.260341E-17
4595.37195195535  1.242148E-17
4597.31507136704  1.257233E-17
4599.25819077872  1.295211E-17
4601.20131019041  1.325606E-17
4603.1444296021  1.266910E-17
4605.08754901378  1.305003E-17
4607.03066842547  1.361562E-17
4608.97378783715  1.327416E-17
4610.91690724884  1.217820E-17
4612.86002666053  1.172074E-17
4614.80314607221  1.187935E-17
4616.7462654839  1.200650E-17
4618.68938489558  1.236184E-17
4620.63250430727  1.258594E-17
4622.57562371896  1.235892E-17
4624.51874313064  1.169112E-17
4626.46186254233  1.077365E-17
4628.40498195402  1.196638E-17
4630.3481013657  1.264650E-17
4632.29122077739  1.242188E-17
4634.23434018907  1.327366E-17
4636.17745960076  1.294755E-17
4638.12057901244  1.131618E-17
4640.06369842413  1.169903E-17
4642.00681783582  1.195723E-17
4643.9499372475  1.233367E-17
4645.89305665919  1.297564E-17
4647.83617607088  1.289295E-17
4649.77929548256  1.244587E-17
4651.72241489425  1.241506E-17
4653.66553430593  1.142966E-17
4655.60865371762  1.158181E-17
4657.55177312931  1.291540E-17
4659.49489254099  1.352223E-17
4661.43801195268  1.364492E-17
4663.38113136436  1.408891E-17
4665.32425077605  1.394497E-17
4667.26737018774  1.362284E-17
4669.21048959942  1.376329E-17
4671.15360901111  1.340729E-17
4673.0967284228  1.255847E-17
4675.03984783448  1.318014E-17
4676.98296724617  1.336274E-17
4678.92608665785  1.285755E-17
4680.86920606954  1.302075E-17
4682.81232548123  1.308948E-17
4684.75544489291  1.351334E-17
4686.6985643046  1.357850E-17
4688.64168371628  1.389831E-17
4690.58480312797  1.295973E-17
4692.52792253966  1.253380E-17
4694.47104195134  1.348676E-17
4696.41416136303  1.378535E-17
4698.35728077471  1.318749E-17
4700.3004001864  1.291632E-17
4702.24351959809  1.306169E-17
4704.18663900977  1.442460E-17
4706.12975842146  1.479375E-17
4708.07287783314  1.375524E-17
4710.01599724483  1.300301E-17
4711.95911665652  1.297631E-17
4713.9022360682  1.387512E-17
4715.84535547989  1.456542E-17
4717.78847489158  1.467501E-17
4719.73159430326  1.478219E-17
4721.67471371495  1.481829E-17
4723.61783312663  1.504342E-17
4725.56095253832  1.485621E-17
4727.50407195001  1.547171E-17
4729.44719136169  1.547574E-17
4731.39031077338  1.525494E-17
4733.33343018506  1.541996E-17
4735.27654959675  1.526106E-17
4737.21966900844  1.475000E-17
4739.16278842012  1.438783E-17
4741.10590783181  1.542901E-17
4743.04902724349  1.589677E-17
4744.99214665518  1.485839E-17
4746.93526606687  1.495786E-17
4748.87838547855  1.507002E-17
4750.82150489024  1.477929E-17
4752.76462430193  1.513523E-17
4754.70774371361  1.494078E-17
4756.6508631253  1.453187E-17
4758.59398253698  1.398443E-17
4760.53710194867  1.379987E-17
4762.48022136036  1.429742E-17
4764.42334077204  1.548139E-17
4766.36646018373  1.570459E-17
4768.30957959541  1.513680E-17
4770.2526990071  1.528857E-17
4772.19581841879  1.576822E-17
4774.13893783047  1.533905E-17
4776.08205724216  1.705021E-17
4778.02517665384  2.286918E-17
4779.96829606553  2.785595E-17
4781.91141547722  2.728136E-17
4783.8545348889  2.328554E-17
4785.79765430059  1.880755E-17
4787.74077371227  1.536621E-17
4789.68389312396  1.480676E-17
4791.62701253565  1.501251E-17
4793.57013194733  1.519869E-17
4795.51325135902  1.552643E-17
4797.45637077071  1.542503E-17
4799.39949018239  1.525298E-17
4801.34260959408  1.602174E-17
4803.28572900576  1.801863E-17
4805.22884841745  1.968343E-17
4807.17196782914  1.970742E-17
4809.11508724082  1.786296E-17
4811.05820665251  1.566056E-17
4813.00132606419  1.450670E-17
4814.94444547588  1.502641E-17
4816.88756488757  1.526371E-17
4818.83068429925  1.503949E-17
4820.77380371094  1.567526E-17
4822.71692312263  1.522844E-17
4824.66004253431  1.410942E-17
4826.603161946  1.429622E-17
4828.54628135768  1.488997E-17
4830.48940076937  1.534728E-17
4832.43252018105  1.579391E-17
4834.37563959274  1.629567E-17
4836.31875900443  1.666540E-17
4838.26187841611  1.640921E-17
4840.2049978278  1.590006E-17
4842.14811723949  1.596033E-17
4844.09123665117  1.586823E-17
4846.03435606286  1.611175E-17
4847.97747547454  1.640312E-17
4849.92059488623  1.649955E-17
4851.86371429792  1.661035E-17
4853.8068337096  1.654752E-17
4855.74995312129  1.669834E-17
4857.69307253297  1.699654E-17
4859.63619194466  1.701099E-17
4861.57931135635  1.662055E-17
4863.52243076803  1.715973E-17
4865.46555017972  1.798670E-17
4867.40866959141  1.805291E-17
4869.35178900309  1.809929E-17
4871.29490841478  1.788925E-17
4873.23802782646  1.699680E-17
4875.18114723815  1.652533E-17
4877.12426664984  1.694339E-17
4879.06738606152  1.732255E-17
4881.01050547321  1.796870E-17
4882.95362488489  1.828483E-17
4884.89674429658  1.783358E-17
4886.83986370827  1.746488E-17
4888.78298311995  1.677502E-17
4890.72610253164  1.693904E-17
4892.66922194332  1.778612E-17
4894.61234135501  1.787260E-17
4896.5554607667  1.826671E-17
4898.49858017838  1.880109E-17
4900.44169959007  1.888993E-17
4902.38481900176  1.879099E-17
4904.32793841344  1.897002E-17
4906.27105782513  1.912424E-17
4908.21417723681  1.957648E-17
4910.1572966485  2.047470E-17
4912.10041606019  1.993230E-17
4914.04353547187  1.943485E-17
4915.98665488356  1.963159E-17
4917.92977429524  1.937014E-17
4919.87289370693  1.991598E-17
4921.81601311862  2.121837E-17
4923.7591325303  2.208972E-17
4925.70225194199  2.213673E-17
4927.64537135368  2.189140E-17
4929.58849076536  2.154775E-17
4931.53161017705  2.106669E-17
4933.47472958873  2.084829E-17
4935.41784900042  2.059990E-17
4937.3609684121  2.089814E-17
4939.30408782379  2.199593E-17
4941.24720723548  2.222147E-17
4943.19032664716  2.266621E-17
4945.13344605885  2.391908E-17
4947.07656547053  2.320139E-17
4949.01968488222  2.246374E-17
4950.96280429391  2.336995E-17
4952.90592370559  2.312224E-17
4954.84904311728  2.239091E-17
4956.79216252897  2.331070E-17
4958.73528194065  2.380796E-17
4960.67840135234  2.392963E-17
4962.62152076402  2.441339E-17
4964.56464017571  2.428082E-17
4966.5077595874  2.352012E-17
4968.45087899908  2.304970E-17
4970.39399841077  2.300368E-17
4972.33711782245  2.275085E-17
4974.28023723414  2.372791E-17
4976.22335664583  2.578476E-17
4978.16647605751  2.568049E-17
4980.1095954692  2.439194E-17
4982.05271488088  2.403283E-17
4983.99583429257  2.449180E-17
4985.93895370426  2.625780E-17
4987.88207311594  2.665581E-17
4989.82519252763  2.550945E-17
4991.76831193932  2.537675E-17
4993.711431351  2.601436E-17
4995.65455076269  2.582257E-17
4997.59767017437  2.464720E-17
4999.54078958606  2.504766E-17
5001.48390899775  2.685792E-17
5003.42702840943  2.707762E-17
5005.37014782112  2.600924E-17
5007.31326723281  2.627175E-17
5009.25638664449  2.731992E-17
5011.19950605618  2.735586E-17
5013.14262546786  2.633759E-17
5015.08574487955  2.644967E-17
5017.02886429124  2.736445E-17
5018.97198370292  2.769590E-17
5020.91510311461  2.679477E-17
5022.85822252629  2.558040E-17
5024.80134193798  2.485810E-17
5026.74446134967  2.439759E-17
5028.68758076135  2.533199E-17
5030.63070017304  2.622326E-17
5032.57381958473  2.657363E-17
5034.51693899641  2.609614E-17
5036.4600584081  2.589481E-17
5038.40317781978  2.644215E-17
5040.34629723147  2.659320E-17
5042.28941664315  2.664026E-17
5044.23253605484  2.684418E-17
5046.17565546653  2.664109E-17
5048.11877487821  2.613290E-17
5050.0618942899  2.585103E-17
5052.00501370159  2.627475E-17
5053.94813311327  2.628039E-17
5055.89125252496  2.576896E-17
5057.83437193664  2.424101E-17
5059.77749134833  2.240172E-17
5061.72061076002  2.163443E-17
5063.6637301717  2.157794E-17
5065.60684958339  2.327563E-17
5067.54996899507  2.526787E-17
5069.49308840676  2.603681E-17
5071.43620781845  2.648440E-17
5073.37932723013  2.566533E-17
5075.32244664182  2.379046E-17
5077.26556605351  2.339753E-17
5079.20868546519  2.322978E-17
5081.15180487688  2.227618E-17
5083.09492428856  2.156662E-17
5085.03804370025  2.203186E-17
5086.98116311193  2.324731E-17
5088.92428252362  2.324612E-17
5090.86740193531  2.289996E-17
5092.81052134699  2.231710E-17
5094.75364075868  2.133556E-17
5096.69676017037  2.161190E-17
5098.63987958205  2.185927E-17
5100.58299899374  2.162949E-17
5102.52611840542  2.116622E-17
5104.46923781711  2.103419E-17
5106.4123572288  2.142170E-17
5108.35547664048  2.120779E-17
5110.29859605217  2.036690E-17
5112.24171546385  1.983103E-17
5114.18483487554  1.933277E-17
5116.12795428723  1.892811E-17
5118.07107369891  1.861541E-17
5120.0141931106  1.857337E-17
5121.95731252229  1.926278E-17
5123.90043193397  1.913754E-17
5125.84355134566  1.797881E-17
5127.78667075734  1.799635E-17
5129.72979016903  1.863542E-17
5131.67290958072  1.859432E-17
5133.6160289924  1.770363E-17
5135.55914840409  1.666355E-17
5137.50226781577  1.696838E-17
5139.44538722746  1.687799E-17
5141.38850663915  1.664438E-17
5143.33162605083  1.737108E-17
5145.27474546252  1.721097E-17
5147.21786487421  1.631616E-17
5149.16098428589  1.585265E-17
5151.10410369758  1.628581E-17
5153.04722310926  1.647922E-17
5154.99034252095  1.586693E-17
5156.93346193263  1.588514E-17
5158.87658134432  1.620877E-17
5160.81970075601  1.625080E-17
5162.76282016769  1.615668E-17
5164.70593957938  1.587252E-17
5166.64905899107  1.546262E-17
5168.59217840275  1.514100E-17
5170.53529781444  1.439895E-17
5172.47841722612  1.423075E-17
5174.42153663781  1.481958E-17
5176.3646560495  1.524162E-17
5178.30777546118  1.502276E-17
5180.25089487287  1.449014E-17
5182.19401428455  1.463081E-17
5184.13713369624  1.440167E-17
5186.08025310793  1.415048E-17
5188.02337251961  1.486584E-17
5189.9664919313  1.526916E-17
5191.90961134298  1.576127E-17
5193.85273075467  1.584923E-17
5195.79585016636  1.512292E-17
5197.73896957804  1.450420E-17
5199.68208898973  1.464134E-17
5201.62520840142  1.588728E-17
5203.5683278131  1.610407E-17
5205.51144722479  1.522287E-17
5207.45456663647  1.495972E-17
5209.39768604816  1.486641E-17
5211.34080545985  1.477889E-17
5213.28392487153  1.489244E-17
5215.22704428322  1.545520E-17
5217.1701636949  1.542168E-17
5219.11328310659  1.460028E-17
5221.05640251828  1.511996E-17
5222.99952192996  1.578069E-17
5224.94264134165  1.559379E-17
5226.88576075334  1.576037E-17
5228.82888016502  1.521908E-17
5230.77199957671  1.513452E-17
5232.71511898839  1.624575E-17
5234.65823840008  1.596493E-17
5236.60135781177  1.550598E-17
5238.54447722345  1.540183E-17
5240.48759663514  1.476484E-17
5242.43071604682  1.506623E-17
5244.37383545851  1.518660E-17
5246.3169548702  1.488130E-17
5248.26007428188  1.516465E-17
5250.20319369357  1.540521E-17
5252.14631310525  1.479015E-17
5254.08943251694  1.496383E-17
5256.03255192863  1.581479E-17
5257.97567134031  1.537670E-17
5259.918790752  1.479035E-17
5261.86191016368  1.442883E-17
5263.80502957537  1.441449E-17
5265.74814898706  1.436596E-17
5267.69126839874  1.389482E-17
5269.63438781043  1.420564E-17
5271.57750722212  1.537287E-17
5273.5206266338  1.574775E-17
5275.46374604549  1.483994E-17
5277.40686545717  1.404695E-17
5279.34998486886  1.406445E-17
5281.29310428055  1.341891E-17
5283.23622369223  1.348989E-17
5285.17934310392  1.430247E-17
5287.1224625156  1.385308E-17
5289.06558192729  1.417306E-17
5291.00870133898  1.518742E-17
5292.95182075066  1.514491E-17
5294.89494016235  1.495745E-17
5296.83805957404  1.473978E-17
5298.78117898572  1.487187E-17
5300.72429839741  1.533119E-17
5302.66741780909  1.527901E-17
5304.61053722078  1.598439E-17
5306.55365663247  1.559600E-17
5308.49677604415  1.440763E-17
5310.43989545584  1.515848E-17
5312.38301486752  1.525700E-17
5314.32613427921  1.485343E-17
5316.2692536909  1.560139E-17
5318.21237310258  1.582545E-17
5320.15549251427  1.597049E-17
5322.09861192595  1.537778E-17
5324.04173133764  1.420301E-17
5325.98485074933  1.557655E-17
5327.92797016101  1.759961E-17
5329.8710895727  1.707473E-17
5331.81420898439  1.642486E-17
5333.75732839607  1.679110E-17
5335.70044780776  1.631187E-17
5337.64356721944  1.625797E-17
5339.58668663113  1.656354E-17
5341.52980604281  1.627156E-17
5343.4729254545  1.602936E-17
5345.41604486619  1.657018E-17
5347.35916427787  1.749346E-17
5349.30228368956  1.899474E-17
5351.24540310125  2.286092E-17
5353.18852251293  3.030168E-17
5355.13164192462  3.601102E-17
5357.07476133631  3.331296E-17
5359.01788074799  2.509692E-17
5360.96100015967  1.914315E-17
5362.90411957136  1.688619E-17
5364.84723898305  1.573375E-17
5366.79035839473  1.540698E-17
5368.73347780642  1.549913E-17
5370.67659721811  1.501747E-17
5372.61971662979  1.545613E-17
5374.56283604148  1.598067E-17
5376.50595545317  1.665988E-17
5378.44907486485  1.675745E-17
5380.39219427654  1.627082E-17
5382.33531368822  1.596020E-17
5384.27843309991  1.569879E-17
5386.22155251159  1.586928E-17
5388.16467192328  1.483075E-17
5390.10779133497  1.404493E-17
5392.05091074665  1.546019E-17
5393.99403015834  1.596666E-17
5395.93714957003  1.560062E-17
5397.88026898171  1.559153E-17
5399.8233883934  1.588782E-17
5401.76650780508  1.623838E-17
5403.70962721677  1.573811E-17
5405.65274662846  1.516519E-17
5407.59586604014  1.510507E-17
5409.53898545183  1.507730E-17
5411.48210486351  1.515727E-17
5413.4252242752  1.537582E-17
5415.36834368689  1.507039E-17
5417.31146309857  1.526358E-17
5419.25458251026  1.593190E-17
5421.19770192195  1.646366E-17
5423.14082133363  1.657109E-17
5425.08394074532  1.581513E-17
5427.027060157  1.511635E-17
5428.97017956869  1.595858E-17
5430.91329898038  1.630347E-17
5432.85641839206  1.562396E-17
5434.79953780375  1.526403E-17
5436.74265721544  1.568106E-17
5438.68577662712  1.482381E-17
5440.62889603881  1.395539E-17
5442.57201545049  1.445222E-17
5444.51513486218  1.546452E-17
5446.45825427386  1.598492E-17
5448.40137368555  1.555574E-17
5450.34449309724  1.487683E-17
5452.28761250892  1.433979E-17
5454.23073192061  1.399539E-17
5456.17385133229  1.663898E-17
5458.11697074398  3.260876E-17
5460.06009015567  6.705906E-17
5462.00320956735  9.370714E-17
5463.94632897904  8.421794E-17
5465.88944839072  4.895781E-17
5467.83256780241  2.345629E-17
5469.7756872141  1.478607E-17
5471.71880662578  1.350799E-17
5473.66192603747  1.379750E-17
5475.60504544916  1.389303E-17
5477.54816486084  1.362393E-17
5479.49128427253  1.337004E-17
5481.43440368421  1.397732E-17
5483.3775230959  1.331362E-17
5485.32064250759  1.331293E-17
5487.26376191927  1.341108E-17
5489.20688133096  1.447868E-17
5491.15000074264  1.535288E-17
5493.09312015433  1.594453E-17
5495.03623956602  1.531520E-17
5496.9793589777  1.443055E-17
5498.92247838939  1.436500E-17
5500.86559780107  1.338452E-17
5502.80871721276  1.301601E-17
5504.75183662445  1.386497E-17
5506.69495603613  1.583664E-17
5508.63807544782  2.178179E-17
5510.58119485951  5.892058E-17
5512.52431427119  1.562690E-16
5514.46743368288  2.523606E-16
5516.41055309456  2.396803E-16
5518.35367250625  1.402829E-16
5520.29679191794  5.680275E-17
5522.23991132962  2.302658E-17
5524.18303074131  1.693651E-17
5526.12615015299  1.654685E-17
5528.06926956468  1.645195E-17
5530.01238897637  1.488536E-17
5531.95550838805  1.501284E-17
5533.89862779974  1.580375E-17
5535.84174721143  1.476878E-17
5537.78486662311  1.510593E-17
5539.7279860348  1.538571E-17
5541.67110544648  1.541871E-17
5543.61422485817  1.607059E-17
5545.55734426986  1.598451E-17
5547.50046368154  1.538440E-17
5549.44358309323  1.482512E-17
5551.38670250491  1.546498E-17
5553.3298219166  1.552528E-17
5555.27294132829  1.543392E-17
5557.21606073997  1.542108E-17
5559.15918015166  1.575239E-17
5561.10229956334  1.473258E-17
5563.04541897503  1.408430E-17
5564.98853838672  1.490607E-17
5566.9316577984  1.494289E-17
5568.87477721009  1.477288E-17
5570.81789662177  1.506203E-17
5572.76101603346  1.464104E-17
5574.70413544515  1.344120E-17
5576.64725485683  1.513370E-17
5578.59037426852  1.676577E-17
5580.53349368021  1.574362E-17
5582.47661309189  1.270380E-17
5584.41973250358  1.364161E-17
5586.36285191526  1.484690E-17
5588.30597132695  1.453282E-17
5590.24909073864  1.435951E-17
5592.19221015032  1.460661E-17
5594.13532956201  1.506893E-17
5596.07844897369  1.552847E-17
5598.02156838538  1.449778E-17
5599.96468779707  1.423226E-17
5601.90780720875  1.462723E-17
5603.85092662044  1.468878E-17
5605.79404603212  1.514936E-17
5607.73716544381  1.586431E-17
5609.6802848555  1.612769E-17
5611.62340426718  1.576925E-17
5613.56652367887  1.540838E-17
5615.50964309056  1.492980E-17
5617.45276250224  1.461021E-17
5619.39588191393  1.583625E-17
5621.33900132561  1.594555E-17
5623.2821207373  1.568948E-17
5625.22524014899  1.648978E-17
5627.16835956067  1.573526E-17
5629.11147897236  1.570270E-17
5631.05459838404  1.616631E-17
5632.99771779573  1.559024E-17
5634.94083720742  1.628863E-17
5636.8839566191  1.728035E-17
5638.82707603079  1.699575E-17
5640.77019544247  1.584955E-17
5642.71331485416  1.665900E-17
5644.65643426585  1.709060E-17
5646.59955367753  1.798901E-17
5648.54267308922  1.725200E-17
5650.4857925009  1.706131E-17
5652.42891191259  1.807872E-17
5654.37203132428  1.873384E-17
5656.31515073596  1.801547E-17
5658.25827014765  1.801812E-17
5660.20138955934  1.843242E-17
5662.14450897102  1.839462E-17
5664.08762838271  1.777445E-17
5666.03074779439  1.824211E-17
5667.97386720608  1.948004E-17
5669.91698661777  1.873949E-17
5671.86010602945  1.800475E-17
5673.80322544114  1.808815E-17
5675.74634485282  1.879473E-17
5677.68946426451  1.936184E-17
5679.6325836762  1.847079E-17
5681.57570308788  1.855594E-17
5683.51882249957  1.880263E-17
5685.46194191126  1.966147E-17
5687.40506132294  1.950141E-17
5689.34818073463  1.859391E-17
5691.29130014631  1.773707E-17
5693.234419558  1.865126E-17
5695.17753896969  1.945124E-17
5697.12065838137  1.955773E-17
5699.06377779306  2.056706E-17
5701.00689720474  2.047632E-17
5702.95001661643  1.918950E-17
5704.89313602812  1.961047E-17
5706.8362554398  2.076645E-17
5708.77937485149  2.003572E-17
5710.72249426317  1.926522E-17
5712.66561367486  1.909623E-17
5714.60873308655  1.909895E-17
5716.55185249823  2.000264E-17
5718.49497190992  1.983228E-17
5720.43809132161  1.989362E-17
5722.38121073329  2.136680E-17
5724.32433014498  2.116040E-17
5726.26744955666  2.098405E-17
5728.21056896835  2.083839E-17
5730.15368838004  1.956501E-17
5732.09680779172  1.925588E-17
5734.03992720341  1.999390E-17
5735.98304661509  1.913820E-17
5737.92616602678  1.888867E-17
5739.86928543846  1.860743E-17
5741.81240485015  1.896446E-17
5743.75552426184  2.052703E-17
5745.69864367353  2.109316E-17
5747.64176308521  2.182206E-17
5749.5848824969  2.095517E-17
5751.52800190858  2.008331E-17
5753.47112132027  1.961795E-17
5755.41424073195  1.892136E-17
5757.35736014364  2.084077E-17
5759.30047955533  2.114315E-17
5761.24359896701  1.958922E-17
5763.1867183787  1.942038E-17
5765.12983779038  1.970560E-17
5767.07295720207  2.012102E-17
5769.01607661376  2.034518E-17
5770.95919602544  2.107954E-17
5772.90231543713  2.157743E-17
5774.84543484882  2.074437E-17
5776.7885542605  1.954648E-17
5778.73167367219  1.955968E-17
5780.67479308387  1.859627E-17
5782.61791249556  1.803586E-17
5784.56103190725  1.879156E-17
5786.50415131893  1.926746E-17
5788.44727073062  1.829838E-17
5790.3903901423  1.835087E-17
5792.33350955399  1.910469E-17
5794.27662896568  2.058385E-17
5796.21974837736  1.927707E-17
5798.16286778905  1.736237E-17
5800.10598720074  1.635444E-17
5802.04910661242  1.779978E-17
5803.99222602411  1.987981E-17
5805.93534543579  1.935665E-17
5807.87846484748  1.844253E-17
5809.82158425917  1.700325E-17
5811.76470367085  1.755665E-17
5813.70782308254  1.816177E-17
5815.65094249422  1.738544E-17
5817.59406190591  1.801085E-17
5819.5371813176  1.874358E-17
5821.48030072928  1.881945E-17
5823.42342014097  1.895029E-17
5825.36653955266  1.831206E-17
5827.30965896434  1.957528E-17
5829.25277837603  2.075772E-17
5831.19589778771  2.037974E-17
5833.1390171994  1.903765E-17
5835.08213661109  1.814628E-17
5837.02525602277  1.832548E-17
5838.96837543446  1.905049E-17
5840.91149484614  1.903504E-17
5842.85461425783  1.852068E-17
5844.79773366951  1.892380E-17
5846.7408530812  2.038929E-17
5848.68397249289  2.066608E-17
5850.62709190457  1.935309E-17
5852.57021131626  1.906516E-17
5854.51333072795  1.858015E-17
5856.45645013963  1.934152E-17
5858.39956955132  1.959658E-17
5860.342688963  1.925145E-17
5862.28580837469  1.928940E-17
5864.22892778638  1.956060E-17
5866.17204719806  1.943373E-17
5868.11516660975  2.046349E-17
5870.05828602143  2.055935E-17
5872.00140543312  2.078148E-17
5873.94452484481  2.189942E-17
5875.88764425649  2.107346E-17
5877.83076366818  2.008580E-17
5879.77388307986  2.037548E-17
5881.71700249155  2.097537E-17
5883.66012190324  2.038778E-17
5885.60324131492  1.913674E-17
5887.54636072661  2.038211E-17
5889.4894801383  2.011247E-17
5891.43259954998  1.853864E-17
5893.37571896167  2.050905E-17
5895.31883837335  2.247497E-17
5897.26195778504  2.255238E-17
5899.20507719673  2.174883E-17
5901.14819660841  2.021275E-17
5903.0913160201  1.966530E-17
5905.03443543178  2.002401E-17
5906.97755484347  2.045117E-17
5908.92067425516  2.060207E-17
5910.86379366684  2.011534E-17
5912.80691307853  1.927718E-17
5914.75003249022  1.950917E-17
5916.6931519019  1.963477E-17
5918.63627131359  1.926666E-17
5920.57939072527  1.846251E-17
5922.52251013696  1.749160E-17
5924.46562954865  1.822986E-17
5926.40874896033  1.936899E-17
5928.35186837202  1.842010E-17
5930.2949877837  1.857212E-17
5932.23810719539  1.978187E-17
5934.18122660708  1.919350E-17
5936.12434601876  1.918107E-17
5938.06746543045  2.007272E-17
5940.01058484213  2.051341E-17
5941.95370425382  1.941088E-17
5943.89682366551  1.767895E-17
5945.83994307719  1.805165E-17
5947.78306248888  2.013600E-17
5949.72618190056  2.081490E-17
5951.66930131225  1.948865E-17
5953.61242072394  1.801289E-17
5955.55554013562  1.895858E-17
5957.49865954731  1.898484E-17
5959.441778959  1.855405E-17
5961.38489837068  1.837753E-17
5963.32801778237  1.779753E-17
5965.27113719405  1.663862E-17
5967.21425660574  1.647353E-17
5969.15737601743  1.837820E-17
5971.10049542911  1.873755E-17
5973.0436148408  1.816879E-17
5974.98673425248  1.828559E-17
5976.92985366417  1.769848E-17
5978.87297307586  1.734344E-17
5980.81609248754  1.741642E-17
5982.75921189923  1.739927E-17
5984.70233131092  1.765932E-17
5986.6454507226  1.754077E-17
5988.58857013429  1.788905E-17
5990.53168954597  1.907491E-17
5992.47480895766  1.870359E-17
5994.41792836935  1.760127E-17
5996.36104778103  1.709978E-17
5998.30416719272  1.700846E-17
6000.2472866044  1.694036E-17
6002.19040601609  1.720526E-17
6004.13352542778  1.764134E-17
6006.07664483946  1.806815E-17
6008.01976425115  1.907535E-17
6009.96288366284  1.904692E-17
6011.90600307452  1.767991E-17
6013.84912248621  1.673204E-17
6015.79224189789  1.762839E-17
6017.73536130958  1.892868E-17
6019.67848072126  1.860110E-17
6021.62160013295  1.860132E-17
6023.56471954464  1.860423E-17
6025.50783895632  1.813083E-17
6027.45095836801  1.752086E-17
6029.3940777797  1.768826E-17
6031.33719719138  1.810462E-17
6033.28031660307  1.831810E-17
6035.22343601475  1.800385E-17
6037.16655542644  1.724560E-17
6039.10967483813  1.664470E-17
6041.05279424981  1.720943E-17
6042.9959136615  1.712084E-17
6044.93903307318  1.624819E-17
6046.88215248487  1.636351E-17
6048.82527189656  1.676548E-17
6050.76839130824  1.770066E-17
6052.71151071993  1.962243E-17
6054.65463013161  1.975162E-17
6056.5977495433  1.815921E-17
6058.54086895499  1.786762E-17
6060.48398836667  1.816868E-17
6062.42710777836  1.805652E-17
6064.37022719005  1.788193E-17
6066.31334660173  1.767578E-17
6068.25646601342  1.664081E-17
6070.1995854251  1.669360E-17
6072.14270483679  1.813612E-17
6074.08582424848  1.847552E-17
6076.02894366016  1.836321E-17
6077.97206307185  1.815314E-17
6079.91518248353  1.772289E-17
6081.85830189522  1.764364E-17
6083.80142130691  1.812434E-17
6085.74454071859  1.902034E-17
6087.68766013028  1.970831E-17
6089.63077954196  1.902375E-17
6091.57389895365  1.648290E-17
6093.51701836534  1.629971E-17
6095.46013777702  1.811561E-17
6097.40325718871  1.835728E-17
6099.3463766004  1.797301E-17
6101.28949601208  1.815890E-17
6103.23261542377  1.893886E-17
6105.17573483545  1.925840E-17
6107.11885424714  1.875728E-17
6109.06197365883  1.877588E-17
6111.00509307051  1.886476E-17
6112.9482124822  1.808534E-17
6114.89133189388  1.746484E-17
6116.83445130557  1.724972E-17
6118.77757071725  1.725097E-17
6120.72069012894  1.767908E-17
6122.66380954063  1.771825E-17
6124.60692895231  1.750263E-17
6126.550048364  1.781002E-17
6128.49316777569  1.756783E-17
6130.43628718737  1.692403E-17
6132.37940659906  1.626148E-17
6134.32252601075  1.695981E-17
6136.26564542243  1.809578E-17
6138.20876483412  1.759959E-17
6140.1518842458  1.713806E-17
6142.09500365749  1.645585E-17
6144.03812306917  1.508495E-17
6145.98124248086  1.549042E-17
6147.92436189255  1.589572E-17
6149.86748130423  1.491277E-17
6151.81060071592  1.592477E-17
6153.75372012761  1.643682E-17
6155.69683953929  1.620658E-17
6157.63995895098  1.691522E-17
6159.58307836266  1.703554E-17
6161.52619777435  1.668833E-17
6163.46931718604  1.635614E-17
6165.41243659772  1.602982E-17
6167.35555600941  1.532743E-17
6169.29867542109  1.522802E-17
6171.24179483278  1.553176E-17
6173.18491424447  1.527432E-17
6175.12803365615  1.394753E-17
6177.07115306784  1.351258E-17
6179.01427247952  1.483354E-17
6180.95739189121  1.508594E-17
6182.9005113029  1.369388E-17
6184.84363071458  1.299864E-17
6186.78675012627  1.334417E-17
6188.72986953796  1.267848E-17
6190.67298894964  1.222328E-17
6192.61610836133  1.234120E-17
6194.55922777301  1.226445E-17
6196.5023471847  1.178715E-17
6198.44546659639  1.129307E-17
6200.38858600807  1.160930E-17
6202.33170541976  1.167603E-17
6204.27482483144  1.175544E-17
6206.21794424313  1.098517E-17
6208.16106365482  1.063564E-17
6210.1041830665  1.140562E-17
6212.04730247819  1.078515E-17
6213.99042188988  9.942004E-18
6215.93354130156  1.078937E-17
6217.87666071325  1.081772E-17
6219.81978012493  1.027726E-17
6221.76289953662  1.037054E-17
6223.70601894831  1.018774E-17
6225.64913835999  1.078195E-17
6227.59225777168  1.058240E-17
6229.53537718336  1.040822E-17
6231.47849659505  1.096262E-17
6233.42161600674  1.102740E-17
6235.36473541842  1.123785E-17
6237.30785483011  1.190320E-17
6239.25097424179  1.212878E-17
6241.19409365348  1.104202E-17
6243.13721306517  1.118744E-17
6245.08033247685  1.243144E-17
6247.02345188854  1.226926E-17
6248.96657130023  1.062457E-17
6250.90969071191  9.951941E-18
6252.8528101236  1.065392E-17
6254.79592953528  1.048297E-17
6256.73904894697  1.004873E-17
6258.68216835866  1.114878E-17
6260.62528777034  1.248356E-17
6262.56840718203  1.190672E-17
6264.51152659371  1.143027E-17
6266.4546460054  1.239770E-17
6268.39776541708  1.162427E-17
6270.34088482877  1.148996E-17
6272.28400424046  1.213777E-17
6274.22712365214  1.192101E-17
6276.17024306383  1.158765E-17
6278.11336247552  1.077444E-17
6280.0564818872  1.043441E-17
6281.99960129889  1.020692E-17
6283.94272071058  1.098529E-17
6285.88584012226  1.205261E-17
6287.82895953395  1.222105E-17
6289.77207894563  1.220648E-17
6291.71519835732  1.204503E-17
6293.658317769  1.109844E-17
6295.60143718069  9.455776E-18
6297.54455659238  8.766361E-18
6299.48767600406  8.408699E-18
6301.43079541575  8.516599E-18
6303.37391482744  8.767483E-18
6305.31703423912  8.618016E-18
6307.26015365081  1.051704E-17
6309.2032730625  1.085853E-17
6311.14639247418  1.048732E-17
6313.08951188587  1.158742E-17
6315.03263129755  1.167898E-17
6316.97575070924  1.066230E-17
6318.91887012093  9.670613E-18
6320.86198953261  9.170624E-18
6322.8051089443  9.335303E-18
6324.74822835598  9.597973E-18
6326.69134776767  9.139053E-18
6328.63446717935  8.806155E-18
6330.57758659104  1.018731E-17
6332.52070600273  1.062444E-17
6334.46382541441  1.005186E-17
6336.4069448261  9.780005E-18
6338.35006423779  9.589273E-18
6340.29318364947  9.936245E-18
6342.23630306116  9.615556E-18
6344.17942247285  8.743927E-18
6346.12254188453  8.487848E-18
6348.06566129622  8.523142E-18
6350.0087807079  8.675875E-18
6351.95190011959  8.262117E-18
6353.89501953127  8.436992E-18
6355.83813894296  1.026217E-17
6357.78125835465  1.079235E-17
6359.72437776633  9.706224E-18
6361.66749717802  8.534397E-18
6363.61061658971  9.259089E-18
6365.55373600139  9.820412E-18
6367.49685541308  8.746573E-18
6369.43997482476  8.540356E-18
6371.38309423645  8.539887E-18
6373.32621364814  8.348165E-18
6375.26933305982  8.378262E-18
6377.21245247151  8.744950E-18
6379.15557188319  9.297489E-18
6381.09869129488  8.853970E-18
6383.04181070657  8.439923E-18
6384.98493011825  8.497393E-18
6386.92804952994  8.874457E-18
6388.87116894162  9.442568E-18
6390.81428835331  9.585883E-18
6392.757407765  9.465393E-18
6394.70052717668  9.097121E-18
6396.64364658837  8.685837E-18
6398.58676600006  8.977396E-18
6400.52988541174  9.654140E-18
6402.47300482343  9.016463E-18
6404.41612423511  9.099985E-18
6406.3592436468  1.069520E-17
6408.30236305848  1.045522E-17
6410.24548247017  9.120284E-18
6412.18860188186  8.667874E-18
6414.13172129354  8.532045E-18
6416.07484070523  8.773319E-18
6418.01796011692  9.740709E-18
6419.9610795286  1.036677E-17
6421.90419894029  1.056426E-17
6423.84731835197  9.840011E-18
6425.79043776366  1.006679E-17
6427.73355717535  1.013400E-17
6429.67667658703  9.722302E-18
6431.61979599872  1.019008E-17
6433.56291541041  1.048238E-17
6435.50603482209  1.031806E-17
6437.44915423378  9.960314E-18
6439.39227364546  9.381538E-18
6441.33539305715  9.478217E-18
6443.27851246884  9.385071E-18
6445.22163188052  9.530399E-18
6447.16475129221  1.035476E-17
6449.10787070389  1.021419E-17
6451.05099011558  1.026563E-17
6452.99410952727  1.145981E-17
6454.93722893895  1.101436E-17
6456.88034835064  1.043016E-17
6458.82346776232  1.135909E-17
6460.76658717401  1.089023E-17
6462.7097065857  9.726392E-18
6464.65282599738  9.490577E-18
6466.59594540907  9.806140E-18
6468.53906482076  1.147094E-17
6470.48218423244  1.336867E-17
6472.42530364413  1.462556E-17
6474.36842305581  1.359780E-17
6476.3115424675  1.126076E-17
6478.25466187918  1.082106E-17
6480.19778129087  1.098774E-17
6482.14090070256  1.070082E-17
6484.08402011424  1.085305E-17
6486.02713952593  1.156677E-17
6487.97025893762  1.201510E-17
6489.9133783493  1.081067E-17
6491.85649776099  1.008932E-17
6493.79961717268  9.861177E-18
6495.74273658436  9.634263E-18
6497.68585599605  8.949076E-18
6499.62897540773  8.644192E-18
6501.57209481942  9.683632E-18
6503.5152142311  1.031432E-17
6505.45833364279  1.062591E-17
6507.40145305448  1.085363E-17
6509.34457246616  1.157651E-17
6511.28769187785  1.144228E-17
6513.23081128953  1.106778E-17
6515.17393070122  1.133688E-17
6517.11705011291  1.167264E-17
6519.06016952459  1.163794E-17
6521.00328893628  1.061613E-17
6522.94640834797  1.023757E-17
6524.88952775965  1.073069E-17
6526.83264717134  1.158267E-17
6528.77576658302  1.169642E-17
6530.71888599471  1.130567E-17
6532.6620054064  1.126860E-17
6534.60512481808  1.104900E-17
6536.54824422977  1.120572E-17
6538.49136364145  1.157847E-17
6540.43448305314  1.151600E-17
6542.37760246483  1.154064E-17
6544.32072187651  1.094165E-17
6546.2638412882  1.042553E-17
6548.20696069989  1.065906E-17
6550.15008011157  1.049995E-17
6552.09319952326  1.014343E-17
6554.03631893494  9.672099E-18
6555.97943834663  9.459918E-18
6557.92255775832  9.952202E-18
6559.86567717  9.927454E-18
6561.80879658169  9.495085E-18
6563.75191599337  9.688635E-18
6565.69503540506  1.060183E-17
6567.63815481674  1.146041E-17
6569.58127422843  1.113455E-17
6571.52439364012  1.006631E-17
6573.4675130518  9.831634E-18
6575.41063246349  9.907744E-18
6577.35375187518  9.896186E-18
6579.29687128686  1.057331E-17
6581.23999069855  1.096746E-17
6583.18311011023  1.006938E-17
6585.12622952192  9.494433E-18
6587.06934893361  9.410839E-18
6589.01246834529  9.030513E-18
6590.95558775698  9.044016E-18
6592.89870716866  9.415669E-18
6594.84182658035  9.918053E-18
6596.78494599204  9.883571E-18
6598.72806540372  1.003773E-17
6600.67118481541  9.614123E-18
6602.6143042271  9.237469E-18
6604.55742363878  9.479458E-18
6606.50054305047  9.401413E-18
6608.44366246215  1.011679E-17
6610.38678187384  1.021322E-17
6612.32990128553  9.137517E-18
6614.27302069721  8.355087E-18
6616.2161401089  8.556653E-18
6618.15925952058  9.583477E-18
6620.10237893227  1.021036E-17
6622.04549834396  9.516425E-18
6623.98861775564  9.201632E-18
6625.93173716733  9.430330E-18
6627.87485657902  9.225040E-18
6629.8179759907  8.701406E-18
6631.76109540239  9.028748E-18
6633.70421481407  9.148556E-18
6635.64733422576  9.511501E-18
6637.59045363745  1.002893E-17
6639.53357304913  9.228744E-18
6641.47669246082  8.890021E-18
6643.4198118725  9.414033E-18
6645.36293128419  9.697294E-18
6647.30605069588  9.311380E-18
6649.24917010756  8.715766E-18
6651.19228951925  9.050902E-18
6653.13540893093  9.852135E-18
6655.07852834262  9.672881E-18
6657.02164775431  9.118420E-18
6658.96476716599  8.794278E-18
6660.90788657768  8.761084E-18
6662.85100598936  8.960655E-18
6664.79412540105  9.994266E-18
6666.73724481274  1.051504E-17
6668.68036422442  8.848071E-18
6670.62348363611  8.276367E-18
6672.5666030478  8.819965E-18
6674.50972245948  8.980171E-18
6676.45284187117  9.195155E-18
6678.39596128285  9.420365E-18
6680.33908069454  9.668775E-18
6682.28220010623  9.042116E-18
6684.22531951791  7.904301E-18
6686.1684389296  7.768032E-18
6688.11155834128  8.204907E-18
6690.05467775297  8.512178E-18
6691.99779716466  8.969265E-18
6693.94091657634  8.823511E-18
6695.88403598803  8.489823E-18
6697.82715539971  8.510175E-18
6699.7702748114  9.426243E-18
6701.71339422309  1.043587E-17
6703.65651363477  9.713732E-18
6705.59963304646  9.027177E-18
6707.54275245815  9.711729E-18
6709.48587186983  1.009645E-17
6711.42899128152  9.859598E-18
6713.3721106932  9.232064E-18
6715.31523010489  8.976191E-18
6717.25834951658  9.035880E-18
6719.20146892826  8.762259E-18
6721.14458833995  8.919865E-18
6723.08770775163  9.767749E-18
6725.03082716332  1.050248E-17
6726.97394657501  9.801588E-18
6728.91706598669  9.333715E-18
6730.86018539838  1.059554E-17
6732.80330481007  1.084287E-17
6734.74642422175  9.856831E-18
6736.68954363344  1.023339E-17
6738.63266304512  1.089777E-17
6740.57578245681  1.065772E-17
6742.5189018685  1.067404E-17
6744.46202128018  1.180811E-17
6746.40514069187  1.183485E-17
6748.34826010355  1.162890E-17
6750.29137951524  1.140354E-17
6752.23449892693  1.114290E-17
6754.17761833861  1.158708E-17
6756.1207377503  1.118588E-17
6758.06385716199  1.025530E-17
6760.00697657367  1.022650E-17
6761.95009598536  1.054915E-17
6763.89321539704  1.054534E-17
6765.83633480873  1.082219E-17
6767.77945422041  1.095448E-17
6769.7225736321  1.041129E-17
6771.66569304378  9.860320E-18
6773.60881245547  9.997283E-18
6775.55193186716  1.076284E-17
6777.49505127885  1.073143E-17
6779.43817069053  1.134026E-17
6781.38129010222  1.251758E-17
6783.3244095139  1.245279E-17
6785.26752892559  1.223995E-17
6787.21064833727  1.270589E-17
6789.15376774896  1.279284E-17
6791.09688716065  1.253821E-17
6793.04000657233  1.210491E-17
6794.98312598402  1.258008E-17
6796.9262453957  1.331235E-17
6798.86936480739  1.307585E-17
6800.81248421908  1.270439E-17
6802.75560363076  1.228529E-17
6804.69872304245  1.183006E-17
6806.64184245414  1.124273E-17
6808.58496186582  1.196075E-17
6810.52808127751  1.206067E-17
6812.47120068919  1.266242E-17
6814.41432010088  1.260962E-17
6816.35743951257  1.195833E-17
6818.30055892425  1.090748E-17
6820.24367833594  1.024837E-17
6822.18679774763  1.080991E-17
6824.12991715931  1.138606E-17
6826.073036571  1.093527E-17
6828.01615598268  1.112447E-17
6829.95927539437  1.238926E-17
6831.90239480606  1.214135E-17
6833.84551421774  1.181197E-17
6835.78863362943  1.204789E-17
6837.73175304111  1.238769E-17
6839.6748724528  1.127230E-17
6841.61799186449  1.116198E-17
6843.56111127617  8.249911E-18
6845.50423068786  3.908601E-18
6847.44735009955  9.264904E-18
6849.39046951123  1.216591E-17
6851.33358892292  1.223036E-17
6853.2767083346  1.245558E-17
6855.21982774629  1.249204E-17
6857.16294715797  1.243959E-17
6859.10606656966  1.268466E-17
6861.04918598135  1.211666E-17
6862.99230539303  1.151368E-17
6864.93542480472  1.382204E-17
6866.87854421641  1.355144E-17
6868.82166362809  1.061124E-17
6870.76478303978  9.650713E-18
6872.70790245146  9.491689E-18
6874.65102186315  1.034599E-17
6876.59414127484  1.136583E-17
6878.53726068652  1.154772E-17
6880.48038009821  1.174444E-17
6882.42349950989  1.262612E-17
6884.36661892158  1.259550E-17
6886.30973833327  1.181924E-17
6888.25285774495  1.072399E-17
6890.19597715664  1.011200E-17
6892.13909656832  1.055197E-17
6894.08221598001  1.135506E-17
6896.0253353917  1.197200E-17
6897.96845480338  1.203188E-17
6899.91157421507  1.213733E-17
6901.85469362675  1.137270E-17
6903.79781303844  1.147982E-17
6905.74093245013  1.181971E-17
6907.68405186181  1.173678E-17
6909.6271712735  1.122702E-17
6911.57029068519  1.105354E-17
6913.51341009687  1.134904E-17
6915.45652950856  1.207842E-17
6917.39964892024  1.350052E-17
6919.34276833193  1.403101E-17
6921.28588774362  1.301013E-17
6923.2290071553  1.258852E-17
6925.17212656699  1.357318E-17
6927.11524597867  1.342371E-17
6929.05836539036  1.354740E-17
6931.00148480205  1.378613E-17
6932.94460421373  1.321572E-17
6934.88772362542  1.256892E-17
6936.83084303711  1.283861E-17
6938.77396244879  1.437437E-17
6940.71708186048  1.488865E-17
6942.66020127216  1.334330E-17
6944.60332068385  1.257079E-17
6946.54644009554  1.323866E-17
6948.48955950722  1.394278E-17
6950.43267891891  1.511146E-17
6952.37579833059  1.513844E-17
6954.31891774228  1.423132E-17
6956.26203715397  1.210414E-17
6958.20515656565  1.228814E-17
6960.14827597734  1.404151E-17
6962.09139538902  1.407383E-17
6964.03451480071  1.408763E-17
6965.9776342124  1.419615E-17
6967.92075362408  1.330917E-17
6969.86387303577  1.319167E-17
6971.80699244746  1.337072E-17
6973.75011185914  1.382123E-17
6975.69323127083  1.392413E-17
6977.63635068251  1.349097E-17
6979.5794700942  1.454455E-17
6981.52258950588  1.469756E-17
6983.46570891757  1.362588E-17
6985.40882832926  1.310089E-17
6987.35194774094  1.341276E-17
6989.29506715263  1.351519E-17
6991.23818656432  1.300000E-17
6993.181305976  1.346357E-17
6995.12442538769  1.425841E-17
6997.06754479937  1.416123E-17
6999.01066421106  1.365682E-17
7000.95378362275  1.336646E-17
7002.89690303443  1.361557E-17
7004.84002244612  1.354690E-17
7006.7831418578  1.368030E-17
7008.72626126949  1.396449E-17
7010.66938068118  1.322358E-17
7012.61250009286  1.449828E-17
7014.55561950455  1.515648E-17
7016.49873891624  1.430108E-17
7018.44185832792  1.434682E-17
7020.38497773961  1.509407E-17
7022.32809715129  1.472728E-17
7024.27121656298  1.401555E-17
7026.21433597467  1.375979E-17
7028.15745538635  1.302211E-17
7030.10057479804  1.320132E-17
7032.04369420972  1.351328E-17
7033.98681362141  1.351345E-17
7035.9299330331  1.363357E-17
7037.87305244478  1.285505E-17
7039.81617185647  9.613491E-18
7041.75929126816  1.008401E-17
7043.70241067984  1.337641E-17
7045.64553009153  1.385500E-17
7047.58864950321  1.283282E-17
7049.5317689149  1.240620E-17
7051.47488832659  1.304599E-17
7053.41800773827  1.320566E-17
7055.36112714996  1.258937E-17
7057.30424656164  1.308614E-17
7059.24736597333  1.373166E-17
7061.19048538502  1.408321E-17
7063.1336047967  1.389556E-17
7065.07672420839  1.339003E-17
7067.01984362007  1.350830E-17
7068.96296303176  1.365680E-17
7070.90608244345  1.341651E-17
7072.84920185513  1.331797E-17
7074.79232126682  1.370667E-17
7076.7354406785  1.409424E-17
7078.67856009019  1.349156E-17
7080.62167950188  1.191399E-17
7082.56479891356  1.153785E-17
7084.50791832525  1.274322E-17
7086.45103773694  1.300524E-17
7088.39415714862  1.206780E-17
7090.33727656031  1.260263E-17
7092.28039597199  1.302330E-17
7094.22351538368  1.248375E-17
7096.16663479537  1.289431E-17
7098.10975420705  1.318916E-17
7100.05287361874  1.254936E-17
7101.99599303042  1.194108E-17
7103.93911244211  1.228310E-17
7105.8822318538  1.256953E-17
7107.82535126548  1.223911E-17
7109.76847067717  1.319573E-17
7111.71159008885  1.422921E-17
7113.65470950054  1.360619E-17
7115.59782891223  1.363739E-17
7117.54094832391  1.377912E-17
7119.4840677356  1.282751E-17
7121.42718714729  1.322897E-17
7123.37030655897  1.449916E-17
7125.31342597066  1.400697E-17
7127.25654538234  1.342004E-17
7129.19966479403  1.293143E-17
7131.14278420572  1.234285E-17
7133.0859036174  1.194847E-17
7135.02902302909  1.161738E-17
7136.97214244077  1.246124E-17
7138.91526185246  1.253080E-17
7140.85838126415  1.053115E-17
7142.80150067583  1.079968E-17
7144.74462008752  1.250209E-17
7146.68773949921  1.229262E-17
7148.63085891089  1.223141E-17
7150.57397832258  1.238339E-17
7152.51709773426  1.253276E-17
7154.46021714595  1.219789E-17
7156.40333655764  1.219106E-17
7158.34645596932  1.199399E-17
7160.28957538101  1.180251E-17
7162.23269479269  1.193750E-17
7164.17581420438  1.141116E-17
7166.11893361607  1.143702E-17
7168.06205302775  1.131490E-17
7170.00517243944  1.149646E-17
7171.94829185112  1.156399E-17
7173.89141126281  1.110701E-17
7175.8345306745  1.099786E-17
7177.77765008618  1.071198E-17
7179.72076949787  1.105221E-17
7181.66388890955  1.077858E-17
7183.60700832124  9.968519E-18
7185.55012773293  1.018935E-17
7187.49324714461  1.003123E-17
7189.4363665563  1.015805E-17
7191.37948596798  1.064022E-17
7193.32260537967  1.060298E-17
7195.26572479136  1.090995E-17
7197.20884420304  1.097999E-17
7199.15196361473  1.065758E-17
7201.09508302641  1.025385E-17
7203.0382024381  1.008592E-17
7204.98132184979  1.076731E-17
7206.92444126147  1.147586E-17
7208.86756067316  1.117383E-17
7210.81068008485  1.171561E-17
7212.75379949653  1.177191E-17
7214.69691890822  1.162827E-17
7216.6400383199  1.192373E-17
7218.58315773159  1.166803E-17
7220.52627714328  1.164205E-17
7222.46939655496  1.374477E-17
7224.41251596665  3.002170E-17
7226.35563537834  7.202837E-17
7228.29875479002  1.100181E-16
7230.24187420171  1.011222E-16
7232.18499361339  5.817267E-17
7234.12811302508  2.434112E-17
7236.07123243677  1.245125E-17
7238.01435184845  1.031527E-17
7239.95747126014  1.107815E-17
7241.90059067182  1.111425E-17
7243.84371008351  9.181669E-18
7245.7868294952  8.722726E-18
7247.72994890688  9.195928E-18
7249.67306831857  9.374763E-18
7251.61618773026  1.032194E-17
7253.55930714194  1.184376E-17
7255.50242655363  1.221068E-17
7257.44554596531  1.132897E-17
7259.388665377  1.116070E-17
7261.33178478868  1.120795E-17
7263.27490420037  1.028662E-17
7265.21802361206  8.949421E-18
7267.16114302374  8.434444E-18
7269.10426243543  9.060552E-18
7271.04738184712  9.056107E-18
7272.9905012588  6.613053E-18
7274.93362067049  4.980585E-18
7276.87674008217  6.099809E-18
7278.81985949386  7.255573E-18
7280.76297890554  6.725143E-18
7282.70609831723  6.500198E-18
7284.64921772892  8.912901E-18
7286.5923371406  1.050418E-17
7288.53545655229  1.019222E-17
7290.47857596398  9.142324E-18
7292.42169537566  9.352325E-18
7294.36481478735  1.100073E-17
7296.30793419903  1.066019E-17
7298.25105361072  8.738289E-18
7300.19417302241  8.191302E-18
7302.13729243409  8.549527E-18
7304.08041184578  9.397275E-18
7306.02353125746  1.014247E-17
7307.96665066915  9.405162E-18
7309.90977008084  9.021906E-18
7311.85288949252  8.126061E-18
7313.79600890421  7.799870E-18
7315.73912831589  7.898404E-18
7317.68224772758  7.155310E-18
7319.62536713927  7.577759E-18
7321.56848655095  8.075365E-18
7323.51160596264  8.075732E-18
7325.45472537433  8.547359E-18
7327.39784478601  8.613588E-18
7329.3409641977  9.279503E-18
7331.28408360938  1.083045E-17
7333.22720302107  1.069083E-17
7335.17032243276  1.029168E-17
7337.11344184444  1.038461E-17
7339.05656125613  9.854662E-18
7340.99968066781  1.115864E-17
7342.9428000795  1.290417E-17
7344.88591949119  1.152208E-17
7346.82903890287  9.518053E-18
7348.77215831456  8.924984E-18
7350.71527772625  8.707839E-18
7352.65839713793  8.804140E-18
7354.60151654962  9.000055E-18
7356.5446359613  8.557070E-18
7358.48775537299  8.450548E-18
7360.43087478468  8.581754E-18
7362.37399419636  7.480768E-18
7364.31711360805  6.663669E-18
7366.26023301973  6.528599E-18
7368.20335243142  7.574710E-18
7370.14647184311  1.007282E-17
7372.08959125479  1.053727E-17
7374.03271066648  9.137917E-18
7375.97583007817  8.845750E-18
7377.91894948985  9.554518E-18
7379.86206890154  9.662785E-18
7381.80518831322  9.848460E-18
7383.74830772491  1.023895E-17
7385.6914271366  9.442626E-18
7387.63454654828  8.512158E-18
7389.57766595997  8.447721E-18
7391.52078537165  8.879745E-18
7393.46390478334  9.412630E-18
7395.40702419503  1.076931E-17
7397.35014360671  1.268551E-17
7399.2932630184  1.237309E-17
7401.23638243008  1.055220E-17
7403.17950184177  1.003555E-17
7405.12262125346  9.476251E-18
7407.06574066514  8.639119E-18
7409.00886007683  8.848147E-18
7410.95197948851  1.107079E-17
7412.8950989002  1.354827E-17
7414.83821831189  1.358763E-17
7416.78133772357  1.281732E-17
7418.72445713526  1.153427E-17
7420.66757654694  1.012224E-17
7422.61069595863  9.205764E-18
7424.55381537032  8.361047E-18
7426.496934782  8.599012E-18
7428.44005419369  8.738119E-18
7430.38317360538  8.307048E-18
7432.32629301706  9.462795E-18
7434.26941242875  9.236687E-18
7436.21253184043  7.889633E-18
7438.15565125212  8.117944E-18
7440.09877066381  7.897799E-18
7442.04189007549  7.952691E-18
7443.98500948718  9.011769E-18
7445.92812889887  8.668565E-18
7447.87124831055  8.069152E-18
7449.81436772224  7.796727E-18
7451.75748713392  8.490893E-18
7453.70060654561  8.619380E-18
7455.6437259573  8.588839E-18
7457.58684536898  9.389687E-18
7459.52996478067  9.428775E-18
7461.47308419235  9.891720E-18
7463.41620360404  9.000187E-18
7465.35932301572  8.007970E-18
7467.30244242741  8.550427E-18
7469.2455618391  8.325076E-18
7471.18868125078  7.270688E-18
7473.13180066247  7.186855E-18
7475.07492007416  7.696434E-18
7477.01803948584  8.655802E-18
7478.96115889753  9.279446E-18
7480.90427830921  1.064206E-17
7482.8473977209  1.000494E-17
7484.79051713259  7.626449E-18
7486.73363654427  7.416194E-18
7488.67675595596  7.953917E-18
7490.61987536764  7.523078E-18
7492.56299477933  8.004024E-18
7494.50611419101  8.312464E-18
7496.4492336027  8.361049E-18
7498.39235301439  8.916675E-18
7500.33547242608  8.096374E-18
7502.27859183776  7.180999E-18
7504.22171124945  7.824010E-18
7506.16483066113  7.995534E-18
7508.10795007282  8.246747E-18
7510.05106948451  8.970928E-18
7511.99418889619  8.807674E-18
7513.93730830788  8.396277E-18
7515.88042771956  7.815179E-18
7517.82354713125  8.609222E-18
7519.76666654294  9.347170E-18
7521.70978595462  7.628993E-18
7523.65290536631  6.731476E-18
7525.59602477799  6.736841E-18
7527.53914418968  5.816043E-18
7529.48226360137  7.756036E-18
7531.42538301305  9.051741E-18
7533.36850242474  8.468826E-18
7535.31162183643  7.672953E-18
7537.25474124811  7.742521E-18
7539.1978606598  9.095657E-18
7541.14098007148  9.017044E-18
7543.08409948317  8.154514E-18
7545.02721889485  8.064891E-18
7546.97033830654  8.049915E-18
7548.91345771823  7.841342E-18
7550.85657712991  7.967095E-18
7552.7996965416  8.768931E-18
7554.74281595328  8.735061E-18
7556.68593536497  9.523478E-18
7558.62905477666  1.027895E-17
7560.57217418835  8.386673E-18
7562.51529360003  6.187337E-18
7564.45841301172  7.535610E-18
7566.4015324234  8.627610E-18
7568.34465183509  8.582605E-18
7570.28777124677  8.255559E-18
7572.23089065846  8.755354E-18
7574.17401007015  8.905080E-18
7576.11712948183  7.492499E-18
7578.06024889352  7.212932E-18
7580.0033683052  7.461528E-18
7581.94648771689  7.263362E-18
7583.88960712858  7.392026E-18
7585.83272654026  7.690138E-18
7587.77584595195  6.389830E-18
7589.71896536364  5.904694E-18
7591.66208477532  6.724341E-18
7593.60520418701  5.847667E-18
7595.54832359869  4.593772E-18
7597.49144301038  4.542055E-18
7599.43456242207  4.192032E-18
7601.37768183375  3.570123E-18
7603.32080124544  3.004202E-18
7605.26392065712  2.260915E-18
7607.20704006881  2.742763E-18
7609.1501594805  3.288400E-18
7611.09327889218  3.020474E-18
7613.03639830387  3.772808E-18
7614.97951771556  5.249401E-18
7616.92263712724  6.178223E-18
7618.86575653893  6.755106E-18
7620.80887595061  5.921721E-18
7622.7519953623  4.292073E-18
7624.69511477399  4.015588E-18
7626.63823418567  3.777216E-18
7628.58135359736  3.105125E-18
7630.52447300904  3.036971E-18
7632.46759242073  3.476934E-18
7634.41071183242  4.160622E-18
7636.3538312441  4.296427E-18
7638.29695065579  4.879417E-18
7640.24007006747  6.023071E-18
7642.18318947916  5.619171E-18
7644.12630889085  5.751932E-18
7646.06942830253  7.175231E-18
7648.01254771422  7.417970E-18
7649.95566712591  7.296298E-18
7651.89878653759  7.647989E-18
7653.84190594928  7.597885E-18
7655.78502536096  7.218270E-18
7657.72814477265  7.541654E-18
7659.67126418434  8.409744E-18
7661.61438359602  8.840621E-18
7663.55750300771  7.891988E-18
7665.50062241939  6.764866E-18
7667.44374183108  7.729449E-18
7669.38686124277  8.527537E-18
7671.32998065445  8.173942E-18
7673.27310006614  7.948067E-18
7675.21621947783  8.158441E-18
7677.15933888951  6.664789E-18
7679.1024583012  6.887088E-18
7681.04557771288  7.775667E-18
7682.98869712457  7.705791E-18
7684.93181653625  8.074930E-18
7686.87493594794  8.568867E-18
7688.81805535963  8.701989E-18
7690.76117477131  8.988116E-18
7692.704294183  9.336360E-18
7694.64741359468  9.083843E-18
7696.59053300637  9.027480E-18
7698.53365241806  8.999465E-18
7700.47677182974  9.353195E-18
7702.41989124143  9.253953E-18
7704.36301065311  8.960168E-18
7706.3061300648  7.702161E-18
7708.24924947649  7.511986E-18
7710.19236888817  5.981100E-18
7712.13548829986  4.137666E-18
7714.07860771155  3.331771E-18
7716.02172712323  4.336419E-18
7717.96484653492  5.645043E-18
7719.9079659466  4.594560E-18
7721.85108535829  4.066832E-18
7723.79420476998  6.328620E-18
7725.73732418166  8.819374E-18
7727.68044359335  7.884562E-18
7729.62356300504  7.701504E-18
7731.56668241672  8.252549E-18
7733.50980182841  9.739124E-18
7735.45292124009  1.050874E-17
7737.39604065178  1.010319E-17
7739.33916006347  8.324932E-18
7741.28227947515  8.510449E-18
7743.22539888684  9.258668E-18
7745.16851829852  9.324422E-18
7747.11163771021  8.684642E-18
7749.0547571219  6.310891E-18
7750.99787653358  8.847494E-18
7752.94099594527  1.171752E-17
7754.88411535695  1.175279E-17
7756.82723476864  9.885871E-18
7758.77035418033  8.355834E-18
7760.71347359201  6.873160E-18
7762.6565930037  5.568403E-18
7764.59971241539  6.744381E-18
7766.54283182707  7.338453E-18
7768.48595123876  7.675095E-18
7770.42907065044  8.281730E-18
7772.37219006213  7.652320E-18
7774.31530947382  7.918144E-18
7776.2584288855  7.806024E-18
7778.20154829719  8.294553E-18
7780.14466770887  1.010135E-17
7782.08778712056  1.232952E-17
7784.03090653225  1.088813E-17
7785.97402594393  9.522271E-18
7787.91714535562  1.067266E-17
7789.8602647673  1.112552E-17
7791.80338417899  1.107116E-17
7793.74650359068  1.198794E-17
7795.68962300236  1.354838E-17
7797.63274241405  1.331822E-17
7799.57586182574  1.032389E-17
7801.51898123742  8.388728E-18
7803.46210064911  7.342625E-18
7805.40522006079  6.507612E-18
7807.34833947248  7.627313E-18
7809.29145888417  7.883519E-18
7811.23457829585  7.812541E-18
7813.17769770754  7.248412E-18
7815.12081711922  6.639449E-18
7817.06393653091  6.451281E-18
7819.0070559426  5.932217E-18
7820.95017535428  8.873046E-18
7822.89329476597  1.180910E-17
7824.83641417766  9.636651E-18
7826.77953358934  6.784989E-18
7828.72265300103  8.287473E-18
7830.66577241271  8.985510E-18
7832.6088918244  9.302841E-18
7834.55201123608  1.078163E-17
7836.49513064777  1.031180E-17
7838.43825005946  9.285324E-18
7840.38136947114  9.777106E-18
7842.32448888283  1.108372E-17
7844.26760829452  1.106403E-17
7846.2107277062  1.117179E-17
7848.15384711789  1.056579E-17
7850.09696652957  8.488361E-18
7852.04008594126  7.387257E-18
7853.98320535295  7.969468E-18
7855.92632476463  8.720164E-18
7857.86944417632  8.354927E-18
7859.81256358801  8.007805E-18
7861.75568299969  8.634527E-18
7863.69880241138  8.133648E-18
7865.64192182306  8.159880E-18
7867.58504123475  9.472180E-18
7869.52816064644  9.479831E-18
7871.47128005812  9.607030E-18
7873.41439946981  7.899486E-18
7875.35751888149  7.537442E-18
7877.30063829318  8.117147E-18
7879.24375770487  1.071064E-17
7881.18687711655  1.051235E-17
7883.12999652824  1.126045E-17
7885.07311593992  1.129555E-17
7887.01623535161  1.011779E-17
7888.9593547633  1.076216E-17
7890.90247417498  1.388389E-17
7892.84559358667  1.275190E-17
7894.78871299835  1.185869E-17
7896.73183241004  1.163172E-17
7898.67495182173  1.164848E-17
7900.61807123341  1.095901E-17
7902.5611906451  9.793249E-18
7904.50431005678  9.117626E-18
7906.44742946847  8.214603E-18
7908.39054888015  6.843041E-18
7910.33366829184  4.830781E-18
7912.27678770353  3.705786E-18
7914.21990711522  6.045464E-18
7916.1630265269  5.853762E-18
7918.10614593859  5.020239E-18
7920.04926535027  7.377908E-18
7921.99238476196  8.888090E-18
7923.93550417365  9.060293E-18
7925.87862358533  9.281108E-18
7927.82174299702  9.818354E-18
7929.7648624087  1.062100E-17
7931.70798182039  1.196607E-17
7933.65110123208  1.310133E-17
7935.59422064376  1.222440E-17
7937.53734005545  1.136077E-17
7939.48045946713  9.524240E-18
7941.42357887882  8.836981E-18
7943.36669829051  9.851474E-18
7945.30981770219  1.256472E-17
7947.25293711388  1.371026E-17
7949.19605652557  1.250169E-17
7951.13917593725  1.115822E-17
7953.08229534894  1.168079E-17
7955.02541476062  1.196599E-17
7956.96853417231  1.017734E-17
7958.91165358399  8.952780E-18
7960.85477299568  7.508150E-18
7962.79789240737  7.419018E-18
7964.74101181905  7.707571E-18
7966.68413123074  8.076922E-18
7968.62725064243  8.833142E-18
7970.57037005411  1.018070E-17
7972.5134894658  1.016570E-17
7974.45660887749  9.623875E-18
7976.39972828917  9.897682E-18
7978.34284770086  1.115373E-17
7980.28596711254  1.236317E-17
7982.22908652423  1.159765E-17
7984.17220593591  1.176334E-17
7986.1153253476  1.368544E-17
7988.05844475929  1.529567E-17
7990.00156417097  1.456336E-17
7991.94468358266  1.486298E-17
7993.88780299434  1.791823E-17
7995.83092240603  1.876124E-17
7997.77404181772  1.735827E-17
7999.7171612294  1.656317E-17
8001.66028064109  1.476721E-17
8003.60340005278  1.329844E-17
8005.54651946446  1.286154E-17
8007.48963887615  1.335027E-17
8009.43275828783  1.396776E-17
8011.37587769952  1.398076E-17
8013.31899711121  1.504806E-17
8015.26211652289  1.352139E-17
8017.20523593458  1.146954E-17
8019.14835534626  1.115637E-17
8021.09147475795  1.236892E-17
8023.03459416964  1.382482E-17
8024.97771358132  1.408688E-17
8026.92083299301  1.300464E-17
8028.8639524047  1.251670E-17
8030.80707181638  1.277599E-17
8032.75019122807  1.495595E-17
8034.69331063975  1.497117E-17
8036.63643005144  1.513993E-17
8038.57954946313  1.585676E-17
8040.52266887481  1.598646E-17
8042.4657882865  1.664452E-17
8044.40890769818  1.592154E-17
8046.35202710987  1.551176E-17
8048.29514652156  1.622784E-17
8050.23826593324  1.671070E-17
8052.18138534493  1.810478E-17
8054.12450475661  1.682707E-17
8056.0676241683  1.590689E-17
8058.01074357999  1.640860E-17
8059.95386299167  1.527580E-17
8061.89698240336  1.573546E-17
8063.84010181505  1.568550E-17
8065.78322122673  1.263167E-17
8067.72634063842  1.297265E-17
8069.6694600501  1.462578E-17
8071.61257946179  1.513055E-17
8073.55569887348  1.456323E-17
8075.49881828516  1.390599E-17
8077.44193769685  1.279787E-17
8079.38505710853  1.391593E-17
8081.32817652022  1.486064E-17
8083.2712959319  1.419075E-17
8085.21441534359  1.406626E-17
8087.15753475528  1.455509E-17
8089.10065416696  1.349267E-17
8091.04377357865  1.368862E-17
8092.98689299034  1.421461E-17
8094.93001240202  1.451958E-17
8096.87313181371  1.576179E-17
8098.8162512254  1.432066E-17
8100.75937063708  1.249467E-17
8102.70249004877  1.186850E-17
8104.64560946045  1.256498E-17
8106.58872887214  1.315512E-17
8108.53184828383  1.177615E-17
8110.47496769551  1.058629E-17
8112.4180871072  9.075116E-18
8114.36120651888  8.127112E-18
8116.30432593057  9.397022E-18
8118.24744534225  1.093946E-17
8120.19056475394  1.119956E-17
8122.13368416563  1.212152E-17
8124.07680357731  1.151410E-17
8126.019922989  9.761639E-18
8127.96304240069  1.109946E-17
8129.90616181237  1.187981E-17
8131.84928122406  1.137081E-17
8133.79240063575  1.118940E-17
8135.73552004743  1.104599E-17
8137.67863945912  1.052371E-17
8139.6217588708  8.935866E-18
8141.56487828249  9.725874E-18
8143.50799769418  1.242291E-17
8145.45111710586  1.222778E-17
8147.39423651755  1.101213E-17
8149.33735592923  1.121281E-17
8151.28047534092  1.187134E-17
8153.22359475261  1.018230E-17
8155.16671416429  8.804420E-18
8157.10983357598  1.005325E-17
8159.05295298767  1.017685E-17
8160.99607239935  8.969596E-18
8162.93919181104  9.066847E-18
8164.88231122272  9.961586E-18
8166.82543063441  9.313516E-18
8168.76855004609  8.719526E-18
8170.71166945778  9.360650E-18
8172.65478886947  1.237932E-17
8174.59790828115  1.341688E-17
8176.54102769284  1.241391E-17
8178.48414710452  1.135834E-17
8180.42726651621  1.003709E-17
8182.3703859279  9.941890E-18
8184.31350533959  1.045181E-17
8186.25662475127  1.022648E-17
8188.19974416295  1.048744E-17
8190.14286357464  9.852880E-18
8192.08598298633  8.477911E-18
8194.02910239801  8.809726E-18
8195.9722218097  1.034321E-17
8197.91534122139  9.433839E-18
8199.85846063307  7.093414E-18
8201.80158004476  8.726087E-18
8203.74469945644  9.547774E-18
8205.68781886813  8.313178E-18
8207.63093827982  8.642732E-18
8209.5740576915  1.174477E-17
8211.51717710319  1.201507E-17
8213.46029651487  8.942755E-18
8215.40341592656  8.387141E-18
8217.34653533825  9.486533E-18
8219.28965474993  1.086966E-17
8221.23277416162  1.090950E-17
8223.1758935733  9.609357E-18
8225.11901298499  7.749025E-18
8227.06213239668  7.313966E-18
8229.00525180836  8.378411E-18
8230.94837122005  8.400408E-18
8232.89149063174  8.224800E-18
8234.83461004342  7.417210E-18
8236.77772945511  8.424900E-18
8238.72084886679  1.048788E-17
8240.66396827848  8.951171E-18
8242.60708769017  1.024067E-17
8244.55020710185  1.138570E-17
8246.49332651354  1.076232E-17
8248.43644592523  9.840054E-18
8250.37956533691  7.617993E-18
8252.3226847486  8.266428E-18
8254.26580416028  8.665647E-18
8256.20892357197  9.115533E-18
8258.15204298366  9.703814E-18
8260.09516239534  8.916743E-18
8262.03828180703  9.065721E-18
8263.98140121871  9.524277E-18
8265.9245206304  8.512666E-18
8267.86764004208  8.773921E-18
8269.81075945377  8.412117E-18
8271.75387886546  8.701204E-18
8273.69699827714  1.170514E-17
8275.64011768883  1.273648E-17
8277.58323710052  1.108900E-17
8279.5263565122  8.447956E-18
8281.46947592389  5.025042E-18
8283.41259533557  6.842014E-18
8285.35571474726  1.070271E-17
8287.29883415895  8.462829E-18
8289.24195357063  4.355961E-18
8291.18507298232  1.597428E-18
8293.128192394  1.030749E-18
8295.07131180569  3.368424E-18
8297.01443121738  8.410095E-18
8298.95755062906  1.363386E-17
8300.90067004075  1.113582E-17
8302.84378945244  7.576215E-18
8304.78690886412  1.035236E-17
8306.73002827581  1.095181E-17
8308.67314768749  1.035530E-17
8310.61626709918  1.140745E-17
8312.55938651087  1.149429E-17
8314.50250592255  1.174295E-17
8316.44562533424  9.420125E-18
8318.38874474592  6.663535E-18
8320.33186415761  7.779779E-18
8322.2749835693  7.652872E-18
8324.21810298098  5.533004E-18
8326.16122239267  7.091121E-18
8328.10434180435  9.395683E-18
8330.04746121604  8.124401E-18
8331.99058062773  7.449460E-18
8333.93370003941  5.198175E-18
8335.8768194511  3.096245E-18
8337.81993886278  6.137828E-18
8339.76305827447  9.896057E-18
8341.70617768616  1.198021E-17
8343.64929709784  1.081056E-17
8345.59241650953  -2.057184E-19
8347.53553592122  -7.854245E-18
8349.4786553329  -6.911570E-18
8351.42177474459  3.085851E-18
8353.36489415627  8.590331E-18
8355.30801356796  9.173500E-18
8357.25113297965  7.030177E-18
8359.19425239133  5.405249E-18
8361.13737180302  8.433351E-18
8363.08049121471  9.921723E-18
8365.02361062639  9.299404E-18
8366.96673003808  8.826145E-18
8368.90984944976  7.812765E-18
8370.85296886145  9.004974E-18
8372.79608827314  1.025268E-17
8374.73920768482  1.017831E-17
8376.68232709651  9.876517E-18
8378.62544650819  9.212277E-18
8380.56856591988  9.388832E-18
8382.51168533157  9.907423E-18
8384.45480474325  1.073817E-17
8386.39792415494  1.163372E-17
8388.34104356662  9.763006E-18
8390.28416297831  8.679090E-18
8392.22728239  8.113140E-18
8394.17040180168  7.936487E-18
8396.11352121337  6.983145E-18
8398.05664062505  4.882324E-18
