3502.809  1.602810E-17
3506.41444339623  2.121507E-17
3510.01988679245  1.933900E-17
3513.62533018868  -1.643509E-17
3517.23077358491  2.892411E-17
3520.83621698113  1.114606E-16
3524.44166037736  1.205768E-16
3528.04710377359  9.783197E-17
3531.65254716981  8.480033E-17
3535.25799056604  8.439844E-17
3538.86343396226  7.657370E-17
3542.46887735849  7.230865E-17
3546.07432075472  1.305380E-16
3549.67976415094  1.275217E-16
3553.28520754717  8.774362E-17
3556.8906509434  5.714398E-17
3560.49609433962  3.352471E-17
3564.10153773585  -9.227907E-19
3567.70698113208  -9.270627E-20
3571.3124245283  1.225095E-17
3574.91786792453  1.152349E-17
3578.52331132076  -1.438074E-17
3582.12875471698  -2.616504E-17
3585.73419811321  -3.059298E-17
3589.33964150944  -1.501104E-17
3592.94508490566  -6.443695E-18
3596.55052830189  -4.150590E-18
3600.15597169811  -1.689121E-17
3603.76141509434  -2.298364E-17
3607.36685849057  2.055383E-17
3610.97230188679  3.975259E-17
3614.57774528302  3.245422E-17
3618.18318867925  4.182291E-17
3621.78863207547  3.893732E-17
3625.3940754717  1.898986E-17
3628.99951886793  3.845048E-17
3632.60496226415  6.186090E-17
3636.21040566038  6.474059E-17
3639.8158490566  6.532364E-17
3643.42129245283  4.747779E-17
3647.02673584906  4.456235E-17
3650.63217924528  5.992325E-17
3654.23762264151  4.249205E-17
3657.84306603774  3.107364E-17
3661.44850943396  2.963139E-17
3665.05395283019  2.919658E-17
3668.65939622642  3.333929E-17
3672.26483962264  1.172759E-17
3675.87028301887  1.171274E-17
3679.4757264151  -1.095092E-18
3683.08116981132  -5.843964E-18
3686.68661320755  5.227614E-18
3690.29205660377  4.287881E-18
3693.8975  -4.119054E-19
3697.50294339623  -1.985551E-19
3701.10838679245  4.783528E-18
3704.71383018868  -1.965934E-18
3708.31927358491  1.629442E-18
3711.92471698113  1.316430E-17
3715.53016037736  1.858027E-17
3719.13560377359  9.358194E-18
3722.74104716981  1.331283E-17
3726.34649056604  2.966467E-17
3729.95193396226  1.638029E-17
3733.55737735849  8.080414E-18
3737.16282075472  1.494866E-17
3740.76826415094  6.734188E-18
3744.37370754717  1.349209E-17
3747.9791509434  1.628401E-17
3751.58459433962  1.882826E-17
3755.19003773585  2.175537E-17
3758.79548113208  1.688172E-17
3762.4009245283  1.553883E-17
3766.00636792453  6.497193E-18
3769.61181132076  7.309070E-18
3773.21725471698  1.086432E-17
3776.82269811321  7.281233E-18
3780.42814150943  -4.582060E-18
3784.03358490566  -6.354784E-18
3787.63902830189  -2.193602E-18
3791.24447169811  -1.714002E-18
3794.84991509434  -2.738974E-18
3798.45535849057  -8.489148E-18
3802.06080188679  -9.195517E-18
3805.66624528302  1.162861E-17
3809.27168867925  1.366448E-16
3812.87713207547  1.575372E-16
3816.4825754717  3.449074E-17
3820.08801886793  -5.784013E-18
3823.69346226415  -4.132432E-18
3827.29890566038  4.121140E-18
3830.9043490566  6.747802E-18
3834.50979245283  1.273430E-18
3838.11523584906  5.449682E-19
3841.72067924528  -7.175383E-19
3845.32612264151  -4.651199E-18
3848.93156603774  -4.476502E-18
3852.53700943396  -2.052397E-18
3856.14245283019  2.026358E-18
3859.74789622642  1.488928E-18
3863.35333962264  3.325791E-18
3866.95878301887  7.147209E-18
3870.5642264151  8.483575E-18
3874.16966981132  7.225403E-18
3877.77511320755  3.219509E-19
3881.38055660377  8.596448E-19
3884.986  3.767030E-19
3888.59144339623  1.312955E-18
3892.19688679245  4.243607E-18
3895.80233018868  8.250826E-18
3899.40777358491  6.521645E-18
3903.01321698113  4.124292E-18
3906.61866037736  2.334130E-19
3910.22410377359  3.085668E-19
3913.82954716981  1.038765E-18
3917.43499056604  1.194545E-18
3921.04043396227  4.225141E-18
3924.64587735849  7.517424E-18
3928.25132075472  8.987418E-18
3931.85676415094  6.390665E-18
3935.46220754717  1.235529E-18
3939.0676509434  -3.480869E-18
3942.67309433962  -5.850036E-20
3946.27853773585  6.251571E-18
3949.88398113208  -1.594237E-18
3953.4894245283  -2.386122E-17
3957.09486792453  -3.079096E-17
3960.70031132076  5.632768E-18
3964.30575471698  1.347800E-17
3967.91119811321  6.649951E-18
3971.51664150943  1.629926E-18
3975.12208490566  4.742560E-18
3978.72752830189  9.742662E-18
3982.33297169811  -1.504224E-18
3985.93841509434  1.166169E-18
3989.54385849057  -5.803158E-18
3993.14930188679  -1.274652E-17
3996.75474528302  -2.585298E-18
4000.36018867925  -5.333279E-19
4003.96563207547  5.941025E-18
4007.5710754717  4.824767E-18
4011.17651886793  -3.798953E-19
4014.78196226415  -7.385843E-19
4018.38740566038  7.364147E-18
4021.9928490566  7.190732E-18
4025.59829245283  6.802101E-18
4029.20373584906  4.880950E-18
4032.80917924528  1.175027E-17
4036.41462264151  6.097239E-18
4040.02006603774  7.261057E-18
4043.62550943396  6.916164E-18
4047.23095283019  3.896711E-18
4050.83639622642  2.456536E-18
4054.44183962264  8.438064E-18
4058.04728301887  1.610627E-17
4061.65272641509  1.310650E-17
4065.25816981132  1.090589E-17
4068.86361320755  2.277193E-17
4072.46905660377  1.877563E-17
4076.0745  -2.299744E-19
4079.67994339623  -1.391542E-18
4083.28538679245  2.006724E-18
4086.89083018868  9.804174E-18
4090.49627358491  1.183577E-17
4094.10171698113  1.563462E-17
4097.70716037736  2.240913E-17
4101.31260377359  2.567024E-17
4104.91804716981  5.118543E-17
4108.52349056604  6.337479E-17
4112.12893396226  4.343436E-17
4115.73437735849  2.880345E-17
4119.33982075472  1.367874E-17
4122.94526415094  3.078876E-18
4126.55070754717  4.247173E-18
4130.1561509434  1.137068E-17
4133.76159433962  3.433759E-18
4137.36703773585  3.604967E-18
4140.97248113208  9.669865E-18
4144.5779245283  1.280291E-17
4148.18336792453  1.786764E-17
4151.78881132076  1.595832E-17
4155.39425471698  1.054651E-17
4158.99969811321  1.295775E-17
4162.60514150943  1.186931E-17
4166.21058490566  1.066586E-17
4169.81602830189  3.980602E-18
4173.42147169811  -3.797570E-18
4177.02691509434  4.083498E-19
4180.63235849057  7.720170E-18
4184.23780188679  7.596038E-18
4187.84324528302  9.378186E-18
4191.44868867925  1.753065E-17
4195.05413207547  6.754625E-18
4198.6595754717  9.431980E-19
4202.26501886793  1.144619E-17
4205.87046226415  1.675881E-17
4209.47590566038  1.342055E-17
4213.0813490566  7.712561E-18
4216.68679245283  1.088824E-17
4220.29223584906  1.365664E-17
4223.89767924528  9.302250E-18
4227.50312264151  9.518022E-18
4231.10856603774  9.114432E-18
4234.71400943396  1.550270E-17
4238.31945283019  2.223018E-17
4241.92489622642  2.116571E-17
4245.53033962264  8.752582E-18
4249.13578301887  2.618283E-18
4252.74122641509  1.308356E-17
4256.34666981132  1.925944E-17
4259.95211320755  3.051320E-17
4263.55755660377  3.645779E-17
4267.163  3.169574E-17
4270.76844339623  2.183089E-17
4274.37388679245  1.472303E-17
4277.97933018868  1.435534E-17
4281.58477358491  1.944144E-17
4285.19021698113  2.388429E-17
4288.79566037736  2.986287E-17
4292.40110377359  2.840927E-17
4296.00654716981  1.661026E-17
4299.61199056604  1.435933E-17
4303.21743396227  1.376975E-17
4306.82287735849  1.470729E-17
4310.42832075472  1.405172E-17
4314.03376415094  1.536221E-17
4317.63920754717  1.858566E-17
4321.2446509434  1.983470E-17
4324.85009433962  1.854810E-17
4328.45553773585  1.698037E-17
4332.06098113208  1.656344E-17
4335.6664245283  2.252221E-17
4339.27186792453  2.522200E-17
4342.87731132076  1.631827E-17
4346.48275471698  2.202002E-17
4350.08819811321  2.111746E-17
4353.69364150944  1.655731E-17
4357.29908490566  1.088866E-17
4360.90452830189  1.998578E-17
4364.50997169811  2.638995E-17
4368.11541509434  3.376475E-17
4371.72085849057  3.268705E-17
4375.32630188679  2.552601E-17
4378.93174528302  1.885883E-17
4382.53718867925  1.836603E-17
4386.14263207547  1.807327E-17
4389.7480754717  1.190475E-17
4393.35351886793  9.980675E-18
4396.95896226415  1.258069E-17
4400.56440566038  1.341466E-17
4404.1698490566  1.571785E-17
4407.77529245283  1.630794E-17
4411.38073584906  1.671043E-17
4414.98617924528  1.564057E-17
4418.59162264151  1.569852E-17
4422.19706603774  1.505943E-17
4425.80250943396  1.573995E-17
4429.40795283019  1.804564E-17
4433.01339622642  1.519717E-17
4436.61883962264  1.285770E-17
4440.22428301887  1.272057E-17
4443.82972641509  1.315049E-17
4447.43516981132  1.602729E-17
4451.04061320755  1.936422E-17
4454.64605660377  1.177765E-17
4458.2515  1.125503E-17
4461.85694339623  1.163170E-17
4465.46238679245  1.566893E-17
4469.06783018868  9.304180E-18
4472.67327358491  1.005885E-17
4476.27871698113  1.791268E-17
4479.88416037736  1.773071E-17
4483.48960377359  1.328820E-17
4487.09504716981  5.080169E-18
4490.70049056604  6.816159E-18
4494.30593396226  1.079616E-17
4497.91137735849  1.185463E-17
4501.51682075472  1.230314E-17
4505.12226415094  1.192060E-17
4508.72770754717  1.099598E-17
4512.3331509434  1.886206E-17
4515.93859433962  2.769246E-17
4519.54403773585  2.686122E-17
4523.14948113208  2.306958E-17
4526.7549245283  2.314491E-17
4530.36036792453  1.985669E-17
4533.96581132076  1.612495E-17
4537.57125471698  1.676691E-17
4541.17669811321  1.624281E-17
4544.78214150943  1.283908E-17
4548.38758490566  7.199831E-18
4551.99302830189  9.962754E-18
4555.59847169811  1.532963E-17
4559.20391509434  8.115830E-18
4562.80935849057  3.294439E-18
4566.41480188679  7.790610E-18
4570.02024528302  1.365420E-17
4573.62568867925  1.664090E-17
4577.23113207547  2.099665E-17
4580.8365754717  2.177441E-17
4584.44201886793  1.789629E-17
4588.04746226415  1.616891E-17
4591.65290566038  1.576277E-17
4595.25834905661  1.380340E-17
4598.86379245283  1.318573E-17
4602.46923584906  1.422706E-17
4606.07467924528  1.147444E-17
4609.68012264151  1.082037E-17
4613.28556603774  1.418129E-17
4616.89100943396  1.760382E-17
4620.49645283019  1.766189E-17
4624.10189622642  1.399186E-17
4627.70733962264  1.681685E-17
4631.31278301887  1.612063E-17
4634.91822641509  1.440124E-17
4638.52366981132  1.294411E-17
4642.12911320755  1.626367E-17
4645.73455660377  1.865387E-17
4649.34  2.162087E-17
4652.94544339623  2.099550E-17
4656.55088679245  1.606247E-17
4660.15633018868  1.711476E-17
4663.76177358491  1.457581E-17
4667.36721698113  8.697435E-18
4670.97266037736  1.226476E-17
4674.57810377359  1.687508E-17
4678.18354716981  1.898468E-17
4681.78899056604  1.621226E-17
4685.39443396226  1.890811E-17
4688.99987735849  2.134562E-17
4692.60532075472  1.870452E-17
4696.21076415094  1.994017E-17
4699.81620754717  1.905471E-17
4703.4216509434  1.181464E-17
4707.02709433962  1.300739E-17
4710.63253773585  1.795149E-17
4714.23798113208  1.908195E-17
4717.8434245283  1.573993E-17
4721.44886792453  1.289731E-17
4725.05431132075  1.499486E-17
4728.65975471698  1.632798E-17
4732.26519811321  1.379404E-17
4735.87064150943  1.551295E-17
4739.47608490566  1.774060E-17
4743.08152830189  2.206920E-17
4746.68697169811  2.131828E-17
4750.29241509434  1.966663E-17
4753.89785849057  1.942663E-17
4757.50330188679  1.571452E-17
4761.10874528302  1.445047E-17
4764.71418867925  1.308594E-17
4768.31963207547  1.538275E-17
4771.9250754717  2.274250E-17
4775.53051886793  3.449516E-17
4779.13596226415  4.376936E-17
4782.74140566038  4.176827E-17
4786.3468490566  3.203450E-17
4789.95229245283  2.152994E-17
4793.55773584906  1.762056E-17
4797.16317924528  2.310899E-17
4800.76862264151  2.327522E-17
4804.37406603774  2.147996E-17
4807.97950943396  2.025559E-17
4811.58495283019  1.722779E-17
4815.19039622642  1.410459E-17
4818.79583962264  1.560492E-17
4822.40128301887  1.632343E-17
4826.00672641509  1.502709E-17
4829.61216981132  1.559698E-17
4833.21761320755  1.989888E-17
4836.82305660378  2.150548E-17
4840.4285  2.093294E-17
4844.03394339623  2.039400E-17
4847.63938679245  1.731152E-17
4851.24483018868  1.711793E-17
4854.85027358491  1.821958E-17
4858.45571698113  1.890060E-17
4862.06116037736  1.991661E-17
4865.66660377359  2.083871E-17
4869.27204716981  1.958078E-17
4872.87749056604  1.776007E-17
4876.48293396226  1.878296E-17
4880.08837735849  2.169325E-17
4883.69382075472  2.077932E-17
4887.29926415094  1.576700E-17
4890.90470754717  1.807084E-17
4894.5101509434  1.775161E-17
4898.11559433962  1.745111E-17
4901.72103773585  1.932095E-17
4905.32648113208  2.295799E-17
4908.9319245283  2.326734E-17
4912.53736792453  2.386501E-17
4916.14281132076  2.549544E-17
4919.74825471698  2.191603E-17
4923.35369811321  2.227508E-17
4926.95914150943  2.465687E-17
4930.56458490566  2.395309E-17
4934.17002830189  1.962028E-17
4937.77547169811  1.649538E-17
4941.38091509434  2.060883E-17
4944.98635849057  2.641506E-17
4948.59180188679  2.809186E-17
4952.19724528302  2.535799E-17
4955.80268867925  2.237510E-17
4959.40813207547  2.017721E-17
4963.0135754717  2.166117E-17
4966.61901886793  2.165099E-17
4970.22446226415  2.519277E-17
4973.82990566038  2.905763E-17
4977.4353490566  2.508329E-17
4981.04079245283  2.315207E-17
4984.64623584906  2.264551E-17
4988.25167924528  2.794670E-17
4991.85712264151  2.956126E-17
4995.46256603774  2.632965E-17
4999.06800943396  2.613379E-17
5002.67345283019  2.816410E-17
5006.27889622642  2.903238E-17
5009.88433962264  2.611295E-17
5013.48978301887  2.456373E-17
5017.0952264151  2.807807E-17
5020.70066981132  2.301329E-17
5024.30611320755  2.318606E-17
5027.91155660378  2.461651E-17
5031.517  2.788090E-17
5035.12244339623  2.797812E-17
5038.72788679245  2.758743E-17
5042.33333018868  2.634922E-17
5045.93877358491  2.424633E-17
5049.54421698113  2.679778E-17
5053.14966037736  2.782092E-17
5056.75510377359  2.642005E-17
5060.36054716981  2.651483E-17
5063.96599056604  2.584636E-17
5067.57143396227  2.750546E-17
5071.17687735849  2.945945E-17
5074.78232075472  2.794179E-17
5078.38776415095  2.291839E-17
5081.99320754717  2.002065E-17
5085.5986509434  2.462479E-17
5089.20409433962  2.759377E-17
5092.80953773585  2.443827E-17
5096.41498113208  2.252428E-17
5100.0204245283  2.146677E-17
5103.62586792453  2.119326E-17
5107.23131132076  2.037211E-17
5110.83675471698  2.044505E-17
5114.44219811321  2.233528E-17
5118.04764150944  2.141943E-17
5121.65308490566  2.046700E-17
5125.25852830189  2.207519E-17
5128.86397169811  2.675017E-17
5132.46941509434  2.698111E-17
5136.07485849057  2.373611E-17
5139.68030188679  1.925016E-17
5143.28574528302  1.518481E-17
5146.89118867925  1.553544E-17
5150.49663207547  1.763928E-17
5154.1020754717  2.101981E-17
5157.70751886793  2.135773E-17
5161.31296226415  1.837191E-17
5164.91840566038  1.767259E-17
5168.5238490566  1.782922E-17
5172.12929245283  1.725023E-17
5175.73473584906  1.802492E-17
5179.34017924529  1.920511E-17
5182.94562264151  1.851466E-17
5186.55106603774  1.745704E-17
5190.15650943396  1.658221E-17
5193.76195283019  1.522983E-17
5197.36739622642  1.572703E-17
5200.97283962264  1.717169E-17
5204.57828301887  1.709302E-17
5208.1837264151  1.699854E-17
5211.78916981132  1.574017E-17
5215.39461320755  1.509851E-17
5219.00005660377  1.648114E-17
5222.6055  1.627659E-17
5226.21094339623  1.527272E-17
5229.81638679245  1.801157E-17
5233.42183018868  2.144793E-17
5237.02727358491  1.854434E-17
5240.63271698113  1.666935E-17
5244.23816037736  1.642909E-17
5247.84360377359  1.659203E-17
5251.44904716981  1.551538E-17
5255.05449056604  1.406244E-17
5258.65993396227  1.631089E-17
5262.26537735849  1.650946E-17
5265.87082075472  1.575157E-17
5269.47626415094  1.627765E-17
5273.08170754717  1.459068E-17
5276.6871509434  1.300763E-17
5280.29259433962  1.426264E-17
5283.89803773585  1.438396E-17
5287.50348113208  1.386899E-17
5291.1089245283  1.526374E-17
5294.71436792453  1.953751E-17
5298.31981132076  1.911297E-17
5301.92525471698  1.604139E-17
5305.53069811321  1.699998E-17
5309.13614150943  1.661763E-17
5312.74158490566  1.684654E-17
5316.34702830189  1.810606E-17
5319.95247169811  1.820835E-17
5323.55791509434  1.673232E-17
5327.16335849057  1.584269E-17
5330.76880188679  1.737076E-17
5334.37424528302  1.949028E-17
5337.97968867925  2.249508E-17
5341.58513207547  3.408362E-17
5345.1905754717  5.623109E-17
5348.79601886793  6.744168E-17
5352.40146226415  6.135316E-17
5356.00690566038  4.259919E-17
5359.6123490566  2.299733E-17
5363.21779245283  1.915735E-17
5366.82323584906  1.839186E-17
5370.42867924529  1.662986E-17
5374.03412264151  1.727869E-17
5377.63956603774  1.722512E-17
5381.24500943396  1.459410E-17
5384.85045283019  1.535109E-17
5388.45589622642  1.734656E-17
5392.06133962264  1.664420E-17
5395.66678301887  1.707658E-17
5399.2722264151  1.759194E-17
5402.87766981132  1.572669E-17
5406.48311320755  1.445176E-17
5410.08855660378  1.382341E-17
5413.694  1.592250E-17
5417.29944339623  1.733934E-17
5420.90488679245  1.777904E-17
5424.51033018868  1.608549E-17
5428.11577358491  1.550405E-17
5431.72121698113  1.623166E-17
5435.32666037736  1.676526E-17
5438.93210377359  1.801520E-17
5442.53754716981  2.013038E-17
5446.14299056604  2.678350E-17
5449.74843396227  5.362085E-17
5453.35387735849  8.462819E-17
5456.95932075472  9.480875E-17
5460.56476415094  8.016211E-17
5464.17020754717  4.715011E-17
5467.7756509434  2.303942E-17
5471.38109433962  1.508380E-17
5474.98653773585  1.365254E-17
5478.59198113208  1.541648E-17
5482.1974245283  1.749061E-17
5485.80286792453  1.836633E-17
5489.40831132076  1.777665E-17
5493.01375471698  1.662160E-17
5496.61919811321  2.150411E-17
5500.22464150944  6.759993E-17
5503.83008490566  1.751855E-16
5507.43552830189  2.574182E-16
5511.04097169812  2.526177E-16
5514.64641509434  1.767498E-16
5518.25185849057  7.838661E-17
5521.85730188679  2.761659E-17
5525.46274528302  1.827194E-17
5529.06818867925  1.800780E-17
5532.67363207547  1.973493E-17
5536.2790754717  1.889235E-17
5539.88451886793  1.620099E-17
5543.48996226415  1.634087E-17
5547.09540566038  1.802472E-17
5550.70084905661  1.728179E-17
5554.30629245283  1.587641E-17
5557.91173584906  1.723865E-17
5561.51717924528  1.722660E-17
5565.12262264151  1.658816E-17
5568.72806603774  1.906687E-17
5572.33350943396  1.864451E-17
5575.93895283019  1.705061E-17
5579.54439622642  1.637640E-17
5583.14983962264  1.614766E-17
5586.75528301887  1.562721E-17
5590.3607264151  1.721754E-17
5593.96616981132  1.935486E-17
5597.57161320755  1.850355E-17
5601.17705660377  1.719707E-17
5604.7825  1.827554E-17
5608.38794339623  2.061904E-17
5611.99338679245  2.048887E-17
5615.59883018868  1.772189E-17
5619.20427358491  1.724315E-17
5622.80971698113  1.876630E-17
5626.41516037736  1.795086E-17
5630.02060377359  1.647075E-17
5633.62604716981  1.757547E-17
5637.23149056604  2.045111E-17
5640.83693396227  2.150629E-17
5644.44237735849  2.099241E-17
5648.04782075472  1.943579E-17
5651.65326415094  1.649861E-17
5655.25870754717  1.804934E-17
5658.8641509434  1.981493E-17
5662.46959433962  2.123032E-17
5666.07503773585  1.986754E-17
5669.68048113208  3.679100E-17
5673.2859245283  8.672636E-17
5676.89136792453  8.314687E-17
5680.49681132076  4.068766E-17
5684.10225471698  2.202943E-17
5687.70769811321  2.096200E-17
5691.31314150943  2.180811E-17
5694.91858490566  2.288002E-17
5698.52402830189  2.396973E-17
5702.12947169811  2.477144E-17
5705.73491509434  2.317614E-17
5709.34035849057  2.092391E-17
5712.94580188679  2.029323E-17
5716.55124528302  2.017139E-17
5720.15668867925  2.184434E-17
5723.76213207547  2.211954E-17
5727.3675754717  2.795263E-17
5730.97301886792  3.347991E-17
5734.57846226415  2.595421E-17
5738.18390566038  2.045244E-17
5741.78934905661  2.116152E-17
5745.39479245283  2.186274E-17
5749.00023584906  1.950201E-17
5752.60567924528  1.914770E-17
5756.21112264151  1.917312E-17
5759.81656603774  2.012654E-17
5763.42200943396  2.027875E-17
5767.02745283019  2.066645E-17
5770.63289622642  2.177182E-17
5774.23833962264  2.064408E-17
5777.84378301887  1.937606E-17
5781.4492264151  1.992539E-17
5785.05466981132  1.925578E-17
5788.66011320755  1.862219E-17
5792.26555660378  2.069365E-17
5795.871  2.241037E-17
5799.47644339623  2.102851E-17
5803.08188679245  1.903718E-17
5806.68733018868  1.780627E-17
5810.29277358491  1.865977E-17
5813.89821698113  2.052957E-17
5817.50366037736  2.074394E-17
5821.10910377359  1.963958E-17
5824.71454716981  1.970226E-17
5828.31999056604  2.063439E-17
5831.92543396226  1.996946E-17
5835.53087735849  2.222825E-17
5839.13632075472  2.112221E-17
5842.74176415095  1.958225E-17
5846.34720754717  2.249958E-17
5849.9526509434  2.319959E-17
5853.55809433962  2.161407E-17
5857.16353773585  2.164252E-17
5860.76898113208  2.233289E-17
5864.3744245283  2.197702E-17
5867.97986792453  2.081089E-17
5871.58531132076  2.087211E-17
5875.19075471698  2.207999E-17
5878.79619811321  2.125523E-17
5882.40164150943  1.990473E-17
5886.00708490566  1.886780E-17
5889.61252830189  1.858121E-17
5893.21797169811  1.863604E-17
5896.82341509434  1.826198E-17
5900.42885849057  1.835067E-17
5904.03430188679  1.843760E-17
5907.63974528302  1.899389E-17
5911.24518867925  1.975803E-17
5914.85063207547  1.932083E-17
5918.4560754717  1.891256E-17
5922.06151886793  1.878392E-17
5925.66696226415  1.745752E-17
5929.27240566038  1.738366E-17
5932.87784905661  1.820157E-17
5936.48329245283  1.783790E-17
5940.08873584906  1.816337E-17
5943.69417924528  1.812069E-17
5947.29962264151  1.812306E-17
5950.90506603774  1.871831E-17
5954.51050943396  1.683110E-17
5958.11595283019  1.499945E-17
5961.72139622642  1.540388E-17
5965.32683962264  1.535517E-17
5968.93228301887  1.604926E-17
5972.5377264151  1.673202E-17
5976.14316981132  1.669195E-17
5979.74861320755  1.706152E-17
5983.35405660378  1.589677E-17
5986.9595  1.488984E-17
5990.56494339623  1.522372E-17
5994.17038679245  1.517475E-17
5997.77583018868  1.385501E-17
6001.38127358491  1.509636E-17
6004.98671698113  1.694163E-17
6008.59216037736  1.869181E-17
6012.19760377359  1.879797E-17
6015.80304716981  1.791362E-17
6019.40849056604  1.699858E-17
6023.01393396227  1.650699E-17
6026.61937735849  1.660918E-17
6030.22482075472  1.647544E-17
6033.83026415095  1.643123E-17
6037.43570754717  1.650405E-17
6041.0411509434  1.681883E-17
6044.64659433962  1.746652E-17
6048.25203773585  1.781536E-17
6051.85748113208  1.705749E-17
6055.4629245283  1.634790E-17
6059.06836792453  1.593251E-17
6062.67381132076  1.356150E-17
6066.27925471698  1.017035E-17
6069.88469811321  1.009669E-17
6073.49014150943  1.431637E-17
6077.09558490566  1.623541E-17
6080.70102830189  1.770560E-17
6084.30647169811  1.951961E-17
6087.91191509434  1.967297E-17
6091.51735849057  1.900368E-17
6095.12280188679  1.920307E-17
6098.72824528302  1.986936E-17
6102.33368867925  1.949735E-17
6105.93913207547  1.965827E-17
6109.5445754717  1.957372E-17
6113.15001886793  1.859718E-17
6116.75546226415  1.741079E-17
6120.36090566038  1.772287E-17
6123.9663490566  1.915162E-17
6127.57179245283  1.900173E-17
6131.17723584906  1.866551E-17
6134.78267924528  1.909900E-17
6138.38812264151  1.812300E-17
6141.99356603774  1.746745E-17
6145.59900943396  1.783137E-17
6149.20445283019  1.873176E-17
6152.80989622642  1.920996E-17
6156.41533962264  1.867141E-17
6160.02078301887  1.727643E-17
6163.62622641509  1.618195E-17
6167.23166981132  1.611497E-17
6170.83711320755  1.577094E-17
6174.44255660377  1.540438E-17
6178.048  1.486553E-17
6181.65344339623  1.395061E-17
6185.25888679245  1.383856E-17
6188.86433018868  1.367710E-17
6192.46977358491  1.313955E-17
6196.07521698113  1.314830E-17
6199.68066037736  1.363069E-17
6203.28610377359  1.357666E-17
6206.89154716981  1.293855E-17
6210.49699056604  1.275514E-17
6214.10243396226  1.300812E-17
6217.70787735849  1.322323E-17
6221.31332075472  1.273598E-17
6224.91876415094  1.136819E-17
6228.52420754717  1.217153E-17
6232.1296509434  1.352173E-17
6235.73509433962  1.327881E-17
6239.34053773585  1.381017E-17
6242.94598113208  1.414015E-17
6246.5514245283  1.308465E-17
6250.15686792453  1.208714E-17
6253.76231132076  1.169849E-17
6257.36775471698  1.144046E-17
6260.97319811321  1.132996E-17
6264.57864150944  1.196494E-17
6268.18408490566  1.296985E-17
6271.78952830189  1.323170E-17
6275.39497169811  1.234987E-17
6279.00041509434  1.246687E-17
6282.60585849057  1.289208E-17
6286.21130188679  1.161050E-17
6289.81674528302  1.015465E-17
6293.42218867925  1.118335E-17
6297.02763207547  1.437358E-17
6300.6330754717  1.502841E-17
6304.23851886793  1.458205E-17
6307.84396226415  1.424859E-17
6311.44940566038  1.344694E-17
6315.0548490566  1.225721E-17
6318.66029245283  1.149443E-17
6322.26573584906  1.158680E-17
6325.87117924529  1.233703E-17
6329.47662264151  1.306181E-17
6333.08206603774  1.370851E-17
6336.68750943396  1.348624E-17
6340.29295283019  1.150616E-17
6343.89839622642  1.052680E-17
6347.50383962264  1.144970E-17
6351.10928301887  1.152504E-17
6354.7147264151  1.120190E-17
6358.32016981132  1.089938E-17
6361.92561320755  1.046144E-17
6365.53105660378  1.150535E-17
6369.1365  1.221783E-17
6372.74194339623  1.141319E-17
6376.34738679245  1.124336E-17
6379.95283018868  1.141429E-17
6383.55827358491  1.084917E-17
6387.16371698113  1.007960E-17
6390.76916037736  1.018555E-17
6394.37460377359  1.108200E-17
6397.98004716981  1.169707E-17
6401.58549056604  1.188040E-17
6405.19093396227  1.195528E-17
6408.79637735849  1.192855E-17
6412.40182075472  1.155515E-17
6416.00726415095  1.177971E-17
6419.61270754717  1.182715E-17
6423.2181509434  1.113467E-17
6426.82359433962  1.129920E-17
6430.42903773585  1.208802E-17
6434.03448113208  1.269252E-17
6437.6399245283  1.285935E-17
6441.24536792453  1.277384E-17
6444.85081132076  1.302571E-17
6448.45625471698  1.387663E-17
6452.06169811321  1.403864E-17
6455.66714150944  1.318082E-17
6459.27258490566  1.361623E-17
6462.87802830189  1.554679E-17
6466.48347169811  1.697451E-17
6470.08891509434  1.747410E-17
6473.69435849057  1.771230E-17
6477.29980188679  1.670271E-17
6480.90524528302  1.530343E-17
6484.51068867925  1.460242E-17
6488.11613207547  1.420116E-17
6491.7215754717  1.429696E-17
6495.32701886793  1.447164E-17
6498.93246226415  1.467762E-17
6502.53790566038  1.487450E-17
6506.1433490566  1.475389E-17
6509.74879245283  1.437187E-17
6513.35423584906  1.329962E-17
6516.95967924528  1.234960E-17
6520.56512264151  1.311801E-17
6524.17056603774  1.397804E-17
6527.77600943396  1.412813E-17
6531.38145283019  1.442350E-17
6534.98689622642  1.441558E-17
6538.59233962264  1.416874E-17
6542.19778301887  1.429890E-17
6545.8032264151  1.433320E-17
6549.40866981132  1.415523E-17
6553.01411320755  1.640016E-17
6556.61955660378  2.147023E-17
6560.225  2.592785E-17
6563.83044339623  2.361274E-17
6567.43588679245  1.765770E-17
6571.04133018868  1.288155E-17
6574.64677358491  1.184987E-17
6578.25221698113  1.305620E-17
6581.85766037736  1.315141E-17
6585.46310377359  1.228222E-17
6589.06854716981  1.228983E-17
6592.67399056604  1.279874E-17
6596.27943396227  1.317775E-17
6599.88487735849  1.380769E-17
6603.49032075472  1.372591E-17
6607.09576415094  1.310776E-17
6610.70120754717  1.299828E-17
6614.3066509434  1.287884E-17
6617.91209433962  1.202363E-17
6621.51753773585  1.130692E-17
6625.12298113208  1.191564E-17
6628.7284245283  1.217759E-17
6632.33386792453  1.175823E-17
6635.93931132076  1.222234E-17
6639.54475471698  1.121595E-17
6643.15019811321  1.079255E-17
6646.75564150943  1.197537E-17
6650.36108490566  1.225773E-17
6653.96652830189  1.185099E-17
6657.57197169811  1.147651E-17
6661.17741509434  1.172619E-17
6664.78285849057  1.286002E-17
6668.38830188679  1.319230E-17
6671.99374528302  1.279325E-17
6675.59918867925  1.258136E-17
6679.20463207547  1.235379E-17
6682.8100754717  1.289696E-17
6686.41551886793  1.287221E-17
6690.02096226415  1.279618E-17
6693.62640566038  1.309850E-17
6697.2318490566  1.279009E-17
6700.83729245283  1.290745E-17
6704.44273584906  1.338332E-17
6708.04817924528  1.364209E-17
6711.65362264151  1.439633E-17
6715.25906603774  1.451650E-17
6718.86450943396  1.364972E-17
6722.46995283019  1.321690E-17
6726.07539622642  1.367626E-17
6729.68083962264  1.375170E-17
6733.28628301887  1.365451E-17
6736.8917264151  1.382107E-17
6740.49716981132  1.403198E-17
6744.10261320755  1.412181E-17
6747.70805660377  1.427854E-17
6751.3135  1.400250E-17
6754.91894339623  1.348017E-17
6758.52438679245  1.385351E-17
6762.12983018868  1.541641E-17
6765.73527358491  1.582736E-17
6769.34071698113  1.479435E-17
6772.94616037736  1.449912E-17
6776.55160377359  1.570383E-17
6780.15704716981  1.540344E-17
6783.76249056604  1.558263E-17
6787.36793396227  1.685586E-17
6790.97337735849  1.751802E-17
6794.57882075472  1.714028E-17
6798.18426415094  1.739554E-17
6801.78970754717  1.776730E-17
6805.3951509434  1.746130E-17
6809.00059433962  1.698631E-17
6812.60603773585  1.685781E-17
6816.21148113208  1.667646E-17
6819.8169245283  1.637380E-17
6823.42236792453  1.636117E-17
6827.02781132076  1.644715E-17
6830.63325471698  1.698180E-17
6834.23869811321  1.758859E-17
6837.84414150943  1.788998E-17
6841.44958490566  1.832923E-17
6845.05502830189  1.860402E-17
6848.66047169811  1.838300E-17
6852.26591509434  1.862595E-17
6855.87135849057  1.941066E-17
6859.4768018868  1.944727E-17
6863.08224528302  1.850716E-17
6866.68768867925  1.754510E-17
6870.29313207547  1.717723E-17
6873.8985754717  1.822040E-17
6877.50401886792  1.952901E-17
6881.10946226415  2.000372E-17
6884.71490566038  2.011162E-17
6888.32034905661  2.034136E-17
6891.92579245283  2.095089E-17
6895.53123584906  2.146124E-17
6899.13667924528  2.121008E-17
6902.74212264151  2.131661E-17
6906.34756603774  2.179177E-17
6909.95300943396  2.219419E-17
6913.55845283019  2.283410E-17
6917.16389622642  2.412372E-17
6920.76933962264  2.551454E-17
6924.37478301887  2.612201E-17
6927.9802264151  2.596871E-17
6931.58566981132  2.547086E-17
6935.19111320755  2.526631E-17
6938.79655660378  2.599521E-17
6942.402  2.664364E-17
6946.00744339623  2.691742E-17
6949.61288679245  2.661429E-17
6953.21833018868  2.658849E-17
6956.82377358491  2.716687E-17
6960.42921698113  2.746283E-17
6964.03466037736  2.657003E-17
6967.64010377359  2.508816E-17
6971.24554716981  2.570535E-17
6974.85099056604  2.640281E-17
6978.45643396227  2.628763E-17
6982.06187735849  2.546184E-17
6985.66732075472  2.481471E-17
6989.27276415095  2.535351E-17
6992.87820754717  2.632668E-17
6996.4836509434  2.637034E-17
7000.08909433962  2.446683E-17
7003.69453773585  2.350958E-17
7007.29998113208  2.403496E-17
7010.9054245283  2.423385E-17
7014.51086792453  2.298272E-17
7018.11631132076  2.230355E-17
7021.72175471698  2.286379E-17
7025.32719811321  2.280403E-17
7028.93264150943  2.283681E-17
7032.53808490566  2.307953E-17
7036.14352830189  2.281744E-17
7039.74897169811  2.181447E-17
7043.35441509434  2.082531E-17
7046.95985849057  2.055906E-17
7050.56530188679  2.087686E-17
7054.17074528302  2.096639E-17
7057.77618867925  2.058685E-17
7061.38163207547  2.063384E-17
7064.9870754717  2.052947E-17
7068.59251886793  1.987996E-17
7072.19796226415  1.935270E-17
7075.80340566038  1.987487E-17
7079.40884905661  1.981979E-17
7083.01429245283  1.903471E-17
7086.61973584906  1.894585E-17
7090.22517924528  1.945248E-17
7093.83062264151  1.976161E-17
7097.43606603774  1.958204E-17
7101.04150943396  1.894820E-17
7104.64695283019  1.830997E-17
7108.25239622642  1.906264E-17
7111.85783962264  1.977407E-17
7115.46328301887  2.033494E-17
7119.0687264151  2.003884E-17
7122.67416981132  1.858760E-17
7126.27961320755  1.708946E-17
7129.88505660377  1.718155E-17
7133.4905  1.821633E-17
7137.09594339623  1.845733E-17
7140.70138679245  1.789543E-17
7144.30683018868  1.751840E-17
7147.91227358491  1.742189E-17
7151.51771698113  1.803034E-17
7155.12316037736  1.785916E-17
7158.72860377359  1.734012E-17
7162.33404716981  1.692646E-17
7165.93949056604  1.692074E-17
7169.54493396226  1.673101E-17
7173.15037735849  1.536083E-17
7176.75582075472  1.425238E-17
7180.36126415094  1.480884E-17
7183.96670754717  1.562915E-17
7187.5721509434  1.535399E-17
7191.17759433962  1.480134E-17
7194.78303773585  1.474080E-17
7198.38848113208  1.533858E-17
7201.9939245283  1.606586E-17
7205.59936792453  1.591687E-17
7209.20481132076  1.638458E-17
7212.81025471698  2.381354E-17
7216.41569811321  4.788350E-17
7220.02114150943  9.059518E-17
7223.62658490566  1.410721E-16
7227.23202830189  1.664315E-16
7230.83747169811  1.499467E-16
7234.44291509434  1.051008E-16
7238.04835849057  5.473428E-17
7241.65380188679  2.499392E-17
7245.25924528302  1.694512E-17
7248.86468867925  1.646765E-17
7252.47013207547  1.648693E-17
7256.0755754717  1.541457E-17
7259.68101886793  1.426599E-17
7263.28646226415  1.419604E-17
7266.89190566038  1.396167E-17
7270.49734905661  1.348935E-17
7274.10279245283  1.343935E-17
7277.70823584906  1.318430E-17
7281.31367924528  1.320631E-17
7284.91912264151  1.356152E-17
7288.52456603774  1.415224E-17
7292.13000943396  1.381771E-17
7295.73545283019  1.244737E-17
7299.34089622642  1.189970E-17
7302.94633962264  1.241872E-17
7306.55178301887  1.232389E-17
7310.1572264151  1.178951E-17
7313.76266981132  1.223663E-17
7317.36811320755  1.351328E-17
7320.97355660377  1.372889E-17
7324.579  1.259583E-17
7328.18444339623  1.323398E-17
7331.78988679245  1.450727E-17
7335.39533018868  1.496273E-17
7339.00077358491  1.431153E-17
7342.60621698113  1.395385E-17
7346.21166037736  1.458858E-17
7349.81710377359  1.468594E-17
7353.42254716981  1.482167E-17
7357.02799056604  1.447298E-17
7360.63343396226  1.388917E-17
7364.23887735849  1.367695E-17
7367.84432075472  1.439425E-17
7371.44976415094  1.462094E-17
7375.05520754717  1.442036E-17
7378.6606509434  1.387041E-17
7382.26609433962  1.419928E-17
7385.87153773585  1.550455E-17
7389.47698113208  1.690666E-17
7393.0824245283  1.854371E-17
7396.68786792453  1.999846E-17
7400.29331132076  2.044403E-17
7403.89875471698  1.982136E-17
7407.50419811321  1.875594E-17
7411.10964150944  1.856382E-17
7414.71508490566  1.766843E-17
7418.32052830189  1.581836E-17
7421.92597169811  1.442220E-17
7425.53141509434  1.384290E-17
7429.13685849057  1.310650E-17
7432.74230188679  1.233758E-17
7436.34774528302  1.176789E-17
7439.95318867925  1.169228E-17
7443.55863207547  1.194857E-17
7447.1640754717  1.248917E-17
7450.76951886793  1.259599E-17
7454.37496226415  1.171450E-17
7457.98040566038  1.117735E-17
7461.58584905661  1.152911E-17
7465.19129245283  1.179149E-17
7468.79673584906  1.224105E-17
7472.40217924528  1.239195E-17
7476.00762264151  1.220765E-17
7479.61306603774  1.202117E-17
7483.21850943396  1.121811E-17
7486.82395283019  1.091155E-17
7490.42939622642  1.069233E-17
7494.03483962264  1.113327E-17
7497.64028301887  1.126766E-17
7501.2457264151  1.078406E-17
7504.85116981132  1.061909E-17
7508.45661320755  1.080706E-17
7512.06205660377  1.098844E-17
7515.6675  1.128956E-17
7519.27294339623  1.202397E-17
7522.87838679245  1.289330E-17
7526.48383018868  1.282525E-17
7530.08927358491  1.206179E-17
7533.69471698113  1.131817E-17
7537.30016037736  1.122355E-17
7540.90560377359  1.176906E-17
7544.51104716981  1.202942E-17
7548.11649056604  1.169762E-17
7551.72193396226  1.045375E-17
7555.32737735849  9.475258E-18
7558.93282075472  9.566606E-18
7562.53826415094  9.685655E-18
7566.14370754717  9.124023E-18
7569.7491509434  9.753971E-18
7573.35459433962  1.125319E-17
7576.96003773585  1.142767E-17
7580.56548113208  1.046573E-17
7584.1709245283  9.637098E-18
7587.77636792453  9.012544E-18
7591.38181132076  8.143837E-18
7594.98725471698  6.705933E-18
7598.59269811321  5.163847E-18
7602.19814150944  4.297726E-18
7605.80358490566  4.777748E-18
7609.40902830189  5.887066E-18
7613.01447169811  6.257343E-18
7616.61991509434  6.747199E-18
7620.22535849057  6.740219E-18
7623.83080188679  6.688978E-18
7627.43624528302  6.638352E-18
7631.04168867925  6.314956E-18
7634.64713207547  6.439671E-18
7638.2525754717  6.701613E-18
7641.85801886793  6.950323E-18
7645.46346226415  7.440390E-18
7649.06890566038  7.957858E-18
7652.6743490566  8.923782E-18
7656.27979245283  9.554907E-18
7659.88523584906  9.157095E-18
7663.49067924528  9.300669E-18
7667.09612264151  1.042127E-17
7670.70156603774  1.026932E-17
7674.30700943396  1.011713E-17
7677.91245283019  1.117191E-17
7681.51789622642  1.145072E-17
7685.12333962264  1.100623E-17
7688.72878301887  1.161943E-17
7692.33422641509  1.201570E-17
7695.93966981132  1.136849E-17
7699.54511320755  1.115906E-17
7703.15055660377  1.119042E-17
7706.756  1.205263E-17
7710.36144339623  1.278514E-17
7713.96688679245  1.181857E-17
7717.57233018868  1.141383E-17
7721.17777358491  1.194797E-17
7724.78321698113  1.195852E-17
7728.38866037736  1.149475E-17
7731.99410377359  1.123043E-17
7735.59954716981  1.177184E-17
7739.20499056604  1.203478E-17
7742.81043396227  1.180063E-17
7746.41587735849  1.257848E-17
7750.02132075472  1.374902E-17
7753.62676415094  1.474300E-17
7757.23220754717  1.445453E-17
7760.8376509434  1.309359E-17
7764.44309433962  1.241033E-17
7768.04853773585  1.230892E-17
7771.65398113208  1.180524E-17
7775.2594245283  1.148602E-17
7778.86486792453  1.219069E-17
7782.47031132076  1.310534E-17
7786.07575471698  1.360629E-17
7789.68119811321  1.297129E-17
7793.28664150944  1.217751E-17
7796.89208490566  1.228532E-17
7800.49752830189  1.170242E-17
7804.10297169812  1.149851E-17
7807.70841509434  1.257044E-17
7811.31385849057  1.327875E-17
7814.91930188679  1.276999E-17
7818.52474528302  1.156943E-17
7822.13018867925  1.066556E-17
7825.73563207547  1.125328E-17
7829.3410754717  1.250851E-17
7832.94651886793  1.286800E-17
7836.55196226415  1.300467E-17
7840.15740566038  1.364436E-17
7843.76284905661  1.361110E-17
7847.36829245283  1.400476E-17
7850.97373584906  1.549580E-17
7854.57917924528  1.673042E-17
7858.18462264151  1.707792E-17
7861.79006603774  1.602501E-17
7865.39550943396  1.479192E-17
7869.00095283019  1.477093E-17
7872.60639622642  1.490702E-17
7876.21183962264  1.430757E-17
7879.81728301887  1.411802E-17
7883.42272641509  1.436272E-17
7887.02816981132  1.475185E-17
7890.63361320755  1.413593E-17
7894.23905660378  1.327812E-17
7897.8445  1.327105E-17
7901.44994339623  1.398625E-17
7905.05538679245  1.408789E-17
7908.66083018868  1.429325E-17
7912.26627358491  1.547256E-17
7915.87171698113  1.533978E-17
7919.47716037736  1.468845E-17
7923.08260377359  1.448011E-17
7926.68804716981  1.424046E-17
7930.29349056604  1.391367E-17
7933.89893396227  1.448285E-17
7937.50437735849  1.557943E-17
7941.10982075472  1.524849E-17
7944.71526415094  1.483495E-17
7948.32070754717  1.512281E-17
7951.9261509434  1.524577E-17
7955.53159433962  1.417266E-17
7959.13703773585  1.328497E-17
7962.74248113208  1.436490E-17
7966.3479245283  1.486338E-17
7969.95336792453  1.420508E-17
7973.55881132076  1.399043E-17
7977.16425471698  1.434606E-17
7980.76969811321  1.499405E-17
7984.37514150943  1.596014E-17
7987.98058490566  1.671645E-17
7991.58602830189  1.598154E-17
7995.19147169811  1.690576E-17
7998.79691509434  2.116662E-17
8002.40235849057  2.670075E-17
8006.00780188679  3.603695E-17
8009.61324528302  2.854467E-17
8013.21868867925  2.310763E-17
8016.82413207547  2.157261E-17
8020.4295754717  2.256592E-17
8024.03501886792  2.374017E-17
8027.64046226415  2.323827E-17
8031.24590566038  2.249565E-17
8034.85134905661  2.296010E-17
8038.45679245283  2.389646E-17
8042.06223584906  2.353622E-17
8045.66767924528  2.280167E-17
8049.27312264151  2.316441E-17
8052.87856603774  2.388257E-17
8056.48400943396  2.457208E-17
8060.08945283019  2.496302E-17
8063.69489622642  2.463171E-17
8067.30033962264  2.355610E-17
8070.90578301887  2.296206E-17
8074.51122641509  2.318668E-17
8078.11666981132  2.241983E-17
8081.72211320755  2.119671E-17
8085.32755660378  2.060258E-17
8088.933  2.009537E-17
8092.53844339623  1.888517E-17
8096.14388679245  1.791523E-17
8099.74933018868  1.835889E-17
8103.35477358491  1.926913E-17
8106.96021698113  1.935089E-17
8110.56566037736  1.845689E-17
8114.17110377359  1.802564E-17
8117.77654716981  1.751688E-17
8121.38199056604  1.723830E-17
8124.98743396226  1.724254E-17
8128.59287735849  1.631007E-17
8132.19832075472  1.507887E-17
8135.80376415094  1.455628E-17
8139.40920754717  1.458701E-17
8143.0146509434  1.462772E-17
8146.62009433962  1.460433E-17
8150.22553773585  1.464126E-17
8153.83098113208  1.453540E-17
8157.4364245283  1.474133E-17
8161.04186792453  1.522351E-17
8164.64731132076  1.513914E-17
8168.25275471698  1.471366E-17
8171.85819811321  1.413893E-17
8175.46364150944  1.334722E-17
8179.06908490566  1.305545E-17
8182.67452830189  1.328645E-17
8186.27997169811  1.339060E-17
8189.88541509434  1.264334E-17
8193.49085849057  1.193039E-17
8197.09630188679  1.197434E-17
8200.70174528302  1.255276E-17
8204.30718867925  1.299552E-17
8207.91263207547  1.244408E-17
8211.5180754717  1.118590E-17
8215.12351886793  1.078024E-17
8218.72896226415  1.114473E-17
8222.33440566038  1.098793E-17
8225.93984905661  9.955900E-18
8229.54529245283  1.015128E-17
8233.15073584906  1.110182E-17
8236.75617924528  1.135182E-17
8240.36162264151  1.110697E-17
8243.96706603774  1.042842E-17
8247.57250943396  1.022041E-17
8251.17795283019  1.108521E-17
8254.78339622642  1.080317E-17
8258.38883962264  9.267864E-18
8261.99428301887  8.198984E-18
8265.5997264151  8.493596E-18
8269.20516981132  9.441668E-18
8272.81061320755  1.047931E-17
8276.41605660377  1.138673E-17
8280.0215  1.089941E-17
8283.62694339623  9.996852E-18
8287.23238679245  9.910070E-18
8290.83783018868  9.465659E-18
8294.44327358491  9.020583E-18
8298.04871698113  9.075798E-18
8301.65416037736  9.275552E-18
8305.25960377359  9.187943E-18
8308.86504716981  8.927774E-18
8312.47049056604  8.892310E-18
8316.07593396227  9.128092E-18
8319.68137735849  8.894229E-18
8323.28682075472  7.720145E-18
8326.89226415094  6.501356E-18
8330.49770754717  7.300700E-18
8334.1031509434  9.178169E-18
8337.70859433962  1.006711E-17
8341.31403773585  1.045768E-17
8344.91948113208  9.798002E-18
8348.5249245283  8.550695E-18
8352.13036792453  8.430111E-18
8355.73581132076  8.086065E-18
8359.34125471698  7.452282E-18
8362.94669811321  7.713347E-18
8366.55214150943  8.324563E-18
8370.15758490566  8.301087E-18
8373.76302830189  7.682547E-18
8377.36847169812  7.574759E-18
8380.97391509434  8.181206E-18
8384.57935849057  8.712207E-18
8388.18480188679  8.391086E-18
8391.79024528302  7.606360E-18
8395.39568867925  7.241522E-18
8399.00113207547  7.368038E-18
8402.6065754717  7.190957E-18
8406.21201886793  7.127835E-18
8409.81746226415  7.036208E-18
8413.42290566038  6.701270E-18
8417.02834905661  7.484538E-18
8420.63379245283  8.657004E-18
8424.23923584906  9.128002E-18
8427.84467924528  1.036844E-17
8431.45012264151  1.082793E-17
8435.05556603774  1.031759E-17
8438.66100943396  1.000586E-17
8442.26645283019  9.596978E-18
8445.87189622642  1.005249E-17
8449.47733962264  1.147856E-17
8453.08278301887  1.176036E-17
8456.6882264151  1.127278E-17
8460.29366981132  1.129163E-17
8463.89911320755  1.195627E-17
8467.50455660377  1.171936E-17
8471.11  1.127388E-17
8474.71544339623  1.158391E-17
8478.32088679245  1.229886E-17
8481.92633018868  1.311043E-17
8485.53177358491  1.401731E-17
8489.13721698113  1.514738E-17
8492.74266037736  1.644026E-17
8496.34810377359  1.723647E-17
8499.95354716981  1.716341E-17
8503.55899056604  1.689497E-17
8507.16443396226  1.677986E-17
8510.76987735849  1.697582E-17
8514.37532075472  1.762134E-17
8517.98076415094  1.853831E-17
8521.58620754717  1.935200E-17
8525.1916509434  1.989259E-17
8528.79709433962  2.038915E-17
8532.40253773585  2.077185E-17
8536.00798113208  2.100070E-17
8539.6134245283  2.103907E-17
8543.21886792453  2.035862E-17
8546.82431132076  2.005127E-17
8550.42975471698  2.127350E-17
8554.03519811321  2.127593E-17
8557.64064150944  2.058712E-17
8561.24608490566  2.077594E-17
8564.85152830189  2.175769E-17
8568.45697169811  2.209299E-17
8572.06241509434  2.192676E-17
8575.66785849057  2.226020E-17
8579.27330188679  2.218785E-17
8582.87874528302  2.132535E-17
8586.48418867925  2.009380E-17
8590.08963207547  1.923747E-17
8593.6950754717  1.954721E-17
8597.30051886793  2.030491E-17
8600.90596226415  2.034656E-17
8604.51140566038  1.947059E-17
8608.11684905661  1.868813E-17
8611.72229245283  1.835765E-17
8615.32773584906  1.761482E-17
8618.93317924528  1.712777E-17
8622.53862264151  1.765274E-17
8626.14406603774  1.879376E-17
8629.74950943396  1.913347E-17
8633.35495283019  1.825668E-17
8636.96039622642  1.740707E-17
8640.56583962264  1.816401E-17
8644.17128301887  1.906064E-17
8647.7767264151  1.869082E-17
8651.38216981132  1.748461E-17
8654.98761320755  1.673009E-17
8658.59305660377  1.700303E-17
8662.1985  1.786443E-17
8665.80394339623  1.845383E-17
8669.40938679245  1.864733E-17
8673.01483018868  1.860854E-17
8676.62027358491  1.849875E-17
8680.22571698113  1.870204E-17
8683.83116037736  1.890542E-17
8687.43660377359  1.858981E-17
8691.04204716981  1.783348E-17
8694.64749056604  1.706874E-17
8698.25293396226  1.721000E-17
8701.85837735849  1.942351E-17
8705.46382075472  2.504515E-17
8709.06926415094  3.606391E-17
8712.67470754717  4.622364E-17
8716.2801509434  3.554227E-17
8719.88559433963  2.081631E-17
8723.49103773585  1.484556E-17
8727.09648113208  1.395861E-17
8730.7019245283  1.479489E-17
8734.30736792453  1.505068E-17
8737.91281132075  1.363769E-17
8741.51825471698  1.168004E-17
8745.12369811321  1.125789E-17
8748.72914150944  1.210327E-17
8752.33458490566  1.125210E-17
8755.94002830189  9.627078E-18
8759.54547169812  9.614539E-18
8763.15091509434  1.233734E-17
8766.75635849057  1.517786E-17
8770.36180188679  1.497842E-17
8773.96724528302  1.238250E-17
8777.57268867925  1.125860E-17
8781.17813207547  1.133304E-17
8784.7835754717  1.116320E-17
8788.38901886793  1.058427E-17
8791.99446226415  1.060579E-17
8795.59990566038  1.056668E-17
8799.20534905661  9.770732E-18
8802.81079245283  8.464783E-18
8806.41623584906  5.726469E-18
8810.02167924528  3.602094E-18
8813.62712264151  4.876270E-18
8817.23256603774  7.521793E-18
8820.83800943396  9.856621E-18
8824.44345283019  1.017735E-17
8828.04889622642  7.072005E-18
8831.65433962264  4.895116E-18
8835.25978301887  5.436922E-18
8838.8652264151  5.905882E-18
8842.47066981132  6.338654E-18
8846.07611320755  6.452633E-18
8849.68155660378  5.771867E-18
8853.287  4.495495E-18
8856.89244339623  3.793371E-18
8860.49788679245  4.170049E-18
8864.10333018868  5.088168E-18
8867.70877358491  6.264322E-18
8871.31421698113  7.665031E-18
8874.91966037736  9.220395E-18
8878.52510377359  1.043610E-17
8882.13054716981  1.027594E-17
8885.73599056604  8.035365E-18
8889.34143396227  4.474806E-18
8892.94687735849  3.019329E-18
8896.55232075472  2.750256E-18
8900.15776415094  8.891118E-19
8903.76320754717  -1.816404E-18
8907.3686509434  -2.391799E-18
8910.97409433962  -6.093397E-19
8914.57953773585  6.128088E-19
8918.18498113208  3.557626E-19
8921.7904245283  -5.150263E-19
8925.39586792453  -7.318817E-19
8929.00131132076  1.628160E-20
8932.60675471698  6.362929E-19
8936.21219811321  6.031183E-19
8939.81764150944  1.102270E-18
8943.42308490566  3.728985E-18
8947.02852830189  6.975178E-18
8950.63397169811  8.489784E-18
8954.23941509434  8.757418E-18
8957.84485849057  7.934776E-18
8961.45030188679  5.684033E-18
8965.05574528302  2.610248E-18
8968.66118867925  1.193669E-18
8972.26663207547  1.405133E-18
8975.8720754717  2.625243E-18
8979.47751886793  7.038705E-18
8983.08296226415  1.461446E-17
8986.68840566038  2.102247E-17
8990.2938490566  2.082755E-17
8993.89929245283  1.440902E-17
8997.50473584906  7.158942E-18
9001.11017924528  3.318122E-18
9004.71562264151  2.676253E-18
9008.32106603774  3.081319E-18
9011.92650943396  1.990172E-18
9015.53195283019  5.661096E-18
9019.13739622642  4.136297E-17
9022.74283962264  9.560591E-17
9026.34828301887  1.152866E-16
9029.95372641509  7.262783E-17
9033.55916981132  1.893726E-17
9037.16461320755  2.098311E-18
9040.77005660377  2.861546E-18
9044.3755  4.985493E-18
9047.98094339623  4.526629E-18
9051.58638679245  3.256634E-18
9055.19183018868  2.270628E-18
9058.79727358491  1.798736E-18
9062.40271698113  1.930634E-18
9066.00816037736  2.817008E-18
9069.61360377358  3.726878E-18
9073.21904716981  4.043803E-18
9076.82449056604  3.765776E-18
9080.42993396226  3.175116E-18
9084.03537735849  2.949819E-18
9087.64082075472  3.316595E-18
9091.24626415095  3.605053E-18
9094.85170754717  3.727669E-18
9098.4571509434  3.786814E-18
9102.06259433962  3.677764E-18
9105.66803773585  3.337715E-18
9109.27348113207  3.379216E-18
9112.8789245283  3.822231E-18
9116.48436792453  3.455858E-18
9120.08981132076  2.943793E-18
9123.69525471698  3.269477E-18
9127.30069811321  4.024419E-18
9130.90614150944  4.322182E-18
9134.51158490566  4.283293E-18
9138.11702830189  4.119668E-18
9141.72247169812  3.399321E-18
9145.32791509434  3.200983E-18
9148.93335849057  4.021928E-18
9152.53880188679  4.901276E-18
9156.14424528302  5.458354E-18
9159.74968867925  5.459501E-18
9163.35513207547  5.001113E-18
9166.9605754717  4.939046E-18
9170.56601886793  5.184106E-18
9174.17146226415  5.550021E-18
9177.77690566038  5.980711E-18
9181.38234905661  6.006316E-18
9184.98779245283  5.887221E-18
9188.59323584906  6.174074E-18
9192.19867924528  6.530893E-18
9195.80412264151  6.502450E-18
9199.40956603774  6.125518E-18
9203.01500943396  5.959382E-18
9206.62045283019  6.381521E-18
9210.22589622642  7.198427E-18
9213.83133962264  7.890297E-18
9217.43678301887  8.241933E-18
9221.0422264151  8.606503E-18
9224.64766981132  8.808033E-18
9228.25311320755  8.126407E-18
9231.85855660377  7.563095E-18
9235.464  7.709605E-18
9239.06944339623  8.164590E-18
9242.67488679245  8.662777E-18
9246.28033018868  8.890597E-18
9249.88577358491  8.819353E-18
9253.49121698113  8.934341E-18
9257.09666037736  9.642708E-18
9260.70210377359  1.050934E-17
9264.30754716981  1.067137E-17
9267.91299056604  1.038349E-17
9271.51843396227  1.013915E-17
9275.12387735849  1.012221E-17
9278.72932075472  1.001486E-17
9282.33476415094  1.015167E-17
9285.94020754717  1.079931E-17
9289.5456509434  1.145696E-17
9293.15109433962  1.068294E-17
9296.75653773585  9.521618E-18
9300.36198113208  9.500638E-18
9303.9674245283  1.065068E-17
9307.57286792453  1.099515E-17
9311.17831132076  9.933273E-18
9314.78375471698  9.057380E-18
9318.38919811321  9.304869E-18
9321.99464150944  9.702301E-18
9325.60008490566  9.116459E-18
9329.20552830189  8.239188E-18
9332.81097169812  8.245944E-18
9336.41641509434  9.072320E-18
9340.02185849057  9.567649E-18
9343.62730188679  9.609571E-18
9347.23274528302  9.589616E-18
9350.83818867925  9.627543E-18
9354.44363207547  9.426190E-18
9358.0490754717  9.647004E-18
9361.65451886793  1.117417E-17
9365.25996226415  1.340959E-17
9368.86540566038  1.335657E-17
9372.4708490566  1.186871E-17
9376.07629245283  1.187986E-17
9379.68173584906  1.343649E-17
9383.28717924528  1.503330E-17
9386.89262264151  1.545742E-17
9390.49806603774  1.468615E-17
9394.10350943396  1.445650E-17
9397.70895283019  1.526345E-17
9401.31439622642  1.622865E-17
9404.91983962264  1.615945E-17
9408.52528301887  1.555959E-17
9412.13072641509  1.558206E-17
9415.73616981132  1.664333E-17
9419.34161320755  1.710791E-17
9422.94705660377  1.630185E-17
9426.5525  1.520694E-17
9430.15794339623  1.489684E-17
9433.76338679246  1.536986E-17
9437.36883018868  1.615026E-17
9440.97427358491  1.692639E-17
9444.57971698113  1.694486E-17
9448.18516037736  1.615935E-17
9451.79060377358  1.531046E-17
9455.39604716981  1.492890E-17
9459.00149056604  1.499835E-17
9462.60693396227  1.519343E-17
9466.21237735849  1.524898E-17
9469.81782075472  1.516932E-17
9473.42326415095  1.512924E-17
9477.02870754717  1.523820E-17
9480.6341509434  1.531051E-17
9484.23959433962  1.504363E-17
9487.84503773585  1.433185E-17
9491.45048113208  1.349525E-17
9495.0559245283  1.317430E-17
9498.66136792453  1.373589E-17
9502.26681132076  1.482105E-17
9505.87225471698  1.544565E-17
9509.47769811321  1.546616E-17
9513.08314150944  1.539704E-17
9516.68858490566  1.539166E-17
9520.29402830189  1.465082E-17
9523.89947169811  1.337166E-17
9527.50491509434  1.274492E-17
9531.11035849057  1.262194E-17
9534.71580188679  1.264011E-17
9538.32124528302  1.274747E-17
9541.92668867925  1.314624E-17
9545.53213207547  1.367160E-17
9549.1375754717  1.377120E-17
9552.74301886793  1.326772E-17
9556.34846226415  1.302006E-17
9559.95390566038  1.324904E-17
9563.5593490566  1.359134E-17
9567.16479245283  1.394545E-17
9570.77023584906  1.388784E-17
9574.37567924528  1.306206E-17
9577.98112264151  1.186489E-17
9581.58656603774  1.210500E-17
9585.19200943396  1.270980E-17
9588.79745283019  1.209977E-17
9592.40289622642  1.104588E-17
9596.00833962264  1.062472E-17
9599.61378301887  1.106777E-17
9603.2192264151  1.170241E-17
9606.82466981132  1.186286E-17
9610.43011320755  1.173748E-17
9614.03555660377  1.167616E-17
9617.641  1.130390E-17
9621.24644339623  1.145538E-17
9624.85188679245  1.226835E-17
9628.45733018868  1.228384E-17
9632.06277358491  1.134474E-17
9635.66821698113  1.036978E-17
9639.27366037736  1.001522E-17
9642.87910377358  9.666262E-18
9646.48454716981  9.171011E-18
9650.08999056604  8.968326E-18
9653.69543396226  9.388519E-18
9657.30087735849  9.921347E-18
9660.90632075472  9.882768E-18
9664.51176415095  9.293700E-18
9668.11720754717  9.260424E-18
9671.7226509434  9.786749E-18
9675.32809433962  1.008036E-17
9678.93353773585  9.718960E-18
9682.53898113208  9.297246E-18
9686.1444245283  8.772431E-18
9689.74986792453  7.627360E-18
9693.35531132076  6.684152E-18
9696.96075471698  7.265809E-18
9700.56619811321  9.252471E-18
9704.17164150944  1.055281E-17
9707.77708490566  1.077089E-17
9711.38252830189  1.038813E-17
9714.98797169811  9.701235E-18
9718.59341509434  8.757326E-18
9722.19885849057  8.542996E-18
9725.80430188679  9.479848E-18
9729.40974528302  1.012299E-17
9733.01518867925  9.788734E-18
9736.62063207547  8.899008E-18
9740.2260754717  8.327733E-18
9743.83151886793  8.420651E-18
9747.43696226415  8.673509E-18
9751.04240566038  8.410507E-18
9754.64784905661  7.655657E-18
9758.25329245283  7.023732E-18
9761.85873584906  6.715168E-18
9765.46417924529  6.398850E-18
9769.06962264151  6.299625E-18
9772.67506603774  6.685240E-18
9776.28050943396  6.863807E-18
9779.88595283019  5.343950E-18
9783.49139622642  3.411699E-18
9787.09683962264  2.776153E-18
9790.70228301887  3.419194E-18
9794.3077264151  4.435397E-18
9797.91316981132  5.114819E-18
9801.51861320755  5.377889E-18
9805.12405660378  5.558039E-18
9808.7295  6.242171E-18
9812.33494339623  7.236457E-18
9815.94038679245  7.665055E-18
9819.54583018868  7.714616E-18
9823.15127358491  7.952377E-18
9826.75671698113  8.227291E-18
9830.36216037736  7.295550E-18
9833.96760377359  6.050264E-18
9837.57304716981  6.027458E-18
9841.17849056604  7.289872E-18
9844.78393396227  8.602099E-18
9848.38937735849  8.586322E-18
9851.99482075472  7.361275E-18
9855.60026415094  6.752174E-18
9859.20570754717  6.167253E-18
9862.8111509434  5.190930E-18
9866.41659433962  5.569302E-18
9870.02203773585  7.223035E-18
9873.62748113208  8.515556E-18
9877.2329245283  8.149296E-18
9880.83836792453  6.790341E-18
9884.44381132076  5.108825E-18
9888.04925471698  4.396802E-18
9891.65469811321  5.927603E-18
9895.26014150943  6.424557E-18
9898.86558490566  4.813041E-18
9902.47102830189  3.194594E-18
9906.07647169811  1.625082E-18
9909.68191509434  1.356592E-18
9913.28735849057  2.645397E-18
9916.89280188679  2.983904E-18
9920.49824528302  2.627450E-18
9924.10368867925  2.864867E-18
9927.70913207547  4.002414E-18
9931.3145754717  5.173454E-18
9934.92001886792  5.183564E-18
9938.52546226415  3.831924E-18
9942.13090566038  2.436968E-18
9945.7363490566  1.891427E-18
9949.34179245283  2.502561E-18
9952.94723584906  3.897724E-18
9956.55267924528  5.818918E-18
9960.15812264151  7.255106E-18
9963.76356603774  7.875210E-18
9967.36900943396  9.038677E-18
9970.97445283019  9.923173E-18
9974.57989622642  9.385008E-18
9978.18533962264  7.737363E-18
9981.79078301887  6.645036E-18
9985.39622641509  6.705681E-18
9989.00166981132  7.086726E-18
9992.60711320755  6.250903E-18
9996.21255660377  6.821644E-18
9999.818  8.669419E-18
