3402.01  2.724109E-16
3405.37337086446  3.503883E-16
3408.73674172892  4.197511E-16
3412.10011259338  2.857020E-16
3415.46348345784  2.718659E-18
3418.82685432231  8.063912E-17
3422.19022518677  7.125100E-17
3425.55359605123  1.304407E-16
3428.91696691569  1.505631E-16
3432.28033778015  4.746978E-16
3435.64370864461  2.664455E-16
3439.00707950907  1.509056E-16
3442.37045037353  2.275547E-16
3445.73382123799  4.265657E-16
3449.09719210246  2.683822E-16
3452.46056296692  1.996047E-16
3455.82393383138  -1.259466E-17
3459.18730469584  2.704042E-16
3462.5506755603  5.400383E-16
3465.91404642476  2.697037E-16
3469.27741728922  4.084246E-16
3472.64078815368  2.845652E-16
3476.00415901814  -5.115763E-17
3479.3675298826  1.186704E-16
3482.73090074706  3.738010E-16
3486.09427161153  4.437381E-16
3489.45764247599  5.455291E-17
3492.82101334045  2.824367E-16
3496.18438420491  3.350055E-16
3499.54775506937  2.992166E-16
3502.91112593383  2.886361E-16
3506.27449679829  2.034706E-16
3509.63786766275  4.545522E-16
3513.00123852721  2.495003E-16
3516.36460939167  3.282626E-16
3519.72798025614  2.845499E-16
3523.0913511206  -8.082142E-17
3526.45472198506  1.974841E-16
3529.81809284952  3.495321E-16
3533.18146371398  4.195082E-16
3536.54483457844  3.512521E-16
3539.9082054429  2.698529E-16
3543.27157630736  3.745838E-16
3546.63494717182  3.434794E-16
3549.99831803628  2.447641E-16
3553.36168890075  1.849891E-16
3556.72505976521  1.135792E-16
3560.08843062967  1.435574E-16
3563.45180149413  2.701095E-16
3566.81517235859  3.383086E-16
3570.17854322305  3.631685E-16
3573.54191408751  4.007395E-16
3576.90528495197  3.642915E-16
3580.26865581643  2.249739E-16
3583.63202668089  3.908146E-16
3586.99539754536  3.134266E-16
3590.35876840982  2.865444E-16
3593.72213927428  2.582719E-16
3597.08551013874  2.495122E-16
3600.4488810032  2.635273E-16
3603.81225186766  3.389683E-16
3607.17562273212  1.154584E-16
3610.53899359658  3.161154E-17
3613.90236446104  1.652744E-16
3617.2657353255  3.532237E-16
3620.62910618997  2.581792E-16
3623.99247705443  3.680167E-16
3627.35584791889  2.715067E-16
3630.71921878335  1.231884E-16
3634.08258964781  1.493589E-16
3637.44596051227  2.466234E-16
3640.80933137673  2.746557E-16
3644.17270224119  2.835651E-16
3647.53607310565  2.400163E-16
3650.89944397011  2.010009E-16
3654.26281483458  2.607874E-16
3657.62618569904  2.750907E-16
3660.9895565635  1.703593E-16
3664.35292742796  2.444966E-16
3667.71629829242  1.856087E-16
3671.07966915688  1.880252E-16
3674.44304002134  2.772246E-16
3677.8064108858  2.964160E-16
3681.16978175026  3.441131E-16
3684.53315261473  2.710980E-16
3687.89652347919  2.337082E-16
3691.25989434365  2.441318E-16
3694.62326520811  2.626602E-16
3697.98663607257  2.532707E-16
3701.35000693703  2.887292E-16
3704.71337780149  2.243560E-16
3708.07674866595  1.753327E-16
3711.44011953041  2.379644E-16
3714.80349039487  2.966917E-16
3718.16686125933  3.372466E-16
3721.5302321238  2.450973E-16
3724.89360298826  1.873596E-16
3728.25697385272  2.595429E-16
3731.62034471718  2.434515E-16
3734.98371558164  2.884512E-16
3738.3470864461  2.870687E-16
3741.71045731056  2.322391E-16
3745.07382817502  2.470787E-16
3748.43719903948  2.857504E-16
3751.80056990394  2.865010E-16
3755.16394076841  2.469446E-16
3758.52731163287  2.295557E-16
3761.89068249733  2.260601E-16
3765.25405336179  2.379116E-16
3768.61742422625  1.983965E-16
3771.98079509071  1.410457E-16
3775.34416595517  2.324687E-16
3778.70753681963  3.063269E-16
3782.07090768409  2.796549E-16
3785.43427854856  2.853511E-16
3788.79764941302  2.728164E-16
3792.16102027748  2.535145E-16
3795.52439114194  2.075127E-16
3798.8877620064  2.304293E-16
3802.25113287086  2.763771E-16
3805.61450373532  2.984128E-16
3808.97787459978  2.891372E-16
3812.34124546424  2.936109E-16
3815.7046163287  2.931570E-16
3819.06798719316  2.937189E-16
3822.43135805763  2.821258E-16
3825.79472892209  2.819182E-16
3829.15809978655  2.611383E-16
3832.52147065101  2.494720E-16
3835.88484151547  2.684568E-16
3839.24821237993  2.699840E-16
3842.61158324439  2.660669E-16
3845.97495410885  2.118356E-16
3849.33832497331  2.354361E-16
3852.70169583778  2.633717E-16
3856.06506670224  2.624365E-16
3859.4284375667  2.788590E-16
3862.79180843116  2.962763E-16
3866.15517929562  2.949180E-16
3869.51855016008  2.933306E-16
3872.88192102454  2.782923E-16
3876.245291889  2.708220E-16
3879.60866275346  2.417722E-16
3882.97203361792  2.427690E-16
3886.33540448239  2.461366E-16
3889.69877534685  2.720367E-16
3893.06214621131  2.878468E-16
3896.42551707577  2.756016E-16
3899.78888794023  2.853925E-16
3903.15225880469  2.647975E-16
3906.51562966915  2.672529E-16
3909.87900053361  2.823153E-16
3913.24237139807  2.648172E-16
3916.60574226253  2.556292E-16
3919.96911312699  2.709902E-16
3923.33248399146  2.627606E-16
3926.69585485592  2.470771E-16
3930.05922572038  2.692269E-16
3933.42259658484  2.255998E-16
3936.7859674493  2.690265E-16
3940.14933831376  2.851553E-16
3943.51270917822  2.915451E-16
3946.87608004268  2.977923E-16
3950.23945090714  2.723586E-16
3953.60282177161  2.716088E-16
3956.96619263607  2.753627E-16
3960.32956350053  2.751415E-16
3963.69293436499  2.690405E-16
3967.05630522945  3.041657E-16
3970.41967609391  3.016864E-16
3973.78304695837  2.809290E-16
3977.14641782283  3.047684E-16
3980.50978868729  3.023203E-16
3983.87315955175  2.926430E-16
3987.23653041622  2.913126E-16
3990.59990128068  2.955288E-16
3993.96327214514  2.811141E-16
3997.3266430096  2.862923E-16
4000.69001387406  2.684654E-16
4004.05338473852  2.822910E-16
4007.41675560298  2.599118E-16
4010.78012646744  2.495071E-16
4014.1434973319  2.658128E-16
4017.50686819636  2.614537E-16
4020.87023906082  2.872542E-16
4024.23360992529  2.556942E-16
4027.59698078975  2.552607E-16
4030.96035165421  2.862299E-16
4034.32372251867  2.891232E-16
4037.68709338313  2.801393E-16
4041.05046424759  2.718011E-16
4044.41383511205  2.917961E-16
4047.77720597651  2.898148E-16
4051.14057684097  2.472488E-16
4054.50394770544  2.283041E-16
4057.8673185699  2.464793E-16
4061.23068943436  2.531109E-16
4064.59406029882  2.391532E-16
4067.95743116328  2.521657E-16
4071.32080202774  2.425055E-16
4074.6841728922  2.610107E-16
4078.04754375666  2.633269E-16
4081.41091462112  2.427783E-16
4084.77428548559  2.176886E-16
4088.13765635005  2.066237E-16
4091.50102721451  2.283854E-16
4094.86439807897  2.303071E-16
4098.22776894343  2.523149E-16
4101.59113980789  2.692716E-16
4104.95451067235  2.485609E-16
4108.31788153681  2.377344E-16
4111.68125240127  2.248024E-16
4115.04462326573  2.017827E-16
4118.40799413019  2.165537E-16
4121.77136499466  2.234852E-16
4125.13473585912  2.397831E-16
4128.49810672358  2.340073E-16
4131.86147758804  2.362673E-16
4135.2248484525  2.352436E-16
4138.58821931696  2.162720E-16
4141.95159018142  2.160892E-16
4145.31496104588  2.213258E-16
4148.67833191034  2.318290E-16
4152.0417027748  2.461235E-16
4155.40507363927  2.420350E-16
4158.76844450373  2.441751E-16
4162.13181536819  2.596600E-16
4165.49518623265  2.497079E-16
4168.85855709711  2.530059E-16
4172.22192796157  2.600083E-16
4175.58529882603  2.718741E-16
4178.94866969049  2.595609E-16
4182.31204055495  2.441164E-16
4185.67541141942  2.442373E-16
4189.03878228387  2.532451E-16
4192.40215314834  2.726411E-16
4195.7655240128  2.667353E-16
4199.12889487726  2.927210E-16
4202.49226574172  2.983487E-16
4205.85563660618  2.822746E-16
4209.21900747064  2.784335E-16
4212.5823783351  2.868166E-16
4215.94574919956  3.072272E-16
4219.30912006402  2.974782E-16
4222.67249092849  2.897890E-16
4226.03586179295  2.973831E-16
4229.39923265741  3.172463E-16
4232.76260352187  3.252664E-16
4236.12597438633  3.120650E-16
4239.48934525079  2.901318E-16
4242.85271611525  2.923048E-16
4246.21608697971  2.968523E-16
4249.57945784417  3.105706E-16
4252.94282870864  3.087670E-16
4256.3061995731  3.184948E-16
4259.66957043756  3.450961E-16
4263.03294130202  3.591744E-16
4266.39631216648  3.320712E-16
4269.75968303094  3.158470E-16
4273.1230538954  3.258167E-16
4276.48642475986  3.411424E-16
4279.84979562432  3.450945E-16
4283.21316648878  3.487240E-16
4286.57653735325  3.480619E-16
4289.93990821771  3.402862E-16
4293.30327908217  3.396724E-16
4296.66664994663  3.545773E-16
4300.03002081109  3.464736E-16
4303.39339167555  3.447343E-16
4306.75676254001  3.484146E-16
4310.12013340447  3.602657E-16
4313.48350426893  3.600640E-16
4316.84687513339  3.509457E-16
4320.21024599785  3.431741E-16
4323.57361686232  3.554400E-16
4326.93698772678  3.600470E-16
4330.30035859124  3.463859E-16
4333.6637294557  3.474719E-16
4337.02710032016  3.403772E-16
4340.39047118462  3.396602E-16
4343.75384204908  3.467074E-16
4347.11721291354  3.331731E-16
4350.480583778  3.275329E-16
4353.84395464247  3.232404E-16
4357.20732550693  3.130878E-16
4360.57069637139  2.945486E-16
4363.93406723585  3.102157E-16
4367.29743810031  3.284135E-16
4370.66080896477  3.231169E-16
4374.02417982923  2.933284E-16
4377.38755069369  2.911810E-16
4380.75092155815  2.995754E-16
4384.11429242261  2.938871E-16
4387.47766328708  2.893928E-16
4390.84103415154  2.868645E-16
4394.204405016  2.837634E-16
4397.56777588046  2.793869E-16
4400.93114674492  2.908232E-16
4404.29451760938  2.741040E-16
4407.65788847384  2.632554E-16
4411.0212593383  2.732840E-16
4414.38463020276  2.726424E-16
4417.74800106722  2.695235E-16
4421.11137193169  2.767346E-16
4424.47474279615  2.629324E-16
4427.83811366061  2.638181E-16
4431.20148452507  2.592321E-16
4434.56485538953  2.428764E-16
4437.92822625399  2.533507E-16
4441.29159711845  2.753577E-16
4444.65496798291  2.746956E-16
4448.01833884737  2.619282E-16
4451.38170971183  2.771039E-16
4454.7450805763  2.718654E-16
4458.10845144076  2.737589E-16
4461.47182230522  2.625119E-16
4464.83519316968  2.535508E-16
4468.19856403414  2.540666E-16
4471.5619348986  2.562492E-16
4474.92530576306  2.622377E-16
4478.28867662752  2.456587E-16
4481.65204749198  2.602729E-16
4485.01541835644  2.682630E-16
4488.3787892209  2.532693E-16
4491.74216008537  2.694220E-16
4495.10553094983  2.781026E-16
4498.46890181429  2.669839E-16
4501.83227267875  2.534443E-16
4505.19564354321  2.557799E-16
4508.55901440767  2.680155E-16
4511.92238527213  2.783393E-16
4515.28575613659  2.670469E-16
4518.64912700105  2.695472E-16
4522.01249786552  2.619756E-16
4525.37586872998  2.502456E-16
4528.73923959444  2.495775E-16
4532.1026104589  2.642169E-16
4535.46598132336  2.687830E-16
4538.82935218782  2.551959E-16
4542.19272305228  2.512398E-16
4545.55609391674  2.633331E-16
4548.9194647812  2.760541E-16
4552.28283564566  2.569878E-16
4555.64620651012  2.614645E-16
4559.00957737459  2.643935E-16
4562.37294823905  2.748043E-16
4565.73631910351  2.619912E-16
4569.09968996797  2.608743E-16
4572.46306083243  2.629614E-16
4575.82643169689  2.569570E-16
4579.18980256135  2.617638E-16
4582.55317342581  2.588097E-16
4585.91654429027  2.512295E-16
4589.27991515474  2.475314E-16
4592.6432860192  2.581700E-16
4596.00665688366  2.607463E-16
4599.37002774812  2.610412E-16
4602.73339861258  2.588242E-16
4606.09676947704  2.503671E-16
4609.4601403415  2.539411E-16
4612.82351120596  2.545671E-16
4616.18688207042  2.416027E-16
4619.55025293488  2.427251E-16
4622.91362379935  2.538682E-16
4626.27699466381  2.535142E-16
4629.64036552827  2.480351E-16
4633.00373639273  2.553642E-16
4636.36710725719  2.517504E-16
4639.73047812165  2.557443E-16
4643.09384898611  2.573537E-16
4646.45721985057  2.419021E-16
4649.82059071503  2.539635E-16
4653.18396157949  2.535355E-16
4656.54733244395  2.553770E-16
4659.91070330842  2.621147E-16
4663.27407417288  2.542154E-16
4666.63744503734  2.624451E-16
4670.0008159018  2.550655E-16
4673.36418676626  2.551853E-16
4676.72755763072  2.488180E-16
4680.09092849518  2.449437E-16
4683.45429935964  2.468712E-16
4686.8176702241  2.428100E-16
4690.18104108857  2.435199E-16
4693.54441195303  2.526071E-16
4696.90778281749  2.357803E-16
4700.27115368195  2.468507E-16
4703.63452454641  2.517370E-16
4706.99789541087  2.384117E-16
4710.36126627533  2.468847E-16
4713.72463713979  2.520770E-16
4717.08800800425  2.414733E-16
4720.45137886871  2.248764E-16
4723.81474973318  2.039591E-16
4727.17812059764  2.186064E-16
4730.5414914621  2.342426E-16
4733.90486232656  2.308437E-16
4737.26823319102  2.375826E-16
4740.63160405548  2.317893E-16
4743.99497491994  2.324655E-16
4747.3583457844  2.358372E-16
4750.72171664886  2.344288E-16
4754.08508751332  2.268078E-16
4757.44845837779  2.155536E-16
4760.81182924225  2.099520E-16
4764.17520010671  2.195242E-16
4767.53857097117  2.216835E-16
4770.90194183563  2.180347E-16
4774.26531270009  2.314313E-16
4777.62868356455  2.430063E-16
4780.99205442901  2.432857E-16
4784.35542529347  2.452424E-16
4787.71879615793  2.394312E-16
4791.0821670224  2.257385E-16
4794.44553788686  2.228563E-16
4797.80890875132  2.245641E-16
4801.17227961578  2.224111E-16
4804.53565048024  2.411090E-16
4807.8990213447  2.504103E-16
4811.26239220916  2.395355E-16
4814.62576307362  2.411929E-16
4817.98913393808  2.491443E-16
4821.35250480255  2.501004E-16
4824.71587566701  2.487241E-16
4828.07924653147  2.558003E-16
4831.44261739593  2.735911E-16
4834.80598826039  2.738636E-16
4838.16935912485  2.817060E-16
4841.53272998931  2.745971E-16
4844.89610085377  2.749477E-16
4848.25947171823  2.861404E-16
4851.62284258269  3.004219E-16
4854.98621344716  2.987167E-16
4858.34958431162  2.903721E-16
4861.71295517608  2.888584E-16
4865.07632604054  2.957268E-16
4868.439696905  2.976243E-16
4871.80306776946  2.929023E-16
4875.16643863392  2.970357E-16
4878.52980949838  3.024841E-16
4881.89318036284  3.121124E-16
4885.2565512273  3.191836E-16
4888.61992209176  3.267299E-16
4891.98329295623  3.240988E-16
4895.34666382069  3.353606E-16
4898.71003468515  3.452630E-16
4902.07340554961  3.348759E-16
4905.43677641407  3.418356E-16
4908.80014727853  3.470272E-16
4912.16351814299  3.558270E-16
4915.52688900745  3.576569E-16
4918.89025987191  3.586539E-16
4922.25363073637  3.677262E-16
4925.61700160084  3.695610E-16
4928.9803724653  3.762753E-16
4932.34374332976  3.944921E-16
4935.70711419422  3.853684E-16
4939.07048505868  3.831963E-16
4942.43385592314  3.899891E-16
4945.7972267876  3.988145E-16
4949.16059765206  4.124258E-16
4952.52396851652  4.083491E-16
4955.88733938098  4.059314E-16
4959.25071024545  4.101566E-16
4962.61408110991  4.196816E-16
4965.97745197437  4.236716E-16
4969.34082283883  4.233518E-16
4972.70419370329  4.264663E-16
4976.06756456775  4.330484E-16
4979.43093543221  4.176127E-16
4982.79430629667  4.250535E-16
4986.15767716113  4.420151E-16
4989.52104802559  4.339822E-16
4992.88441889006  4.273185E-16
4996.24778975452  4.355284E-16
4999.61116061898  4.428981E-16
5002.97453148344  4.407306E-16
5006.3379023479  4.425931E-16
5009.70127321236  4.429292E-16
5013.06464407682  4.522784E-16
5016.42801494128  4.483851E-16
5019.79138580574  4.423659E-16
5023.15475667021  4.609163E-16
5026.51812753467  4.508907E-16
5029.88149839913  4.292566E-16
5033.24486926359  4.324487E-16
5036.60824012805  4.192008E-16
5039.97161099251  4.186641E-16
5043.33498185697  4.210266E-16
5046.69835272143  4.197934E-16
5050.06172358589  4.052579E-16
5053.42509445036  4.082099E-16
5056.78846531482  4.030609E-16
5060.15183617928  3.932340E-16
5063.51520704374  3.974634E-16
5066.8785779082  3.994037E-16
5070.24194877266  3.823484E-16
5073.60531963712  3.650066E-16
5076.96869050158  3.722518E-16
5080.33206136604  3.693512E-16
5083.6954322305  3.574027E-16
5087.05880309496  3.589055E-16
5090.42217395943  3.509246E-16
5093.78554482389  3.421718E-16
5097.14891568835  3.446379E-16
5100.51228655281  3.404555E-16
5103.87565741727  3.357847E-16
5107.23902828173  3.322832E-16
5110.60239914619  3.254143E-16
5113.96577001065  3.226129E-16
5117.32914087511  3.215744E-16
5120.69251173957  3.201863E-16
5124.05588260404  3.078318E-16
5127.4192534685  2.940518E-16
5130.78262433296  3.035837E-16
5134.14599519742  3.069673E-16
5137.50936606188  3.031886E-16
5140.87273692634  2.974897E-16
5144.2361077908  2.972891E-16
5147.59947865526  3.001334E-16
5150.96284951972  3.046122E-16
5154.32622038418  2.953074E-16
5157.68959124865  2.824895E-16
5161.05296211311  2.870500E-16
5164.41633297757  2.821995E-16
5167.77970384203  2.821521E-16
5171.14307470649  2.839112E-16
5174.50644557095  2.705372E-16
5177.86981643541  2.753389E-16
5181.23318729987  2.829159E-16
5184.59655816433  2.788031E-16
5187.9599290288  2.831187E-16
5191.32329989326  2.822439E-16
5194.68667075772  2.792290E-16
5198.05004162218  2.768589E-16
5201.41341248664  2.796512E-16
5204.7767833511  2.899860E-16
5208.14015421556  2.926856E-16
5211.50352508002  2.991158E-16
5214.86689594448  3.134256E-16
5218.23026680894  3.023299E-16
5221.5936376734  2.923173E-16
5224.95700853787  3.012183E-16
5228.32037940233  3.002598E-16
5231.68375026679  3.040962E-16
5235.04712113125  2.930905E-16
5238.41049199571  2.979083E-16
5241.77386286017  3.031193E-16
5245.13723372463  2.988916E-16
5248.50060458909  2.843674E-16
5251.86397545355  2.915686E-16
5255.22734631801  2.825056E-16
5258.59071718248  2.760516E-16
5261.95408804694  2.889295E-16
5265.3174589114  2.816283E-16
5268.68082977586  2.815954E-16
5272.04420064032  2.976137E-16
5275.40757150478  2.825172E-16
5278.77094236924  2.869266E-16
5282.1343132337  2.845129E-16
5285.49768409816  2.735447E-16
5288.86105496263  2.711502E-16
5292.22442582709  2.830816E-16
5295.58779669155  2.804267E-16
5298.95116755601  2.870490E-16
5302.31453842047  2.984829E-16
5305.67790928493  2.885557E-16
5309.04128014939  2.943462E-16
5312.40465101385  3.068375E-16
5315.76802187831  3.130173E-16
5319.13139274277  3.091768E-16
5322.49476360723  3.052133E-16
5325.8581344717  3.083620E-16
5329.22150533616  3.080152E-16
5332.58487620062  3.073177E-16
5335.94824706508  3.075913E-16
5339.31161792954  3.011343E-16
5342.674988794  3.007910E-16
5346.03835965846  3.180386E-16
5349.40173052292  3.441189E-16
5352.76510138738  3.532061E-16
5356.12847225184  3.323749E-16
5359.4918431163  2.979502E-16
5362.85521398077  2.803123E-16
5366.21858484523  2.908618E-16
5369.58195570969  2.872717E-16
5372.94532657415  2.746858E-16
5376.30869743861  2.706465E-16
5379.67206830307  2.672422E-16
5383.03543916753  2.644566E-16
5386.39881003199  2.578596E-16
5389.76218089645  2.613419E-16
5393.12555176092  2.618422E-16
5396.48892262538  2.580329E-16
5399.85229348984  2.440857E-16
5403.2156643543  2.474953E-16
5406.57903521876  2.581907E-16
5409.94240608322  2.618123E-16
5413.30577694768  2.551024E-16
5416.66914781214  2.449245E-16
5420.0325186766  2.372059E-16
5423.39588954106  2.364754E-16
5426.75926040553  2.433068E-16
5430.12263126999  2.394520E-16
5433.48600213445  2.327583E-16
5436.84937299891  2.381051E-16
5440.21274386337  2.447691E-16
5443.57611472783  2.276286E-16
5446.93948559229  2.200689E-16
5450.30285645675  2.374620E-16
5453.66622732121  2.691391E-16
5457.02959818567  3.045135E-16
5460.39296905014  3.009365E-16
5463.7563399146  2.783265E-16
5467.11971077906  2.529978E-16
5470.48308164352  2.302144E-16
5473.84645250798  2.305581E-16
5477.20982337244  2.280454E-16
5480.5731942369  2.213118E-16
5483.93656510136  2.323525E-16
5487.29993596582  2.432455E-16
5490.66330683029  2.441547E-16
5494.02667769475  2.398353E-16
5497.39004855921  2.320718E-16
5500.75341942367  2.425269E-16
5504.11679028813  2.979267E-16
5507.48016115259  3.939963E-16
5510.84353201705  4.799349E-16
5514.20690288151  4.598709E-16
5517.57027374597  4.095675E-16
5520.93364461043  3.304189E-16
5524.2970154749  2.658020E-16
5527.66038633936  2.488467E-16
5531.02375720382  2.570015E-16
5534.38712806828  2.611582E-16
5537.75049893274  2.586562E-16
5541.1138697972  2.666291E-16
5544.47724066166  2.644470E-16
5547.84061152612  2.538689E-16
5551.20398239058  2.606654E-16
5554.56735325504  2.592652E-16
5557.9307241195  2.534251E-16
5561.29409498397  2.526891E-16
5564.65746584843  2.590576E-16
5568.02083671289  2.699390E-16
5571.38420757735  2.504670E-16
5574.74757844181  2.556576E-16
5578.11094930627  2.667729E-16
5581.47432017073  2.636337E-16
5584.83769103519  2.739315E-16
5588.20106189965  2.668593E-16
5591.56443276412  2.562257E-16
5594.92780362858  2.653578E-16
5598.29117449304  2.731498E-16
5601.6545453575  2.684047E-16
5605.01791622196  2.595140E-16
5608.38128708642  2.629144E-16
5611.74465795088  2.671176E-16
5615.10802881534  2.648794E-16
5618.4713996798  2.658848E-16
5621.83477054426  2.706854E-16
5625.19814140873  2.818250E-16
5628.56151227319  2.829048E-16
5631.92488313765  2.777286E-16
5635.28825400211  2.789298E-16
5638.65162486657  2.805910E-16
5642.01499573103  2.837713E-16
5645.37836659549  2.875440E-16
5648.74173745995  2.921555E-16
5652.10510832441  2.871162E-16
5655.46847918887  2.843905E-16
5658.83185005334  2.935384E-16
5662.1952209178  3.054898E-16
5665.55859178226  3.052539E-16
5668.92196264672  3.021604E-16
5672.28533351118  3.108302E-16
5675.64870437564  3.179650E-16
5679.0120752401  3.091236E-16
5682.37544610456  3.075214E-16
5685.73881696902  3.153479E-16
5689.10218783349  3.051231E-16
5692.46555869795  3.042981E-16
5695.82892956241  3.183750E-16
5699.19230042687  3.157468E-16
5702.55567129133  3.210413E-16
5705.91904215579  3.259147E-16
5709.28241302025  3.220289E-16
5712.64578388471  3.264713E-16
5716.00915474917  3.320100E-16
5719.37252561363  3.246629E-16
5722.7358964781  3.275841E-16
5726.09926734255  3.256741E-16
5729.46263820702  3.268042E-16
5732.82600907148  3.335033E-16
5736.18937993594  3.491272E-16
5739.5527508004  3.425822E-16
5742.91612166486  3.425308E-16
5746.27949252932  3.473452E-16
5749.64286339378  3.431101E-16
5753.00623425824  3.460582E-16
5756.3696051227  3.530501E-16
5759.73297598716  3.517652E-16
5763.09634685163  3.531072E-16
5766.45971771609  3.502048E-16
5769.82308858055  3.414703E-16
5773.18645944501  3.365931E-16
5776.54983030947  3.286279E-16
5779.91320117393  3.305224E-16
5783.27657203839  3.317054E-16
5786.63994290285  3.329826E-16
5790.00331376731  3.251378E-16
5793.36668463178  3.361914E-16
5796.73005549624  3.402076E-16
5800.0934263607  3.369962E-16
5803.45679722516  3.328045E-16
5806.82016808962  3.326315E-16
5810.18353895408  3.338630E-16
5813.54690981854  3.345616E-16
5816.910280683  3.470137E-16
5820.27365154746  3.512504E-16
5823.63702241193  3.451514E-16
5827.00039327639  3.416189E-16
5830.36376414085  3.444565E-16
5833.72713500531  3.499194E-16
5837.09050586977  3.538799E-16
5840.45387673423  3.534287E-16
5843.81724759869  3.578950E-16
5847.18061846315  3.592802E-16
5850.54398932761  3.510658E-16
5853.90736019207  3.508263E-16
5857.27073105653  3.565088E-16
5860.634101921  3.668635E-16
5863.99747278546  3.648565E-16
5867.36084364992  3.735152E-16
5870.72421451438  3.664034E-16
5874.08758537884  3.643766E-16
5877.4509562433  3.685531E-16
5880.81432710776  3.794946E-16
5884.17769797222  3.634582E-16
5887.54106883668  3.614399E-16
5890.90443970114  3.574702E-16
5894.2678105656  3.656181E-16
5897.63118143007  3.705346E-16
5900.99455229453  3.697767E-16
5904.35792315899  3.823875E-16
5907.72129402345  3.875167E-16
5911.08466488791  3.813403E-16
5914.44803575237  3.743620E-16
5917.81140661683  3.747011E-16
5921.17477748129  3.913342E-16
5924.53814834575  3.978133E-16
5927.90151921022  3.852500E-16
5931.26489007468  3.865544E-16
5934.62826093914  3.908141E-16
5937.9916318036  3.791165E-16
5941.35500266806  3.773444E-16
5944.71837353252  3.820281E-16
5948.08174439698  3.886055E-16
5951.44511526144  3.750784E-16
5954.8084861259  3.765228E-16
5958.17185699036  3.754846E-16
5961.53522785483  3.706866E-16
5964.89859871929  3.786489E-16
5968.26196958375  3.771396E-16
5971.62534044821  3.752732E-16
5974.98871131267  3.767267E-16
5978.35208217713  3.699115E-16
5981.71545304159  3.672819E-16
5985.07882390605  3.743026E-16
5988.44219477051  3.703794E-16
5991.80556563498  3.633703E-16
5995.16893649944  3.762981E-16
5998.5323073639  3.839996E-16
6001.89567822836  3.810571E-16
6005.25904909282  3.675638E-16
6008.62241995728  3.696854E-16
6011.98579082174  3.707042E-16
6015.3491616862  3.713457E-16
6018.71253255066  3.823664E-16
6022.07590341512  3.790996E-16
6025.43927427959  3.776623E-16
6028.80264514405  3.752375E-16
6032.16601600851  3.781476E-16
6035.52938687297  3.821681E-16
6038.89275773743  3.762613E-16
6042.25612860189  3.666371E-16
6045.61949946635  3.674444E-16
6048.98287033081  3.704139E-16
6052.34624119527  3.700548E-16
6055.70961205973  3.645327E-16
6059.07298292419  3.520686E-16
6062.43635378866  3.537241E-16
6065.79972465312  3.632449E-16
6069.16309551758  3.657458E-16
6072.52646638204  3.678203E-16
6075.8898372465  3.736502E-16
6079.25320811096  3.675040E-16
6082.61657897542  3.566781E-16
6085.97994983988  3.601941E-16
6089.34332070434  3.638950E-16
6092.7066915688  3.614606E-16
6096.07006243327  3.631115E-16
6099.43343329773  3.520722E-16
6102.79680416219  3.452532E-16
6106.16017502665  3.540143E-16
6109.52354589111  3.633371E-16
6112.88691675557  3.653406E-16
6116.25028762003  3.633251E-16
6119.61365848449  3.578030E-16
6122.97702934895  3.505384E-16
6126.34040021342  3.517714E-16
6129.70377107788  3.532266E-16
6133.06714194234  3.457306E-16
6136.4305128068  3.425352E-16
6139.79388367126  3.429561E-16
6143.15725453572  3.474908E-16
6146.52062540018  3.431606E-16
6149.88399626464  3.495772E-16
6153.2473671291  3.527311E-16
6156.61073799356  3.475061E-16
6159.97410885803  3.443352E-16
6163.33747972248  3.434751E-16
6166.70085058695  3.414448E-16
6170.06422145141  3.455159E-16
6173.42759231587  3.435093E-16
6176.79096318033  3.349422E-16
6180.15433404479  3.252781E-16
6183.51770490925  3.209726E-16
6186.88107577371  3.254430E-16
6190.24444663817  3.152303E-16
6193.60781750263  3.157246E-16
6196.9711883671  3.257234E-16
6200.33455923156  3.213590E-16
6203.69793009602  3.066933E-16
6207.06130096048  2.992450E-16
6210.42467182494  2.987384E-16
6213.7880426894  3.050525E-16
6217.15141355386  2.997778E-16
6220.51478441832  2.991789E-16
6223.87815528278  3.021031E-16
6227.24152614725  3.028635E-16
6230.60489701171  2.973865E-16
6233.96826787617  2.904345E-16
6237.33163874063  2.931229E-16
6240.69500960509  3.030950E-16
6244.05838046955  3.069256E-16
6247.42175133401  3.015233E-16
6250.78512219847  2.978848E-16
6254.14849306293  2.915275E-16
6257.51186392739  3.019784E-16
6260.87523479185  2.921813E-16
6264.23860565632  2.916278E-16
6267.60197652078  2.922072E-16
6270.96534738524  2.911845E-16
6274.3287182497  2.865489E-16
6277.69208911416  2.832244E-16
6281.05545997862  2.882724E-16
6284.41883084308  2.905969E-16
6287.78220170754  2.895545E-16
6291.145572572  2.974541E-16
6294.50894343646  2.845899E-16
6297.87231430093  2.585791E-16
6301.23568516539  2.756135E-16
6304.59905602985  2.976310E-16
6307.96242689431  2.870462E-16
6311.32579775877  2.848063E-16
6314.68916862323  2.907291E-16
6318.05253948769  2.916288E-16
6321.41591035215  2.831646E-16
6324.77928121661  2.772123E-16
6328.14265208108  2.796805E-16
6331.50602294554  2.824931E-16
6334.86939381  2.729155E-16
6338.23276467446  2.673323E-16
6341.59613553892  2.712828E-16
6344.95950640338  2.606290E-16
6348.32287726784  2.487635E-16
6351.6862481323  2.588834E-16
6355.04961899676  2.674309E-16
6358.41298986122  2.689207E-16
6361.77636072569  2.629925E-16
6365.13973159015  2.482939E-16
6368.50310245461  2.547589E-16
6371.86647331907  2.613999E-16
6375.22984418353  2.637961E-16
6378.59321504799  2.584813E-16
6381.95658591245  2.525363E-16
6385.31995677691  2.494549E-16
6388.68332764137  2.537054E-16
6392.04669850583  2.547027E-16
6395.41006937029  2.442008E-16
6398.77344023476  2.452125E-16
6402.13681109922  2.522557E-16
6405.50018196368  2.474308E-16
6408.86355282814  2.433780E-16
6412.2269236926  2.455161E-16
6415.59029455706  2.519198E-16
6418.95366542152  2.534686E-16
6422.31703628598  2.445568E-16
6425.68040715044  2.425332E-16
6429.04377801491  2.409300E-16
6432.40714887937  2.422332E-16
6435.77051974383  2.439322E-16
6439.13389060829  2.461931E-16
6442.49726147275  2.459173E-16
6445.86063233721  2.393619E-16
6449.22400320167  2.435535E-16
6452.58737406613  2.379898E-16
6455.95074493059  2.333309E-16
6459.31411579505  2.396194E-16
6462.67748665952  2.380161E-16
6466.04085752398  2.359615E-16
6469.40422838844  2.319252E-16
6472.7675992529  2.295341E-16
6476.13097011736  2.251151E-16
6479.49434098182  2.196690E-16
6482.85771184628  2.142703E-16
6486.22108271074  2.208302E-16
6489.5844535752  2.242513E-16
6492.94782443966  2.274183E-16
6496.31119530413  2.277189E-16
6499.67456616859  2.282709E-16
6503.03793703305  2.289457E-16
6506.40130789751  2.314837E-16
6509.76467876197  2.279595E-16
6513.12804962643  2.281827E-16
6516.49142049089  2.370869E-16
6519.85479135535  2.294502E-16
6523.21816221981  2.222859E-16
6526.58153308427  2.410671E-16
6529.94490394874  2.444961E-16
6533.3082748132  2.281657E-16
6536.67164567766  2.333130E-16
6540.03501654212  2.358764E-16
6543.39838740658  2.363682E-16
6546.76175827104  2.305436E-16
6550.1251291355  2.230844E-16
6553.48849999996  2.186227E-16
6556.85187086442  2.209692E-16
6560.21524172889  2.306547E-16
6563.57861259334  2.335644E-16
6566.94198345781  2.256497E-16
6570.30535432227  2.189195E-16
6573.66872518673  2.211580E-16
6577.03209605119  2.243383E-16
6580.39546691565  2.207883E-16
6583.75883778011  2.235170E-16
6587.12220864457  2.148410E-16
6590.48557950903  2.112188E-16
6593.84895037349  2.177194E-16
6597.21232123796  2.226231E-16
6600.57569210242  2.324893E-16
6603.93906296688  2.338111E-16
6607.30243383134  2.273940E-16
6610.6658046958  2.276804E-16
6614.02917556026  2.331720E-16
6617.39254642472  2.369644E-16
6620.75591728918  2.357583E-16
6624.11928815364  2.322420E-16
6627.4826590181  2.314536E-16
6630.84602988256  2.327968E-16
6634.20940074703  2.391925E-16
6637.57277161149  2.324793E-16
6640.93614247595  2.382226E-16
6644.29951334041  2.343775E-16
6647.66288420487  2.284139E-16
6651.02625506933  2.284692E-16
6654.38962593379  2.277485E-16
6657.75299679825  2.297076E-16
6661.11636766271  2.353189E-16
6664.47973852718  2.388993E-16
6667.84310939164  2.336152E-16
6671.2064802561  2.264930E-16
6674.56985112056  2.275513E-16
6677.93322198502  2.251473E-16
6681.29659284948  2.266880E-16
6684.65996371394  2.309868E-16
6688.0233345784  2.182340E-16
6691.38670544286  2.242361E-16
6694.75007630732  2.298939E-16
6698.11344717179  2.245658E-16
6701.47681803625  2.143490E-16
6704.84018890071  2.109636E-16
6708.20355976517  2.254727E-16
6711.56693062963  2.281536E-16
6714.93030149409  2.198884E-16
6718.29367235855  2.192097E-16
6721.65704322301  2.194281E-16
6725.02041408747  2.255682E-16
6728.38378495194  2.218373E-16
6731.74715581639  2.198270E-16
6735.11052668086  2.200376E-16
6738.47389754532  2.035567E-16
6741.83726840978  2.026253E-16
6745.20063927424  2.155211E-16
6748.5640101387  2.194544E-16
6751.92738100316  2.133886E-16
6755.29075186762  2.101134E-16
6758.65412273208  2.075881E-16
6762.01749359654  2.018490E-16
6765.38086446101  2.032599E-16
6768.74423532547  2.005244E-16
6772.10760618993  1.895181E-16
6775.47097705439  1.952913E-16
6778.83434791885  1.960703E-16
6782.19771878331  2.043827E-16
6785.56108964777  1.973795E-16
6788.92446051223  1.993199E-16
6792.28783137669  1.997343E-16
6795.65120224116  1.930571E-16
6799.01457310562  1.837830E-16
6802.37794397008  1.803438E-16
6805.74131483454  1.839979E-16
6809.104685699  1.844895E-16
6812.46805656346  1.852778E-16
6815.83142742792  1.882645E-16
6819.19479829238  1.840678E-16
6822.55816915684  1.889450E-16
6825.9215400213  1.981467E-16
6829.28491088577  2.005628E-16
6832.64828175023  1.973747E-16
6836.01165261469  1.972619E-16
6839.37502347915  1.895760E-16
6842.73839434361  1.930328E-16
6846.10176520807  2.055034E-16
6849.46513607253  2.057932E-16
6852.82850693699  1.933798E-16
6856.19187780145  1.891037E-16
6859.55524866591  1.967323E-16
6862.91861953037  1.878516E-16
6866.28199039484  1.638169E-16
6869.6453612593  1.563989E-16
6873.00873212376  1.534505E-16
6876.37210298822  1.686235E-16
6879.73547385268  1.777847E-16
6883.09884471714  1.910694E-16
6886.4622155816  1.937022E-16
6889.82558644606  1.927316E-16
6893.18895731052  1.930297E-16
6896.55232817499  1.928293E-16
6899.91569903945  1.962271E-16
6903.27906990391  2.019270E-16
6906.64244076837  2.055291E-16
6910.00581163283  2.106472E-16
6913.36918249729  2.178489E-16
6916.73255336175  2.211203E-16
6920.09592422621  2.297729E-16
6923.45929509067  2.291510E-16
6926.82266595514  2.230039E-16
6930.18603681959  2.330274E-16
6933.54940768406  2.257961E-16
6936.91277854852  2.284812E-16
6940.27614941298  2.310287E-16
6943.63952027744  2.289902E-16
6947.0028911419  2.341730E-16
6950.36626200636  2.367943E-16
6953.72963287082  2.413801E-16
6957.09300373528  2.430542E-16
6960.45637459974  2.385350E-16
6963.8197454642  2.467931E-16
6967.18311632867  2.518575E-16
6970.54648719313  2.493943E-16
6973.90985805759  2.547245E-16
6977.27322892205  2.578366E-16
6980.63659978651  2.544850E-16
6983.99997065097  2.538441E-16
6987.36334151543  2.561926E-16
6990.72671237989  2.528722E-16
6994.09008324435  2.509351E-16
6997.45345410882  2.561264E-16
7000.81682497328  2.586175E-16
7004.18019583774  2.554261E-16
7007.5435667022  2.467423E-16
7010.90693756666  2.518333E-16
7014.27030843112  2.639701E-16
7017.63367929558  2.585675E-16
7020.99705016004  2.560903E-16
7024.3604210245  2.596151E-16
7027.72379188897  2.658859E-16
7031.08716275342  2.647456E-16
7034.45053361789  2.670055E-16
7037.81390448235  2.676364E-16
7041.17727534681  2.665588E-16
7044.54064621127  2.691035E-16
7047.90401707573  2.599455E-16
7051.26738794019  2.583738E-16
7054.63075880465  2.646198E-16
7057.99412966911  2.647075E-16
7061.35750053357  2.642493E-16
7064.72087139804  2.718142E-16
7068.0842422625  2.774926E-16
7071.44761312696  2.752518E-16
7074.81098399142  2.795872E-16
7078.17435485588  2.717536E-16
7081.53772572034  2.654937E-16
7084.9010965848  2.746891E-16
7088.26446744926  2.768706E-16
7091.62783831372  2.773932E-16
7094.99120917818  2.759502E-16
7098.35458004264  2.712280E-16
7101.71795090711  2.692017E-16
7105.08132177157  2.655494E-16
7108.44469263603  2.604481E-16
7111.80806350049  2.641528E-16
7115.17143436495  2.717902E-16
7118.53480522941  2.776990E-16
7121.89817609387  2.790074E-16
7125.26154695833  2.765966E-16
7128.62491782279  2.726163E-16
7131.98828868726  2.689968E-16
7135.35165955172  2.700790E-16
7138.71503041618  2.717449E-16
7142.07840128064  2.697244E-16
7145.4417721451  2.609892E-16
7148.80514300956  2.615068E-16
7152.16851387402  2.564003E-16
7155.53188473848  2.516072E-16
7158.89525560294  2.472696E-16
7162.2586264674  2.393126E-16
7165.62199733187  2.380379E-16
7168.98536819633  2.299920E-16
7172.34873906079  2.173506E-16
7175.71210992525  2.166432E-16
7179.07548078971  2.112592E-16
7182.43885165417  2.068510E-16
7185.80222251863  2.073236E-16
7189.16559338309  2.049376E-16
7192.52896424755  1.979594E-16
7195.89233511202  2.029098E-16
7199.25570597648  2.037537E-16
7202.61907684094  2.082712E-16
7205.9824477054  2.193469E-16
7209.34581856986  2.377471E-16
7212.70918943432  2.480574E-16
7216.07256029878  2.510271E-16
7219.43593116324  2.923918E-16
7222.7993020277  3.489063E-16
7226.16267289216  3.593637E-16
7229.52604375662  3.353053E-16
7232.88941462108  3.091973E-16
7236.25278548555  2.450649E-16
7239.61615635001  2.183501E-16
7242.97952721447  2.209327E-16
7246.34289807893  2.241162E-16
7249.70626894339  2.252962E-16
7253.06963980785  2.202366E-16
7256.43301067231  2.167290E-16
7259.79638153677  2.165984E-16
7263.15975240123  2.081284E-16
7266.5231232657  1.989606E-16
7269.88649413016  2.061436E-16
7273.24986499462  2.153179E-16
7276.61323585908  2.209207E-16
7279.97660672354  2.136248E-16
7283.339977588  2.171688E-16
7286.70334845246  2.125347E-16
7290.06671931692  2.125634E-16
7293.43009018138  2.178535E-16
7296.79346104584  2.146925E-16
7300.15683191031  2.152344E-16
7303.52020277477  2.155033E-16
7306.88357363923  2.126016E-16
7310.24694450369  2.230599E-16
7313.61031536815  2.215074E-16
7316.97368623261  2.202003E-16
7320.33705709707  2.234069E-16
7323.70042796153  2.321836E-16
7327.06379882599  2.292690E-16
7330.42716969045  2.296960E-16
7333.79054055492  2.257834E-16
7337.15391141938  2.222248E-16
7340.51728228384  2.288178E-16
7343.8806531483  2.292235E-16
7347.24402401276  2.209733E-16
7350.60739487722  2.214307E-16
7353.97076574168  2.303025E-16
7357.33413660614  2.189111E-16
7360.6975074706  2.134355E-16
7364.06087833507  2.255441E-16
7367.42424919953  2.275856E-16
7370.78762006399  2.186881E-16
7374.15099092845  2.155759E-16
7377.51436179291  2.174071E-16
7380.87773265737  2.155882E-16
7384.24110352183  2.153702E-16
7387.60447438629  2.170766E-16
7390.96784525075  2.135952E-16
7394.33121611521  2.214311E-16
7397.69458697968  2.234775E-16
7401.05795784414  2.109530E-16
7404.4213287086  2.040908E-16
7407.78469957306  2.058343E-16
7411.14807043752  2.072684E-16
7414.51144130198  2.050690E-16
7417.87481216644  2.011644E-16
7421.2381830309  2.000928E-16
7424.60155389536  2.016506E-16
7427.96492475983  2.036973E-16
7431.32829562428  2.082128E-16
7434.69166648875  2.084764E-16
7438.05503735321  1.983387E-16
7441.41840821767  1.959716E-16
7444.78177908213  2.044124E-16
7448.14514994659  1.992009E-16
7451.50852081105  1.954348E-16
7454.87189167551  2.016870E-16
7458.23526253997  1.996887E-16
7461.59863340443  1.926740E-16
7464.96200426889  1.905912E-16
7468.32537513336  1.946463E-16
7471.68874599782  2.057352E-16
7475.05211686228  2.052784E-16
7478.41548772674  2.002988E-16
7481.7788585912  2.009105E-16
7485.14222945566  2.025938E-16
7488.50560032012  1.996903E-16
7491.86897118458  1.961176E-16
7495.23234204904  1.981464E-16
7498.5957129135  1.940227E-16
7501.95908377797  1.973148E-16
7505.32245464243  2.006654E-16
7508.68582550689  1.885606E-16
7512.04919637135  1.849242E-16
7515.41256723581  1.910933E-16
7518.77593810027  1.853603E-16
7522.13930896473  1.853842E-16
7525.50267982919  1.854151E-16
7528.86605069365  1.945267E-16
7532.22942155811  1.935148E-16
7535.59279242258  1.867796E-16
7538.95616328704  1.874713E-16
7542.3195341515  1.900695E-16
7545.68290501596  1.864834E-16
7549.04627588042  1.822355E-16
7552.40964674488  1.881328E-16
7555.77301760934  1.850219E-16
7559.1363884738  1.771380E-16
7562.49975933826  1.838491E-16
7565.86313020273  1.831908E-16
7569.22650106718  1.868238E-16
7572.58987193165  1.873498E-16
7575.95324279611  1.797443E-16
7579.31661366057  1.694439E-16
7582.67998452503  1.678170E-16
7586.04335538949  1.556888E-16
7589.40672625395  1.226515E-16
7592.77009711841  9.886131E-17
7596.13346798287  6.584432E-17
7599.49683884733  3.457860E-17
7602.8602097118  2.282367E-17
7606.22358057626  3.501505E-17
7609.58695144072  5.965982E-17
7612.95032230518  7.887306E-17
7616.31369316964  9.122137E-17
7619.6770640341  9.487031E-17
7623.04043489856  8.473786E-17
7626.40380576302  7.260906E-17
7629.76717662748  7.058568E-17
7633.13054749194  7.403982E-17
7636.49391835641  7.985758E-17
7639.85728922087  8.807635E-17
7643.22066008533  9.362418E-17
7646.58403094979  1.047148E-16
7649.94740181425  1.152297E-16
7653.31077267871  1.184577E-16
7656.67414354317  1.236552E-16
7660.03751440763  1.339718E-16
7663.40088527209  1.422098E-16
7666.76425613656  1.491903E-16
7670.12762700102  1.523433E-16
7673.49099786548  1.480545E-16
7676.85436872994  1.487651E-16
7680.2177395944  1.492211E-16
7683.58111045886  1.514372E-16
7686.94448132332  1.587059E-16
7690.30785218778  1.582812E-16
7693.67122305224  1.631444E-16
7697.0345939167  1.660860E-16
7700.39796478117  1.568578E-16
7703.76133564563  1.561979E-16
7707.12470651009  1.598298E-16
7710.48807737455  1.532940E-16
7713.85144823901  1.599560E-16
7717.21481910347  1.656453E-16
7720.57818996793  1.602852E-16
7723.94156083239  1.624231E-16
7727.30493169685  1.612704E-16
7730.66830256131  1.606266E-16
7734.03167342578  1.604815E-16
7737.39504429024  1.553556E-16
7740.7584151547  1.608451E-16
7744.12178601916  1.672956E-16
7747.48515688362  1.556168E-16
7750.84852774808  1.572856E-16
7754.21189861254  1.648161E-16
7757.575269477  1.692822E-16
7760.93864034146  1.563815E-16
7764.30201120593  1.538511E-16
7767.66538207039  1.620331E-16
7771.02875293485  1.659125E-16
7774.39212379931  1.599449E-16
7777.75549466377  1.632619E-16
7781.11886552823  1.710878E-16
7784.48223639269  1.680486E-16
7787.84560725715  1.714222E-16
7791.20897812161  1.561512E-16
7794.57234898607  1.615454E-16
7797.93571985053  1.677831E-16
7801.29909071499  1.681772E-16
7804.66246157946  1.656383E-16
7808.02583244392  1.667745E-16
7811.38920330838  1.679490E-16
7814.75257417284  1.663382E-16
7818.1159450373  1.664107E-16
7821.47931590176  1.708476E-16
7824.84268676622  1.739571E-16
7828.20605763068  1.627321E-16
7831.56942849514  1.575531E-16
7834.93279935961  1.676453E-16
7838.29617022407  1.654441E-16
7841.65954108853  1.710239E-16
7845.02291195299  1.825431E-16
7848.38628281745  1.742568E-16
7851.74965368191  1.653612E-16
7855.11302454637  1.746247E-16
7858.47639541083  1.774273E-16
7861.83976627529  1.735128E-16
7865.20313713975  1.770669E-16
7868.56650800421  1.693005E-16
7871.92987886868  1.612683E-16
7875.29324973314  1.554132E-16
7878.6566205976  1.571807E-16
7882.01999146206  1.629236E-16
7885.38336232652  1.680526E-16
7888.74673319098  1.622362E-16
7892.11010405544  1.553722E-16
7895.4734749199  1.607223E-16
7898.83684578436  1.641907E-16
7902.20021664883  1.629451E-16
7905.56358751329  1.605886E-16
7908.92695837775  1.570548E-16
7912.29032924221  1.729314E-16
7915.65370010667  1.803094E-16
7919.01707097113  1.856497E-16
7922.38044183559  1.782048E-16
7925.74381270005  1.681747E-16
7929.10718356451  1.699644E-16
7932.47055442897  1.740808E-16
7935.83392529343  1.793212E-16
7939.1972961579  1.732030E-16
7942.56066702236  1.665041E-16
7945.92403788682  1.630207E-16
7949.28740875128  1.628283E-16
7952.65077961574  1.736627E-16
7956.0141504802  1.694389E-16
7959.37752134466  1.673609E-16
7962.74089220912  1.698816E-16
7966.10426307358  1.643606E-16
7969.46763393805  1.673065E-16
7972.83100480251  1.771005E-16
7976.19437566697  1.721669E-16
7979.55774653143  1.600539E-16
7982.92111739589  1.722296E-16
7986.28448826035  1.777649E-16
7989.64785912481  1.813479E-16
7993.01122998927  1.651166E-16
7996.37460085373  1.514910E-16
7999.73797171819  1.598049E-16
8003.10134258266  1.654880E-16
8006.46471344712  1.592960E-16
8009.82808431158  1.619707E-16
8013.19145517604  1.758191E-16
8016.5548260405  1.760874E-16
8019.91819690496  1.680676E-16
8023.28156776942  1.699846E-16
8026.64493863388  1.679331E-16
8030.00830949834  1.728871E-16
8033.37168036281  1.721668E-16
8036.73505122726  1.683449E-16
8040.09842209173  1.685742E-16
8043.46179295619  1.733174E-16
8046.82516382065  1.837393E-16
8050.18853468511  1.700494E-16
8053.55190554957  1.734475E-16
8056.91527641403  1.818609E-16
8060.27864727849  1.812210E-16
8063.64201814295  1.679815E-16
8067.00538900742  1.733772E-16
8070.36875987187  1.791582E-16
8073.73213073634  1.729793E-16
8077.0955016008  1.721166E-16
8080.45887246526  1.696812E-16
8083.82224332972  1.647852E-16
8087.18561419418  1.663163E-16
8090.54898505864  1.594695E-16
8093.9123559231  1.581516E-16
8097.27572678756  1.602962E-16
8100.63909765203  1.612463E-16
8104.00246851649  1.556610E-16
8107.36583938095  1.550490E-16
8110.72921024541  1.610651E-16
8114.09258110987  1.584368E-16
8117.45595197433  1.508821E-16
8120.81932283879  1.444401E-16
8124.18269370325  1.419484E-16
8127.54606456771  1.412393E-16
8130.90943543217  1.315970E-16
8134.27280629663  1.321645E-16
8137.6361771611  1.293904E-16
8140.99954802556  1.285474E-16
8144.36291889002  1.294682E-16
8147.72628975448  1.263624E-16
8151.08966061894  1.236864E-16
8154.4530314834  1.197135E-16
8157.81640234786  1.149314E-16
8161.17977321232  1.059883E-16
8164.54314407679  1.038292E-16
8167.90651494124  1.058280E-16
8171.26988580571  1.058559E-16
8174.63325667017  9.856153E-17
8177.99662753463  9.416727E-17
8181.35999839909  9.877478E-17
8184.72336926355  1.048894E-16
8188.08674012801  1.043070E-16
8191.45011099247  9.904317E-17
8194.81348185693  9.666722E-17
8198.17685272139  9.519602E-17
8201.54022358586  1.046775E-16
8204.90359445032  1.122572E-16
8208.26696531478  1.135784E-16
8211.63033617924  1.117667E-16
8214.9937070437  1.095561E-16
8218.35707790816  9.812069E-17
8221.72044877262  8.491367E-17
8225.08381963708  8.360511E-17
8228.44719050154  8.290931E-17
8231.810561366  9.692619E-17
8235.17393223046  1.036898E-16
8238.53730309492  1.128763E-16
8241.90067395939  1.225051E-16
8245.26404482385  1.240446E-16
8248.62741568831  1.215438E-16
8251.99078655277  1.223619E-16
8255.35415741723  1.188001E-16
8258.71752828169  1.154472E-16
8262.08089914615  1.300721E-16
8265.44427001062  1.329681E-16
8268.80764087507  1.193239E-16
8272.17101173954  1.189529E-16
8275.534382604  1.217341E-16
8278.89775346846  1.131490E-16
8282.26112433292  1.174761E-16
8285.62449519738  1.226255E-16
8288.98786606184  1.195844E-16
8292.3512369263  1.222573E-16
8295.71460779076  1.216271E-16
8299.07797865522  1.228419E-16
8302.44134951969  1.159287E-16
8305.80472038415  1.275445E-16
8309.1680912486  1.317749E-16
8312.53146211307  1.272770E-16
8315.89483297753  1.245443E-16
8319.25820384199  1.261852E-16
8322.62157470645  1.287033E-16
8325.98494557091  1.333197E-16
8329.34831643537  1.306526E-16
8332.71168729983  1.181351E-16
8336.07505816429  1.275119E-16
8339.43842902876  1.347013E-16
8342.80179989322  1.466145E-16
8346.16517075768  1.405002E-16
8349.52854162214  1.406656E-16
8352.8919124866  1.383479E-16
8356.25528335106  1.345070E-16
8359.61865421552  1.420966E-16
8362.98202507998  1.439087E-16
8366.34539594444  1.406832E-16
8369.7087668089  1.411991E-16
8373.07213767337  1.537817E-16
8376.43550853783  1.553089E-16
8379.79887940229  1.504926E-16
8383.16225026675  1.448282E-16
8386.52562113121  1.487448E-16
8389.88899199567  1.596786E-16
8393.25236286013  1.567205E-16
8396.61573372459  1.460363E-16
8399.97910458905  1.488255E-16
8403.34247545352  1.542654E-16
8406.70584631798  1.585889E-16
8410.06921718244  1.566454E-16
8413.4325880469  1.599228E-16
8416.79595891136  1.564430E-16
8420.15932977582  1.614605E-16
8423.52270064028  1.787606E-16
8426.88607150474  1.761680E-16
8430.2494423692  1.589232E-16
8433.61281323366  1.591956E-16
8436.97618409813  1.643978E-16
8440.33955496259  1.730454E-16
8443.70292582705  1.689589E-16
8447.06629669151  1.785000E-16
8450.42966755597  1.767357E-16
8453.79303842043  1.777734E-16
8457.15640928489  1.728331E-16
8460.51978014935  1.703702E-16
8463.88315101381  1.852604E-16
8467.24652187828  1.891553E-16
8470.60989274273  1.975924E-16
8473.9732636072  1.873238E-16
8477.33663447166  1.830191E-16
8480.70000533612  1.778069E-16
8484.06337620058  1.763323E-16
8487.42674706504  1.821800E-16
8490.7901179295  1.830561E-16
8494.15348879396  1.769944E-16
8497.51685965842  1.799210E-16
8500.88023052289  1.937270E-16
8504.24360138735  1.965027E-16
8507.60697225181  1.989831E-16
8510.97034311627  1.850305E-16
8514.33371398073  1.821364E-16
8517.69708484519  1.868341E-16
8521.06045570965  1.894492E-16
8524.42382657411  1.926772E-16
8527.78719743857  1.945725E-16
8531.15056830303  1.954999E-16
8534.51393916749  1.999797E-16
8537.87731003195  2.031724E-16
8541.24068089642  1.939876E-16
8544.60405176088  1.925120E-16
8547.96742262534  1.989209E-16
8551.3307934898  2.041378E-16
8554.69416435426  2.051488E-16
8558.05753521872  1.945897E-16
8561.42090608318  1.889652E-16
8564.78427694764  1.974845E-16
8568.1476478121  2.024778E-16
8571.51101867657  2.076622E-16
8574.87438954103  2.045810E-16
8578.23776040549  2.094645E-16
8581.60113126995  2.064976E-16
8584.96450213441  2.056153E-16
8588.32787299887  2.139157E-16
8591.69124386333  2.131000E-16
8595.05461472779  2.050134E-16
8598.41798559225  2.063083E-16
8601.78135645671  2.016559E-16
8605.14472732117  1.946817E-16
8608.50809818563  2.088491E-16
8611.8714690501  2.125665E-16
8615.23483991456  2.049096E-16
8618.59821077902  2.159587E-16
8621.96158164348  2.350811E-16
8625.32495250794  2.272236E-16
8628.6883233724  1.965231E-16
8632.05169423686  1.850946E-16
8635.41506510132  1.963826E-16
8638.77843596579  1.906045E-16
8642.14180683025  1.980166E-16
8645.50517769471  2.065069E-16
8648.86854855917  2.033742E-16
8652.23191942363  1.990671E-16
8655.59529028809  2.022537E-16
8658.95866115255  2.066540E-16
8662.32203201701  2.020969E-16
8665.68540288147  2.018433E-16
8669.04877374593  2.161359E-16
8672.41214461039  2.074701E-16
8675.77551547486  1.938780E-16
8679.13888633932  1.887055E-16
8682.50225720378  1.947952E-16
8685.86562806824  1.980900E-16
8689.2289989327  1.948745E-16
8692.59236979716  1.905991E-16
8695.95574066162  1.856836E-16
8699.31911152608  1.881714E-16
8702.68248239055  1.849847E-16
8706.04585325501  1.808121E-16
8709.40922411947  1.779057E-16
8712.77259498393  1.847682E-16
8716.13596584839  1.822843E-16
8719.49933671285  1.830651E-16
8722.86270757731  1.834653E-16
8726.22607844177  1.668809E-16
8729.58944930623  1.700528E-16
8732.95282017069  1.768004E-16
8736.31619103515  1.640240E-16
8739.67956189962  1.611988E-16
8743.04293276408  1.679376E-16
8746.40630362854  1.680875E-16
8749.769674493  1.673630E-16
8753.13304535746  1.667662E-16
8756.49641622192  1.547759E-16
8759.85978708638  1.480576E-16
8763.22315795084  1.620341E-16
8766.5865288153  1.670508E-16
8769.94989967976  1.564730E-16
8773.31327054423  1.544397E-16
8776.67664140869  1.375473E-16
8780.04001227315  1.344980E-16
8783.40338313761  1.414029E-16
8786.76675400207  1.351651E-16
8790.13012486653  1.282899E-16
8793.49349573099  1.231898E-16
8796.85686659545  1.292364E-16
8800.22023745992  1.261770E-16
8803.58360832437  1.240687E-16
8806.94697918883  1.270999E-16
8810.3103500533  1.257987E-16
8813.67372091776  1.201167E-16
8817.03709178222  1.119395E-16
8820.40046264668  1.097607E-16
8823.76383351114  1.143895E-16
8827.1272043756  1.019354E-16
8830.49057524006  1.185844E-16
8833.85394610452  1.200127E-16
8837.21731696899  1.087215E-16
8840.58068783345  1.088897E-16
8843.94405869791  1.098249E-16
8847.30742956237  1.051645E-16
8850.67080042683  1.042798E-16
8854.03417129129  1.077123E-16
8857.39754215575  1.138648E-16
8860.76091302021  1.085654E-16
8864.12428388467  9.991092E-17
8867.48765474913  9.735715E-17
8870.8510256136  8.878531E-17
8874.21439647806  9.843627E-17
8877.57776734252  1.048968E-16
8880.94113820698  8.768205E-17
8884.30450907144  8.709211E-17
8887.6678799359  9.430387E-17
8891.03125080036  8.077161E-17
8894.39462166482  7.847842E-17
8897.75799252928  7.805475E-17
8901.12136339375  7.890538E-17
8904.48473425821  7.520862E-17
8907.84810512266  7.308147E-17
8911.21147598713  7.343932E-17
8914.57484685159  6.938098E-17
8917.93821771605  7.630318E-17
8921.30158858051  8.964058E-17
8924.66495944497  8.549557E-17
8928.02833030943  7.200601E-17
8931.39170117389  7.315217E-17
8934.75507203835  6.676895E-17
8938.11844290281  7.027766E-17
8941.48181376728  8.089816E-17
8944.84518463174  7.193802E-17
8948.2085554962  6.607509E-17
8951.57192636066  6.630224E-17
8954.93529722512  5.369929E-17
8958.29866808958  4.480077E-17
8961.66203895404  4.409950E-17
8965.0254098185  5.174480E-17
8968.38878068296  6.027785E-17
8971.75215154742  6.265520E-17
8975.11552241189  5.861480E-17
8978.47889327635  4.965490E-17
8981.84226414081  5.406634E-17
8985.20563500527  5.814295E-17
8988.56900586973  4.706927E-17
8991.93237673419  4.329073E-17
8995.29574759865  4.874827E-17
8998.65911846311  5.128944E-17
9002.02248932758  5.057399E-17
9005.38586019203  5.007488E-17
9008.74923105649  5.046827E-17
9012.11260192096  5.087883E-17
9015.47597278542  5.311339E-17
9018.83934364988  5.442257E-17
9022.20271451434  5.129190E-17
9025.5660853788  6.031646E-17
9028.92945624326  6.825773E-17
9032.29282710772  6.765719E-17
9035.65619797218  6.825245E-17
9039.01956883665  5.637769E-17
9042.38293970111  5.712970E-17
9045.74631056557  6.020501E-17
9049.10968143003  6.494978E-17
9052.47305229449  6.785977E-17
9055.83642315895  6.770025E-17
9059.19979402341  6.506517E-17
9062.56316488787  6.218859E-17
9065.92653575233  6.400602E-17
9069.28990661679  6.531489E-17
9072.65327748126  6.213163E-17
9076.01664834572  5.830539E-17
9079.38001921018  5.513757E-17
9082.74339007464  5.510180E-17
9086.1067609391  6.010433E-17
9089.47013180356  6.497574E-17
9092.83350266802  6.569678E-17
9096.19687353248  6.082630E-17
9099.56024439694  5.273123E-17
9102.9236152614  5.916384E-17
9106.28698612586  6.974739E-17
9109.65035699033  6.540851E-17
9113.01372785479  5.946554E-17
9116.37709871925  6.511489E-17
9119.74046958371  6.880941E-17
9123.10384044817  6.186449E-17
9126.46721131263  5.567059E-17
9129.83058217709  5.857351E-17
9133.19395304155  5.180341E-17
9136.55732390602  5.387157E-17
9139.92069477048  6.518221E-17
9143.28406563494  6.941015E-17
9146.6474364994  6.816087E-17
9150.01080736386  6.415168E-17
9153.37417822832  5.955835E-17
9156.73754909278  6.589263E-17
9160.10091995724  7.487571E-17
9163.4642908217  8.160079E-17
9166.82766168616  7.197520E-17
9170.19103255062  6.250057E-17
9173.55440341509  6.431067E-17
9176.91777427955  6.854815E-17
9180.28114514401  7.318345E-17
9183.64451600847  7.850116E-17
9187.00788687293  7.793745E-17
9190.37125773739  7.717505E-17
9193.73462860185  7.200591E-17
9197.09799946631  7.135527E-17
9200.46137033078  7.953964E-17
9203.82474119524  8.752537E-17
9207.1881120597  8.403824E-17
9210.55148292416  7.444698E-17
9213.91485378862  7.815619E-17
9217.27822465308  9.150634E-17
9220.64159551754  8.336185E-17
9224.004966382  7.988047E-17
9227.36833724646  8.453937E-17
9230.73170811092  8.240948E-17
9234.09507897538  8.264777E-17
9237.45844983984  8.885214E-17
9240.82182070431  8.458482E-17
9244.18519156877  8.162858E-17
9247.54856243323  9.164083E-17
9250.91193329769  8.446585E-17
9254.27530416215  8.389450E-17
9257.63867502661  8.570573E-17
9261.00204589107  8.243368E-17
9264.36541675553  8.548803E-17
9267.72878761999  8.774570E-17
9271.09215848446  8.312260E-17
9274.45552934892  8.095672E-17
9277.81890021338  7.447147E-17
9281.18227107784  7.004466E-17
9284.5456419423  6.455818E-17
9287.90901280676  6.713232E-17
9291.27238367122  6.551263E-17
9294.63575453568  5.526935E-17
9297.99912540014  6.226102E-17
9301.3624962646  6.865133E-17
9304.72586712906  6.318187E-17
9308.08923799352  6.002610E-17
9311.45260885799  5.619632E-17
9314.81597972245  6.215535E-17
9318.17935058691  5.846540E-17
9321.54272145137  4.223886E-17
9324.90609231583  4.035079E-17
9328.26946318029  4.240812E-17
9331.63283404475  3.573277E-17
9334.99620490921  2.797439E-17
9338.35957577368  2.186636E-17
9341.72294663813  2.695954E-17
9345.0863175026  3.594253E-17
9348.44968836706  3.992725E-17
9351.81305923152  4.332334E-17
9355.17643009598  4.437372E-17
9358.53980096044  4.270124E-17
9361.9031718249  4.986570E-17
9365.26654268936  4.303235E-17
9368.62991355382  5.086662E-17
9371.99328441828  4.554126E-17
9375.35665528275  2.992775E-17
9378.72002614721  2.727108E-17
9382.08339701167  3.454696E-17
9385.44676787613  5.988336E-17
9388.81013874059  6.467609E-17
9392.17350960505  5.944440E-17
9395.53688046951  5.782760E-17
9398.90025133397  5.338048E-17
9402.26362219844  5.748047E-17
9405.62699306289  7.206789E-17
9408.99036392736  7.237151E-17
9412.35373479182  5.544437E-17
9415.71710565628  5.409475E-17
9419.08047652074  5.164745E-17
9422.4438473852  4.989654E-17
9425.80721824966  4.932158E-17
9429.17058911412  4.392183E-17
9432.53395997858  3.977928E-17
9435.89733084304  4.385238E-17
9439.26070170751  4.684156E-17
9442.62407257197  4.192548E-17
9445.98744343643  4.004367E-17
9449.35081430089  5.757575E-17
9452.71418516535  5.616327E-17
9456.07755602981  5.158761E-17
9459.44092689427  5.713593E-17
9462.80429775873  5.401968E-17
9466.16766862319  4.542621E-17
9469.53103948765  3.812166E-17
9472.89441035211  3.971765E-17
9476.25778121658  3.597992E-17
9479.62115208104  3.933646E-17
9482.9845229455  4.626772E-17
9486.34789380996  5.242880E-17
9489.71126467442  6.063249E-17
9493.07463553888  5.522175E-17
9496.43800640334  4.898474E-17
9499.8013772678  5.098858E-17
9503.16474813226  4.955259E-17
9506.52811899672  5.606298E-17
9509.89148986119  6.502709E-17
9513.25486072565  6.288611E-17
9516.61823159011  5.270274E-17
9519.98160245457  4.107672E-17
9523.34497331903  3.937341E-17
9526.70834418349  4.980385E-17
9530.07171504795  5.188636E-17
9533.43508591241  5.687534E-17
9536.79845677687  5.492099E-17
9540.16182764134  5.296684E-17
9543.52519850579  5.616164E-17
9546.88856937026  4.126604E-17
9550.25194023472  4.703201E-17
9553.61531109918  5.067791E-17
9556.97868196364  5.388714E-17
9560.3420528281  5.318300E-17
9563.70542369256  4.833478E-17
9567.06879455702  4.780736E-17
9570.43216542148  4.800043E-17
9573.79553628595  4.211521E-17
9577.15890715041  4.672475E-17
9580.52227801487  6.222039E-17
9583.88564887933  5.508143E-17
9587.24901974379  4.464455E-17
9590.61239060825  4.488488E-17
9593.97576147271  4.752167E-17
9597.33913233717  4.936200E-17
9600.70250320163  5.369326E-17
9604.06587406609  5.607221E-17
9607.42924493055  5.463946E-17
9610.79261579502  4.897718E-17
9614.15598665948  4.213463E-17
9617.51935752394  4.941897E-17
9620.8827283884  5.951811E-17
9624.24609925286  5.186204E-17
9627.60947011732  4.875729E-17
9630.97284098178  5.355135E-17
9634.33621184624  5.130223E-17
9637.6995827107  5.853826E-17
9641.06295357517  5.253631E-17
9644.42632443962  4.233626E-17
9647.78969530409  4.345313E-17
9651.15306616855  4.292818E-17
9654.51643703301  5.229571E-17
9657.87980789747  5.922994E-17
9661.24317876193  5.897097E-17
9664.60654962639  5.386922E-17
9667.96992049085  5.275218E-17
9671.33329135531  5.864033E-17
9674.69666221977  6.567468E-17
9678.06003308424  7.033292E-17
9681.4234039487  6.728488E-17
9684.78677481316  5.806301E-17
9688.15014567762  6.306786E-17
9691.51351654208  6.810033E-17
9694.87688740654  5.682249E-17
9698.240258271  4.529621E-17
9701.60362913547  5.061629E-17
9704.96699999992  5.533992E-17
