1.565777750013725154e+03 0.000000000000000000e+00
1.567321260947825522e+03 0.000000000000000000e+00
1.568864780953163972e+03 0.000000000000000000e+00
1.570408310029900804e+03 0.000000000000000000e+00
1.571951848178195405e+03 0.000000000000000000e+00
1.573495395398208075e+03 0.000000000000000000e+00
1.575038951690098884e+03 0.000000000000000000e+00
1.576582517054027448e+03 0.000000000000000000e+00
1.578126091490154067e+03 -1.718702906570676071e-15
1.579669674998638811e+03 -4.673913826905599575e-15
1.581213267579641069e+03 -5.974657007741350501e-16
1.582756869233320913e+03 -1.618938307251880510e-15
1.584300479959839095e+03 -6.776050231610813036e-16
1.585844099759354776e+03 -1.275954655755235419e-15
1.587387728632028256e+03 2.641516291725792831e-15
1.588931366578019606e+03 -1.801005709923587418e-15
1.590475013597488669e+03 -2.170990124800739433e-15
1.592018669690595516e+03 -5.739593188779665376e-16
1.593562334857500218e+03 1.913102897196168779e-15
1.595106009098362620e+03 1.363568038050076009e-15
1.596649692413342564e+03 2.674574928865944105e-15
1.598193384802601031e+03 4.731530702043731593e-15
1.599737086266296728e+03 1.924781575714674259e-15
1.601280796804590636e+03 1.849138357151313035e-15
1.602824516417642144e+03 1.326954509509416843e-15
1.604368245105612004e+03 2.327322548952492562e-16
1.605911982868659607e+03 -4.259337733097159342e-16
1.607455729706945704e+03 -1.999650367936228637e-16
1.608999485620629457e+03 1.052529095958603983e-16
1.610543250609871620e+03 3.053099553433787604e-16
1.612087024674831810e+03 4.737848085522590978e-16
1.613630807815670323e+03 5.736470813577849211e-16
1.615174600032547460e+03 6.325189946259517949e-16
1.616718401325622608e+03 3.951164647573383436e-16
1.618262211695056976e+03 1.981827206539222056e-16
1.619806031141009498e+03 1.066773940200155171e-16
1.621349859663640927e+03 -7.649539988274805429e-17
1.622893697263111108e+03 -1.408769812313958838e-17
1.624437543939580337e+03 7.978014071264102761e-17
1.625981399693208232e+03 2.488150812230034703e-16
1.627525264524155773e+03 4.358946425414100909e-16
1.629069138432582122e+03 5.416363827920648265e-16
1.630613021418648032e+03 2.319658224268821229e-16
1.632156913482513346e+03 -4.486233242771556825e-17
1.633700814624338591e+03 6.555935750074778261e-18
1.635244724844283382e+03 7.982416657356354995e-17
1.636788644142508019e+03 2.133435251488105121e-16
1.638332572519173027e+03 5.580099531789640792e-16
1.639876509974437795e+03 6.942916781011094270e-16
1.641420456508463303e+03 7.685675737293653966e-16
1.642964412121409168e+03 5.874359307061376764e-16
1.644508376813435461e+03 5.125705001465927137e-16
1.646052350584702936e+03 5.234752023095445763e-16
1.647596333435371434e+03 5.156255362291021615e-16
1.649140325365601029e+03 4.469558340413671855e-16
1.650684326375552018e+03 6.032362186064233779e-16
1.652228336465384473e+03 5.789935533208540649e-16
1.653772355635258918e+03 4.935459813325835179e-16
1.655316383885334972e+03 5.247946149435707593e-16
1.656860421215773385e+03 5.129611411539545564e-16
1.658404467626734231e+03 5.556310082070411733e-16
1.659948523118377580e+03 5.690882970961030733e-16
1.661492587690863957e+03 7.024699929650865104e-16
1.663036661344352751e+03 6.428140977646765782e-16
1.664580744079005171e+03 6.382502842448704080e-16
1.666124835894981061e+03 5.480087175333773347e-16
1.667668936792440263e+03 6.011681876657020036e-16
1.669213046771543759e+03 4.238007061205131907e-16
1.670757165832451392e+03 5.455030881962807075e-16
1.672301293975323688e+03 5.273746243613481547e-16
1.673845431200320036e+03 6.348147186108069658e-16
1.675389577507601871e+03 6.384035442687642330e-16
1.676933732897328355e+03 8.476017828179408051e-16
1.678477897369660695e+03 7.081448490138943057e-16
1.680022070924758737e+03 7.151253004717761982e-16
1.681566253562782776e+03 6.171870100663793147e-16
1.683110445283893114e+03 5.905859403578580125e-16
1.684654646088250047e+03 5.107997777703575989e-16
1.686198855976013647e+03 5.038366375483352162e-16
1.687743074947344439e+03 6.041523906179973105e-16
1.689287303002402950e+03 5.690534628661472402e-16
1.690831540141349024e+03 6.485571399657383447e-16
1.692375786364343412e+03 5.723702321293582668e-16
1.693920041671545732e+03 6.126530015184046551e-16
1.695464306063116965e+03 6.246869044791649069e-16
1.697008579539217408e+03 6.506963216740290802e-16
1.698552862100006678e+03 5.707777043094017753e-16
1.700097153745645983e+03 7.390820391980879814e-16
1.701641454476295621e+03 7.630206725951522041e-16
1.703185764292115209e+03 6.605133276535880144e-16
1.704730083193265727e+03 7.294796501915396057e-16
1.706274411179907247e+03 7.533039870802837011e-16
1.707818748252200066e+03 6.611777191215906062e-16
1.709363094410304939e+03 6.732908726024783384e-16
1.710907449654381935e+03 6.812066072528065886e-16
1.712451813984590899e+03 7.370790180360683747e-16
1.713996187401093266e+03 7.390767452421676421e-16
1.715540569904048880e+03 7.883593985144685817e-16
1.717084961493617811e+03 7.851983774344339397e-16
1.718629362169961269e+03 8.286623908151306665e-16
1.720173771933239095e+03 7.183806069067520846e-16
1.721718190783611590e+03 6.927603484115920588e-16
1.723262618721239505e+03 6.359578954522450509e-16
1.724807055746282913e+03 6.045466844549441873e-16
1.726351501858902111e+03 6.195929542134959514e-16
1.727895957059258308e+03 6.379131121923039931e-16
1.729440421347511347e+03 6.405627900699930547e-16
1.730984894723821299e+03 6.099252377908905877e-16
1.732529377188349372e+03 7.018237597658906826e-16
1.734073868741255865e+03 6.208846265184995560e-16
1.735618369382700394e+03 5.686303169694345138e-16
1.737162879112844394e+03 5.945887004292266156e-16
1.738707397931847936e+03 6.373465000901500695e-16
1.740251925839871319e+03 5.894124820885555862e-16
1.741796462837075296e+03 6.382871831176351735e-16
1.743341008923620393e+03 7.548959855046481586e-16
1.744885564099666453e+03 7.089754177582363506e-16
1.746430128365374458e+03 7.355972397739653831e-16
1.747974701720904932e+03 6.923927890520428959e-16
1.749519284166418174e+03 6.589211704105459467e-16
1.751063875702074711e+03 5.740399987661925097e-16
1.752608476328035295e+03 6.137870198161005531e-16
1.754153086044459769e+03 5.519402209580581697e-16
1.755697704851509343e+03 5.300201200138601482e-16
1.757242332749344314e+03 5.193526400156986932e-16
1.758786969738124981e+03 4.919499065621603991e-16
1.760331615818011869e+03 4.858746156875381333e-16
1.761876270989165960e+03 5.232916608577864101e-16
1.763420935251747323e+03 5.864044563346187521e-16
1.764965608605916259e+03 6.588087267867979383e-16
1.766510291051834429e+03 6.623538243688532022e-16
1.768054982589660767e+03 6.107054080748710017e-16
1.769599683219556937e+03 5.991887246075279071e-16
1.771144392941683236e+03 5.608582073432250709e-16
1.772689111756200191e+03 5.358099607852577148e-16
1.774233839663268554e+03 5.007612726750916652e-16
1.775778576663048625e+03 5.190730132639863673e-16
1.777323322755700701e+03 4.993479982025978651e-16
1.778868077941385764e+03 5.443343944873065866e-16
1.780412842220265020e+03 5.533109320249524413e-16
1.781957615592497405e+03 5.988783929114776129e-16
1.783502398058244808e+03 6.207651948729366997e-16
1.785047189617667527e+03 6.245725550312855763e-16
1.786591990270926317e+03 6.194389530357732789e-16
1.788136800018181248e+03 5.876761174862434739e-16
1.789681618859593527e+03 6.091396676718714275e-16
1.791226446795323227e+03 5.651707697150519343e-16
1.792771283825531327e+03 5.603313528500328961e-16
1.794316129950377899e+03 5.071202666474849182e-16
1.795860985170024605e+03 4.880371437414375655e-16
1.797405849484631290e+03 4.552953498631186029e-16
1.798950722894358705e+03 4.675372523519889887e-16
1.800495605399367605e+03 5.048589533761119533e-16
1.802040496999818970e+03 5.233519060761598722e-16
1.803585397695872643e+03 5.316387999760631162e-16
1.805130307487689834e+03 5.499933157287941604e-16
1.806675226375430839e+03 6.310771857310473656e-16
1.808220154359256867e+03 5.560885648172361057e-16
1.809765091439327989e+03 5.605725454817635581e-16
1.811310037615805413e+03 5.662532778216429301e-16
1.812854992888849210e+03 5.793949939982933998e-16
1.814399957258620816e+03 5.036203794489893526e-16
1.815944930725280528e+03 4.809335548688485791e-16
1.817489913288988873e+03 4.723238355369230399e-16
1.819034904949906831e+03 4.641359915522893457e-16
1.820579905708195156e+03 4.273088254204648840e-16
1.822124915564013918e+03 4.419671540891741785e-16
1.823669934517524553e+03 4.437496819871116502e-16
1.825214962568887586e+03 4.524785417970244271e-16
1.826759999718263543e+03 4.233788307732213457e-16
1.828305045965812951e+03 4.021494851975092061e-16
1.829850101311697472e+03 3.568236933987475271e-16
1.831395165756076494e+03 4.424319369492003742e-16
1.832940239299112136e+03 3.871492993252439964e-16
1.834485321940964241e+03 3.986170666398831551e-16
1.836030413681793561e+03 4.303194981523618878e-16
1.837575514521761534e+03 4.711648827068423435e-16
1.839120624461028456e+03 4.198385771608331924e-16
1.840665743499755081e+03 3.812897900939347636e-16
1.842210871638101708e+03 3.611751398768092832e-16
1.843756008876230226e+03 3.164769730221834391e-16
1.845301155214300479e+03 2.819963263822698046e-16
1.846846310652473903e+03 3.431327822349210504e-16
1.848391475190910569e+03 3.541861386801160427e-16
1.849936648829771684e+03 3.745743275996454586e-16
1.851481831569218230e+03 3.980253611866668229e-16
1.853027023409410504e+03 4.136184436522304412e-16
1.854572224350509941e+03 3.283310667701093638e-16
1.856117434392676842e+03 3.409950828342880099e-16
1.857662653536071957e+03 2.961554614774706976e-16
1.859207881780856496e+03 2.627444851010412360e-16
1.860753119127191439e+03 2.200429204868815871e-16
1.862298365575236858e+03 2.097885675738536161e-16
1.863843621125154186e+03 2.029469898146520263e-16
1.865388885777104178e+03 2.195991016922999354e-16
1.866934159531247360e+03 2.243111062732062056e-16
1.868479442387744712e+03 2.794784415372175918e-16
1.870024734346757896e+03 3.189465505194625551e-16
1.871570035408446529e+03 3.087499679004152876e-16
1.873115345572971819e+03 2.986161715985832452e-16
1.874660664840495201e+03 2.909944103205114405e-16
1.876205993211176974e+03 2.410845291507686915e-16
1.877751330685178573e+03 2.201275046675988094e-16
1.879296677262660296e+03 2.202695679747211166e-16
1.880842032943783124e+03 1.905653798290438843e-16
1.882387397728708265e+03 1.953104583995624748e-16
1.883932771617596245e+03 1.789008626426253127e-16
1.885478154610608044e+03 1.489552701069806048e-16
1.887023546707904870e+03 1.649087253869315254e-16
1.888568947909647477e+03 1.654586747628261807e-16
1.890114358215996390e+03 1.599219115542004381e-16
1.891659777627113272e+03 1.749607962442433287e-16
1.893205206143158648e+03 1.654894458816131534e-16
1.894750643764293272e+03 1.621592167354746639e-16
1.896296090490678125e+03 1.784888340533452990e-16
1.897841546322474187e+03 1.700313953634683219e-16
1.899387011259842893e+03 1.732676435571309866e-16
1.900932485302944542e+03 1.786422131912473316e-16
1.902477968451940342e+03 1.722080979843444628e-16
1.904023460706991273e+03 1.686398922846969175e-16
1.905568962068258315e+03 1.885701143124475748e-16
1.907114472535902223e+03 2.031001174896478428e-16
1.908659992110084204e+03 2.180223366260962544e-16
1.910205520790965011e+03 2.105830580085985481e-16
1.911751058578706079e+03 1.865287516746749101e-16
1.913296605473467707e+03 1.907523491172604703e-16
1.914842161475411558e+03 1.984134047831509940e-16
1.916387726584697930e+03 2.067252332154390364e-16
1.917933300801488485e+03 2.339745081217364927e-16
1.919478884125943978e+03 2.802635087304243197e-16
1.921024476558225615e+03 2.826907081105611190e-16
1.922570078098493923e+03 2.633100913515702950e-16
1.924115688746909882e+03 2.449074270697437642e-16
1.925661308503635382e+03 2.377554249702632742e-16
1.927206937368830495e+03 2.359349923479361726e-16
1.928752575342657110e+03 2.150872483498518961e-16
1.930298222425275299e+03 2.330838794474781976e-16
1.931843878616846951e+03 2.670411920748866829e-16
1.933389543917532819e+03 3.269262626270881067e-16
1.934935218327493658e+03 3.265538857676514349e-16
1.936480901846890674e+03 3.550655176980436166e-16
1.938026594475885304e+03 3.552116838210041868e-16
1.939572296214638072e+03 3.379445730840904523e-16
1.941118007063310642e+03 3.095553638843561188e-16
1.942663727022063540e+03 2.870271991631479164e-16
1.944209456091057973e+03 2.941949243117118144e-16
1.945755194270455831e+03 2.865284820456723454e-16
1.947300941560416732e+03 2.954086431157884217e-16
1.948846697961102791e+03 2.716762093018214178e-16
1.950392463472674763e+03 3.000281225820969604e-16
1.951938238095293855e+03 2.552233089854558795e-16
1.953484021829121502e+03 2.888436348487551618e-16
1.955029814674318231e+03 3.141447207414779265e-16
1.956575616631045250e+03 3.187741528449167033e-16
1.958121427699463766e+03 3.627058342916162107e-16
1.959667247879735442e+03 3.851758184372598834e-16
1.961213077172020348e+03 3.452101305380622220e-16
1.962758915576480831e+03 3.472932492531565635e-16
1.964304763093277188e+03 3.319479768642240314e-16
1.965850619722571082e+03 2.891730247861186778e-16
1.967396485464522812e+03 2.950623389892594213e-16
1.968942360319294266e+03 3.219353327436289556e-16
1.970488244287046882e+03 3.115977985482026522e-16
1.972034137367940957e+03 3.583054716608505188e-16
1.973580039562138154e+03 3.716470611432734017e-16
1.975125950869799681e+03 3.899732012922714269e-16
1.976671871291086745e+03 4.114591978510016195e-16
1.978217800826160101e+03 3.897082917380176445e-16
1.979763739475181637e+03 3.829693240794420327e-16
1.981309687238311653e+03 4.109896239608675167e-16
1.982855644115712266e+03 4.094024165666109664e-16
1.984401610107544002e+03 3.936300278140254533e-16
1.985947585213968523e+03 4.393219231344582020e-16
1.987493569435147037e+03 4.490045420429793210e-16
1.989039562771239844e+03 4.244915408983378777e-16
1.990585565222409969e+03 4.261633192384218496e-16
1.992131576788816801e+03 4.308546641563489954e-16
1.993677597470622459e+03 4.078088564252500088e-16
1.995223627267988149e+03 3.908730679196107142e-16
1.996769666181075081e+03 4.264784684343596527e-16
1.998315714210044462e+03 4.470644660168525495e-16
1.999861771355057499e+03 4.227962309241879973e-16
2.001407837616275401e+03 4.210962622688282182e-16
2.002953912993859376e+03 4.209427110773587746e-16
2.004499997487971314e+03 3.935170283249058093e-16
2.006046091098771967e+03 3.733962106491331336e-16
2.007592193826422317e+03 4.469547752501831176e-16
2.009138305671083799e+03 4.930983773595188236e-16
2.010684426632918075e+03 5.306163782691679723e-16
2.012230556712086582e+03 5.530516870035334220e-16
2.013776695908749616e+03 5.789976826064719296e-16
2.015322844223069524e+03 5.570861049313056545e-16
2.016869001655206830e+03 5.628926216638522901e-16
2.018415168205323653e+03 5.758197208674922015e-16
2.019961343873580518e+03 5.689415486379912658e-16
2.021507528660139542e+03 5.772362775926566120e-16
2.023053722565161252e+03 5.816326432867024478e-16
2.024599925588807309e+03 5.525843895144450652e-16
2.026146137731239151e+03 5.699560294110059006e-16
2.027692358992618210e+03 5.663027233699388999e-16
2.029238589373105469e+03 5.742412749702838128e-16
2.030784828872862363e+03 5.418820223467685736e-16
2.032331077492050326e+03 5.494720728288775453e-16
2.033877335230830795e+03 4.759535305345853270e-16
2.035423602089364977e+03 4.892780470091651155e-16
2.036969878067814307e+03 4.596652457775627417e-16
2.038516163166340220e+03 4.686685177926063102e-16
2.040062457385103926e+03 4.840438598511663700e-16
2.041608760724267086e+03 4.935857918811044701e-16
2.043155073183990680e+03 5.343870513129888970e-16
2.044701394764436372e+03 5.892986090967090862e-16
2.046247725465765370e+03 6.208489981951556720e-16
2.047794065288139564e+03 6.143295444188169325e-16
2.049340414231719933e+03 6.220901132211200356e-16
2.050886772296667914e+03 5.889890185544876394e-16
2.052433139483145169e+03 5.245566516249515043e-16
2.053979515791312224e+03 5.152009080247317400e-16
2.055525901221331878e+03 5.424262410153794615e-16
2.057072295773364658e+03 5.726702406113638993e-16
2.058618699447571998e+03 5.837990888679829311e-16
2.060165112244115790e+03 6.048442577172264637e-16
2.061711534163157012e+03 6.160434626480268058e-16
2.063257965204857555e+03 5.933222802939630298e-16
2.064804405369378401e+03 5.831330562736450340e-16
2.066350854656881893e+03 5.471338913175412526e-16
2.067897313067527648e+03 5.263085275181102109e-16
2.069443780601479375e+03 5.281302306898581940e-16
2.070990257258897145e+03 5.493930870065460818e-16
2.072536743039942394e+03 5.558276257299225778e-16
2.074083237944777466e+03 5.679712723969114647e-16
2.075629741973563341e+03 5.975790443703895161e-16
2.077176255126461456e+03 5.734397171043852277e-16
2.078722777403633245e+03 5.526974684129035142e-16
2.080269308805240598e+03 5.585151024528828625e-16
2.081815849331444497e+03 5.623747139561654888e-16
2.083362398982407285e+03 5.538989317090245359e-16
2.084908957758289489e+03 5.489540063025131339e-16
2.086455525659252999e+03 5.498082390298190958e-16
2.088002102685459704e+03 5.333545710898451083e-16
2.089548688837070586e+03 5.433841823391648718e-16
2.091095284114247534e+03 5.409513978355321145e-16
2.092641888517151983e+03 5.761434462720209544e-16
2.094188502045945370e+03 5.725938488274334021e-16
2.095735124700789129e+03 5.819570039659416414e-16
2.097281756481844695e+03 5.891729835227194328e-16
2.098828397389274869e+03 5.741343370606929574e-16
2.100375047423239721e+03 5.517555677755567323e-16
2.101921706583901141e+03 5.586670389877966027e-16
2.103468374871421474e+03 5.305637034077605955e-16
2.105015052285961247e+03 5.204340363915464177e-16
2.106561738827683257e+03 5.207208099837512018e-16
2.108108434496747577e+03 5.166102649698444890e-16
2.109655139293317006e+03 4.886442016668228819e-16
2.111201853217552980e+03 5.046419541229372422e-16
2.112748576269616478e+03 4.625771862315454161e-16
2.114295308449669392e+03 4.437168594604055461e-16
2.115842049757873156e+03 4.399409983397826887e-16
2.117388800194390569e+03 4.455778702548620490e-16
2.118935559759381704e+03 4.157023035211536302e-16
2.120482328453008904e+03 4.524557248470077644e-16
2.122029106275434060e+03 4.712223221285780257e-16
2.123575893226818152e+03 4.487105686707228754e-16
2.125122689307322617e+03 4.473952323827553538e-16
2.126669494517110252e+03 4.631575626190922220e-16
2.128216308856341584e+03 4.236964681284417084e-16
2.129763132325178503e+03 4.204433851549523645e-16
2.131309964923783355e+03 4.369521102364978815e-16
2.132856806652317118e+03 4.536485060554194294e-16
2.134403657510941684e+03 4.638886579316910900e-16
2.135950517499818943e+03 4.845868609099155799e-16
2.137497386619109875e+03 4.767878050480716095e-16
2.139044264868977280e+03 4.651508958417776077e-16
2.140591152249581683e+03 4.424179344357910765e-16
2.142138048761085429e+03 4.295398837337531094e-16
2.143684954403649954e+03 4.448640332385634874e-16
2.145231869177437147e+03 4.410254916798438118e-16
2.146778793082608445e+03 4.253989249430840469e-16
2.148325726119325736e+03 4.080276820932172369e-16
2.149872668287751367e+03 4.217750532969341331e-16
2.151419619588045407e+03 4.158800216213994231e-16
2.152966580020371111e+03 4.344053733316798191e-16
2.154513549584889461e+03 4.689180748746911084e-16
2.156060528281762799e+03 5.155362271927260362e-16
2.157607516111152108e+03 5.219330200103905124e-16
2.159154513073219732e+03 5.369178269407071363e-16
2.160701519168127106e+03 5.348949005044270535e-16
2.162248534396036121e+03 5.104668408825274555e-16
2.163795558757108211e+03 4.847305388735935906e-16
2.165342592251505721e+03 5.037744865058304319e-16
2.166889634879389632e+03 4.852710517730602410e-16
2.168436686640922289e+03 4.989096057128345613e-16
2.169983747536265582e+03 5.162100948418260355e-16
2.171530817565581401e+03 5.353189463736462376e-16
2.173077896729030726e+03 5.171380723751023249e-16
2.174624985026775903e+03 5.036020094219457750e-16
2.176172082458978366e+03 5.054487000656377599e-16
2.177719189025800461e+03 5.065225260845193991e-16
2.179266304727403622e+03 4.878001862744431750e-16
2.180813429563950194e+03 5.011934182968689686e-16
2.182360563535600704e+03 5.249784210931249424e-16
2.183907706642518406e+03 5.448699310682081180e-16
2.185454858884864734e+03 5.588340632970833100e-16
2.187002020262800670e+03 5.776145836827240639e-16
2.188549190776489013e+03 5.677556495722760419e-16
2.190096370426091198e+03 5.828491414176372332e-16
2.191643559211769571e+03 5.739016147584348384e-16
2.193190757133685111e+03 6.001194020583235696e-16
2.194737964192000163e+03 6.239688852376892771e-16
2.196285180386876618e+03 6.300244825962878804e-16
2.197832405718476366e+03 6.474568971068142120e-16
2.199379640186960842e+03 6.580030396352814885e-16
2.200926883792492390e+03 6.327184179454709793e-16
2.202474136535232901e+03 6.312003231457544595e-16
2.204021398415343810e+03 6.573943935231200703e-16
2.205568669432987463e+03 6.565958002725368753e-16
2.207115949588325293e+03 6.463382312812872982e-16
2.208663238881520101e+03 6.676569388329347664e-16
2.210210537312732868e+03 6.702480655581448746e-16
2.211757844882125028e+03 6.691061592661276709e-16
2.213305161589860290e+03 6.617997060026712796e-16
2.214852487436099182e+03 7.076302235588781148e-16
2.216399822421003591e+03 7.010287664053333184e-16
2.217947166544736319e+03 6.795322348743216504e-16
2.219494519807458801e+03 6.681465768160069554e-16
2.221041882209332471e+03 6.893957747264203677e-16
2.222589253750520584e+03 6.629083133119495486e-16
2.224136634431183211e+03 6.786118276980114463e-16
2.225684024251484061e+03 7.206908892703881887e-16
2.227231423211584115e+03 7.448795032660108367e-16
2.228778831311645718e+03 7.347956289685075946e-16
2.230326248551830759e+03 7.505936404677475502e-16
2.231873674932300673e+03 7.486443000187601848e-16
2.233421110453218262e+03 7.360911129217738436e-16
2.234968555114744959e+03 7.229638492447859003e-16
2.236516008917043564e+03 7.409244417374844915e-16
2.238063471860275058e+03 7.201402119755544867e-16
2.239610943944601331e+03 7.419695745152778913e-16
2.241158425170185183e+03 7.420553366011873892e-16
2.242705915537188048e+03 7.607450127032351194e-16
2.244253415045772272e+03 7.549310844324000087e-16
2.245800923696100654e+03 7.460588907659440432e-16
2.247348441488333265e+03 7.220606474252167992e-16
2.248895968422633359e+03 7.364540136001131079e-16
2.250443504499162827e+03 7.138213991285966096e-16
2.251991049718084014e+03 7.080275878902587885e-16
2.253538604079557899e+03 7.194879966061686755e-16
2.255086167583747738e+03 7.265021176237039264e-16
2.256633740230814510e+03 7.068568295384757352e-16
2.258181322020921471e+03 7.133111147174350970e-16
2.259728912954229600e+03 7.163689036570231213e-16
2.261276513030901697e+03 7.145633470508321733e-16
2.262824122251099197e+03 6.900106147670085829e-16
2.264371740614984446e+03 6.862462415307328620e-16
2.265919368122719334e+03 6.873546900213335208e-16
2.267467004774466204e+03 6.711691080091655194e-16
2.269014650570387403e+03 6.694298846706564238e-16
2.270562305510643910e+03 6.766735516168975902e-16
2.272109969595398979e+03 6.480994774764250056e-16
2.273657642824814502e+03 6.467624889087432959e-16
2.275205325199052368e+03 6.339985494265682441e-16
2.276753016718274921e+03 6.449715436208924846e-16
2.278300717382643597e+03 6.431504227842957389e-16
2.279848427192321196e+03 6.736494851765221278e-16
2.281396146147469153e+03 6.820120826460862248e-16
2.282943874248250268e+03 7.052247558677943087e-16
2.284491611494826884e+03 7.102127211359380698e-16
2.286039357887359984e+03 7.140860969246135784e-16
2.287587113426012820e+03 7.384931395415094291e-16
2.289134878110947284e+03 7.178931394456072347e-16
2.290682651942325265e+03 7.252888488058805479e-16
2.292230434920309108e+03 6.972207709722740010e-16
2.293778227045060248e+03 7.059242462635487506e-16
2.295326028316741940e+03 6.666366347084077583e-16
2.296873838735515619e+03 6.964347773367812137e-16
2.298421658301544539e+03 6.744947181787635127e-16
2.299969487014989681e+03 6.970089068563420191e-16
2.301517324876013390e+03 6.774905148945243628e-16
2.303065171884778465e+03 6.862038898833701470e-16
2.304613028041446341e+03 6.362964439333507541e-16
2.306160893346179364e+03 6.115935221200671356e-16
2.307708767799140332e+03 5.944029884555411102e-16
2.309256651400491137e+03 5.793485130653128201e-16
2.310804544150393667e+03 5.770960936398860253e-16
2.312352446049010723e+03 5.596697671786680841e-16
2.313900357096503740e+03 5.628722399335589835e-16
2.315448277293035972e+03 5.649149128254219322e-16
2.316996206638768399e+03 5.642214045998574738e-16
2.318544145133864731e+03 5.430790387199165101e-16
2.320092092778485949e+03 5.728777107438819995e-16
2.321640049572795306e+03 5.699396710872120519e-16
2.323188015516953783e+03 5.730613580747585725e-16
2.324735990611124635e+03 5.874030552398723688e-16
2.326283974855470206e+03 5.766165141730624812e-16
2.327831968250152386e+03 5.797162841830987966e-16
2.329379970795332611e+03 5.900219222941050553e-16
2.330927982491174589e+03 5.754220388987563075e-16
2.332476003337840211e+03 5.721528093597099286e-16
2.334024033335490913e+03 5.884728578522545502e-16
2.335572072484290402e+03 5.823925377195079620e-16
2.337120120784399660e+03 5.858590200561461861e-16
2.338668178235981941e+03 5.828234127918643839e-16
2.340216244839198680e+03 5.523837485850642028e-16
2.341764320594213132e+03 5.432567038806030996e-16
2.343312405501187186e+03 5.242397554235599891e-16
2.344860499560282278e+03 5.018521981715960006e-16
2.346408602771662117e+03 4.877083361392252868e-16
2.347956715135488139e+03 5.007189210277289502e-16
2.349504836651923142e+03 4.843193043777016277e-16
2.351052967321129472e+03 4.751010977522922805e-16
2.352601107143269473e+03 4.669318884924981809e-16
2.354149256118504582e+03 4.671068007961061939e-16
2.355697414246998505e+03 4.581900849603601743e-16
2.357245581528913135e+03 4.612480327186258087e-16
2.358793757964409906e+03 4.757462721603040404e-16
2.360341943553652527e+03 4.664167865814491595e-16
2.361890138296802888e+03 4.907538960406373271e-16
2.363438342194022880e+03 4.999210159914153993e-16
2.364986555245475301e+03 5.153625324989797012e-16
2.366534777451322498e+03 5.078281214935934963e-16
2.368083008811726813e+03 5.093859739022717648e-16
2.369631249326850593e+03 4.521381404313466051e-16
2.371179498996856637e+03 4.504372982732599701e-16
2.372727757821906835e+03 4.323611651925999720e-16
2.374276025802164440e+03 4.265143614554995537e-16
2.375824302937790435e+03 4.270788295055057398e-16
2.377372589228948527e+03 4.406509707682594026e-16
2.378920884675800153e+03 4.273259778376467836e-16
2.380469189278508566e+03 4.093534474743478271e-16
2.382017503037235656e+03 3.902009737457440286e-16
2.383565825952144223e+03 3.971259180758011627e-16
2.385114158023396612e+03 4.002510990742551072e-16
2.386662499251155168e+03 3.878689596930549313e-16
2.388210849635582235e+03 3.913279510820658752e-16
2.389759209176840614e+03 4.127049715581758817e-16
2.391307577875092193e+03 4.047647523617160618e-16
2.392855955730500227e+03 4.056072854464380737e-16
2.394404342743226152e+03 4.297379041549534038e-16
2.395952738913433677e+03 4.446163819806100113e-16
2.397501144241284237e+03 4.444496223691193210e-16
2.399049558726941541e+03 4.607312896812414821e-16
2.400597982370566569e+03 4.534430476261510582e-16
2.402146415172322577e+03 4.431394741579537319e-16
2.403694857132371908e+03 4.417091531473964390e-16
2.405243308250877362e+03 4.246430009772187873e-16
2.406791768528000830e+03 3.827935382731071636e-16
2.408340237963906020e+03 3.864942781592204052e-16
2.409888716558753913e+03 3.664695722531814909e-16
2.411437204312708218e+03 3.647790797789191193e-16
2.412985701225930825e+03 3.856387484127139602e-16
2.414534207298584988e+03 4.039141989337747358e-16
2.416082722530832598e+03 4.089287133908589989e-16
2.417631246922835999e+03 4.296456569730414902e-16
2.419179780474757990e+03 4.278538911220230263e-16
2.420728323186761372e+03 4.203937543181991828e-16
2.422276875059008489e+03 4.388563197112643538e-16
2.423825436091662596e+03 4.422165258828017649e-16
2.425374006284884672e+03 4.368703980268674432e-16
2.426922585638838882e+03 4.367476576588543748e-16
2.428471174153686661e+03 4.433989044678299631e-16
2.430019771829591264e+03 4.306324503565927501e-16
2.431568378666715489e+03 4.326769496632482158e-16
2.433116994665220773e+03 4.326362391422208060e-16
2.434665619825271278e+03 4.276111103035162625e-16
2.436214254147027987e+03 4.378659793772464665e-16
2.437762897630655061e+03 4.430301539681987238e-16
2.439311550276314392e+03 4.358347149603918492e-16
2.440860212084167870e+03 4.265612923747333623e-16
2.442408883054379203e+03 4.339655779435976253e-16
2.443957563187110281e+03 4.073738255974961205e-16
2.445506252482524815e+03 4.174657731777778802e-16
2.447054950940783783e+03 4.101718665898526931e-16
2.448603658562051351e+03 4.111167583122944669e-16
2.450152375346489407e+03 4.154540963978285185e-16
2.451701101294260752e+03 4.409940985212361993e-16
2.453249836405527731e+03 4.195111724569398036e-16
2.454798580680453597e+03 4.373329044858478929e-16
2.456347334119200696e+03 4.528425542061069627e-16
2.457896096721931372e+03 4.605661711960860969e-16
2.459444868488808879e+03 4.526057555577901823e-16
2.460993649419996018e+03 4.686742882045594801e-16
2.462542439515654223e+03 4.615221008166217782e-16
2.464091238775947659e+03 4.573368051451198735e-16
2.465640047201038669e+03 4.454621443784434302e-16
2.467188864791089145e+03 4.363541049757363455e-16
2.468737691546262340e+03 4.286052358160171924e-16
2.470286527466721054e+03 4.236368581847786870e-16
2.471835372552628542e+03 4.424174579797582460e-16
2.473384226804146238e+03 4.475182639183440409e-16
2.474933090221437851e+03 4.468323789893048712e-16
2.476481962804665272e+03 4.583243926220591843e-16
2.478030844553991756e+03 4.539083334119896861e-16
2.479579735469580555e+03 4.378317010126622690e-16
2.481128635551593561e+03 4.316962443290053462e-16
2.482677544800194028e+03 4.310042713506577862e-16
2.484226463215543390e+03 4.426788735231046044e-16
2.485775390797806722e+03 4.694841575812529980e-16
2.487324327547145003e+03 4.797018101448632162e-16
2.488873273463721944e+03 4.784187140484505614e-16
2.490422228547698978e+03 5.019617301195878224e-16
2.491971192799241180e+03 4.706457573892938642e-16
2.493520166218509075e+03 4.632289251448983968e-16
2.495069148805666828e+03 4.619060184999647899e-16
2.496618140560876327e+03 4.953380383511776005e-16
2.498167141484300828e+03 5.033016833025849221e-16
2.499716151576103130e+03 5.231024548731934808e-16
2.501265170836445577e+03 5.241392232006327444e-16
2.502814199265492334e+03 5.260960281274677883e-16
2.504363236863404836e+03 5.181192012258188217e-16
2.505912283630346337e+03 5.005390324055558181e-16
2.507461339566479637e+03 5.190276440617490588e-16
2.509010404671967081e+03 5.132239860653994065e-16
2.510559478946972376e+03 5.225507187871757109e-16
2.512108562391657870e+03 5.345523815563810958e-16
2.513657655006186360e+03 5.434885791499139644e-16
2.515206756790721101e+03 5.532408400485671479e-16
2.516755867745425348e+03 5.589479362889298100e-16
2.518304987870460536e+03 5.395948745705043525e-16
2.519854117165989919e+03 5.209697847306847627e-16
2.521403255632177661e+03 5.332643091414033219e-16
2.522952403269184742e+03 5.169478075993253277e-16
2.524501560077175327e+03 5.343232591441488075e-16
2.526050726056311760e+03 5.612846354926084077e-16
2.527599901206757295e+03 5.825484447213619566e-16
2.529149085528674732e+03 5.959824402043743634e-16
2.530698279022226870e+03 6.067399703927407913e-16
2.532247481687576510e+03 6.097224792791415895e-16
2.533796693524886905e+03 6.140907340672504232e-16
2.535345914534320400e+03 6.045082503349625234e-16
2.536895144716040249e+03 5.849853055710533753e-16
2.538444384070209253e+03 5.957396593858675996e-16
2.539993632596990665e+03 5.926036257777769593e-16
2.541542890296547284e+03 6.134508006755997993e-16
2.543092157169041911e+03 6.384370550097399812e-16
2.544641433214637345e+03 6.571871880883979871e-16
2.546190718433496386e+03 6.521018140313199814e-16
2.547740012825782287e+03 6.592242493869853760e-16
2.549289316391658303e+03 6.499205983130217513e-16
2.550838629131287234e+03 6.285454571912634653e-16
2.552387951044831425e+03 6.153554071970602970e-16
2.553937282132454584e+03 6.130605831847115838e-16
2.555486622394319511e+03 6.084301187598683408e-16
2.557035971830588551e+03 6.018499962486825120e-16
2.558585330441425413e+03 6.019156942416539237e-16
2.560134698226993351e+03 6.009863402798383460e-16
2.561684075187454255e+03 6.229407989979593701e-16
2.563233461322972289e+03 6.473792877130220367e-16
2.564782856633709798e+03 6.433951094269338249e-16
2.566332261119830036e+03 6.599514801117623963e-16
2.567881674781495349e+03 6.806174958379912227e-16
2.569431097618869444e+03 6.779019611486531392e-16
2.570980529632115122e+03 6.507252266733541332e-16
2.572529970821395182e+03 6.657554028059080656e-16
2.574079421186873788e+03 6.441145580365079462e-16
2.575628880728712375e+03 6.181207580116087740e-16
2.577178349447075107e+03 5.755737107358740307e-16
2.578727827342123874e+03 5.716500953055145013e-16
2.580277314414023294e+03 5.709119060919823786e-16
2.581826810662935259e+03 5.686532927381287867e-16
2.583376316089023476e+03 5.746508154002812670e-16
2.584925830692450745e+03 5.846713739849772502e-16
2.586475354473379412e+03 5.744287339494230302e-16
2.588024887431974093e+03 5.552790130778978081e-16
2.589574429568396226e+03 5.618126017165438538e-16
2.591123980882809974e+03 5.493868401385600814e-16
2.592673541375378591e+03 5.532342226036667237e-16
2.594223111046263966e+03 5.706260324722840522e-16
2.595772689895630720e+03 5.575339736021663658e-16
2.597322277923640286e+03 5.509014409273691772e-16
2.598871875130457283e+03 5.506517250266067687e-16
2.600421481516244057e+03 5.600815310701520808e-16
2.601971097081163862e+03 5.714414075631347231e-16
2.603520721825379496e+03 5.767901559272496127e-16
2.605070355749054670e+03 5.690726799261380722e-16
2.606619998852352182e+03 5.802922665872317209e-16
2.608169651135435288e+03 5.904831317338850218e-16
2.609719312598467241e+03 5.939803190148612144e-16
2.611268983241610385e+03 6.075872150982319052e-16
2.612818663065029341e+03 6.166842430726246840e-16
2.614368352068885542e+03 6.215200071080586881e-16
2.615918050253343608e+03 5.993960359213683971e-16
2.617467757618565884e+03 5.739085498406904830e-16
2.619017474164715622e+03 5.702151685533065131e-16
2.620567199891956534e+03 5.707725162325998428e-16
2.622116934800451418e+03 5.536047995180904801e-16
2.623666678890363528e+03 5.424953271401398904e-16
2.625216432161855209e+03 5.232049987993704545e-16
2.626766194615091081e+03 5.170563336956922849e-16
2.628315966250233487e+03 5.326641333587144467e-16
2.629865747067445682e+03 5.405159699610842007e-16
2.631415537066891375e+03 5.557078764470045010e-16
2.632965336248733365e+03 5.815658865025469682e-16
2.634515144613134908e+03 5.919506692545623006e-16
2.636064962160258801e+03 5.651796106214389010e-16
2.637614788890269210e+03 5.932738405972919245e-16
2.639164624803328479e+03 5.921922324632073863e-16
2.640714469899600317e+03 5.956883080134403076e-16
2.642264324179247978e+03 6.003523361188185022e-16
2.643814187642434717e+03 5.966394730736476835e-16
2.645364060289323788e+03 5.576252943417922200e-16
2.646913942120077991e+03 5.695908523316208904e-16
2.648463833134861488e+03 5.748825847904737250e-16
2.650013733333836171e+03 5.835587432691995233e-16
2.651563642717166658e+03 5.934022719679193578e-16
2.653113561285015294e+03 6.093828190672926151e-16
2.654663489037546242e+03 5.985116276453165008e-16
2.656213425974921847e+03 5.671872375251092030e-16
2.657763372097306274e+03 5.411552680780243839e-16
2.659313327404861866e+03 5.298753303194388663e-16
2.660863291897752788e+03 5.292689076687639906e-16
2.662413265576142294e+03 5.169870887522542459e-16
2.663963248440193183e+03 5.324727568521941783e-16
2.665513240490068711e+03 5.283798407115021956e-16
2.667063241725933040e+03 5.579205912030287505e-16
2.668613252147948515e+03 5.584123467684690752e-16
2.670163271756278846e+03 5.616367894404293831e-16
2.671713300551087741e+03 5.750089515182922259e-16
2.673263338532537546e+03 5.605164824885671641e-16
2.674813385700792878e+03 5.331242310677511420e-16
2.676363442056016083e+03 5.267057859703724778e-16
2.677913507598370870e+03 5.447190533244784458e-16
2.679463582328021403e+03 5.391038072193336719e-16
2.681013666245129571e+03 5.704368794272503262e-16
2.682563759349859538e+03 5.910490556217693012e-16
2.684113861642374559e+03 5.760142737475646736e-16
2.685663973122837888e+03 5.610375136302469656e-16
2.687214093791413234e+03 5.566504123590617237e-16
2.688764223648263851e+03 5.388278332972063801e-16
2.690314362693552994e+03 5.406461483371653460e-16
2.691864510927444371e+03 5.776106661553430128e-16
2.693414668350100783e+03 5.991876658163438393e-16
2.694964834961685938e+03 6.122272086437317590e-16
2.696515010762363545e+03 6.217620997122958078e-16
2.698065195752296859e+03 6.143214976058180166e-16
2.699615389931649133e+03 6.016184915562860711e-16
2.701165593300583623e+03 5.887621725433010971e-16
2.702715805859264492e+03 5.693403423374704311e-16
2.704266027607854085e+03 5.718607418115848051e-16
2.705816258546517020e+03 5.709079885646013274e-16
2.707366498675415642e+03 5.720413715875867847e-16
2.708916747994714569e+03 5.786804158281659907e-16
2.710467006504576602e+03 5.860257796676368765e-16
2.712017274205164540e+03 5.811544402484181918e-16
2.713567551096643456e+03 6.046440932438784319e-16
2.715117837179175240e+03 6.062768021892702992e-16
2.716668132452924056e+03 5.972573306691104922e-16
2.718218436918053158e+03 6.169546583410356194e-16
2.719768750574726710e+03 6.307728362051870548e-16
2.721319073423107511e+03 6.093899659077850733e-16
2.722869405463359271e+03 6.196870807497595855e-16
2.724419746695645244e+03 6.300639225678944088e-16
2.725970097120129140e+03 6.209980230543132255e-16
2.727520456736975120e+03 6.166070042557469325e-16
2.729070825546345532e+03 6.334466015823136606e-16
2.730621203548404537e+03 6.077530747372161379e-16
2.732171590743315392e+03 6.105955055499647562e-16
2.733721987131241804e+03 5.884669286216237701e-16
2.735272392712347028e+03 6.196912629749366536e-16
2.736822807486795682e+03 6.196454173166665146e-16
2.738373231454750112e+03 6.471673177179716480e-16
2.739923664616374026e+03 6.261358072750025910e-16
2.741474106971831134e+03 6.545871675172417088e-16
2.743024558521285144e+03 6.353595196145690911e-16
2.744575019264899311e+03 6.330734835690481413e-16
2.746125489202837798e+03 6.214429800494177501e-16
2.747675968335263406e+03 6.611442083806148579e-16
2.749226456662340297e+03 6.614033475229154704e-16
2.750776954184232181e+03 6.469790646454443798e-16
2.752327460901100949e+03 6.411337961555608599e-16
2.753877976813112582e+03 6.463899002910698105e-16
2.755428501920429881e+03 6.377839396678477123e-16
2.756979036223216099e+03 6.297606847727773693e-16
2.758529579721634491e+03 6.406194353983406860e-16
2.760080132415849221e+03 6.454816162738171836e-16
2.761630694306023088e+03 6.516020116528807408e-16
2.763181265392321620e+03 6.472288334857659916e-16
2.764731845674906708e+03 6.649139285123701216e-16
2.766282435153942515e+03 6.645405458013085853e-16
2.767833033829592750e+03 6.715013566827260187e-16
2.769383641702021123e+03 6.762354238249303033e-16
2.770934258771390432e+03 6.836986840627471470e-16
2.772484885037865752e+03 6.710144186171732028e-16
2.774035520501609881e+03 6.840980600973775496e-16
2.775586165162786074e+03 6.720601866696770434e-16
2.777136819021559404e+03 6.771598014681807619e-16
2.778687482078091762e+03 6.529481587643046377e-16
2.780238154332548220e+03 6.663722545497460098e-16
2.781788835785092033e+03 6.534055565558219598e-16
2.783339526435886455e+03 6.773435546781757417e-16
2.784890226285095196e+03 6.501250508906652580e-16
2.786440935332883328e+03 6.588838480213075541e-16
2.787991653579412286e+03 6.462443694428196810e-16
2.789542381024848055e+03 6.303274556936089030e-16
2.791093117669352523e+03 6.127406694284454752e-16
2.792643863513090309e+03 5.987607612109276719e-16
2.794194618556224668e+03 5.736674630880782277e-16
2.795745382798920218e+03 5.565852967012415494e-16
2.797296156241339759e+03 5.529475019510211430e-16
2.798846938883646999e+03 5.241460524037699822e-16
2.800397730726006557e+03 5.162633520383846496e-16
2.801948531768582143e+03 5.120373458458553351e-16
2.803499342011536100e+03 5.023553886818242584e-16
2.805050161455033049e+03 5.005023452910278663e-16
2.806600990099237151e+03 5.326012411623808149e-16
2.808151827944311208e+03 5.697304010096810364e-16
2.809702674990420292e+03 5.868187083853853084e-16
2.811253531237726747e+03 5.841199555363147007e-16
2.812804396686395648e+03 5.753637524440733710e-16
2.814355271336589794e+03 5.416279124625922835e-16
2.815906155188473804e+03 5.234979663200020356e-16
2.817457048242210476e+03 5.097956731509468292e-16
2.819007950497963975e+03 5.005776782837742956e-16
2.820558861955898919e+03 5.001597734034227052e-16
2.822109782616178109e+03 5.099560800153331123e-16
2.823660712478965252e+03 4.866253515766014604e-16
2.825211651544425422e+03 4.756115409821314033e-16
2.826762599812720964e+03 5.048829879359902940e-16
2.828313557284016497e+03 4.754681806558086130e-16
2.829864523958476184e+03 4.496898975764264568e-16
2.831415499836262370e+03 4.583772792417033747e-16
2.832966484917540129e+03 4.727300407746906803e-16
2.834517479202473623e+03 4.333444116256846045e-16
2.836068482691226563e+03 4.450862735080993345e-16
2.837619495383961748e+03 4.540759400564276307e-16
2.839170517280843796e+03 4.359113185025591600e-16
2.840721548382035962e+03 4.364104326667287564e-16
2.842272588687703319e+03 4.320465453922542028e-16
2.843823638198008666e+03 4.290457194183690303e-16
2.845374696913116168e+03 4.096968928646798442e-16
2.846925764833189987e+03 4.168795734387187009e-16
2.848476841958393379e+03 3.927846889326656616e-16
2.850027928288891417e+03 3.858490243418698402e-16
2.851579023824846445e+03 3.786690966249095600e-16
2.853130128566423537e+03 3.686711167622138243e-16
2.854681242513785946e+03 3.507282590218483700e-16
2.856232365667098293e+03 3.298915396869682003e-16
2.857783498026523830e+03 3.376848251368590008e-16
2.859334639592226722e+03 3.442047553692305709e-16
2.860885790364370678e+03 3.394923405067404743e-16
2.862436950343119861e+03 3.124845891044187012e-16
2.863988119528638435e+03 3.221347295933685382e-16
2.865539297921089656e+03 3.199778660723038692e-16
2.867090485520638140e+03 2.959390180896676222e-16
2.868641682327447597e+03 3.027661036445372829e-16
2.870192888341681737e+03 3.194300210438875487e-16
2.871744103563505178e+03 3.273810134406452592e-16
2.873295327993080718e+03 3.338320693064932140e-16
2.874846561630573433e+03 3.586753868307842328e-16
2.876397804476147030e+03 3.836064781442344784e-16
2.877949056529965674e+03 3.866981219319330729e-16
2.879500317792192618e+03 3.756303394568551559e-16
2.881051588262992482e+03 3.813072336786922818e-16
2.882602867942528974e+03 3.792148240709577447e-16
2.884154156830966258e+03 3.573917083992203406e-16
2.885705454928468043e+03 3.671146937216340474e-16
2.887256762235198494e+03 3.631384828392059463e-16
2.888808078751322228e+03 3.524689646680151606e-16
2.890359404477002045e+03 3.552173218840593482e-16
2.891910739412403018e+03 3.725656154350114871e-16
2.893462083557688402e+03 3.725956056953002096e-16
2.895013436913023270e+03 3.888806876089909896e-16
2.896564799478570421e+03 3.918513645039098294e-16
2.898116171254494930e+03 4.087263519258040262e-16
2.899667552240960049e+03 3.999339646448471768e-16
2.901218942438129943e+03 4.297479097316428453e-16
2.902770341846169686e+03 4.438106154197547564e-16
2.904321750465242530e+03 4.591742313659512645e-16
2.905873168295511732e+03 4.541979128008322500e-16
2.907424595337142364e+03 4.743127218366353405e-16
2.908976031590299499e+03 4.785878559401054045e-16
2.910527477055145482e+03 4.806430225679403541e-16
2.912078931731844023e+03 4.687190750716455512e-16
2.913630395620561558e+03 4.693946897261992626e-16
2.915181868721459523e+03 4.606511921281667473e-16
2.916733351034704356e+03 4.552241990955492416e-16
2.918284842560458401e+03 4.518697368661853987e-16
2.919836343298886277e+03 4.638405888119344084e-16
2.921387853250153057e+03 4.905482258531321423e-16
2.922939372414421541e+03 5.093100056348148948e-16
2.924490900791856802e+03 5.083706990358690791e-16
2.926042438382622549e+03 5.360408831425029184e-16
2.927593985186882492e+03 5.671741085144267613e-16
2.929145541204801248e+03 5.876195250974550460e-16
2.930697106436543436e+03 5.966938949405087723e-16
2.932248680882271856e+03 6.261267546103788106e-16
2.933800264542152490e+03 6.470038403591515681e-16
2.935351857416347684e+03 6.529255006329655851e-16
2.936903459505022965e+03 6.649947672192737039e-16
2.938455070808342043e+03 6.958363485595460505e-16
2.940006691326468626e+03 6.885792349652672222e-16
2.941558321059567334e+03 6.699453571586198690e-16
2.943109960007802783e+03 6.737182007243681329e-16
2.944661608171337775e+03 6.601537092279193605e-16
2.946213265550337837e+03 6.515553189616633475e-16
2.947764932144967133e+03 6.903121584962311139e-16
2.949316607955388918e+03 7.038111637579452882e-16
2.950868292981767809e+03 7.266442603401650387e-16
2.952419987224268880e+03 7.516633372010113247e-16
2.953971690683054931e+03 7.732516129881224741e-16
2.955523403358291489e+03 7.603229255977064609e-16
2.957075125250141809e+03 8.061021976606044109e-16
2.958626856358770056e+03 8.439090368052672760e-16
2.960178596684341755e+03 8.337755581407904539e-16
2.961730346227019709e+03 8.257634734927120270e-16
2.963282104986969443e+03 8.255710381950076907e-16
2.964833872964353759e+03 8.156761051843013609e-16
2.966385650159337274e+03 7.879086711074108872e-16
2.967937436572085971e+03 8.298103322168970571e-16
2.969489232202762196e+03 8.388155629956311511e-16
2.971041037051530111e+03 8.543142542271351184e-16
2.972592851118555700e+03 8.840586632029171291e-16
2.974144674404001307e+03 9.177900562614251315e-16
2.975696506908032916e+03 9.178224552716576085e-16
2.977248348630814235e+03 9.191634143062795727e-16
2.978800199572508518e+03 9.348812753128855901e-16
2.980352059733280839e+03 9.480775192355155555e-16
2.981903929113295817e+03 9.593237874344477147e-16
2.983455807712718070e+03 9.631587291031415594e-16
2.985007695531710851e+03 1.019907183712101106e-15
2.986559592570439236e+03 1.078742198107503214e-15
2.988111498829067386e+03 1.092628456244790214e-15
2.989663414307759467e+03 1.112082579581734950e-15
2.991215339006679642e+03 1.159276714303902802e-15
2.992767272925992984e+03 1.176425213958421333e-15
2.994319216065862747e+03 1.190640756153953442e-15
2.995871168426454460e+03 1.220858338909895386e-15
2.997423130007931832e+03 1.203825035736203440e-15
2.998975100810459480e+03 1.195014834293574649e-15
3.000527080834200660e+03 1.211714935881640434e-15
3.002079070079321355e+03 1.212383138997905670e-15
3.003631068545985727e+03 1.206685571878199619e-15
3.005183076234356577e+03 1.248180551293885318e-15
3.006735093144599887e+03 1.265127880623430952e-15
3.008287119276879821e+03 1.255117221736306004e-15
3.009839154631360543e+03 1.231999998539841639e-15
3.011391199208206217e+03 1.239148744856431120e-15
3.012943253007581006e+03 1.275089729236970372e-15
3.014495316029650439e+03 1.244742021044506486e-15
3.016047388274577770e+03 1.286809806490772905e-15
3.017599469742528072e+03 1.320375392849855879e-15
3.019151560433665509e+03 1.348615683069551065e-15
3.020703660348154699e+03 1.300465565787288329e-15
3.022255769486160261e+03 1.365486250038251779e-15
3.023807887847845905e+03 1.369792247904737421e-15
3.025360015433376248e+03 1.363048806853409123e-15
3.026912152242916363e+03 1.324025363698693065e-15
3.028464298276630416e+03 1.334403634884926380e-15
3.030016453534682569e+03 1.327902868772986439e-15
3.031568618017237441e+03 1.297680415577597782e-15
3.033120791724459650e+03 1.320054685000201719e-15
3.034672974656513816e+03 1.373401772930343216e-15
3.036225166813564101e+03 1.395213930113325517e-15
3.037777368195774670e+03 1.349765106778975151e-15
3.039329578803310142e+03 1.348837711580850099e-15
3.040881798636336043e+03 1.350998069112822192e-15
3.042434027695015629e+03 1.327202054888251912e-15
3.043986265979513973e+03 1.307691180343841138e-15
3.045538513489995694e+03 1.341827349272018289e-15
3.047090770226624500e+03 1.362026014569599555e-15
3.048643036189565919e+03 1.321978296823416235e-15
3.050195311378983661e+03 1.336028138198641722e-15
3.051747595795042798e+03 1.330981410019782193e-15
3.053299889437907950e+03 1.295565268429185388e-15
3.054852192307742826e+03 1.268420827085000452e-15
3.056404504404712952e+03 1.277531301707430893e-15
3.057956825728982494e+03 1.281765407652518327e-15
3.059509156280715615e+03 1.303696784722826671e-15
3.061061496060076934e+03 1.326797279018582763e-15
3.062613845067232432e+03 1.317877492688402947e-15
3.064166203302344002e+03 1.319602369406367923e-15
3.065718570765578534e+03 1.291311892484547919e-15
3.067270947457100192e+03 1.266965200965143937e-15
3.068823333377072686e+03 1.269033020147628497e-15
3.070375728525660634e+03 1.239914568519867415e-15
3.071928132903029564e+03 1.243019261908909646e-15
3.073480546509344094e+03 1.230567771705153024e-15
3.075032969344767480e+03 1.205415022457318169e-15
3.076585401409465248e+03 1.144868577991988746e-15
3.078137842703602018e+03 1.137843392606579986e-15
3.079690293227341954e+03 1.127603187790749122e-15
3.081242752980850582e+03 1.129390215551218882e-15
3.082795221964291613e+03 1.153395764551116195e-15
3.084347700177830575e+03 1.202702399443736272e-15
3.085900187621631176e+03 1.204396147700889652e-15
3.087452684295858489e+03 1.246134860847147776e-15
3.089005190200676680e+03 1.244115851938248744e-15
3.090557705336250820e+03 1.246652715615275374e-15
3.092110229702745983e+03 1.232281636994803694e-15
3.093662763300325878e+03 1.270426389345861821e-15
3.095215306129156033e+03 1.244248518473612449e-15
3.096767858189400158e+03 1.276094522070650786e-15
3.098320419481224690e+03 1.292388153723152914e-15
3.099872990004792427e+03 1.351242120480749837e-15
3.101425569760268445e+03 1.353556426250885399e-15
3.102978158747818270e+03 1.345186364303473624e-15
3.104530756967606067e+03 1.354769483310471964e-15
3.106083364419795998e+03 1.356931746666575379e-15
3.107635981104554048e+03 1.337341462783359514e-15
3.109188607022043470e+03 1.368807995620027924e-15
3.110741242172429793e+03 1.395538767248597541e-15
3.112293886555878089e+03 1.406421340675802385e-15
3.113846540172552523e+03 1.399145221779769539e-15
3.115399203022617712e+03 1.348445852963626578e-15
3.116951875106238276e+03 1.344024552737195944e-15
3.118504556423579743e+03 1.337578737887709125e-15
3.120057246974805821e+03 1.299731188222018850e-15
3.121609946760082494e+03 1.308642398343607717e-15
3.123162655779573015e+03 1.363351832890289349e-15
3.124715374033443823e+03 1.350198152373258912e-15
3.126268101521858171e+03 1.360284938346518341e-15
3.127820838244981587e+03 1.352337651718904868e-15
3.129373584202978691e+03 1.377615338326459733e-15
3.130926339396015010e+03 1.443350177231076965e-15
3.132479103824253343e+03 1.461039613301535773e-15
3.134031877487860584e+03 1.463078421605576874e-15
3.135584660387000895e+03 1.470260202207109273e-15
3.137137452521837986e+03 1.435964896963966720e-15
3.138690253892537839e+03 1.384147656415684897e-15
3.140243064499265074e+03 1.326803314128331950e-15
3.141795884342183854e+03 1.173744037043006252e-15
3.143348713421459706e+03 1.251651268795259814e-15
3.144901551737257250e+03 1.449189304732092891e-15
3.146454399289742014e+03 1.158495644047415930e-15
3.148007256079077251e+03 9.348201830615648737e-16
3.149560122105428491e+03 8.040161143301946794e-16
