3476.5710449219  6.944222E-16
3478.04187658512  6.782989E-16
3479.51270824834  6.675507E-16
3480.98353991155  7.457809E-16
3482.45437157477  8.609061E-16
3483.92520323799  2.559616E-16
3485.39603490121  8.192625E-16
3486.86686656442  9.791717E-16
3488.33769822764  5.409035E-16
3489.80852989086  5.005101E-16
3491.27936155407  5.186643E-16
3492.75019321729  7.151331E-16
3494.22102488051  1.033433E-15
3495.69185654373  5.014612E-16
3497.16268820694  9.899557E-17
3498.63351987016  5.446485E-16
3500.10435153338  7.032612E-16
3501.57518319659  2.173421E-16
3503.04601485981  4.958611E-16
3504.51684652303  6.977122E-16
3505.98767818625  5.122548E-16
3507.45850984946  4.588744E-16
3508.92934151268  2.373024E-16
3510.4001731759  1.939675E-16
3511.87100483911  1.459114E-16
3513.34183650233  1.451181E-16
3514.81266816555  4.725675E-16
3516.28349982877  2.953374E-16
3517.75433149198  2.505643E-16
3519.2251631552  3.915613E-16
3520.69599481842  4.459786E-16
3522.16682648163  6.083445E-16
3523.63765814485  5.261642E-16
3525.10848980807  5.667688E-16
3526.57932147128  6.820744E-16
3528.0501531345  6.631343E-16
3529.52098479772  5.5E-16
3530.99181646094  5.5E-16
3532.46264812415  5.5E-16
3533.93347978737  4.905739E-16
3535.40431145059  3.342947E-16
3536.8751431138  5.913084E-16
3538.34597477702  8.281982E-16
3539.81680644024  6.717579E-16
3541.28763810346  4.599239E-16
3542.75846976667  5.656694E-16
3544.22930142989  5.806058E-16
3545.70013309311  4.736798E-16
3547.17096475632  5.847473E-16
3548.64179641954  7.000620E-16
3550.11262808276  5.536274E-16
3551.58345974598  3.184070E-16
3553.05429140919  6.098648E-16
3554.52512307241  4.102639E-16
3555.99595473563  4.719758E-16
3557.46678639884  7.492853E-16
3558.93761806206  6.812210E-16
3560.40844972528  5.559422E-16
3561.87928138849  3.821174E-16
3563.35011305171  6.603528E-16
3564.82094471493  6.808612E-16
3566.29177637815  4.546822E-16
3567.76260804136  4.765549E-16
3569.23343970458  5.293870E-16
3570.7042713678  2.982698E-16
3572.17510303102  4.464422E-16
3573.64593469423  5.230861E-16
3575.11676635745  5.450668E-16
3576.58759802067  6.443446E-16
3578.05842968388  4.154018E-16
3579.5292613471  3.316193E-16
3581.00009301032  9.573650E-16
3582.47092467353  7.584277E-16
3583.94175633675  3.831724E-16
3585.41258799997  4.135854E-16
3586.88341966319  5.795781E-16
3588.3542513264  5.928699E-16
3589.82508298962  5.283436E-16
3591.29591465284  3.232966E-16
3592.76674631605  4.991631E-16
3594.23757797927  4.925141E-16
3595.70840964249  3.499630E-16
3597.17924130571  6.971966E-16
3598.65007296892  5.411019E-16
3600.12090463214  5.813274E-16
3601.59173629536  5.817479E-16
3603.06256795857  5.486814E-16
3604.53339962179  5.972188E-16
3606.00423128501  4.424274E-16
3607.47506294823  6.174896E-16
3608.94589461144  4.856367E-16
3610.41672627466  4.959973E-16
3611.88755793788  4.538319E-16
3613.35838960109  8.270101E-16
3614.82922126431  7.531031E-16
3616.30005292753  4.944980E-16
3617.77088459075  4.005083E-16
3619.24171625396  6.239185E-16
3620.71254791718  1.088792E-15
3622.1833795804  7.832518E-16
3623.65421124361  8.499561E-16
3625.12504290683  7.927291E-16
3626.59587457005  5.058185E-16
3628.06670623327  4.899166E-16
3629.53753789648  6.906990E-16
3631.0083695597  8.296027E-16
3632.47920122292  7.584884E-16
3633.95003288613  5.591585E-16
3635.42086454935  7.423247E-16
3636.89169621257  5.532639E-16
3638.36252787578  7.152031E-16
3639.833359539  5.168155E-16
3641.30419120222  6.377619E-16
3642.77502286544  6.829110E-16
3644.24585452865  9.596582E-16
3645.71668619187  3.492246E-16
3647.18751785509  3.066302E-16
3648.6583495183  9.018383E-16
3650.12918118152  6.560721E-16
3651.60001284474  3.831680E-16
3653.07084450796  4.825684E-16
3654.54167617117  6.884186E-16
3656.01250783439  5.229023E-16
3657.48333949761  5.403313E-16
3658.95417116082  8.463288E-16
3660.42500282404  6.106545E-16
3661.89583448726  3.377297E-16
3663.36666615048  4.234176E-16
3664.83749781369  5.396434E-16
3666.30832947691  8.761582E-16
3667.77916114013  7.285251E-16
3669.24999280334  6.832574E-16
3670.72082446656  7.275354E-16
3672.19165612978  6.095484E-16
3673.662487793  6.241256E-16
3675.13331945621  7.127684E-16
3676.60415111943  7.419571E-16
3678.07498278265  5.212941E-16
3679.54581444586  7.588473E-16
3681.01664610908  5.132082E-16
3682.4874777723  5.697925E-16
3683.95830943551  4.774226E-16
3685.42914109873  5.604398E-16
3686.89997276195  7.173617E-16
3688.37080442517  5.174975E-16
3689.84163608838  5.801774E-16
3691.3124677516  5.619244E-16
3692.78329941482  6.848103E-16
3694.25413107804  6.413431E-16
3695.72496274125  5.439677E-16
3697.19579440447  6.113548E-16
3698.66662606769  4.903601E-16
3700.1374577309  5.138311E-16
3701.60828939412  6.787046E-16
3703.07912105734  4.151297E-16
3704.54995272055  6.711985E-16
3706.02078438377  7.952483E-16
3707.49161604699  4.974934E-16
3708.96244771021  7.836562E-16
3710.43327937342  6.849479E-16
3711.90411103664  5.952915E-16
3713.37494269986  6.358418E-16
3714.84577436307  5.317728E-16
3716.31660602629  5.392143E-16
3717.78743768951  5.894438E-16
3719.25826935273  7.573503E-16
3720.72910101594  6.297836E-16
3722.19993267916  6.221468E-16
3723.67076434238  5.999268E-16
3725.14159600559  5.649656E-16
3726.61242766881  7.264087E-16
3728.08325933203  6.379606E-16
3729.55409099525  6.911939E-16
3731.02492265846  6.613242E-16
3732.49575432168  5.910447E-16
3733.9665859849  6.662566E-16
3735.43741764811  5.983781E-16
3736.90824931133  7.351350E-16
3738.37908097455  6.806099E-16
3739.84991263776  6.774547E-16
3741.32074430098  7.170422E-16
3742.7915759642  6.461710E-16
3744.26240762742  6.409613E-16
3745.73323929063  6.094350E-16
3747.20407095385  7.035741E-16
3748.67490261707  8.483543E-16
3750.14573428029  6.769219E-16
3751.6165659435  5.663260E-16
3753.08739760672  5.113328E-16
3754.55822926994  4.815537E-16
3756.02906093315  5.738876E-16
3757.49989259637  6.712035E-16
3758.97072425959  6.391251E-16
3760.4415559228  6.507132E-16
3761.91238758602  4.430352E-16
3763.38321924924  5.568157E-16
3764.85405091246  6.604168E-16
3766.32488257567  8.287144E-16
3767.79571423889  6.674355E-16
3769.26654590211  5.073389E-16
3770.73737756532  4.737443E-16
3772.20820922854  7.981571E-16
3773.67904089176  4.841424E-16
3775.14987255498  7.005166E-16
3776.62070421819  6.722115E-16
3778.09153588141  7.328466E-16
3779.56236754463  6.006522E-16
3781.03319920784  7.107451E-16
3782.50403087106  6.730913E-16
3783.97486253428  5.865004E-16
3785.4456941975  7.160408E-16
3786.91652586071  6.854243E-16
3788.38735752393  6.730931E-16
3789.85818918715  6.467199E-16
3791.32902085036  6.747696E-16
3792.79985251358  6.798737E-16
3794.2706841768  5.425648E-16
3795.74151584002  7.892655E-16
3797.21234750323  6.386099E-16
3798.68317916645  6.331279E-16
3800.15401082967  6.674389E-16
3801.62484249288  6.662410E-16
3803.0956741561  5.677556E-16
3804.56650581932  7.153617E-16
3806.03733748253  6.210081E-16
3807.50816914575  7.153015E-16
3808.97900080897  8.421797E-16
3810.44983247219  7.103128E-16
3811.9206641354  6.419968E-16
3813.39149579862  6.622737E-16
3814.86232746184  5.228218E-16
3816.33315912505  5.947837E-16
3817.80399078827  8.796575E-16
3819.27482245149  6.032889E-16
3820.7456541147  7.285386E-16
3822.21648577792  5.519315E-16
3823.68731744114  7.092493E-16
3825.15814910436  8.527983E-16
3826.62898076757  5.669029E-16
3828.09981243079  6.387806E-16
3829.57064409401  7.435560E-16
3831.04147575723  6.858003E-16
3832.51230742044  6.785119E-16
3833.98313908366  7.039006E-16
3835.45397074688  7.323560E-16
3836.92480241009  7.724508E-16
3838.39563407331  6.897538E-16
3839.86646573653  7.460862E-16
3841.33729739974  7.819700E-16
3842.80812906296  7.755578E-16
3844.27896072618  7.186903E-16
3845.7497923894  7.761788E-16
3847.22062405261  7.498952E-16
3848.69145571583  7.970605E-16
3850.16228737905  8.932599E-16
3851.63311904226  7.888647E-16
3853.10395070548  7.328926E-16
3854.5747823687  7.367889E-16
3856.04561403192  7.819879E-16
3857.51644569513  8.193126E-16
3858.98727735835  8.168981E-16
3860.45810902157  7.027165E-16
3861.92894068478  7.460731E-16
3863.399772348  8.102609E-16
3864.87060401122  6.405789E-16
3866.34143567444  7.750609E-16
3867.81226733765  8.893932E-16
3869.28309900087  6.952363E-16
3870.75393066409  7.468236E-16
3872.2247623273  8.061357E-16
3873.69559399052  6.339974E-16
3875.16642565374  6.694438E-16
3876.63725731696  8.201625E-16
3878.10808898017  7.434686E-16
3879.57892064339  8.888069E-16
3881.04975230661  6.838317E-16
3882.52058396982  7.059246E-16
3883.99141563304  8.172263E-16
3885.46224729626  7.381986E-16
3886.93307895947  8.058154E-16
3888.40391062269  8.010355E-16
3889.87474228591  6.546583E-16
3891.34557394913  7.986052E-16
3892.81640561234  7.288945E-16
3894.28723727556  7.659112E-16
3895.75806893878  8.147930E-16
3897.228900602  7.482520E-16
3898.69973226521  7.175867E-16
3900.17056392843  7.168154E-16
3901.64139559165  6.998311E-16
3903.11222725486  8.760294E-16
3904.58305891808  7.761072E-16
3906.0538905813  8.206898E-16
3907.52472224451  8.529461E-16
3908.99555390773  6.842487E-16
3910.46638557095  7.102742E-16
3911.93721723417  6.915738E-16
3913.40804889738  7.702782E-16
3914.8788805606  7.707438E-16
3916.34971222382  7.738650E-16
3917.82054388703  6.524796E-16
3919.29137555025  7.946846E-16
3920.76220721347  8.666852E-16
3922.23303887668  7.736706E-16
3923.7038705399  6.799879E-16
3925.17470220312  7.198980E-16
3926.64553386634  8.333800E-16
3928.11636552955  7.795723E-16
3929.58719719277  7.227924E-16
3931.05802885599  6.993053E-16
3932.52886051921  7.543379E-16
3933.99969218242  6.821197E-16
3935.47052384564  7.239140E-16
3936.94135550886  6.981375E-16
3938.41218717207  7.114929E-16
3939.88301883529  7.816566E-16
3941.35385049851  7.408954E-16
3942.82468216173  8.190086E-16
3944.29551382494  7.848812E-16
3945.76634548816  7.369544E-16
3947.23717715138  7.604766E-16
3948.70800881459  7.481152E-16
3950.17884047781  6.697251E-16
3951.64967214103  7.220958E-16
3953.12050380424  6.971132E-16
3954.59133546746  5.842538E-16
3956.06216713068  6.683590E-16
3957.5329987939  6.748864E-16
3959.00383045711  6.867906E-16
3960.47466212033  7.528375E-16
3961.94549378355  7.164433E-16
3963.41632544676  7.153974E-16
3964.88715710998  7.854441E-16
3966.3579887732  7.045919E-16
3967.82882043642  6.866556E-16
3969.29965209963  7.314979E-16
3970.77048376285  6.836521E-16
3972.24131542607  6.824156E-16
3973.71214708928  7.492852E-16
3975.1829787525  7.668540E-16
3976.65381041572  7.793063E-16
3978.12464207894  7.812478E-16
3979.59547374215  7.373218E-16
3981.06630540537  6.907563E-16
3982.53713706859  8.169568E-16
3984.0079687318  8.319172E-16
3985.47880039502  7.469276E-16
3986.94963205824  8.607091E-16
3988.42046372145  7.538869E-16
3989.89129538467  8.210371E-16
3991.36212704789  7.896932E-16
3992.83295871111  7.989383E-16
3994.30379037432  8.901451E-16
3995.77462203754  7.813760E-16
3997.24545370076  8.193369E-16
3998.71628536397  8.328918E-16
4000.18711702719  7.675540E-16
4001.65794869041  7.474583E-16
4003.12878035362  9.148003E-16
4004.59961201684  8.046288E-16
4006.07044368006  7.941926E-16
4007.54127534328  8.435110E-16
4009.01210700649  7.664256E-16
4010.48293866971  7.640731E-16
4011.95377033293  7.060036E-16
4013.42460199615  8.231784E-16
4014.89543365936  8.145914E-16
4016.36626532258  7.406410E-16
4017.8370969858  8.496050E-16
4019.30792864902  7.777660E-16
4020.77876031223  8.513776E-16
4022.24959197545  7.631701E-16
4023.72042363867  7.995045E-16
4025.19125530188  7.502213E-16
4026.6620869651  7.036986E-16
4028.13291862832  7.879958E-16
4029.60375029153  7.949190E-16
4031.07458195475  7.754015E-16
4032.54541361797  8.452487E-16
4034.01624528119  8.650338E-16
4035.4870769444  6.877272E-16
4036.95790860762  7.284009E-16
4038.42874027084  8.227883E-16
4039.89957193405  7.962927E-16
4041.37040359727  7.000200E-16
4042.84123526049  7.572760E-16
4044.3120669237  7.151287E-16
4045.78289858692  9.267124E-16
4047.25373025014  7.104677E-16
4048.72456191336  6.975816E-16
4050.19539357657  6.775664E-16
4051.66622523979  7.744973E-16
4053.13705690301  7.932588E-16
4054.60788856623  7.262611E-16
4056.07872022944  7.143014E-16
4057.54955189266  6.782494E-16
4059.02038355588  6.224108E-16
4060.49121521909  6.792739E-16
4061.96204688231  7.357826E-16
4063.43287854553  6.090861E-16
4064.90371020874  6.717156E-16
4066.37454187196  6.869975E-16
4067.84537353518  7.415742E-16
4069.3162051984  6.708623E-16
4070.78703686161  5.912300E-16
4072.25786852483  6.856558E-16
4073.72870018805  6.901854E-16
4075.19953185126  6.735943E-16
4076.67036351448  6.806967E-16
4078.1411951777  6.415449E-16
4079.61202684092  6.568815E-16
4081.08285850413  6.606321E-16
4082.55369016735  6.936833E-16
4084.02452183057  6.893921E-16
4085.49535349378  6.706644E-16
4086.966185157  6.848723E-16
4088.43701682022  6.793253E-16
4089.90784848344  7.133563E-16
4091.37868014665  6.769927E-16
4092.84951180987  6.364534E-16
4094.32034347309  6.871678E-16
4095.7911751363  6.778309E-16
4097.26200679952  6.631414E-16
4098.73283846274  7.409740E-16
4100.20367012596  7.339075E-16
4101.67450178917  7.720242E-16
4103.14533345239  7.207281E-16
4104.61616511561  7.593144E-16
4106.08699677882  8.048368E-16
4107.55782844204  7.690482E-16
4109.02866010526  7.840299E-16
4110.49949176847  6.288860E-16
4111.97032343169  7.163075E-16
4113.44115509491  6.123135E-16
4114.91198675813  6.030634E-16
4116.38281842134  6.457964E-16
4117.85365008456  6.736878E-16
4119.32448174778  6.138425E-16
4120.79531341099  6.764776E-16
4122.26614507421  6.653574E-16
4123.73697673743  6.137478E-16
4125.20780840065  6.713658E-16
4126.67864006386  6.548903E-16
4128.14947172708  6.802732E-16
4129.6203033903  6.719450E-16
4131.09113505351  6.380843E-16
4132.56196671673  6.154334E-16
4134.03279837995  6.522035E-16
4135.50363004317  6.667503E-16
4136.97446170638  6.951367E-16
4138.4452933696  6.809820E-16
4139.91612503282  6.799817E-16
4141.38695669603  6.553705E-16
4142.85778835925  6.625885E-16
4144.32862002247  6.126604E-16
4145.79945168569  6.309882E-16
4147.2702833489  5.904990E-16
4148.74111501212  6.812260E-16
4150.21194667534  6.643346E-16
4151.68277833855  5.941153E-16
4153.15361000177  7.381054E-16
4154.62444166499  5.977727E-16
4156.0952733282  6.532790E-16
4157.56610499142  6.489872E-16
4159.03693665464  6.304278E-16
4160.50776831785  6.698889E-16
4161.97859998107  6.448358E-16
4163.44943164429  6.919592E-16
4164.92026330751  7.207792E-16
4166.39109497072  6.582143E-16
4167.86192663394  7.215108E-16
4169.33275829716  6.971683E-16
4170.80358996038  6.846326E-16
4172.27442162359  7.041500E-16
4173.74525328681  6.539929E-16
4175.21608495003  6.621173E-16
4176.68691661324  6.175855E-16
4178.15774827646  6.339690E-16
4179.62857993968  5.704598E-16
4181.0994116029  7.113944E-16
4182.57024326611  6.621505E-16
4184.04107492933  6.860838E-16
4185.51190659255  6.681845E-16
4186.98273825576  7.268922E-16
4188.45356991898  7.215155E-16
4189.9244015822  6.901726E-16
4191.39523324542  7.331930E-16
4192.86606490863  7.093765E-16
4194.33689657185  7.119652E-16
4195.80772823507  7.336680E-16
4197.27855989828  7.000756E-16
4198.7493915615  6.921744E-16
4200.22022322472  7.457083E-16
4201.69105488794  6.737165E-16
4203.16188655115  7.129253E-16
4204.63271821437  7.374835E-16
4206.10354987759  7.395544E-16
4207.5743815408  7.134192E-16
4209.04521320402  6.920791E-16
4210.51604486724  7.705255E-16
4211.98687653045  7.850687E-16
4213.45770819367  7.808870E-16
4214.92853985689  7.499994E-16
4216.39937152011  6.949877E-16
4217.87020318332  7.045741E-16
4219.34103484654  7.409537E-16
4220.81186650976  8.124020E-16
4222.28269817297  8.407622E-16
4223.75352983619  8.133657E-16
4225.22436149941  7.416607E-16
4226.69519316263  8.055009E-16
4228.16602482584  8.353451E-16
4229.63685648906  7.786935E-16
4231.10768815228  9.895250E-16
4232.57851981549  7.394183E-16
4234.04935147871  8.474927E-16
4235.52018314193  6.923165E-16
4236.99101480515  6.822124E-16
4238.46184646836  7.150625E-16
4239.93267813158  7.619291E-16
4241.4035097948  7.618854E-16
4242.87434145801  7.169953E-16
4244.34517312123  7.515252E-16
4245.81600478445  7.465717E-16
4247.28683644767  7.085445E-16
4248.75766811088  7.379967E-16
4250.2284997741  6.948209E-16
4251.69933143732  7.211712E-16
4253.17016310053  7.713677E-16
4254.64099476375  7.458936E-16
4256.11182642697  6.923814E-16
4257.58265809018  7.164284E-16
4259.0534897534  8.075231E-16
4260.52432141662  8.075897E-16
4261.99515307984  7.846588E-16
4263.46598474305  8.197043E-16
4264.93681640627  7.575793E-16
4266.40764806949  7.710311E-16
4267.87847973271  7.453690E-16
4269.34931139592  7.891011E-16
4270.82014305914  7.320635E-16
4272.29097472236  7.054697E-16
4273.76180638557  7.560472E-16
4275.23263804879  7.594608E-16
4276.70346971201  7.472480E-16
4278.17430137522  7.133900E-16
4279.64513303844  7.248704E-16
4281.11596470166  7.470721E-16
4282.58679636487  7.066755E-16
4284.05762802809  7.129180E-16
4285.52845969131  7.326841E-16
4286.99929135453  7.205601E-16
4288.47012301774  7.383603E-16
4289.94095468096  7.114666E-16
4291.41178634418  7.247298E-16
4292.8826180074  7.354092E-16
4294.35344967061  7.926438E-16
4295.82428133383  7.005495E-16
4297.29511299705  6.954543E-16
4298.76594466026  7.602089E-16
4300.23677632348  7.389551E-16
4301.7076079867  7.432458E-16
4303.17843964992  7.605134E-16
4304.64927131313  7.023340E-16
4306.12010297635  7.351758E-16
4307.59093463957  7.727299E-16
4309.06176630278  7.544129E-16
4310.532597966  7.487951E-16
4312.00342962922  7.432183E-16
4313.47426129243  8.606701E-16
4314.94509295565  7.548801E-16
4316.41592461887  7.261109E-16
4317.88675628209  7.354525E-16
4319.3575879453  7.100430E-16
4320.82841960852  7.452203E-16
4322.29925127174  7.490083E-16
4323.77008293495  7.416476E-16
4325.24091459817  7.171224E-16
4326.71174626139  7.523591E-16
4328.18257792461  8.173491E-16
4329.65340958782  7.269841E-16
4331.12424125104  7.018178E-16
4332.59507291426  7.789126E-16
4334.06590457747  7.107193E-16
4335.53673624069  6.820510E-16
4337.00756790391  6.843524E-16
4338.47839956712  7.043646E-16
4339.94923123034  7.351154E-16
4341.42006289356  6.825448E-16
4342.89089455678  6.817306E-16
4344.36172621999  7.813585E-16
4345.83255788321  6.867952E-16
4347.30338954643  7.015135E-16
4348.77422120964  9.396647E-16
4350.24505287286  6.774318E-16
4351.71588453608  6.409663E-16
4353.1867161993  6.438275E-16
4354.65754786251  6.742452E-16
4356.12837952573  6.281681E-16
4357.59921118895  6.617822E-16
4359.07004285217  6.765181E-16
4360.54087451538  7.085237E-16
4362.0117061786  6.746155E-16
4363.48253784182  6.500515E-16
4364.95336950503  6.280737E-16
4366.42420116825  6.541397E-16
4367.89503283147  7.052207E-16
4369.36586449468  6.322484E-16
4370.8366961579  6.356411E-16
4372.30752782112  6.432909E-16
4373.77835948434  6.670573E-16
4375.24919114755  6.582035E-16
4376.72002281077  6.554804E-16
4378.19085447399  5.961357E-16
4379.6616861372  5.989459E-16
4381.13251780042  6.156259E-16
4382.60334946364  5.871902E-16
4384.07418112686  6.111269E-16
4385.54501279007  5.847311E-16
4387.01584445329  5.642791E-16
4388.48667611651  6.044982E-16
4389.95750777972  6.088835E-16
4391.42833944294  6.555050E-16
4392.89917110616  6.018277E-16
4394.37000276938  6.305211E-16
4395.84083443259  5.814915E-16
4397.31166609581  6.123246E-16
4398.78249775903  5.714817E-16
4400.25332942224  6.225425E-16
4401.72416108546  5.727324E-16
4403.19499274868  5.969562E-16
4404.6658244119  6.234777E-16
4406.13665607511  6.369078E-16
4407.60748773833  6.188224E-16
4409.07831940155  6.225918E-16
4410.54915106476  6.367106E-16
4412.01998272798  5.770436E-16
4413.4908143912  6.277134E-16
4414.96164605441  5.978741E-16
4416.43247771763  6.482110E-16
4417.90330938085  5.605458E-16
4419.37414104407  5.532947E-16
4420.84497270728  6.020814E-16
4422.3158043705  5.973679E-16
4423.78663603372  6.086012E-16
4425.25746769694  6.057503E-16
4426.72829936015  6.036860E-16
4428.19913102337  6.306283E-16
4429.66996268659  6.109750E-16
4431.1407943498  5.568022E-16
4432.61162601302  5.971384E-16
4434.08245767624  6.163723E-16
4435.55328933945  5.665280E-16
4437.02412100267  5.727764E-16
4438.49495266589  5.761985E-16
4439.96578432911  5.936726E-16
4441.43661599232  6.307882E-16
4442.90744765554  5.513209E-16
4444.37827931876  5.868491E-16
4445.84911098197  6.339325E-16
4447.31994264519  6.041530E-16
4448.79077430841  5.997393E-16
4450.26160597162  6.083094E-16
4451.73243763484  5.882068E-16
4453.20326929806  5.960005E-16
4454.67410096128  6.060093E-16
4456.14493262449  6.037685E-16
4457.61576428771  6.011623E-16
4459.08659595093  6.014604E-16
4460.55742761415  6.061340E-16
4462.02825927736  5.572577E-16
4463.49909094058  6.023223E-16
4464.9699226038  6.706628E-16
4466.44075426701  6.026099E-16
4467.91158593023  6.087263E-16
4469.38241759345  6.285789E-16
4470.85324925667  5.736194E-16
4472.32408091988  6.203391E-16
4473.7949125831  5.883583E-16
4475.26574424632  5.826217E-16
4476.73657590953  6.644645E-16
4478.20740757275  6.104496E-16
4479.67823923597  5.987152E-16
4481.14907089918  6.028668E-16
4482.6199025624  6.399463E-16
4484.09073422562  6.418633E-16
4485.56156588883  5.806851E-16
4487.03239755205  5.571188E-16
4488.50322921527  5.666112E-16
4489.97406087849  6.110420E-16
4491.4448925417  5.744434E-16
4492.91572420492  6.441351E-16
4494.38655586814  6.173570E-16
4495.85738753135  5.735364E-16
4497.32821919457  5.698394E-16
4498.79905085779  5.756066E-16
4500.26988252101  6.214827E-16
4501.74071418422  6.071929E-16
4503.21154584744  5.621019E-16
4504.68237751066  5.632536E-16
4506.15320917388  5.989311E-16
4507.62404083709  5.556159E-16
4509.09487250031  5.867248E-16
4510.56570416353  6.174758E-16
4512.03653582674  6.052134E-16
4513.50736748996  6.230680E-16
4514.97819915318  6.010328E-16
4516.44903081639  6.355855E-16
4517.91986247961  6.672214E-16
4519.39069414283  6.461640E-16
4520.86152580605  5.443038E-16
4522.33235746926  5.435373E-16
4523.80318913248  5.597763E-16
4525.2740207957  6.332451E-16
4526.74485245891  6.013730E-16
4528.21568412213  6.093508E-16
4529.68651578535  5.821609E-16
4531.15734744857  6.025305E-16
4532.62817911178  6.006748E-16
4534.099010775  6.004968E-16
4535.56984243822  5.533492E-16
4537.04067410143  6.392128E-16
4538.51150576465  6.351087E-16
4539.98233742787  5.740654E-16
4541.45316909109  5.605837E-16
4542.9240007543  6.220990E-16
4544.39483241752  6.156159E-16
4545.86566408074  6.147425E-16
4547.33649574395  6.167765E-16
4548.80732740717  6.246226E-16
4550.27815907039  5.869867E-16
4551.7489907336  5.992059E-16
4553.21982239682  5.818780E-16
4554.69065406004  5.933203E-16
4556.16148572326  6.323154E-16
4557.63231738647  5.855995E-16
4559.10314904969  5.674883E-16
4560.57398071291  5.729736E-16
4562.04481237613  5.915403E-16
4563.51564403934  6.195563E-16
4564.98647570256  6.109815E-16
4566.45730736578  5.683267E-16
4567.92813902899  5.992988E-16
4569.39897069221  5.983924E-16
4570.86980235543  6.409571E-16
4572.34063401864  6.209770E-16
4573.81146568186  5.832028E-16
4575.28229734508  5.992125E-16
4576.7531290083  5.948083E-16
4578.22396067151  5.763165E-16
4579.69479233473  5.578381E-16
4581.16562399795  5.879239E-16
4582.63645566117  5.868850E-16
4584.10728732438  5.659496E-16
4585.5781189876  5.778961E-16
4587.04895065082  5.127148E-16
4588.51978231403  5.468857E-16
4589.99061397725  5.658460E-16
4591.46144564047  5.173596E-16
4592.93227730368  5.448124E-16
4594.4031089669  5.434146E-16
4595.87394063012  5.900877E-16
4597.34477229334  5.306200E-16
4598.81560395655  5.275309E-16
4600.28643561977  5.747387E-16
4601.75726728299  5.816770E-16
4603.2280989462  5.834420E-16
4604.69893060942  5.943749E-16
4606.16976227264  5.726231E-16
4607.64059393586  5.868098E-16
4609.11142559907  5.045378E-16
4610.58225726229  5.721096E-16
4612.05308892551  6.055979E-16
4613.52392058872  5.998504E-16
4614.99475225194  5.213179E-16
4616.46558391516  5.606886E-16
4617.93641557837  5.517053E-16
4619.40724724159  5.450435E-16
4620.87807890481  5.445207E-16
4622.34891056803  5.800728E-16
4623.81974223124  5.756613E-16
4625.29057389446  5.493124E-16
4626.76140555768  5.351926E-16
4628.23223722089  5.240334E-16
4629.70306888411  5.054947E-16
4631.17390054733  5.850393E-16
4632.64473221055  5.178963E-16
4634.11556387376  5.038660E-16
4635.58639553698  5.217490E-16
4637.0572272002  5.185636E-16
4638.52805886341  5.597006E-16
4639.99889052663  5.290349E-16
4641.46972218985  5.600466E-16
4642.94055385306  5.865843E-16
4644.41138551628  5.750570E-16
4645.8822171795  5.049994E-16
4647.35304884272  5.298323E-16
4648.82388050593  5.046174E-16
4650.29471216915  4.890949E-16
4651.76554383237  5.082786E-16
4653.23637549558  5.475172E-16
4654.7072071588  5.294657E-16
4656.17803882202  4.937302E-16
4657.64887048524  5.241237E-16
4659.11970214845  5.499069E-16
4660.59053381167  5.575084E-16
4662.06136547489  5.035256E-16
4663.53219713811  4.933185E-16
4665.00302880132  5.105802E-16
4666.47386046454  5.159840E-16
4667.94469212776  5.475945E-16
4669.41552379097  4.733258E-16
4670.88635545419  5.285488E-16
4672.35718711741  5.481386E-16
4673.82801878062  4.985526E-16
4675.29885044384  5.240303E-16
4676.76968210706  5.480706E-16
4678.24051377028  4.932637E-16
4679.71134543349  4.915254E-16
4681.18217709671  5.011195E-16
4682.65300875993  4.959958E-16
4684.12384042315  5.431175E-16
4685.59467208636  5.075337E-16
4687.06550374958  5.263290E-16
4688.5363354128  4.905396E-16
4690.00716707601  5.059645E-16
4691.47799873923  4.756633E-16
4692.94883040245  5.050068E-16
4694.41966206566  4.987410E-16
4695.89049372888  4.988623E-16
4697.3613253921  4.610813E-16
4698.83215705532  5.087315E-16
4700.30298871853  5.003928E-16
4701.77382038175  4.427716E-16
4703.24465204497  4.710978E-16
4704.71548370818  4.835490E-16
4706.1863153714  4.866602E-16
4707.65714703462  4.946952E-16
4709.12797869783  4.916080E-16
4710.59881036105  4.622005E-16
4712.06964202427  4.792607E-16
4713.54047368749  5.024138E-16
4715.0113053507  4.716681E-16
4716.48213701392  4.240933E-16
4717.95296867714  4.943294E-16
4719.42380034036  4.867204E-16
4720.89463200357  4.687550E-16
4722.36546366679  4.446895E-16
4723.83629533  4.817843E-16
4725.30712699322  4.542514E-16
4726.77795865644  4.538952E-16
4728.24879031966  4.828115E-16
4729.71962198288  4.473207E-16
4731.19045364609  4.688156E-16
4732.66128530931  4.178731E-16
4734.13211697253  4.471674E-16
4735.60294863574  5.004246E-16
4737.07378029896  4.183904E-16
4738.54461196218  4.620911E-16
4740.01544362539  4.145275E-16
4741.48627528861  4.583622E-16
4742.95710695183  4.968929E-16
4744.42793861505  4.714284E-16
4745.89877027826  4.495015E-16
4747.36960194148  4.665341E-16
4748.8404336047  4.907850E-16
4750.31126526791  4.530875E-16
4751.78209693113  4.276520E-16
4753.25292859435  4.396045E-16
4754.72376025757  4.339807E-16
4756.19459192078  4.714915E-16
4757.665423584  4.589137E-16
4759.13625524722  4.765703E-16
4760.60708691043  4.422847E-16
4762.07791857365  4.766405E-16
4763.54875023687  4.657468E-16
4765.01958190008  5.166997E-16
4766.4904135633  4.756235E-16
4767.96124522652  4.653915E-16
4769.43207688974  5.122527E-16
4770.90290855295  4.835900E-16
4772.37374021617  4.982197E-16
4773.84457187939  5.737140E-16
4775.3154035426  4.817391E-16
4776.78623520582  4.499683E-16
4778.25706686904  5.285057E-16
4779.72789853226  5.296007E-16
4781.19873019547  5.292698E-16
4782.66956185869  4.808884E-16
4784.14039352191  4.675047E-16
4785.61122518512  4.707932E-16
4787.08205684834  4.960393E-16
4788.55288851156  4.937747E-16
4790.02372017477  4.949851E-16
4791.49455183799  5.123700E-16
4792.96538350121  5.030304E-16
4794.43621516443  4.399962E-16
4795.90704682764  5.180746E-16
4797.37787849086  4.969687E-16
4798.84871015408  4.737989E-16
4800.3195418173  5.227725E-16
4801.79037348051  5.401225E-16
4803.26120514373  4.899113E-16
4804.73203680695  4.950146E-16
4806.20286847016  4.874358E-16
4807.67370013338  5.531927E-16
4809.1445317966  5.135827E-16
4810.61536345982  5.067482E-16
4812.08619512303  5.289103E-16
4813.55702678625  5.200954E-16
4815.02785844947  5.123511E-16
4816.49869011268  4.900024E-16
4817.9695217759  5.328447E-16
4819.44035343912  5.375428E-16
4820.91118510234  5.066422E-16
4822.38201676555  5.489750E-16
4823.85284842877  5.540160E-16
4825.32368009198  5.365474E-16
4826.7945117552  5.390083E-16
4828.26534341842  5.861686E-16
4829.73617508164  5.349188E-16
4831.20700674485  5.538230E-16
4832.67783840807  5.378803E-16
4834.14867007129  5.163824E-16
4835.61950173451  5.760034E-16
4837.09033339772  5.348711E-16
4838.56116506094  5.731447E-16
4840.03199672416  5.956414E-16
4841.50282838738  5.546658E-16
4842.97366005059  5.897888E-16
4844.44449171381  5.538045E-16
4845.91532337703  5.139690E-16
4847.38615504024  5.510892E-16
4848.85698670346  5.808956E-16
4850.32781836668  5.521798E-16
4851.79865002989  5.980864E-16
4853.26948169311  5.977487E-16
4854.74031335633  5.676027E-16
4856.21114501955  6.223819E-16
4857.68197668276  5.677944E-16
4859.15280834598  5.735619E-16
4860.6236400092  6.084969E-16
4862.09447167241  6.042625E-16
4863.56530333563  5.946165E-16
4865.03613499885  6.290185E-16
4866.50696666207  6.228437E-16
4867.97779832528  6.029530E-16
4869.4486299885  5.792462E-16
4870.91946165172  6.300243E-16
4872.39029331493  6.208341E-16
4873.86112497815  6.018422E-16
4875.33195664137  6.224498E-16
4876.80278830459  6.335280E-16
4878.2736199678  5.677243E-16
4879.74445163102  5.647722E-16
4881.21528329424  5.913361E-16
4882.68611495745  5.849775E-16
4884.15694662067  5.921665E-16
4885.62777828389  6.204468E-16
4887.0986099471  5.723838E-16
4888.56944161032  6.004968E-16
4890.04027327354  6.134373E-16
4891.51110493676  6.268829E-16
4892.98193659997  6.394745E-16
4894.45276826319  6.138010E-16
4895.92359992641  6.191639E-16
4897.39443158962  6.354183E-16
4898.86526325284  6.112136E-16
4900.33609491606  6.695771E-16
4901.80692657928  5.705593E-16
4903.27775824249  6.743850E-16
4904.74858990571  6.379462E-16
4906.21942156893  6.383957E-16
4907.69025323214  5.958479E-16
4909.16108489536  6.008231E-16
4910.63191655858  5.993707E-16
4912.1027482218  5.854401E-16
4913.57357988501  6.482047E-16
4915.04441154823  6.176957E-16
4916.51524321145  6.421016E-16
4917.98607487466  6.124929E-16
4919.45690653788  6.208442E-16
4920.9277382011  5.995316E-16
4922.39856986432  6.597631E-16
4923.86940152753  6.259993E-16
4925.34023319075  6.627414E-16
4926.81106485397  6.304324E-16
4928.28189651718  6.813053E-16
4929.7527281804  6.337558E-16
4931.22355984362  6.394770E-16
4932.69439150684  6.208934E-16
4934.16522317005  6.470961E-16
4935.63605483327  6.811150E-16
4937.10688649649  6.667349E-16
4938.5777181597  6.616657E-16
4940.04854982292  6.574998E-16
4941.51938148614  6.554886E-16
4942.99021314935  6.685302E-16
4944.46104481257  6.888968E-16
4945.93187647579  6.873729E-16
4947.40270813901  6.667464E-16
4948.87353980222  6.599725E-16
4950.34437146544  6.821463E-16
4951.81520312866  6.268531E-16
4953.28603479187  6.462122E-16
4954.75686645509  6.616738E-16
4956.22769811831  6.692395E-16
4957.69852978153  6.702621E-16
4959.16936144474  7.161034E-16
4960.64019310796  6.516047E-16
4962.11102477118  7.277934E-16
4963.58185643439  7.155839E-16
4965.05268809761  6.699833E-16
4966.52351976083  6.962202E-16
4967.99435142404  7.110172E-16
4969.46518308726  6.347148E-16
4970.93601475048  6.468660E-16
4972.4068464137  6.255345E-16
4973.87767807691  6.749658E-16
4975.34850974013  7.066815E-16
4976.81934140335  6.782406E-16
4978.29017306656  6.782030E-16
4979.76100472978  6.489338E-16
4981.231836393  6.653148E-16
4982.70266805621  6.493859E-16
4984.17349971943  6.910448E-16
4985.64433138265  6.671532E-16
4987.11516304587  6.305858E-16
4988.58599470909  6.393144E-16
4990.0568263723  6.222005E-16
4991.52765803552  6.406358E-16
4992.99848969874  6.262072E-16
4994.46932136195  6.399365E-16
4995.94015302517  6.536466E-16
4997.41098468839  6.307871E-16
4998.8818163516  6.580228E-16
5000.35264801482  6.663449E-16
5001.82347967804  6.735025E-16
5003.29431134126  6.550489E-16
5004.76514300447  6.732095E-16
5006.23597466769  6.392581E-16
5007.70680633091  6.743258E-16
5009.17763799412  5.902744E-16
5010.64846965734  5.849291E-16
5012.11930132056  6.360026E-16
5013.59013298378  6.592497E-16
5015.06096464699  6.463939E-16
5016.53179631021  6.254981E-16
5018.00262797343  6.237163E-16
5019.47345963665  6.449935E-16
5020.94429129986  6.492743E-16
5022.41512296308  6.678661E-16
5023.8859546263  5.938801E-16
5025.35678628951  6.001519E-16
5026.82761795273  6.399193E-16
5028.29844961595  6.364815E-16
5029.76928127916  6.348640E-16
5031.24011294238  6.752326E-16
5032.7109446056  6.382169E-16
5034.18177626882  6.310829E-16
5035.65260793203  5.723450E-16
5037.12343959525  6.051667E-16
5038.59427125847  5.760591E-16
5040.06510292168  5.863387E-16
5041.5359345849  6.075561E-16
5043.00676624812  6.046600E-16
5044.47759791133  6.482728E-16
5045.94842957455  5.978632E-16
5047.41926123777  6.033329E-16
5048.89009290099  5.895410E-16
5050.3609245642  6.127072E-16
5051.83175622742  6.048716E-16
5053.30258789064  5.702610E-16
5054.77341955386  6.000885E-16
5056.24425121707  6.285582E-16
5057.71508288029  6.385629E-16
5059.18591454351  5.938582E-16
5060.65674620672  5.641756E-16
5062.12757786994  5.869513E-16
5063.59840953316  5.698077E-16
5065.06924119637  5.797377E-16
5066.54007285959  5.545461E-16
5068.01090452281  5.975857E-16
5069.48173618603  5.449724E-16
5070.95256784924  5.892927E-16
5072.42339951246  5.804290E-16
5073.89423117568  5.631621E-16
5075.36506283889  5.779704E-16
5076.83589450211  5.532317E-16
5078.30672616533  5.397819E-16
5079.77755782854  5.519370E-16
5081.24838949176  5.385308E-16
5082.71922115498  5.502706E-16
5084.1900528182  5.676097E-16
5085.66088448141  5.560374E-16
5087.13171614463  5.625130E-16
5088.60254780785  5.344287E-16
5090.07337947107  5.340231E-16
5091.54421113428  5.628737E-16
5093.0150427975  5.059717E-16
5094.48587446072  5.598158E-16
5095.95670612393  5.216602E-16
5097.42753778715  5.180941E-16
5098.89836945037  5.344915E-16
5100.36920111358  5.414924E-16
5101.8400327768  5.389917E-16
5103.31086444002  6.180355E-16
5104.78169610324  6.464320E-16
5106.25252776645  5.384448E-16
5107.72335942967  4.945813E-16
5109.19419109289  5.238309E-16
5110.6650227561  5.495114E-16
5112.13585441932  5.481671E-16
5113.60668608254  5.492797E-16
5115.07751774576  5.315448E-16
5116.54834940897  5.524192E-16
5118.01918107219  5.007248E-16
5119.49001273541  5.776654E-16
5120.96084439862  5.183573E-16
5122.43167606184  5.043946E-16
5123.90250772506  5.009883E-16
5125.37333938828  5.298387E-16
5126.84417105149  5.249135E-16
5128.31500271471  5.151225E-16
5129.78583437793  4.738016E-16
5131.25666604114  5.103937E-16
5132.72749770436  4.639688E-16
5134.19832936758  5.080817E-16
5135.66916103079  4.840976E-16
5137.13999269401  5.079464E-16
5138.61082435723  4.849255E-16
5140.08165602045  5.340306E-16
5141.55248768366  5.156611E-16
5143.02331934688  4.962766E-16
5144.4941510101  5.144241E-16
5145.96498267332  4.837437E-16
5147.43581433653  4.893455E-16
5148.90664599975  5.033484E-16
5150.37747766297  5.019625E-16
5151.84830932618  4.935434E-16
5153.3191409894  5.066812E-16
5154.78997265262  4.863803E-16
5156.26080431584  4.631127E-16
5157.73163597905  4.726755E-16
5159.20246764227  4.693503E-16
5160.67329930549  4.695682E-16
5162.1441309687  4.850511E-16
5163.61496263192  4.491927E-16
5165.08579429514  4.604413E-16
5166.55662595835  4.539645E-16
5168.02745762157  4.435537E-16
5169.49828928479  5.065735E-16
5170.96912094801  4.871785E-16
5172.43995261122  4.655610E-16
5173.91078427444  4.804939E-16
5175.38161593766  4.713890E-16
5176.85244760087  4.224899E-16
5178.32327926409  4.683394E-16
5179.79411092731  5.032896E-16
5181.26494259053  4.157966E-16
5182.73577425374  4.591536E-16
5184.20660591696  4.413266E-16
5185.67743758018  4.680813E-16
5187.14826924339  4.564057E-16
5188.61910090661  4.306028E-16
5190.08993256983  4.885917E-16
5191.56076423305  4.610744E-16
5193.03159589626  4.707192E-16
5194.50242755948  4.746448E-16
5195.9732592227  4.563074E-16
5197.44409088591  4.264569E-16
5198.91492254913  4.344458E-16
5200.38575421235  4.384773E-16
5201.85658587556  4.564948E-16
5203.32741753878  4.554059E-16
5204.798249202  4.732424E-16
5206.26908086522  4.845696E-16
5207.73991252843  4.659034E-16
5209.21074419165  4.599461E-16
5210.68157585487  4.856524E-16
5212.15240751809  4.526488E-16
5213.6232391813  4.399427E-16
5215.09407084452  4.827728E-16
5216.56490250774  4.293665E-16
5218.03573417095  4.660054E-16
5219.50656583417  4.776428E-16
5220.97739749739  4.685626E-16
5222.4482291606  4.695269E-16
5223.91906082382  4.722624E-16
5225.38989248704  4.385208E-16
5226.86072415026  4.563236E-16
5228.33155581347  4.392644E-16
5229.80238747669  4.816105E-16
5231.27321913991  4.885413E-16
5232.74405080312  4.322884E-16
5234.21488246634  4.397000E-16
5235.68571412956  4.678538E-16
5237.15654579278  4.800909E-16
5238.62737745599  4.425762E-16
5240.09820911921  4.536053E-16
5241.56904078243  4.614923E-16
5243.03987244564  4.295042E-16
5244.51070410886  4.279402E-16
5245.98153577208  4.305755E-16
5247.4523674353  4.424669E-16
5248.92319909851  4.846860E-16
5250.39403076173  4.405818E-16
5251.86486242495  4.353102E-16
5253.33569408816  4.605934E-16
5254.80652575138  4.376064E-16
5256.2773574146  4.214412E-16
5257.74818907781  4.504032E-16
5259.21902074103  4.352237E-16
5260.68985240425  4.306775E-16
5262.16068406747  4.605656E-16
5263.63151573068  4.286551E-16
5265.1023473939  4.409901E-16
5266.57317905712  4.256524E-16
5268.04401072033  4.096307E-16
5269.51484238355  4.367791E-16
5270.98567404677  4.308070E-16
5272.45650570999  4.057468E-16
5273.9273373732  4.155795E-16
5275.39816903642  4.222344E-16
5276.86900069964  4.492189E-16
5278.33983236285  4.604128E-16
5279.81066402607  4.216111E-16
5281.28149568929  4.127167E-16
5282.7523273525  3.957581E-16
5284.22315901572  4.136401E-16
5285.69399067894  4.224292E-16
5287.16482234216  3.846390E-16
5288.63565400537  4.146018E-16
5290.10648566859  4.244583E-16
5291.57731733181  4.135709E-16
5293.04814899503  4.090573E-16
5294.51898065824  3.921885E-16
5295.98981232146  3.852263E-16
5297.46064398468  4.235868E-16
5298.93147564789  4.145533E-16
5300.40230731111  3.928792E-16
5301.87313897433  4.225627E-16
5303.34397063755  4.447285E-16
5304.81480230076  4.230937E-16
5306.28563396398  4.217163E-16
5307.7564656272  4.109402E-16
5309.22729729041  4.014221E-16
5310.69812895363  4.218149E-16
5312.16896061685  4.249440E-16
5313.63979228006  4.110958E-16
5315.11062394328  4.205796E-16
5316.5814556065  4.373507E-16
5318.05228726972  3.952631E-16
5319.52311893293  3.971120E-16
5320.99395059615  4.060912E-16
5322.46478225937  3.960971E-16
5323.93561392258  3.976699E-16
5325.4064455858  4.140742E-16
5326.87727724902  4.416068E-16
5328.34810891224  4.017407E-16
5329.81894057545  3.985778E-16
5331.28977223867  3.791741E-16
5332.76060390189  4.167548E-16
5334.2314355651  3.952237E-16
5335.70226722832  3.585991E-16
5337.17309889154  3.913823E-16
5338.64393055475  3.955935E-16
5340.11476221797  3.976038E-16
5341.58559388119  3.983376E-16
5343.05642554441  3.745873E-16
5344.52725720762  3.834159E-16
5345.99808887084  4.217469E-16
5347.46892053406  3.989402E-16
5348.93975219727  4.165138E-16
5350.41058386049  4.027092E-16
5351.88141552371  4.356680E-16
5353.35224718693  4.847826E-16
5354.82307885014  4.697151E-16
5356.29391051336  4.513015E-16
5357.76474217658  4.200293E-16
5359.2355738398  3.889313E-16
5360.70640550301  3.881988E-16
5362.17723716623  3.749151E-16
5363.64806882945  3.928603E-16
5365.11890049266  3.825493E-16
5366.58973215588  3.643300E-16
5368.0605638191  3.829494E-16
5369.53139548232  3.804249E-16
5371.00222714553  3.291845E-16
5372.47305880875  3.948500E-16
5373.94389047197  3.667995E-16
5375.41472213518  3.767711E-16
5376.8855537984  3.861852E-16
5378.35638546162  3.529980E-16
5379.82721712483  3.531807E-16
5381.29804878805  3.686587E-16
5382.76888045127  4.072730E-16
5384.23971211449  3.926155E-16
5385.7105437777  3.609989E-16
5387.18137544092  3.664388E-16
5388.65220710414  4.047568E-16
5390.12303876735  3.685635E-16
5391.59387043057  3.820884E-16
5393.06470209379  3.833859E-16
5394.53553375701  3.744587E-16
5396.00636542022  3.698390E-16
5397.47719708344  3.804257E-16
5398.94802874666  3.911156E-16
5400.41886040987  3.758788E-16
5401.88969207309  3.541147E-16
5403.36052373631  3.591279E-16
5404.83135539952  3.743137E-16
5406.30218706274  3.621333E-16
5407.77301872596  3.377938E-16
5409.24385038918  4.067355E-16
5410.71468205239  3.536017E-16
5412.18551371561  3.545288E-16
5413.65634537883  4.094885E-16
5415.12717704204  3.537167E-16
5416.59800870526  3.515624E-16
5418.06884036848  3.831109E-16
5419.53967203169  3.737699E-16
5421.01050369491  3.416864E-16
5422.48133535813  3.859420E-16
5423.95216702135  3.411821E-16
5425.42299868457  3.825302E-16
5426.89383034778  3.702492E-16
5428.364662011  3.577603E-16
5429.83549367422  3.976599E-16
5431.30632533743  3.835943E-16
5432.77715700065  3.572972E-16
5434.24798866387  3.663880E-16
5435.71882032709  3.525551E-16
5437.1896519903  3.562892E-16
5438.66048365352  3.670501E-16
5440.13131531674  3.627227E-16
5441.60214697995  3.746938E-16
5443.07297864317  3.656976E-16
5444.54381030639  3.507867E-16
5446.0146419696  3.410353E-16
5447.48547363282  3.798203E-16
5448.95630529604  3.964452E-16
5450.42713695925  3.367307E-16
5451.89796862247  3.765019E-16
5453.36880028569  3.546158E-16
5454.83963194891  3.630958E-16
5456.31046361212  3.535220E-16
5457.78129527534  3.646276E-16
5459.25212693856  4.536816E-16
5460.72295860178  4.486127E-16
5462.19379026499  5.271590E-16
5463.66462192821  4.616259E-16
5465.13545359143  4.442307E-16
5466.60628525464  3.957325E-16
5468.07711691786  3.762466E-16
5469.54794858108  3.492074E-16
5471.0187802443  3.795515E-16
5472.48961190751  3.644994E-16
5473.96044357073  3.688984E-16
5475.43127523395  3.702433E-16
5476.90210689716  4.193898E-16
5478.37293856038  3.933281E-16
5479.8437702236  3.721505E-16
5481.31460188681  3.725194E-16
5482.78543355003  3.556163E-16
5484.25626521325  3.566749E-16
5485.72709687647  3.509642E-16
5487.19792853968  3.910395E-16
5488.6687602029  3.515051E-16
5490.13959186612  3.583585E-16
5491.61042352933  3.698098E-16
5493.08125519255  4.296214E-16
5494.55208685577  3.922219E-16
5496.02291851899  3.975369E-16
5497.4937501822  3.598413E-16
5498.96458184542  3.870364E-16
5500.43541350864  4.111213E-16
5501.90624517185  3.873072E-16
5503.37707683507  3.502814E-16
5504.84790849829  3.758472E-16
5506.31874016151  3.788970E-16
5507.78957182472  3.797433E-16
5509.26040348794  4.188565E-16
5510.73123515116  4.507721E-16
5512.20206681437  5.900171E-16
5513.67289847759  7.266732E-16
5515.14373014081  7.188540E-16
5516.61456180402  6.773335E-16
5518.08539346724  5.534928E-16
5519.55622513046  4.556460E-16
5521.02705679368  3.872835E-16
5522.49788845689  3.696143E-16
5523.96872012011  3.915927E-16
5525.43955178333  3.825944E-16
5526.91038344654  3.993914E-16
5528.38121510976  3.772339E-16
5529.85204677298  3.736596E-16
5531.32287843619  3.949804E-16
5532.79371009941  4.085398E-16
5534.26454176263  4.218283E-16
5535.73537342585  3.983872E-16
5537.20620508906  4.010149E-16
5538.67703675228  3.888509E-16
5540.1478684155  4.064034E-16
5541.61870007872  4.055622E-16
5543.08953174193  4.056079E-16
5544.56036340515  3.962371E-16
5546.03119506837  4.115656E-16
5547.50202673158  4.243675E-16
5548.9728583948  4.211444E-16
5550.44369005802  4.289368E-16
5551.91452172124  4.125302E-16
5553.38535338445  4.049607E-16
5554.85618504767  3.981984E-16
5556.32701671089  4.237541E-16
5557.7978483741  4.027068E-16
5559.26868003732  3.796901E-16
5560.73951170054  4.245105E-16
5562.21034336376  4.136153E-16
5563.68117502697  4.054154E-16
5565.15200669019  4.134974E-16
5566.62283835341  3.788252E-16
5568.09367001662  4.113304E-16
5569.56450167984  4.085073E-16
5571.03533334306  4.147133E-16
5572.50616500628  4.324975E-16
5573.97699666949  4.344840E-16
5575.44782833271  4.279957E-16
5576.91865999592  4.349215E-16
5578.38949165914  4.099986E-16
5579.86032332236  4.302019E-16
5581.33115498558  4.677591E-16
5582.80198664879  4.628758E-16
5584.27281831201  4.100965E-16
5585.74364997523  4.129964E-16
5587.21448163845  4.273079E-16
5588.68531330166  3.887060E-16
5590.15614496488  4.142239E-16
5591.6269766281  4.436118E-16
5593.09780829131  4.365208E-16
5594.56863995453  4.360658E-16
5596.03947161775  4.443633E-16
5597.51030328096  4.182458E-16
5598.98113494418  4.270061E-16
5600.4519666074  4.379919E-16
5601.92279827062  4.236994E-16
5603.39362993383  4.287427E-16
5604.86446159705  4.123570E-16
5606.33529326027  4.072084E-16
5607.80612492348  4.258963E-16
5609.2769565867  4.313599E-16
5610.74778824992  4.039313E-16
5612.21861991313  4.248259E-16
5613.68945157635  4.374227E-16
5615.16028323957  4.196381E-16
5616.63111490279  4.282359E-16
5618.10194656601  4.444190E-16
5619.57277822922  4.350110E-16
5621.04360989244  4.296549E-16
5622.51444155566  4.351030E-16
5623.98527321887  4.111165E-16
5625.45610488209  4.191070E-16
5626.92693654531  4.474884E-16
5628.39776820852  4.470972E-16
5629.86859987174  4.586007E-16
5631.33943153496  4.452659E-16
5632.81026319818  4.398173E-16
5634.28109486139  4.219798E-16
5635.75192652461  4.651306E-16
5637.22275818783  4.743625E-16
5638.69358985104  4.739168E-16
5640.16442151426  4.522961E-16
5641.63525317748  4.363410E-16
5643.1060848407  4.590172E-16
5644.57691650391  4.544396E-16
5646.04774816713  4.531931E-16
5647.51857983035  4.694801E-16
5648.98941149356  4.701491E-16
5650.46024315678  4.522864E-16
5651.93107482  4.671193E-16
5653.40190648322  4.700881E-16
5654.87273814643  4.847664E-16
5656.34356980965  4.896861E-16
5657.81440147287  4.754596E-16
5659.28523313608  4.569914E-16
5660.7560647993  4.505131E-16
5662.22689646252  4.522498E-16
5663.69772812574  4.710358E-16
5665.16855978895  4.763203E-16
5666.63939145217  4.766614E-16
5668.11022311539  4.677402E-16
5669.5810547786  5.038435E-16
5671.05188644182  4.671662E-16
5672.52271810504  4.589430E-16
5673.99354976825  4.609330E-16
5675.46438143147  4.563016E-16
5676.93521309469  4.446846E-16
5678.40604475791  5.136564E-16
5679.87687642112  4.620301E-16
5681.34770808434  4.765291E-16
5682.81853974756  4.596344E-16
5684.28937141078  4.708278E-16
5685.76020307399  4.878710E-16
5687.23103473721  4.597870E-16
5688.70186640042  5.069290E-16
5690.17269806364  4.348579E-16
5691.64352972686  4.795302E-16
5693.11436139008  4.610215E-16
5694.58519305329  4.757707E-16
5696.05602471651  4.693214E-16
5697.52685637973  4.686040E-16
5698.99768804295  4.560234E-16
5700.46851970616  4.494883E-16
5701.93935136938  4.837011E-16
5703.4101830326  4.822792E-16
5704.88101469581  4.633811E-16
5706.35184635903  4.636522E-16
5707.82267802225  4.606126E-16
5709.29350968547  4.529153E-16
5710.76434134868  4.265881E-16
5712.2351730119  4.658349E-16
5713.70600467512  4.315338E-16
5715.17683633833  4.691046E-16
5716.64766800155  4.273581E-16
5718.11849966477  4.463568E-16
5719.58933132799  4.929942E-16
5721.0601629912  4.267989E-16
5722.53099465442  4.393938E-16
5724.00182631764  4.530492E-16
5725.47265798085  4.429761E-16
5726.94348964407  4.691318E-16
5728.41432130729  4.675781E-16
5729.8851529705  4.513463E-16
5731.35598463372  4.630773E-16
5732.82681629694  4.678459E-16
5734.29764796015  4.516363E-16
5735.76847962337  4.571636E-16
5737.23931128659  4.504136E-16
5738.71014294981  4.434193E-16
5740.18097461302  4.276669E-16
5741.65180627624  4.634407E-16
5743.12263793946  4.370795E-16
5744.59346960268  4.136846E-16
5746.06430126589  4.594242E-16
5747.53513292911  4.685397E-16
5749.00596459233  4.659984E-16
5750.47679625554  4.418441E-16
5751.94762791876  4.547486E-16
5753.41845958198  4.542970E-16
5754.88929124519  4.398634E-16
5756.36012290841  4.424855E-16
5757.83095457163  4.359737E-16
5759.30178623485  4.471260E-16
5760.77261789806  4.311102E-16
5762.24344956128  4.491996E-16
5763.7142812245  4.429682E-16
5765.18511288771  4.601085E-16
5766.65594455093  4.640571E-16
5768.12677621415  4.689144E-16
5769.59760787737  4.689033E-16
5771.06843954058  4.527988E-16
5772.5392712038  4.657550E-16
5774.01010286702  4.436047E-16
5775.48093453024  4.401073E-16
5776.95176619345  4.412832E-16
5778.42259785667  4.405239E-16
5779.89342951989  4.532381E-16
5781.3642611831  4.243520E-16
5782.83509284632  4.250317E-16
5784.30592450954  4.378278E-16
5785.77675617275  4.189039E-16
5787.24758783597  4.165690E-16
5788.71841949919  4.396685E-16
5790.1892511624  4.288337E-16
5791.66008282562  4.595869E-16
5793.13091448884  4.517611E-16
5794.60174615206  4.373928E-16
5796.07257781527  4.344512E-16
5797.54340947849  4.240682E-16
5799.01424114171  4.524791E-16
5800.48507280493  4.421064E-16
5801.95590446814  3.983656E-16
5803.42673613136  4.041663E-16
5804.89756779458  4.054462E-16
5806.36839945779  4.161125E-16
5807.83923112101  4.137988E-16
5809.31006278423  3.889942E-16
5810.78089444745  4.261892E-16
5812.25172611066  4.033524E-16
5813.72255777388  3.836012E-16
5815.1933894371  3.912601E-16
5816.66422110031  4.004049E-16
5818.13505276353  4.044873E-16
5819.60588442675  4.314328E-16
5821.07671608996  4.476534E-16
5822.54754775318  4.210304E-16
5824.0183794164  4.136745E-16
5825.48921107962  4.022484E-16
5826.96004274283  4.185615E-16
5828.43087440605  4.163874E-16
5829.90170606927  3.944168E-16
5831.37253773248  4.039230E-16
5832.8433693957  3.797063E-16
5834.31420105892  3.983375E-16
5835.78503272214  4.239831E-16
5837.25586438535  3.775990E-16
5838.72669604857  4.130574E-16
5840.19752771179  4.087365E-16
5841.66835937501  3.760404E-16
5843.13919103822  4.125184E-16
5844.61002270144  4.306029E-16
5846.08085436466  4.488922E-16
5847.55168602787  4.377315E-16
5849.02251769109  4.055718E-16
5850.49334935431  4.181540E-16
5851.96418101752  4.086940E-16
5853.43501268074  4.154822E-16
5854.90584434396  4.141582E-16
5856.37667600718  4.221669E-16
5857.84750767039  4.400327E-16
5859.31833933361  4.346324E-16
5860.78917099683  4.355244E-16
5862.26000266004  4.202944E-16
5863.73083432326  4.118367E-16
5865.20166598648  4.055196E-16
5866.6724976497  4.188642E-16
5868.14332931291  4.068863E-16
5869.61416097613  4.421749E-16
5871.08499263935  4.118101E-16
5872.55582430256  4.176083E-16
5874.02665596578  4.401862E-16
5875.497487629  4.046633E-16
5876.96831929222  4.221026E-16
5878.43915095543  4.642179E-16
5879.90998261865  4.397696E-16
5881.38081428187  4.466126E-16
5882.85164594508  4.118936E-16
5884.3224776083  3.906274E-16
5885.79330927152  4.157496E-16
5887.26414093473  4.036475E-16
5888.73497259795  3.811046E-16
5890.20580426117  3.500672E-16
5891.67663592438  4.148360E-16
5893.1474675876  4.117299E-16
5894.61829925082  4.453164E-16
5896.08913091404  3.886724E-16
5897.55996257725  3.737693E-16
5899.03079424047  4.114093E-16
5900.50162590369  4.345539E-16
5901.9724575669  3.995731E-16
5903.44328923012  4.189191E-16
5904.91412089334  4.070458E-16
5906.38495255656  4.007931E-16
5907.85578421977  4.067118E-16
5909.32661588299  4.230089E-16
5910.79744754621  4.184793E-16
5912.26827920943  4.101320E-16
5913.73911087264  4.209622E-16
5915.20994253586  3.661673E-16
5916.68077419908  4.524938E-16
5918.15160586229  4.194223E-16
5919.62243752551  3.634353E-16
5921.09326918873  3.820088E-16
5922.56410085194  4.251764E-16
5924.03493251516  3.949251E-16
5925.50576417838  4.036264E-16
5926.9765958416  4.169461E-16
5928.44742750481  4.330646E-16
5929.91825916803  4.089591E-16
5931.38909083125  4.345139E-16
5932.85992249447  4.025161E-16
5934.33075415768  4.190846E-16
5935.8015858209  4.114245E-16
5937.27241748412  4.017803E-16
5938.74324914733  4.150149E-16
5940.21408081055  4.335282E-16
5941.68491247377  4.272064E-16
5943.15574413698  3.959377E-16
5944.6265758002  3.762611E-16
5946.09740746342  3.878078E-16
5947.56823912664  4.270265E-16
5949.03907078985  4.114317E-16
5950.50990245307  4.219495E-16
5951.98073411629  4.174076E-16
5953.4515657795  4.030748E-16
5954.92239744272  4.145182E-16
5956.39322910594  3.994621E-16
5957.86406076916  3.956104E-16
5959.33489243237  3.741086E-16
5960.80572409559  3.959839E-16
5962.27655575881  4.107676E-16
5963.74738742202  4.160580E-16
5965.21821908524  3.979048E-16
5966.68905074846  3.813585E-16
5968.15988241167  3.806764E-16
5969.63071407489  4.077374E-16
5971.10154573811  3.622065E-16
5972.57237740133  3.888476E-16
5974.04320906454  3.989548E-16
5975.51404072776  3.750869E-16
5976.98487239098  4.011031E-16
5978.4557040542  3.985051E-16
5979.92653571741  3.786091E-16
5981.39736738063  3.967744E-16
5982.86819904385  4.205714E-16
5984.33903070706  4.020929E-16
5985.80986237028  3.710311E-16
5987.2806940335  3.911421E-16
5988.75152569671  3.992455E-16
5990.22235735993  3.961277E-16
5991.69318902315  3.747459E-16
5993.16402068637  3.728243E-16
5994.63485234958  3.969232E-16
5996.1056840128  3.930902E-16
5997.57651567602  3.811152E-16
5999.04734733923  3.908844E-16
6000.51817900245  3.816375E-16
6001.98901066567  3.702134E-16
6003.45984232888  4.135693E-16
6004.9306739921  4.158614E-16
6006.40150565532  4.058274E-16
6007.87233731854  4.025065E-16
6009.34316898175  3.948611E-16
6010.81400064497  4.008635E-16
6012.28483230819  4.036456E-16
6013.75566397141  3.631456E-16
6015.22649563462  3.513343E-16
6016.69732729784  3.666062E-16
6018.16815896106  4.048786E-16
6019.63899062427  4.096450E-16
6021.10982228749  3.888063E-16
6022.58065395071  3.839756E-16
6024.05148561393  3.795564E-16
6025.52231727714  3.992104E-16
6026.99314894036  3.649225E-16
6028.46398060358  3.614308E-16
6029.93481226679  3.608222E-16
6031.40564393001  3.772394E-16
6032.87647559323  3.791782E-16
6034.34730725644  3.919266E-16
6035.81813891966  3.943657E-16
6037.28897058288  3.838918E-16
6038.7598022461  3.718402E-16
6040.23063390931  3.582905E-16
6041.70146557253  3.900192E-16
6043.17229723575  3.935365E-16
6044.64312889897  3.833851E-16
6046.11396056218  3.909013E-16
6047.5847922254  3.652762E-16
6049.05562388862  3.746084E-16
6050.52645555183  3.708408E-16
6051.99728721505  4.004983E-16
6053.46811887827  3.761329E-16
6054.93895054148  3.665945E-16
6056.4097822047  3.748039E-16
6057.88061386792  3.935510E-16
6059.35144553113  3.694304E-16
6060.82227719435  3.807261E-16
6062.29310885757  3.851769E-16
6063.76394052079  3.813685E-16
6065.234772184  3.887969E-16
6066.70560384722  3.654574E-16
6068.17643551044  3.761293E-16
6069.64726717365  3.948077E-16
6071.11809883687  3.740712E-16
6072.58893050009  3.737889E-16
6074.05976216331  3.803700E-16
6075.53059382652  3.409055E-16
6077.00142548974  3.777056E-16
6078.47225715296  3.839822E-16
6079.94308881617  3.833769E-16
6081.41392047939  3.695916E-16
6082.88475214261  3.658887E-16
6084.35558380583  4.185651E-16
6085.82641546904  3.757812E-16
6087.29724713226  3.795970E-16
6088.76807879548  3.686104E-16
6090.2389104587  3.708819E-16
6091.70974212191  3.755222E-16
6093.18057378513  4.267571E-16
6094.65140544835  4.194797E-16
6096.12223711156  3.803901E-16
6097.59306877478  3.633865E-16
6099.063900438  3.666651E-16
6100.53473210121  3.198919E-16
6102.00556376443  3.763188E-16
6103.47639542765  3.784874E-16
6104.94722709086  3.744009E-16
6106.41805875408  3.548180E-16
6107.8888904173  3.729459E-16
6109.35972208052  3.533588E-16
6110.83055374373  3.727223E-16
6112.30138540695  3.552165E-16
6113.77221707017  4.150792E-16
6115.24304873339  3.752095E-16
6116.7138803966  3.726135E-16
6118.18471205982  3.925102E-16
6119.65554372304  3.823923E-16
6121.12637538625  3.636921E-16
6122.59720704947  3.746340E-16
6124.06803871269  3.257134E-16
6125.5388703759  3.837797E-16
6127.00970203912  3.742008E-16
6128.48053370234  3.896819E-16
6129.95136536556  3.847200E-16
6131.42219702877  3.448265E-16
6132.89302869199  3.312602E-16
6134.36386035521  3.751765E-16
6135.83469201842  3.827680E-16
6137.30552368164  3.578867E-16
6138.77635534486  3.497888E-16
6140.24718700808  3.462703E-16
6141.71801867129  3.454417E-16
6143.18885033451  3.425452E-16
6144.65968199773  3.546890E-16
6146.13051366094  3.436886E-16
6147.60134532416  3.572671E-16
6149.07217698738  3.588664E-16
6150.5430086506  3.701009E-16
6152.01384031381  3.657361E-16
6153.48467197703  3.594820E-16
6154.95550364025  3.696982E-16
6156.42633530347  3.735300E-16
6157.89716696668  3.346438E-16
6159.3679986299  3.402737E-16
6160.83883029311  3.534173E-16
6162.30966195633  3.409970E-16
6163.78049361955  3.441994E-16
6165.25132528277  3.534705E-16
6166.72215694598  3.179473E-16
6168.1929886092  3.538717E-16
6169.66382027242  3.803899E-16
6171.13465193564  3.481306E-16
6172.60548359885  3.375348E-16
6174.07631526207  3.551159E-16
6175.54714692529  3.573673E-16
6177.0179785885  3.787636E-16
6178.48881025172  3.356193E-16
6179.95964191494  3.361097E-16
6181.43047357816  3.685420E-16
6182.90130524137  3.555386E-16
6184.37213690459  3.244726E-16
6185.84296856781  3.373810E-16
6187.31380023102  3.346792E-16
6188.78463189424  3.377265E-16
6190.25546355746  3.440687E-16
6191.72629522067  3.206739E-16
6193.19712688389  3.457006E-16
6194.66795854711  3.249844E-16
6196.13879021033  3.146108E-16
6197.60962187354  3.657702E-16
6199.08045353676  3.427816E-16
6200.55128519998  3.151915E-16
6202.02211686319  3.374688E-16
6203.49294852641  3.565360E-16
6204.96378018963  3.273316E-16
6206.43461185284  3.476920E-16
6207.90544351606  3.352218E-16
6209.37627517928  3.225033E-16
6210.8471068425  3.426339E-16
6212.31793850571  3.496741E-16
6213.78877016893  3.150154E-16
6215.25960183215  3.119043E-16
6216.73043349536  3.574531E-16
6218.20126515858  3.603094E-16
6219.6720968218  3.050419E-16
6221.14292848502  2.923919E-16
6222.61376014823  3.393866E-16
6224.08459181145  3.394479E-16
6225.55542347467  3.307635E-16
6227.02625513788  3.291647E-16
6228.4970868011  3.127499E-16
6229.96791846432  3.149780E-16
6231.43875012754  3.140679E-16
6232.90958179075  3.006798E-16
6234.38041345397  3.404939E-16
6235.85124511719  3.113688E-16
6237.3220767804  3.061455E-16
6238.79290844362  3.376757E-16
6240.26374010684  3.187186E-16
6241.73457177005  3.215910E-16
6243.20540343327  3.204798E-16
6244.67623509649  3.447781E-16
6246.14706675971  3.494743E-16
6247.61789842293  3.212406E-16
6249.08873008614  3.368484E-16
6250.55956174936  3.281243E-16
6252.03039341258  3.253442E-16
6253.50122507579  3.448429E-16
6254.97205673901  3.100466E-16
6256.44288840223  2.986940E-16
6257.91372006545  3.309476E-16
6259.38455172866  3.153308E-16
6260.85538339188  3.296133E-16
6262.32621505509  3.279272E-16
6263.79704671831  3.572882E-16
6265.26787838153  3.154183E-16
6266.73871004475  3.279971E-16
6268.20954170796  3.423416E-16
6269.68037337118  2.915437E-16
6271.1512050344  3.300373E-16
6272.62203669761  3.157876E-16
6274.09286836083  3.107877E-16
6275.56370002405  3.087529E-16
6277.03453168727  3.010442E-16
6278.50536335048  2.866406E-16
6279.9761950137  2.766408E-16
6281.44702667692  3.002274E-16
6282.91785834013  3.028135E-16
6284.38869000335  3.151359E-16
6285.85952166657  3.351933E-16
6287.33035332979  2.775195E-16
6288.801184993  3.074526E-16
6290.27201665622  3.133808E-16
6291.74284831944  3.082431E-16
6293.21367998266  2.990629E-16
6294.68451164587  3.350069E-16
6296.15534330909  3.445726E-16
6297.62617497231  2.965950E-16
6299.09700663552  2.846030E-16
6300.56783829874  3.432639E-16
6302.03866996196  3.285419E-16
6303.50950162517  3.503484E-16
6304.98033328839  3.553123E-16
6306.45116495161  3.218100E-16
6307.92199661483  3.119965E-16
6309.39282827804  2.957902E-16
6310.86365994126  3.382294E-16
6312.33449160448  3.132423E-16
6313.80532326769  3.076220E-16
6315.27615493091  3.361987E-16
6316.74698659413  2.847153E-16
6318.21781825735  3.009062E-16
6319.68864992056  2.951917E-16
6321.15948158378  2.872273E-16
6322.630313247  3.155518E-16
6324.10114491021  3.276924E-16
6325.57197657343  3.073522E-16
6327.04280823665  3.231048E-16
6328.51363989986  3.014133E-16
6329.98447156308  2.998875E-16
6331.4553032263  2.882943E-16
6332.92613488952  3.020039E-16
6334.39696655273  3.179504E-16
6335.86779821595  2.983711E-16
6337.33862987917  3.123090E-16
6338.80946154238  3.140555E-16
6340.2802932056  3.181442E-16
6341.75112486882  2.952406E-16
6343.22195653204  3.125190E-16
6344.69278819525  3.070898E-16
6346.16361985847  3.114275E-16
6347.63445152169  3.152275E-16
6349.1052831849  3.287856E-16
6350.57611484812  3.048493E-16
6352.04694651134  3.132906E-16
6353.51777817456  3.172756E-16
6354.98860983777  2.734038E-16
6356.45944150099  2.920807E-16
6357.93027316421  3.047405E-16
6359.40110482743  3.152638E-16
6360.87193649064  2.972400E-16
6362.34276815386  3.234243E-16
6363.81359981707  2.848947E-16
6365.28443148029  3.159626E-16
6366.75526314351  3.039606E-16
6368.22609480673  2.917479E-16
6369.69692646994  2.995734E-16
6371.16775813316  2.951745E-16
6372.63858979638  3.227675E-16
6374.1094214596  3.095125E-16
6375.58025312281  3.135159E-16
6377.05108478603  3.110781E-16
6378.52191644925  3.220370E-16
6379.99274811246  2.990970E-16
6381.46357977568  3.242364E-16
6382.9344114389  3.112122E-16
6384.40524310212  3.088169E-16
6385.87607476533  3.207828E-16
6387.34690642855  3.050462E-16
6388.81773809177  2.767896E-16
6390.28856975498  2.973649E-16
6391.7594014182  3.059248E-16
6393.23023308142  3.060063E-16
6394.70106474463  2.839252E-16
6396.17189640785  3.106020E-16
6397.64272807107  2.966319E-16
6399.11355973428  2.875512E-16
6400.5843913975  2.884664E-16
6402.05522306072  2.942669E-16
6403.52605472394  2.736463E-16
6404.99688638715  2.837192E-16
6406.46771805037  3.038186E-16
6407.93854971359  2.926563E-16
6409.40938137681  2.691539E-16
6410.88021304002  2.848207E-16
6412.35104470324  2.986811E-16
6413.82187636646  2.774578E-16
6415.29270802967  2.661959E-16
6416.76353969289  2.901713E-16
6418.23437135611  2.996827E-16
6419.70520301932  3.041477E-16
6421.17603468254  3.012298E-16
6422.64686634576  3.115174E-16
6424.11769800898  2.934177E-16
6425.58852967219  2.877634E-16
6427.05936133541  2.978649E-16
6428.53019299863  2.862475E-16
6430.00102466185  2.677691E-16
6431.47185632506  2.709731E-16
6432.94268798828  2.929387E-16
6434.4135196515  2.678229E-16
6435.88435131471  2.932045E-16
6437.35518297793  2.943951E-16
6438.82601464115  2.659375E-16
6440.29684630437  2.808015E-16
6441.76767796758  2.978811E-16
6443.2385096308  2.908121E-16
6444.70934129402  2.767122E-16
6446.18017295723  2.753940E-16
6447.65100462045  2.879012E-16
6449.12183628367  2.638524E-16
6450.59266794688  2.575113E-16
6452.0634996101  2.889098E-16
6453.53433127332  2.736586E-16
6455.00516293654  2.894206E-16
6456.47599459975  2.731029E-16
6457.94682626297  2.712173E-16
6459.41765792619  2.879543E-16
6460.8884895894  2.974877E-16
6462.35932125262  2.981591E-16
6463.83015291584  2.635243E-16
6465.30098457906  2.627675E-16
6466.77181624227  2.617610E-16
6468.24264790549  2.652834E-16
6469.71347956871  2.736833E-16
6471.18431123193  2.792034E-16
6472.65514289514  2.929287E-16
6474.12597455836  2.760394E-16
6475.59680622157  2.482307E-16
6477.06763788479  2.377733E-16
6478.53846954801  2.706642E-16
6480.00930121123  2.707192E-16
6481.48013287444  2.648987E-16
6482.95096453766  2.751196E-16
6484.42179620088  2.741708E-16
6485.89262786409  2.576369E-16
6487.36345952731  2.708396E-16
6488.83429119053  2.294129E-16
6490.30512285375  2.500827E-16
6491.77595451696  2.884097E-16
6493.24678618018  2.749635E-16
6494.7176178434  2.426827E-16
6496.18844950662  2.775141E-16
6497.65928116983  2.884942E-16
6499.13011283305  2.242300E-16
6500.60094449627  2.705554E-16
6502.07177615948  2.574823E-16
6503.5426078227  3.049164E-16
6505.01343948592  2.583097E-16
6506.48427114913  2.615172E-16
6507.95510281235  2.799556E-16
6509.42593447557  2.804409E-16
6510.89676613879  2.889770E-16
6512.367597802  2.643225E-16
6513.83842946522  2.672834E-16
6515.30926112844  2.632927E-16
6516.78009279165  2.756608E-16
6518.25092445487  2.595824E-16
6519.72175611809  2.686848E-16
6521.19258778131  2.667727E-16
6522.66341944452  2.888620E-16
6524.13425110774  2.675514E-16
6525.60508277096  2.551968E-16
6527.07591443417  2.955115E-16
6528.54674609739  2.899316E-16
6530.01757776061  2.765904E-16
6531.48840942383  2.680452E-16
6532.95924108704  2.772452E-16
6534.43007275026  2.767607E-16
6535.90090441348  2.705972E-16
6537.37173607669  2.845524E-16
6538.84256773991  2.637920E-16
6540.31339940313  2.851580E-16
6541.78423106634  2.836129E-16
6543.25506272956  2.782330E-16
6544.72589439278  2.802435E-16
6546.196726056  2.690771E-16
6547.66755771921  2.567185E-16
6549.13838938243  2.805653E-16
6550.60922104565  2.604535E-16
6552.08005270886  2.793707E-16
6553.55088437208  2.930947E-16
6555.0217160353  2.541433E-16
6556.49254769852  2.643312E-16
6557.96337936173  2.630501E-16
6559.43421102495  2.717739E-16
6560.90504268817  2.917444E-16
6562.37587435138  2.731779E-16
6563.8467060146  2.694151E-16
6565.31753767782  2.593201E-16
6566.78836934104  2.446612E-16
6568.25920100425  2.595618E-16
6569.73003266747  2.311576E-16
6571.20086433069  2.647252E-16
6572.6716959939  2.980352E-16
6574.14252765712  2.421951E-16
6575.61335932034  2.774087E-16
6577.08419098355  2.561960E-16
6578.55502264677  2.417907E-16
6580.02585430999  2.487687E-16
6581.49668597321  2.725591E-16
6582.96751763642  2.686369E-16
6584.43834929964  2.533712E-16
6585.90918096286  2.708984E-16
6587.38001262608  2.800107E-16
6588.85084428929  2.837634E-16
6590.32167595251  2.709557E-16
6591.79250761573  2.751934E-16
6593.26333927894  2.687331E-16
6594.73417094216  2.483377E-16
6596.20500260538  2.660988E-16
6597.6758342686  2.684412E-16
6599.14666593181  2.745809E-16
6600.61749759503  2.732790E-16
6602.08832925825  2.577005E-16
6603.55916092146  2.660391E-16
6605.02999258468  2.810185E-16
6606.5008242479  2.556542E-16
6607.97165591111  2.703126E-16
6609.44248757433  2.676971E-16
6610.91331923755  2.540481E-16
6612.38415090076  2.639918E-16
6613.85498256398  2.601606E-16
6615.3258142272  2.560068E-16
6616.79664589042  2.747655E-16
6618.26747755363  2.836337E-16
6619.73830921685  2.546240E-16
6621.20914088007  2.727330E-16
6622.67997254329  2.919081E-16
6624.1508042065  2.913453E-16
6625.62163586972  2.809014E-16
6627.09246753294  2.483725E-16
6628.56329919615  2.528662E-16
6630.03413085937  2.536634E-16
6631.50496252259  2.717240E-16
6632.97579418581  2.663608E-16
6634.44662584902  2.494590E-16
6635.91745751224  2.656818E-16
6637.38828917546  2.396340E-16
6638.85912083867  2.373900E-16
6640.32995250189  2.664546E-16
6641.80078416511  2.678578E-16
6643.27161582832  2.714597E-16
6644.74244749154  2.795827E-16
6646.21327915476  2.442908E-16
6647.68411081798  2.416958E-16
6649.15494248119  2.661170E-16
6650.62577414441  2.623243E-16
6652.09660580763  2.592780E-16
6653.56743747085  2.622389E-16
6655.03826913406  2.543370E-16
6656.50910079728  2.438409E-16
6657.9799324605  2.530165E-16
6659.45076412371  2.558036E-16
6660.92159578693  3.726194E-16
6662.39242745015  2.977830E-16
6663.86325911337  3.035570E-16
6665.33409077658  3.299183E-16
6666.8049224398  2.403953E-16
6668.27575410302  2.403999E-16
6669.74658576623  2.484814E-16
6671.21741742945  2.284234E-16
6672.68824909267  2.412904E-16
6674.15908075588  2.469909E-16
6675.6299124191  2.181938E-16
6677.10074408232  2.352623E-16
6678.57157574553  2.550148E-16
6680.04240740875  2.615813E-16
6681.51323907197  2.329315E-16
6682.98407073519  2.278757E-16
6684.4549023984  2.289665E-16
6685.92573406162  2.284397E-16
6687.39656572484  2.119029E-16
6688.86739738805  2.272736E-16
6690.33822905127  2.605528E-16
6691.80906071449  2.319358E-16
6693.27989237771  2.216356E-16
6694.75072404092  1.904665E-16
6696.22155570414  2.034859E-16
6697.69238736736  2.155421E-16
6699.16321903057  2.412831E-16
6700.63405069379  2.214567E-16
6702.10488235701  2.420625E-16
6703.57571402023  2.242732E-16
6705.04654568344  2.171612E-16
6706.51737734666  2.387695E-16
6707.98820900988  2.062546E-16
6709.45904067309  2.105565E-16
6710.92987233631  2.383705E-16
6712.40070399953  2.199067E-16
6713.87153566274  2.257534E-16
6715.34236732596  2.358980E-16
6716.81319898918  2.338426E-16
6718.2840306524  2.166824E-16
6719.75486231561  2.235900E-16
6721.22569397883  1.835175E-16
6722.69652564205  2.120407E-16
6724.16735730527  2.448135E-16
6725.63818896848  2.148191E-16
6727.1090206317  2.185330E-16
6728.57985229492  2.137819E-16
6730.05068395814  2.102353E-16
6731.52151562135  2.041017E-16
6732.99234728457  2.411199E-16
6734.46317894779  2.398205E-16
6735.934010611  2.296770E-16
6737.40484227422  1.914001E-16
6738.87567393744  2.184164E-16
6740.34650560065  2.195616E-16
6741.81733726387  2.314322E-16
6743.28816892709  2.402312E-16
6744.7590005903  2.210952E-16
6746.22983225352  2.195958E-16
6747.70066391674  2.387168E-16
6749.17149557996  2.109024E-16
6750.64232724317  2.286601E-16
6752.11315890639  2.388925E-16
6753.58399056961  2.084627E-16
6755.05482223282  2.089811E-16
6756.52565389604  2.284364E-16
6757.99648555926  2.012073E-16
6759.46731722248  2.304091E-16
6760.93814888569  2.236604E-16
6762.40898054891  2.170488E-16
6763.87981221213  2.184349E-16
6765.35064387534  2.371659E-16
6766.82147553856  2.419282E-16
6768.29230720178  2.387276E-16
6769.763138865  2.106766E-16
6771.23397052821  2.297747E-16
6772.70480219143  2.176244E-16
6774.17563385465  2.604860E-16
6775.64646551786  2.393685E-16
6777.11729718108  2.302658E-16
6778.5881288443  2.201830E-16
6780.05896050752  2.279282E-16
6781.52979217073  2.336321E-16
6783.00062383395  2.331255E-16
6784.47145549717  2.284172E-16
6785.94228716038  2.107720E-16
6787.4131188236  2.331164E-16
6788.88395048682  2.265934E-16
6790.35478215003  2.271727E-16
6791.82561381325  2.459555E-16
6793.29644547647  2.304042E-16
6794.76727713969  2.016309E-16
6796.2381088029  2.575726E-16
6797.70894046612  2.164729E-16
6799.17977212934  2.137149E-16
6800.65060379255  2.414516E-16
6802.12143545577  2.312779E-16
6803.59226711899  2.499827E-16
6805.06309878221  2.309939E-16
6806.53393044542  2.379037E-16
6808.00476210864  2.293849E-16
6809.47559377186  2.351893E-16
6810.94642543507  2.276153E-16
6812.41725709829  2.631053E-16
6813.88808876151  2.578451E-16
6815.35892042473  2.282641E-16
6816.82975208794  2.458112E-16
6818.30058375116  2.450844E-16
6819.77141541438  2.337532E-16
6821.24224707759  2.698951E-16
6822.71307874081  2.316929E-16
6824.18391040403  2.385495E-16
6825.65474206725  2.334448E-16
6827.12557373046  2.467209E-16
6828.59640539368  2.470841E-16
6830.0672370569  2.187157E-16
6831.53806872011  2.255302E-16
6833.00890038333  2.322072E-16
6834.47973204655  2.357747E-16
6835.95056370976  2.277671E-16
6837.42139537298  2.493809E-16
6838.8922270362  2.146042E-16
6840.36305869942  2.265917E-16
6841.83389036263  2.606975E-16
6843.30472202585  2.775885E-16
6844.77555368907  2.664603E-16
6846.24638535229  2.436335E-16
6847.7172170155  2.490098E-16
6849.18804867872  2.512526E-16
6850.65888034194  2.577657E-16
6852.12971200515  2.453776E-16
6853.60054366837  2.564564E-16
6855.07137533159  2.489492E-16
6856.5422069948  2.481010E-16
6858.01303865802  2.721799E-16
6859.48387032124  2.625576E-16
6860.95470198446  2.702716E-16
6862.42553364767  2.745854E-16
6863.89636531089  2.339556E-16
6865.36719697411  2.198417E-16
6866.83802863732  2.216580E-16
6868.30886030054  1.802872E-16
6869.77969196376  1.742969E-16
6871.25052362698  1.778283E-16
6872.72135529019  1.834771E-16
6874.19218695341  1.847920E-16
6875.66301861663  1.964023E-16
6877.13385027984  2.121151E-16
6878.60468194306  2.354994E-16
6880.07551360628  2.394104E-16
6881.5463452695  2.098142E-16
6883.01717693271  2.510558E-16
6884.48800859593  2.329628E-16
6885.95884025915  2.076193E-16
6887.42967192236  2.392150E-16
6888.90050358558  2.524747E-16
6890.3713352488  2.381293E-16
6891.84216691201  2.371396E-16
6893.31299857523  2.530522E-16
6894.78383023845  2.380119E-16
6896.25466190167  2.537097E-16
6897.72549356488  2.605251E-16
6899.1963252281  2.456622E-16
6900.66715689132  2.446184E-16
6902.13798855453  2.428496E-16
6903.60882021775  2.356380E-16
6905.07965188097  2.645766E-16
6906.55048354419  2.528849E-16
6908.02131520741  2.286310E-16
6909.49214687062  2.326796E-16
6910.96297853384  2.534086E-16
6912.43381019705  2.626843E-16
6913.90464186027  2.518628E-16
6915.37547352349  2.621290E-16
6916.84630518671  2.540784E-16
6918.31713684992  2.755179E-16
6919.78796851314  2.578737E-16
6921.25880017636  2.313184E-16
6922.72963183957  2.371822E-16
6924.20046350279  2.461491E-16
6925.67129516601  2.453434E-16
6927.14212682922  2.313088E-16
6928.61295849244  2.371158E-16
6930.08379015566  2.702591E-16
6931.55462181888  2.419628E-16
6933.02545348209  2.437010E-16
6934.49628514531  2.693674E-16
6935.96711680853  2.588860E-16
6937.43794847175  2.381262E-16
6938.90878013496  2.298822E-16
6940.37961179818  2.279599E-16
6941.8504434614  2.492766E-16
6943.32127512462  2.450355E-16
6944.79210678783  2.500280E-16
6946.26293845105  2.457309E-16
6947.73377011426  2.573839E-16
6949.20460177748  2.716318E-16
6950.6754334407  2.371370E-16
6952.14626510392  2.705337E-16
6953.61709676713  2.607014E-16
6955.08792843035  2.320584E-16
6956.55876009357  2.457166E-16
6958.02959175678  2.416163E-16
6959.50042342  2.330091E-16
6960.97125508322  2.363922E-16
6962.44208674644  2.404385E-16
6963.91291840965  2.874846E-16
6965.38375007287  2.761358E-16
6966.85458173609  2.741400E-16
6968.3254133993  2.800439E-16
6969.79624506252  2.617602E-16
6971.26707672574  2.726575E-16
6972.73790838896  2.860665E-16
6974.20874005217  2.519553E-16
6975.67957171539  2.600929E-16
6977.15040337861  2.387497E-16
6978.62123504182  2.438470E-16
6980.09206670504  2.739184E-16
6981.56289836826  2.640871E-16
6983.03373003148  2.529767E-16
6984.50456169469  2.623132E-16
6985.97539335791  2.712422E-16
6987.44622502113  2.333498E-16
6988.91705668434  2.397074E-16
6990.38788834756  2.273099E-16
6991.85872001078  2.528032E-16
6993.32955167399  2.373246E-16
6994.80038333721  2.519473E-16
6996.27121500043  2.625134E-16
6997.74204666365  2.476054E-16
6999.21287832686  2.523606E-16
7000.68370999008  2.512333E-16
7002.1545416533  2.506755E-16
7003.62537331652  2.465392E-16
7005.09620497973  2.488031E-16
7006.56703664295  2.429491E-16
7008.03786830617  2.619617E-16
7009.50869996938  2.562068E-16
7010.9795316326  2.718979E-16
7012.45036329582  2.566927E-16
7013.92119495903  2.589417E-16
7015.39202662225  2.410857E-16
7016.86285828547  2.553023E-16
7018.33368994869  2.395883E-16
7019.8045216119  2.366363E-16
7021.27535327512  2.335385E-16
7022.74618493834  2.488077E-16
7024.21701660155  2.470664E-16
7025.68784826477  2.436188E-16
7027.15867992799  2.504550E-16
7028.62951159121  2.385193E-16
7030.10034325442  2.581882E-16
7031.57117491764  2.767575E-16
7033.04200658086  2.889846E-16
7034.51283824407  2.544040E-16
7035.98366990729  2.471930E-16
7037.45450157051  2.398972E-16
7038.92533323373  2.551308E-16
7040.39616489694  2.478481E-16
7041.86699656016  2.411594E-16
7043.33782822338  2.589105E-16
7044.8086598866  2.178533E-16
7046.27949154981  2.590802E-16
7047.75032321303  2.588802E-16
7049.22115487624  2.746581E-16
7050.69198653946  2.769558E-16
7052.16281820268  2.556794E-16
7053.6336498659  2.473737E-16
7055.10448152911  2.390951E-16
7056.57531319233  2.426240E-16
7058.04614485555  2.486902E-16
7059.51697651877  2.981003E-16
7060.98780818198  2.115758E-16
7062.4586398452  2.528649E-16
7063.92947150842  3.074852E-16
7065.40030317163  2.596198E-16
7066.87113483485  2.538299E-16
7068.34196649807  2.566579E-16
7069.81279816128  2.596934E-16
7071.2836298245  2.783164E-16
7072.75446148772  2.465810E-16
7074.22529315094  2.815924E-16
7075.69612481415  2.534797E-16
7077.16695647737  2.545170E-16
7078.63778814059  2.465604E-16
7080.10861980381  2.504549E-16
7081.57945146702  2.665598E-16
7083.05028313024  2.726436E-16
7084.52111479346  2.790565E-16
7085.99194645667  2.662032E-16
7087.46277811989  2.317096E-16
7088.93360978311  2.593816E-16
7090.40444144632  2.712846E-16
7091.87527310954  2.738973E-16
7093.34610477276  2.475748E-16
7094.81693643598  2.406372E-16
7096.28776809919  2.501769E-16
7097.75859976241  2.552193E-16
7099.22943142563  2.458097E-16
7100.70026308884  2.636754E-16
7102.17109475206  2.636410E-16
7103.64192641528  2.653376E-16
7105.11275807849  2.641150E-16
7106.58358974171  2.595521E-16
7108.05442140493  2.357872E-16
7109.52525306815  2.746525E-16
7110.99608473136  2.815208E-16
7112.46691639458  2.914293E-16
7113.9377480578  2.619251E-16
7115.40857972101  2.602073E-16
7116.87941138423  2.686415E-16
7118.35024304745  2.738734E-16
7119.82107471067  2.768490E-16
7121.29190637388  2.626636E-16
7122.7627380371  2.680333E-16
7124.23356970032  2.904086E-16
7125.70440136353  2.807060E-16
7127.17523302675  2.692797E-16
7128.64606468997  2.491340E-16
7130.11689635319  2.633163E-16
7131.5877280164  2.592515E-16
7133.05855967962  2.511153E-16
7134.52939134284  2.561034E-16
7136.00022300605  2.558280E-16
7137.47105466927  2.736472E-16
7138.94188633249  2.853351E-16
7140.41271799571  2.734242E-16
7141.88354965892  2.819265E-16
7143.35438132214  2.592970E-16
7144.82521298536  2.778670E-16
7146.29604464857  2.766607E-16
7147.76687631179  2.637798E-16
7149.23770797501  2.670496E-16
7150.70853963822  2.820639E-16
7152.17937130144  2.379290E-16
7153.65020296466  2.578183E-16
7155.12103462788  2.669751E-16
7156.59186629109  2.795356E-16
7158.06269795431  2.708692E-16
7159.53352961753  2.461702E-16
7161.00436128074  2.569626E-16
7162.47519294396  2.664907E-16
7163.94602460718  2.470971E-16
7165.4168562704  2.338224E-16
7166.88768793361  2.254648E-16
7168.35851959683  2.249846E-16
7169.82935126005  2.158506E-16
7171.30018292326  1.967026E-16
7172.77101458648  2.020492E-16
7174.2418462497  1.921125E-16
7175.71267791292  1.964764E-16
7177.18350957613  2.137312E-16
7178.65434123935  2.167053E-16
7180.12517290257  2.098857E-16
7181.59600456578  2.078824E-16
7183.066836229  2.059223E-16
7184.53766789222  1.641334E-16
7186.00849955543  1.729873E-16
7187.47933121865  2.032046E-16
7188.95016288187  1.949255E-16
7190.42099454509  1.925663E-16
7191.8918262083  2.205851E-16
7193.36265787152  2.111995E-16
7194.83348953474  1.717431E-16
7196.30432119796  1.950220E-16
7197.77515286117  1.961621E-16
7199.24598452439  1.841798E-16
7200.71681618761  1.945946E-16
7202.18764785082  1.911928E-16
7203.65847951404  2.029373E-16
7205.12931117726  2.189164E-16
7206.60014284048  2.074264E-16
7208.07097450369  2.236385E-16
7209.54180616691  2.432807E-16
7211.01263783013  2.658389E-16
7212.48346949334  2.591706E-16
7213.95430115656  2.465040E-16
7215.42513281978  2.581804E-16
7216.895964483  2.340681E-16
7218.36679614621  2.481471E-16
7219.83762780943  2.575335E-16
7221.30845947265  2.388826E-16
7222.77929113586  2.480429E-16
7224.25012279908  2.555586E-16
7225.7209544623  2.834339E-16
7227.19178612551  3.984032E-16
7228.66261778873  4.151022E-16
7230.13344945195  3.905187E-16
7231.60428111517  3.398462E-16
7233.07511277838  2.398945E-16
7234.5459444416  2.018760E-16
7236.01677610482  2.008647E-16
7237.48760776803  2.311452E-16
7238.95843943125  2.440678E-16
7240.42927109447  1.985066E-16
7241.90010275769  1.822044E-16
7243.3709344209  1.619114E-16
7244.84176608412  2.066898E-16
7246.31259774734  2.280152E-16
7247.78342941055  2.267552E-16
7249.25426107377  2.260930E-16
7250.72509273699  2.407764E-16
7252.19592440021  2.348358E-16
7253.66675606342  1.795657E-16
7255.13758772664  1.999819E-16
7256.60841938986  2.321601E-16
7258.07925105307  1.914769E-16
7259.55008271629  1.747069E-16
7261.02091437951  1.855272E-16
7262.49174604272  1.864205E-16
7263.96257770594  1.913439E-16
7265.43340936916  2.009543E-16
7266.90424103238  1.896895E-16
7268.37507269559  2.340595E-16
7269.84590435881  2.554120E-16
7271.31673602203  2.241411E-16
7272.78756768524  1.995640E-16
7274.25839934846  1.790500E-16
7275.72923101168  2.144358E-16
7277.2000626749  2.037846E-16
7278.67089433811  2.245068E-16
7280.14172600133  2.441340E-16
7281.61255766455  2.287267E-16
7283.08338932776  2.716620E-16
7284.55422099098  2.570864E-16
7286.0250526542  2.374978E-16
7287.49588431742  2.374245E-16
7288.96671598063  2.171304E-16
7290.43754764385  2.167869E-16
7291.90837930707  1.934706E-16
7293.37921097028  1.988286E-16
7294.8500426335  2.264926E-16
7296.32087429672  2.183129E-16
7297.79170595994  2.160205E-16
7299.26253762315  2.069331E-16
7300.73336928637  1.968389E-16
7302.20420094959  1.801975E-16
7303.6750326128  1.830319E-16
7305.14586427602  2.049791E-16
7306.61669593924  2.387444E-16
7308.08752760245  2.271277E-16
7309.55835926567  2.271407E-16
7311.02919092889  2.012055E-16
7312.50002259211  1.821838E-16
7313.97085425532  1.971508E-16
7315.44168591854  2.007117E-16
7316.91251758176  2.174572E-16
7318.38334924497  2.151206E-16
7319.85418090819  2.087902E-16
7321.32501257141  2.764347E-16
7322.79584423463  2.873522E-16
7324.26667589784  2.642242E-16
7325.73750756106  2.316306E-16
7327.20833922428  2.444531E-16
7328.67917088749  1.950020E-16
7330.15000255071  1.957419E-16
7331.62083421393  2.547098E-16
7333.09166587715  2.457119E-16
7334.56249754036  2.228430E-16
7336.03332920358  2.459132E-16
7337.5041608668  2.358271E-16
7338.97499253001  2.303392E-16
7340.44582419323  1.919941E-16
7341.91665585645  2.276491E-16
7343.38748751967  1.845389E-16
7344.85831918288  2.421998E-16
7346.3291508461  2.464078E-16
7347.79998250932  2.195047E-16
7349.27081417253  2.223701E-16
7350.74164583575  2.323701E-16
7352.21247749897  2.578179E-16
7353.68330916219  2.462761E-16
7355.1541408254  2.214652E-16
7356.62497248862  2.549706E-16
7358.09580415184  2.665746E-16
7359.56663581505  2.587559E-16
7361.03746747827  2.182184E-16
7362.50829914149  2.314015E-16
7363.9791308047  2.131874E-16
7365.44996246792  2.206501E-16
7366.92079413114  2.194706E-16
7368.39162579436  2.414670E-16
7369.86245745757  2.374213E-16
7371.33328912079  2.604516E-16
7372.80412078401  2.404370E-16
7374.27495244723  2.708150E-16
7375.74578411044  2.430125E-16
7377.21661577366  2.594794E-16
7378.68744743688  2.462492E-16
7380.15827910009  2.139997E-16
7381.62911076331  2.300661E-16
7383.09994242653  2.118034E-16
7384.57077408974  2.257837E-16
7386.04160575296  2.485004E-16
7387.51243741618  2.376002E-16
7388.9832690794  2.358278E-16
7390.45410074261  2.115848E-16
7391.92493240583  2.328114E-16
7393.39576406905  2.555092E-16
7394.86659573226  2.448463E-16
7396.33742739548  2.173359E-16
7397.8082590587  2.667864E-16
7399.27909072191  2.276723E-16
7400.74992238513  2.233864E-16
7402.22075404835  1.946032E-16
7403.69158571157  2.339358E-16
7405.16241737478  2.275202E-16
7406.633249038  2.263185E-16
7408.10408070122  2.276695E-16
7409.57491236444  2.247355E-16
7411.04574402765  2.617417E-16
7412.51657569087  2.432471E-16
7413.98740735409  2.283799E-16
7415.4582390173  2.509645E-16
7416.92907068052  2.420765E-16
7418.39990234374  2.431180E-16
