# SOURCE  = 'Quimby et al. 2018' /                                                
# OBJECT  = 'PTF09atu'           /                                                
# Z       =             0.501400 / wavelengths in OBSERVER FRAME                 
# NORM    =          2.63750E-17 / fluxes divided by norm                         
# CLIPPED =                    1 / galaxy emission lines removed                  
# SMOOTHED=                    1 / spectrum has been smoothed                     
# COLUMN01= 'Wavelength (Angstrom)' /                                             
# COLUMN02= 'Flux Density (erg/s/cm2/A)' /                                        
# COLUMN03= 'Flux Density Uncertainty (erg/s/cm2/A)' /                            
# END                                                                             
# 
# 
# 
# 
# 
# 
# 
# 
# 
# 
# Converted to Observer Frame using z=0.501
 4788.36213 0.7360019 0.0719976
 4793.13948 0.7105768 0.0701836
 4797.93994 0.6858683 0.0684409
 4802.73985 0.6761273 0.0668475
 4807.54030 0.6552073 0.0647547
 4812.34021 0.6382063 0.0633051
 4817.16322 0.6175925 0.0619589
 4821.98569 0.6252480 0.0605687
 4826.80870 0.6485960 0.0592046
 4831.63117 0.6527869 0.0579342
 4836.45418 0.6548241 0.0566724
 4841.29921 0.6637348 0.0554614
 4846.14423 0.6716686 0.0539621
 4850.98980 0.6587672 0.0529134
 4855.83483 0.6655278 0.0519096
 4860.70296 0.6705861 0.0510541
 4865.54798 0.6758558 0.0501637
 4870.41556 0.6816692 0.0493223
 4875.28369 0.6898851 0.0483800
 4880.17383 0.6860220 0.0474467
 4885.04141 0.6686432 0.0462725
 4889.93210 0.6728712 0.0454443
 4894.82224 0.6728209 0.0446621
 4899.71238 0.6623130 0.0439843
 4904.62563 0.6577174 0.0432201
 4909.51577 0.6598760 0.0424551
 4914.42846 0.6697989 0.0414381
 4919.34116 0.6616018 0.0407054
 4924.27697 0.6523866 0.0400811
 4929.18966 0.6275309 0.0394081
 4934.12492 0.6143560 0.0387619
 4939.06017 0.5984094 0.0382189
 4943.99598 0.5735274 0.0376144
 4948.93123 0.5574112 0.0368154
 4953.88905 0.5366454 0.0362278
 4958.84686 0.5190294 0.0356519
 4963.80522 0.5049310 0.0351599
 4968.76303 0.5009487 0.0345659
 4973.74341 0.4964173 0.0340508
 4978.70122 0.4871561 0.0332393
 4983.68159 0.4906686 0.0326801
 4988.66196 0.4881233 0.0321396
 4993.66544 0.4942355 0.0314984
 4998.64581 0.4826113 0.0309099
 5003.64874 0.4919308 0.0300884
 5008.65167 0.4970287 0.0296161
 5013.65460 0.5003846 0.0291437
 5018.68009 0.5041318 0.0287259
 5023.70557 0.5081390 0.0284108
 5028.73106 0.5228856 0.0280609
 5033.75655 0.5289838 0.0276298
 5038.78203 0.5278221 0.0273376
 5043.83063 0.5446509 0.0271673
 5048.87867 0.5480619 0.0269077
 5053.92672 0.5535711 0.0266474
 5058.97476 0.5752894 0.0262884
 5064.02281 0.5883893 0.0259866
 5069.09341 0.5973649 0.0257505
 5074.16402 0.6116374 0.0254177
 5079.23462 0.6109118 0.0251556
 5084.32778 0.6152740 0.0246481
 5089.39838 0.6184008 0.0243752
 5094.49155 0.6188487 0.0240293
 5099.58471 0.6214129 0.0237780
 5104.67787 0.6388566 0.0233264
 5109.79304 0.6468671 0.0230681
 5114.90876 0.6555026 0.0229042
 5120.02447 0.6657662 0.0226822
 5125.14019 0.6768617 0.0225737
 5130.25591 0.6924868 0.0222438
 5135.39419 0.6904265 0.0221539
 5140.53247 0.6946955 0.0219737
 5145.67074 0.6935177 0.0218955
 5150.80902 0.7037604 0.0216354
 5155.96931 0.7128568 0.0215892
 5161.13014 0.7236279 0.0214253
 5166.29098 0.7326440 0.0213251
 5171.45181 0.7382776 0.0209853
 5176.61265 0.7429582 0.0208764
 5181.79604 0.7423472 0.0207031
 5186.97888 0.7514508 0.0206288
 5192.16228 0.7676703 0.0203400
 5197.36823 0.7833663 0.0202886
 5202.55162 0.7979397 0.0201468
 5207.75757 0.7956192 0.0200796
 5212.96297 0.8050122 0.0197841
 5218.19148 0.8114256 0.0197012
 5223.39743 0.8136241 0.0195361
 5228.62594 0.8165528 0.0194401
 5233.85390 0.8295364 0.0191972
 5239.08241 0.8456266 0.0190159
 5244.33348 0.8561729 0.0189294
 5249.56144 0.8625177 0.0187710
 5254.81251 0.8683373 0.0185365
 5260.08613 0.8769890 0.0183161
 5265.33665 0.8768268 0.0181813
 5270.61027 0.8757740 0.0179919
 5275.86134 0.8840973 0.0177635
 5281.15697 0.8823905 0.0176375
 5286.43060 0.8958313 0.0176483
 5291.72678 0.9031803 0.0175056
 5296.99986 0.8977552 0.0175805
 5302.29604 0.8998012 0.0176666
 5307.61423 0.8939188 0.0176797
 5312.91042 0.8976456 0.0177083
 5318.22861 0.8945293 0.0177295
 5323.54735 0.9103672 0.0178494
 5328.86609 0.9132715 0.0177285
 5334.20684 0.9107317 0.0177942
 5339.52558 0.9024387 0.0178076
 5344.86633 0.9132417 0.0175446
 5350.23019 0.9145914 0.0174795
 5355.57094 0.9080600 0.0173235
 5360.93479 0.9146905 0.0172382
 5366.27554 0.9200418 0.0170580
 5371.66196 0.9156168 0.0169305
 5377.02527 0.9125178 0.0169179
 5382.41168 0.9099277 0.0167118
 5387.79755 0.9080155 0.0167095
 5393.18341 0.9049180 0.0167280
 5398.56983 0.8926973 0.0165477
 5403.97825 0.8879021 0.0165613
 5409.36467 0.8788515 0.0164841
 5414.77309 0.8624925 0.0163944
 5420.20407 0.8499606 0.0164276
 5425.61304 0.8385410 0.0163813
 5431.04403 0.8242897 0.0163215
 5436.47556 0.8094854 0.0163744
 5441.90654 0.8055195 0.0163227
 5447.36008 0.7972625 0.0162733
 5452.79161 0.7892711 0.0162370
 5458.24515 0.7818131 0.0162904
 5463.72125 0.7751432 0.0162091
 5469.17534 0.7666073 0.0161397
 5474.65143 0.7523472 0.0161500
 5480.12753 0.7455313 0.0160487
 5485.60363 0.7406695 0.0159629
 5491.08028 0.7353515 0.0159613
 5496.57893 0.7361904 0.0158275
 5502.07759 0.7331353 0.0157066
 5507.57624 0.7337595 0.0155436
 5513.07545 0.7212576 0.0156468
 5518.59666 0.7124676 0.0154681
 5524.11787 0.7091544 0.0152819
 5529.63909 0.6993408 0.0152805
 5535.16030 0.6993882 0.0152338
 5540.70462 0.7036043 0.0151923
 5546.24839 0.6946833 0.0152471
 5551.79216 0.6996253 0.0152038
 5557.33594 0.6962224 0.0151247
 5562.90227 0.6938504 0.0151370
 5568.46860 0.6892467 0.0149104
 5574.03492 0.6891204 0.0149009
 5579.60180 0.6904650 0.0149130
 5585.19069 0.6852522 0.0147147
 5590.77958 0.6831018 0.0147237
 5596.36847 0.6894085 0.0146238
 5601.95735 0.6940511 0.0146437
 5607.56880 0.6996406 0.0145690
 5613.18025 0.7034847 0.0144571
 5618.79169 0.7046598 0.0142427
 5624.40314 0.7042654 0.0142554
 5630.03714 0.7215254 0.0139653
 5635.67114 0.7358940 0.0139202
 5641.30515 0.7504996 0.0137790
 5646.93915 0.7699103 0.0135894
 5652.59571 0.7908193 0.0136152
 5658.22972 0.8128271 0.0134683
 5663.88628 0.8377771 0.0135227
 5669.56540 0.8558379 0.0133942
 5675.22196 0.8811670 0.0133307
 5680.90108 0.9024184 0.0132739
 5686.58020 0.9248261 0.0132144
 5692.28187 0.9512470 0.0132589
 5697.96044 0.9650505 0.0131651
 5703.66212 0.9871097 0.0130346
 5709.36380 1.0025342 0.0129856
 5715.08803 1.0151045 0.0129608
 5720.78971 1.0342168 0.0128797
 5726.51395 1.0427999 0.0129648
 5732.23818 1.0574208 0.0129601
 5737.96187 1.0692357 0.0128677
 5743.70866 1.0857124 0.0129393
 5749.45546 1.0987668 0.0128150
 5755.20225 1.1066421 0.0128402
 5760.97160 1.1213450 0.0127543
 5766.71784 1.1248116 0.0125574
 5772.48720 1.1280477 0.0125383
 5778.25655 1.1212806 0.0123293
 5784.04846 1.1241577 0.0122007
 5789.81726 1.1307160 0.0121687
 5795.60917 1.1329013 0.0119791
 5801.40108 1.1384425 0.0119145
 5807.21555 1.1300905 0.0118907
 5813.02946 1.1267961 0.0117589
 5818.82137 1.1220593 0.0116804
 5824.65840 1.1197451 0.0116346
 5830.47232 1.1236966 0.0115890
 5836.30934 1.1124887 0.0115680
 5842.14637 1.1080867 0.0115575
 5847.98284 1.1040708 0.0115519
 5853.84243 1.0953012 0.0114870
 5859.67890 1.0710860 0.0114832
 5865.53849 1.0484927 0.0115213
 5871.42063 1.0320780 0.0113649
 5877.27966 1.0047288 0.0112519
 5883.16180 0.9817027 0.0112206
 5889.04339 0.9557634 0.0110235
 5894.94809 0.9374968 0.0109068
 5900.82969 0.9223745 0.0108175
 5906.73439 0.9018272 0.0107719
 5912.63853 0.8929701 0.0107291
 5918.54323 0.8828004 0.0106911
 5924.46994 0.8796642 0.0106466
 5930.39720 0.8874946 0.0105795
 5936.32391 0.8881166 0.0105080
 5942.27372 0.8940873 0.0103784
 5948.20043 0.8942311 0.0103921
 5954.15025 0.8932545 0.0103427
 5960.09951 0.8889489 0.0102557
 5966.07189 0.8798144 0.0102590
 5972.04371 0.8583015 0.0103556
 5978.01553 0.8409981 0.0103978
 5983.98791 0.8168694 0.0103618
 5989.98229 0.7864941 0.0104049
 5995.95466 0.7555177 0.0105591
 6001.94904 0.7255199 0.0106570
 6007.96598 0.6825747 0.0105188
 6013.96092 0.6512157 0.0104950
 6019.97786 0.6194630 0.0105697
 6025.99480 0.5972237 0.0107013
 6032.03484 0.5800712 0.0108498
 6038.05178 0.5689731 0.0109940
 6044.09128 0.5627470 0.0110305
 6050.15334 0.5596588 0.0111683
 6056.19338 0.5686846 0.0111798
 6062.25544 0.5789772 0.0111411
 6068.31750 0.5946710 0.0109673
 6074.37955 0.6180308 0.0108416
 6080.46472 0.6417544 0.0107813
 6086.54933 0.6662233 0.0106020
 6092.63394 0.6856197 0.0103801
 6098.71856 0.7086303 0.0102457
 6104.82573 0.7375199 0.0101901
 6110.91089 0.7629869 0.0103335
 6117.04062 0.7872643 0.0103434
 6123.14779 0.8082025 0.0101592
 6129.27752 0.8427222 0.0101752
 6135.40725 0.8696799 0.0100123
 6141.53698 0.9044680 0.0099060
 6147.68927 0.9370155 0.0099917
 6153.81900 0.9719172 0.0100669
 6159.97129 1.0090232 0.0101604
 6166.14613 1.0368543 0.0102629
 6172.29897 1.0720861 0.0102679
 6178.47382 1.0987134 0.0103434
 6184.64866 1.1286138 0.0104667
 6190.84607 1.1586925 0.0104580
 6197.04347 1.1942300 0.0104025
 6203.24088 1.2380557 0.0102491
 6209.43828 1.2810360 0.0101327
 6215.63568 1.3294139 0.0100221
 6221.85565 1.3804830 0.0099304
 6228.07561 1.4288149 0.0098768
 6234.31758 1.4753293 0.0098586
 6240.53754 1.5252854 0.0099228
 6246.78006 1.5778996 0.0100154
 6253.04514 1.6111581 0.0098432
 6259.28766 1.6499773 0.0098127
 6265.55273 1.6855190 0.0097688
 6271.81781 1.7059535 0.0096477
 6278.08289 1.7168494 0.0095675
 6284.37053 1.7086805 0.0094924
 6290.65761 1.7049589 0.0094960
 6296.94525 1.6825862 0.0094371
 6303.23288 1.6634101 0.0093874
 6309.54308 1.6435133 0.0092971
 6315.85327 1.6191328 0.0092652
 6322.16347 1.6053237 0.0092310
 6328.49567 1.5893439 0.0092203
 6334.82842 1.5738465 0.0091708
 6341.16117 1.5603480 0.0091523
 6347.49392 1.5552207 0.0091438
 6353.84868 1.5432863 0.0090943
 6360.20399 1.5364392 0.0090991
 6366.55930 1.5295233 0.0091095
 6372.91406 1.5179690 0.0091162
 6379.29193 1.5118268 0.0091763
 6385.66980 1.4993899 0.0091697
 6392.06967 1.4816608 0.0091379
 6398.44754 1.4706950 0.0091246
 6404.84797 1.4485826 0.0090473
 6411.27040 1.4347502 0.0089981
 6417.67083 1.4239069 0.0089119
 6424.09381 1.4176034 0.0088673
 6430.51625 1.4139171 0.0088364
 6436.93923 1.4096637 0.0088341
 6443.38422 1.4173504 0.0088539
 6449.82976 1.4250557 0.0089028
 6456.27531 1.4402997 0.0088610
 6462.74286 1.4552628 0.0088833
 6469.18840 1.4743785 0.0088901
 6475.65595 1.4859982 0.0089012
 6482.14661 1.5016990 0.0089072
 6488.61416 1.5204453 0.0088968
 6495.10482 1.5314592 0.0088850
 6501.61748 1.5448709 0.0088211
 6508.10814 1.5607094 0.0088229
 6514.62081 1.5755160 0.0088231
 6521.13347 1.5800438 0.0088532
 6527.64669 1.5934350 0.0088193
 6534.18191 1.6124468 0.0088351
 6540.71769 1.6277102 0.0088554
 6547.25291 1.6487869 0.0088577
 6553.81069 1.6651238 0.0088586
 6560.36902 1.6805220 0.0088106
 6566.92681 1.6925533 0.0088128
 6573.48459 1.7047716 0.0088120
 6580.06548 1.7153401 0.0088184
 6586.64582 1.7185670 0.0088387
 6593.22616 1.7241904 0.0088658
 6599.82961 1.7281270 0.0089048
 6606.43250 1.7371876 0.0089450
 6613.03540 1.7426023 0.0089767
 6619.63885 1.7445999 0.0090046
 6626.26431 1.7501547 0.0090215
 6632.88976 1.7527735 0.0090366
 6639.51522 1.7483418 0.0090349
 6646.16323 1.7415351 0.0090202
 6652.81180 1.7504011 0.0089380
 6659.45981 1.7399930 0.0089033
 6666.13038 1.7255872 0.0088703
 6672.77840 1.7159772 0.0088325
 6679.44897 1.6905653 0.0088006
 6686.14265 1.6663212 0.0087692
 6692.83578 1.6343445 0.0087370
 6699.52891 1.5985858 0.0087614
 6706.22204 1.5643454 0.0087358
 6712.93773 1.5285202 0.0086629
 6719.63086 1.4956932 0.0086500
 6726.36910 1.4665604 0.0086417
 6733.08479 1.4417087 0.0086353
 6739.82304 1.4196411 0.0086344
 6746.56128 1.4077384 0.0086266
 6753.29953 1.3986750 0.0086196
 6760.06034 1.3889866 0.0085820
 6766.82114 1.3822482 0.0085887
 6773.58194 1.3765881 0.0085907
 6780.36531 1.3778852 0.0085926
 6787.14867 1.3740991 0.0085858
 6793.93203 1.3740119 0.0086314
 6800.71539 1.3727545 0.0085724
 6807.52131 1.3683600 0.0085629
 6814.32723 1.3736337 0.0085545
 6821.15571 1.3753510 0.0085434
 6827.96163 1.3718932 0.0085377
 6834.79011 1.3776013 0.0085300
 6841.64115 1.3773637 0.0084734
 6848.46907 1.3824639 0.0085250
 6855.32011 1.3861853 0.0085212
 6862.17115 1.3911475 0.0085144
 6869.04474 1.3993371 0.0084772
 6875.91834 1.4059165 0.0084468
 6882.79138 1.4114501 0.0084316
 6889.66497 1.4124202 0.0084413
 6896.56113 1.4134213 0.0085003
 6903.45728 1.4097927 0.0084635
 6910.35343 1.4094833 0.0084785
 6917.27159 1.4125097 0.0084873
 6924.19030 1.4163877 0.0084966
 6931.10901 1.4152575 0.0084458
 6938.04973 1.4131570 0.0084816
 6944.99100 1.4107436 0.0084635
 6951.93227 1.4061666 0.0084371
 6958.87298 1.4061913 0.0083556
 6965.83681 1.4103360 0.0083229
 6972.80064 1.4160471 0.0082946
 6979.78647 1.4223852 0.0083239
 6986.75030 1.4238616 0.0082680
 6993.73668 1.4283916 0.0082741
 7000.74508 1.4343874 0.0083064
 7007.75402 1.4402484 0.0082244
 7014.73985 1.4458511 0.0082762
 7021.77135 1.4553899 0.0082739
 7028.77974 1.4663839 0.0082219
 7035.81124 1.4797630 0.0082211
 7042.84220 1.4936463 0.0082716
 7049.89625 1.5104707 0.0082758
 7056.94976 1.5197469 0.0082355
 7064.00382 1.5282476 0.0082392
 7071.05733 1.5329300 0.0082889
 7078.13395 1.5422069 0.0082455
 7085.21001 1.5456382 0.0082471
 7092.30919 1.5559824 0.0082466
 7099.38525 1.5630476 0.0082433
 7106.48388 1.5633091 0.0082359
 7113.60561 1.5568105 0.0081763
 7120.70423 1.5481044 0.0081640
 7127.82597 1.5356209 0.0081986
 7134.96971 1.5188528 0.0081439
 7142.09089 1.5055035 0.0081383
 7149.23518 1.4900784 0.0081820
 7156.40148 1.4817834 0.0081339
 7163.54522 1.4699190 0.0081356
 7170.71152 1.4532146 0.0081384
 7177.87837 1.4361598 0.0081423
 7185.06722 1.4169412 0.0081493
 7192.25608 1.3993694 0.0081091
 7199.44493 1.3899127 0.0081577
 7206.63434 1.3812993 0.0081173
 7213.84576 1.3660555 0.0081232
 7221.05717 1.3515863 0.0081790
 7228.29114 1.3476745 0.0081423
 7235.50256 1.3437903 0.0081481
 7242.73708 1.3384708 0.0081557
 7249.99361 1.3384736 0.0081532
 7257.22758 1.3391505 0.0081054
 7264.50667 1.3377301 0.0081424
 7271.76320 1.3372597 0.0081302
 7279.04229 1.3388510 0.0081198
 7286.32138 1.3515077 0.0081061
 7293.60047 1.3523680 0.0080570
 7300.90211 1.3554916 0.0081008
 7308.20376 1.3513621 0.0080611
 7315.50541 1.3543850 0.0080676
 7322.82961 1.3542039 0.0080881
 7330.15382 1.3533764 0.0081018
 7337.47802 1.3579001 0.0081107
 7344.80222 1.3541894 0.0081144
 7352.14899 1.3441126 0.0080659
 7359.51831 1.3416373 0.0081019
 7366.86507 1.3381146 0.0080379
 7374.23439 1.3336545 0.0080643
 7381.60371 1.3322507 0.0079990
 7388.99559 1.3320670 0.0080299
 7396.38747 1.3331023 0.0079752
 7403.77935 1.3408446 0.0079628
 7411.19378 1.3412842 0.0079616
 7418.58511 1.3560762 0.0079693
 7426.02211 1.3712019 0.0079788
 7433.43654 1.3752553 0.0079852
 7440.87354 1.3887985 0.0079919
 7448.31053 1.3992923 0.0079494
 7455.76954 1.4145509 0.0079910
 7463.22909 1.4246495 0.0079477
 7470.68864 1.4302806 0.0079907
 7478.14819 1.4312419 0.0079447
 7485.62975 1.4252206 0.0079856
 7493.11186 1.4167871 0.0079345
 7500.61653 1.4123555 0.0079315
 7508.12120 1.4052306 0.0079243
 7515.62532 1.3964525 0.0079182
 7523.12999 1.3915823 0.0079183
 7530.65722 1.3887106 0.0079140
 7538.18389 1.3864074 0.0078663
 7545.73368 1.3866102 0.0079019
 7553.28291 1.3899240 0.0078543
 7560.83270 1.3965923 0.0078611
 7568.38248 1.3971152 0.0078602
 7575.95427 1.3972634 0.0078845
 7583.52662 1.4008968 0.0078667
 7591.12097 1.4036644 0.0078595
 7598.71587 1.4014515 0.0078691
 7606.31022 1.3989300 0.0078851
 7613.92768 1.3891020 0.0079077
 7621.54459 1.3782440 0.0078843
 7629.16205 1.3675888 0.0079461
 7636.77895 1.3558229 0.0079145
 7644.41897 1.3419974 0.0079254
 7652.05844 1.3375978 0.0079681
 7659.72046 1.3309166 0.0079200
 7667.38304 1.3255560 0.0079202
 7675.04506 1.3304780 0.0078669
 7682.73019 1.3345557 0.0078977
 7690.39222 1.3444102 0.0078924
 7698.09936 1.3571374 0.0078548
 7705.78449 1.3690422 0.0079060
 7713.49163 1.3879695 0.0078863
 7721.22133 1.3980376 0.0079203
 7728.92902 1.4137979 0.0079104
 7736.65872 1.4269450 0.0079020
 7744.38842 1.4421033 0.0078941
 7752.14068 1.4541742 0.0079071
 7759.89348 1.4685028 0.0078897
 7767.66830 1.4793239 0.0079563
 7775.42056 1.4882390 0.0079942
 7783.19537 1.4975322 0.0079926
 7790.99274 1.5034811 0.0080332
 7798.76811 1.5158052 0.0080627
 7806.56548 1.5190281 0.0080890
 7814.38541 1.5212412 0.0081159
 7822.20534 1.5273128 0.0081169
 7830.02527 1.5341055 0.0080647
 7837.84521 1.5345229 0.0080658
 7845.68769 1.5366635 0.0081131
 7853.53018 1.5357105 0.0081213
 7861.39578 1.5281821 0.0080753
 7869.26083 1.5155588 0.0080897
 7877.12587 1.5124589 0.0081239
 7884.99092 1.5135378 0.0081371
 7892.87853 1.5155680 0.0081522
 7900.76613 1.5221277 0.0081804
 7908.67629 1.5317999 0.0082100
 7916.58646 1.5402435 0.0082361
 7924.49662 1.5527849 0.0082145
 7932.42879 1.5631495 0.0082443
 7940.36151 1.5790282 0.0082644
 7948.29423 1.5929432 0.0083167
 7956.24951 1.6028244 0.0082876
 7964.20479 1.6136920 0.0083016
 7972.18263 1.6298265 0.0082992
 7980.13791 1.6474211 0.0083023
 7988.11574 1.6536341 0.0083271
 7996.11559 1.6596940 0.0083132
 8004.11598 1.6611925 0.0083556
 8012.11638 1.6560920 0.0083224
 8020.11677 1.6490555 0.0083328
 8028.13973 1.6435663 0.0083404
 8036.16213 1.6401260 0.0083434
 8044.20764 1.6386688 0.0083050
 8052.25315 1.6345063 0.0083098
 8060.32067 1.6295145 0.0083087
 8068.36618 1.6259708 0.0083085
 8076.43425 1.6200479 0.0083109
 8084.52433 1.6144013 0.0083535
 8092.59240 1.6111393 0.0083551
 8100.68302 1.6077251 0.0083615
 8108.79566 1.6029674 0.0083283
 8116.90884 1.6009699 0.0083002
 8125.02203 1.6018360 0.0083121
 8133.15722 1.6003554 0.0083320
 8141.27041 1.5956088 0.0083600
 8149.42816 1.5853049 0.0083935
 8157.56390 1.5787960 0.0084275
 8165.72165 1.5662682 0.0084639
 8173.90251 1.5538677 0.0085013
 8182.06026 1.5458292 0.0085356
 8190.24112 1.5392642 0.0085728
 8198.44399 1.5345702 0.0086129
 8206.64740 1.5331403 0.0086549
 8214.85027 1.5335259 0.0086945
 8223.07625 1.5379198 0.0087395
 8231.27911 1.5452234 0.0087416
 8239.52710 1.5525904 0.0087966
 8247.75307 1.5611274 0.0088402
 8256.00105 1.5702962 0.0088829
 8264.27160 1.5818220 0.0089333
 8272.52013 1.5928298 0.0089878
 8280.81323 1.5995623 0.0090639
 8289.08377 1.6090699 0.0092043
 8297.37742 1.6126028 0.0092006
 8305.67052 1.6066999 0.0092709
 8313.98617 1.6103219 0.0093835
 8322.27927 1.6118402 0.0095453
 8330.61804 1.6115321 0.0097789
 8338.93370 1.6118085 0.0100264
 8347.29447 1.6125654 0.0102759
 8355.63268 1.6140496 0.0104978
 8363.99346 1.6140660 0.0106923
 8372.35478 1.6107754 0.0108044
 8380.71555 1.6178132 0.0108196
 8389.09889 1.6030350 0.0107973
 8397.50477 1.5857641 0.0107320
 8405.88811 1.5689741 0.0106215
 8414.29400 1.5592206 0.0104986
 8422.72244 1.5387498 0.0103802
 8431.12833 1.5168091 0.0102951
 8439.57934 1.4926857 0.0102838
 8448.00778 1.4679717 0.0103439
 8456.45879 1.4546539 0.0101863
 8464.90979 1.4356529 0.0100474
 8473.38336 1.4211802 0.0099311
 8481.85692 1.4159937 0.0098034
 8490.33048 1.4024934 0.0096610
 8498.82661 1.4011881 0.0095098
 8507.32273 1.4003921 0.0093931
 8515.84141 1.3943850 0.0092499
 8524.33753 1.3990633 0.0091172
 8532.87876 1.4004916 0.0090000
 8541.39744 1.3939407 0.0088320
 8549.93813 1.3916212 0.0086952
 8558.50193 1.3930832 0.0085727
 8567.06572 1.3950286 0.0084621
 8575.62952 1.3919472 0.0083610
 8584.19331 1.3881510 0.0082675
 8592.77912 1.3890280 0.0081770
 8601.38803 1.3960738 0.0080941
 8609.97438 1.4010836 0.0080155
 8618.58329 1.4084761 0.0079409
 8627.21421 1.4075454 0.0078743
 8635.84568 1.4097793 0.0078098
 8644.47715 1.4174364 0.0077487
 8653.10807 1.4309849 0.0076843
 8661.76210 1.4383762 0.0075835
 8670.43868 1.4472772 0.0075341
 8679.11472 1.4611284 0.0074767
 8687.79130 1.4785287 0.0074210
 8696.46734 1.4837579 0.0073790
 8705.16648 1.4929696 0.0073332
 8713.86508 1.5084261 0.0072906
 8722.58678 1.5206424 0.0072680
 8731.30793 1.5290252 0.0072360
 8740.05219 1.5346941 0.0071924
 8748.77334 1.5511676 0.0071328
 8757.54016 1.5633945 0.0071530
 8766.28387 1.5821071 0.0071411
 8775.05068 1.5930904 0.0070904
 8783.83951 1.6045067 0.0070772
 8792.62888 1.6123484 0.0071202
 8801.41771 1.6211226 0.0071807
 8810.20654 1.6341388 0.0072149
 8819.01847 1.6429256 0.0072878
 8827.85241 1.6423368 0.0073437
 8836.66379 1.6548383 0.0073791
 8845.52084 1.6663502 0.0074323
 8854.35478 1.6685686 0.0074128
 8863.21128 1.6733764 0.0073145
 8872.06833 1.6666460 0.0072452
 8880.94739 1.6575725 0.0071716
 8889.82645 1.6437058 0.0071002
 8898.72806 1.6224812 0.0070129
 8907.60767 1.6008610 0.0069322
 8916.53185 1.5850983 0.0068475
 8925.43346 1.5699089 0.0068587
 8934.35763 1.5475312 0.0068507
 8943.30437 1.5246571 0.0067810
 8952.25110 1.5011168 0.0067318
 8961.19783 1.4786530 0.0066738
 8970.16767 1.4530872 0.0066514
 8979.13696 1.4340471 0.0066115
 8988.10625 1.4147431 0.0065826
 8997.09810 1.4041386 0.0065536
 9006.08994 1.3983488 0.0065247
 9015.10435 1.3907033 0.0064930
 9024.11875 1.3790311 0.0064681
 9033.13316 1.3759249 0.0064008
 9042.17012 1.3688051 0.0063759
 9051.20709 1.3635154 0.0063885
 9060.26661 1.3584867 0.0063735
 9069.32613 1.3603024 0.0063237
 9078.40766 1.3673344 0.0063077
 9087.46718 1.3831624 0.0062921
 9096.57182 1.3979169 0.0062712
 9105.67646 1.4027838 0.0062510
 9114.78109 1.4122213 0.0062278
 9123.88573 1.4227045 0.0062085
 9133.01238 1.4347372 0.0061577
 9142.13957 1.4450439 0.0061617
 9151.28933 1.4603602 0.0061339
 9160.43908 1.4725057 0.0060804
 9169.58883 1.4839435 0.0060730
 9178.76060 1.4883376 0.0060983
 9187.95547 1.4906819 0.0060445
 9197.12778 1.4936639 0.0060361
 9206.34466 1.4970272 0.0060286
 9215.53952 1.5031750 0.0060213
 9224.75695 1.5020775 0.0060146
 9233.97438 1.5000859 0.0060054
 9243.21327 1.5018188 0.0059680
 9252.45325 1.5018141 0.0059881
 9261.71635 1.4985900 0.0059679
 9270.97834 1.4927026 0.0059422
 9280.24033 1.4841478 0.0059421
 9289.52543 1.4781920 0.0060054
 9298.81054 1.4711519 0.0058884
 9308.11765 1.4670234 0.0058682
 9317.42476 1.4624102 0.0058744
 9326.73187 1.4544437 0.0059208
 9336.06208 1.4431354 0.0059690
 9345.41431 1.4324780 0.0060949
 9354.74453 1.4135551 0.0061696
 9364.11986 1.4017982 0.0062471
 9373.47209 1.3900074 0.0063383
 9382.84742 1.3784710 0.0062015
 9392.22165 1.3684227 0.0061517
 9401.61900 1.3551037 0.0061570
 9411.01744 1.3404084 0.0061156
 9420.43679 1.3325086 0.0060778
 9429.85724 1.3249875 0.0060299
 9439.29970 1.3158104 0.0059912
 9448.72015 1.3014283 0.0059608
 9458.18461 1.2862875 0.0060128
 9467.62707 1.2655617 0.0059990
 9477.09264 1.2537941 0.0057723
 9486.58021 1.2452334 0.0056475
 9496.06778 1.2326210 0.0055553
 9505.55536 1.2147168 0.0054429
 9515.06604 1.1986287 0.0053677
 9524.57562 1.1770608 0.0053098
 9534.10831 1.1610801 0.0052689
 9543.64100 1.1429127 0.0052658
 9553.19680 1.1297005 0.0052233
 9562.75150 1.1213974 0.0051019
 9572.30729 1.1112499 0.0050460
 9581.88510 1.1003333 0.0049625
 9591.46291 1.0875421 0.0049108
 9601.06272 1.0803320 0.0048404
 9610.66363 1.0730958 0.0047928
 9620.26345 1.0653768 0.0047533
 9629.88637 1.0623579 0.0047232
 9639.50929 1.0511801 0.0047247
 9649.15532 1.0474360 0.0047161
 9658.80025 1.0483471 0.0047223
 9668.46829 1.0469823 0.0047497
 9678.13633 1.0467559 0.0047642
 9687.80437 1.0452464 0.0047581
 9697.49441 1.0463156 0.0047893
 9707.20757 1.0478601 0.0048331
 9716.89871 1.0503945 0.0048701
 9726.63387 1.0566068 0.0048887
 9736.34703 1.0648808 0.0048961
 9746.08219 1.0710114 0.0049197
 9755.84046 1.0760204 0.0049237
 9765.59873 1.0800930 0.0049041
 9775.35700 1.0887092 0.0048698
 9785.13728 1.0935854 0.0049080
 9794.91756 1.1022675 0.0049465
 9804.72094 1.1087015 0.0049729
 9814.52433 1.1217872 0.0050198
 9824.32772 1.1269853 0.0050241
 9834.15311 1.1455472 0.0050308
 9844.00161 1.1559812 0.0050464
 9853.82701 1.1706029 0.0050365
 9863.69752 1.1859597 0.0049502
 9873.54602 1.1983492 0.0049013
 9883.41653 1.2079908 0.0048048
 9893.31015 1.2240536 0.0047205
 9903.20376 1.2344621 0.0046704
 9913.11939 1.2435786 0.0045792
 9923.01301 1.2482702 0.0045230
 9932.95064 1.2504573 0.0045078
 9942.88938 1.2539551 0.0044939
 9952.82811 1.2518744 0.0044384
 9962.76575 1.2497468 0.0044171
 9972.74960 1.2391260 0.0043778
 9982.71034 1.2343957 0.0043257
 9992.69419 1.2285337 0.0043174
 10002.70005 1.2242136 0.0043220
 10012.68390 1.2213287 0.0042952
 10022.71176 1.2232285 0.0042876
 10032.71762 1.2206608 0.0043079
 10042.76859 1.2205086 0.0042946
 10052.79756 1.2213737 0.0042970
 10062.87164 1.2246778 0.0042891
 10072.92262 1.2299538 0.0042746
 10082.99560 1.2402304 0.0043416
 10093.09169 1.2461734 0.0042872
 10103.16577 1.2492752 0.0042687
 10113.28387 1.2528267 0.0041815
 10123.37996 1.2561470 0.0041596
 10133.52117 1.2546899 0.0041718
 10143.64037 1.2470675 0.0042271
 10153.78157 1.2415330 0.0043300
 10163.94479 1.2297657 0.0043854
 10174.10910 1.2242234 0.0043952
 10184.29542 1.2137955 0.0044017
 10194.45864 1.2041878 0.0044011
 10204.66807 1.1932406 0.0044251
 10214.87640 1.1845288 0.0044083
 10225.08583 1.1691953 0.0043722
 10235.31617 1.1580015 0.0042999
 10245.54760 1.1516623 0.0043445
 10255.80215 1.1467888 0.0043051
 10266.05560 1.1470076 0.0043408
 10276.31014 1.1499934 0.0044703
 10286.58560 1.1504434 0.0045451
 10296.88526 1.1548207 0.0046778
 10307.18382 1.1587873 0.0046174
 10317.48349 1.1626647 0.0046686
 10327.80406 1.1635216 0.0047335
 10338.12573 1.1644062 0.0047568
 10348.47050 1.1729888 0.0047672
 10358.81418 1.1799202 0.0047013
 10369.18097 1.1869431 0.0046087
 10379.54666 1.1936251 0.0045915
 10389.93655 1.1965019 0.0044379
 10400.32534 1.1954800 0.0043284
 10410.71414 1.1987956 0.0042640
 10421.12604 1.1985587 0.0042022
 10431.55995 1.2000124 0.0041729
 10441.99496 1.2010863 0.0042079
 10452.42887 1.2033638 0.0041153
 10462.88589 1.2035691 0.0040821
 10473.34181 1.2020174 0.0040523
 10483.82084 1.2014062 0.0039960
 10494.30096 1.1948569 0.0039253
 10504.80200 1.1855298 0.0038311
 10515.30413 1.1792732 0.0037787
 10525.82827 1.1677227 0.0037267
 10536.33041 1.1600606 0.0036703
 10546.87656 1.1521810 0.0036071
 10557.42381 1.1417996 0.0035853
 10567.99307 1.1299670 0.0035917
 10578.56233 1.1200140 0.0035957
 10589.13159 1.1075004 0.0035551
 10599.72395 1.0972764 0.0035154
 10610.31632 1.0874983 0.0035000
 10620.93069 1.0801250 0.0034859
 10631.54507 1.0722001 0.0034580
 10642.18145 1.0674654 0.0034288
 10652.84094 1.0641381 0.0034126
 10663.47842 1.0583376 0.0034014
 10674.13792 1.0543861 0.0033987
 10684.82051 1.0485313 0.0034063
 10695.50201 1.0400378 0.0034285
 10706.20662 1.0327089 0.0033903
 10716.91123 1.0287734 0.0033871
 10727.63894 1.0212865 0.0034049
 10738.34355 1.0155938 0.0034367
 10749.09327 1.0075245 0.0034681
 10759.84189 0.9989884 0.0035252
 10770.61472 0.9906550 0.0035783
 10781.38645 0.9836879 0.0035565
 10792.15928 0.9719461 0.0035238
 10802.95412 0.9658012 0.0035372
 10813.74896 0.9599032 0.0035815
 10824.56581 0.9550294 0.0036249
 10835.38266 0.9502867 0.0036394
 10846.22261 0.9491144 0.0036679
 10857.08567 0.9470994 0.0037215
 10867.94764 0.9449442 0.0037848
 10878.80960 0.9402111 0.0038893
 10889.67266 0.9332715 0.0039699
 10900.57974 0.9264392 0.0040825
 10911.46481 0.9200422 0.0040557
 10922.37189 0.9163175 0.0040173
 10933.30208 0.9148459 0.0040005
 10944.23226 0.9111578 0.0040069
 10955.18446 0.9120468 0.0040510
 10966.13665 0.9094570 0.0040546
 10977.11196 0.9103125 0.0040719
 10988.08726 0.9094897 0.0041113
 10999.06256 0.9062252 0.0040470
 11010.08188 0.9055712 0.0040095
 11021.08029 0.9035137 0.0039990
 11032.09961 0.8994018 0.0039840
 11043.14314 0.8933877 0.0039636
 11054.18556 0.8924056 0.0039384
 11065.22799 0.8840742 0.0038969
 11076.31553 0.8744273 0.0037957
 11087.38107 0.8642151 0.0037639
 11098.46861 0.8578761 0.0036727
 11109.57926 0.8477919 0.0036393
 11120.66680 0.8417995 0.0035546
 11131.79946 0.8341032 0.0034590
 11142.93212 0.8283373 0.0033747
 11154.06478 0.8251229 0.0033561
 11165.22055 0.8235269 0.0033793
 11176.39832 0.8202391 0.0033411
 11187.57610 0.8219796 0.0033678
 11198.75387 0.8261634 0.0034401
 11209.95476 0.8242769 0.0034067
 11221.17765 0.8258955 0.0034288
 11232.40054 0.8297307 0.0034309
 11243.62343 0.8331335 0.0034539
 11254.86833 0.8337429 0.0035230
 11266.11433 0.8393285 0.0035035
 11277.38233 0.8401940 0.0034869
 11288.67235 0.8424346 0.0034526
 11299.96346 0.8464341 0.0034980
 11311.25348 0.8525034 0.0035213
 11322.56660 0.8554198 0.0034655
 11333.87972 0.8591588 0.0034520
 11345.21486 0.8580418 0.0034890
 11356.57309 0.8595116 0.0035220
 11367.93133 0.8652557 0.0036247
 11379.31268 0.8710916 0.0038076
 11390.67092 0.8747221 0.0040149
 11402.07428 0.8836471 0.0042532
 11413.47653 0.8890883 0.0043196
 11424.87989 0.8931529 0.0044173
 11436.30635 0.9029278 0.0044302
 11447.75372 0.9084267 0.0044099
 11459.20219 0.9091752 0.0044247
 11470.65066 0.9095153 0.0044173
 11482.12114 0.9154714 0.0040871
 11493.61473 0.9180146 0.0038165
 11505.10832 0.9182701 0.0036668
 11516.60190 0.9221573 0.0036309
 11528.11750 0.9262714 0.0036483
 11539.65620 0.9302444 0.0036177
 11551.19490 0.9292594 0.0036325
 11562.75562 0.9312764 0.0037127
 11574.31633 0.9316416 0.0037768
 11585.87704 0.9329550 0.0038651
 11597.48396 0.9338468 0.0038937
 11609.06668 0.9310767 0.0038809
 11620.67361 0.9276631 0.0038348
 11632.30145 0.9283191 0.0038353
 11643.93038 0.9269379 0.0037901
 11655.58132 0.9275655 0.0038089
 11667.23227 0.9206023 0.0038438
 11678.90632 0.9158774 0.0039638
 11690.57927 0.9144633 0.0040201
 11702.27643 0.9133526 0.0039708
 11713.97249 0.9065838 0.0038832
 11725.69056 0.8997487 0.0038797
 11737.40972 0.8976930 0.0039032
 11749.15090 0.8938769 0.0039814
 11760.91518 0.8862900 0.0039960
 11772.65636 0.8796251 0.0040166
 11784.44265 0.8782688 0.0040382
 11796.22894 0.8667524 0.0040129
 11808.01523 0.8564892 0.0040105
 11819.82353 0.8490174 0.0040713
 11831.65494 0.8392613 0.0040405
 11843.48635 0.8358179 0.0041056
 11855.31775 0.8288700 0.0040264
 11867.17227 0.8234713 0.0039499
 11879.04879 0.8179453 0.0040301
 11890.92531 0.8120151 0.0040874
 11902.82385 0.8065798 0.0038834
 11914.72348 0.7989099 0.0038889
 11926.64402 0.7901874 0.0039654
 11938.56566 0.7825918 0.0039667
 11950.51040 0.7750001 0.0038932
 11962.45405 0.7727082 0.0039234
 11974.42081 0.7680442 0.0039346
 11986.38756 0.7620431 0.0040478
 11998.37633 0.7641313 0.0040634
 12010.38820 0.7654873 0.0039310
 12022.40007 0.7670040 0.0038159
 12034.41194 0.7675644 0.0036873
 12046.44582 0.7729443 0.0035757
 12058.50281 0.7731517 0.0034370
 12070.55979 0.7782235 0.0034347
 12082.63879 0.7793454 0.0033362
 12094.69578 0.7826467 0.0033439
 12106.79788 0.7858465 0.0033692
 12118.92199 0.7872917 0.0033027
 12131.02410 0.7854328 0.0031904
 12143.17022 0.7837326 0.0031881
 12155.29543 0.7767221 0.0031628
 12167.46465 0.7744778 0.0030854
 12179.63388 0.7711615 0.0029893
 12191.80311 0.7646978 0.0029382
 12203.99545 0.7548506 0.0028886
 12216.20979 0.7473458 0.0028262
 12228.42413 0.7417706 0.0027716
 12240.66158 0.7350464 0.0027457
 12252.89794 0.7259368 0.0027527
 12265.15850 0.7169035 0.0027360
 12277.41796 0.7124467 0.0027104
 12289.69942 0.7070326 0.0026786
 12301.98199 0.7024833 0.0026762
 12314.28657 0.6978206 0.0027084
 12326.59114 0.6934115 0.0027720
 12338.91883 0.6913373 0.0028800
 12351.26852 0.6896798 0.0027479
 12363.61821 0.6895370 0.0026793
 12375.98991 0.6861932 0.0027276
 12388.36271 0.6815795 0.0028461
 12400.75752 0.6833771 0.0030281
 12413.15232 0.6798452 0.0032620
 12425.56914 0.6735013 0.0034085
 12437.98705 0.6699766 0.0034653
 12450.42698 0.6666766 0.0035868
 12462.86690 0.6657310 0.0038793
 12475.32883 0.6611800 0.0041852
 12487.81387 0.6543273 0.0041868
 12500.29891 0.6488001 0.0041568
 12512.80596 0.6483186 0.0044040
 12525.31411 0.6466579 0.0047416
 12537.84426 0.6447144 0.0050142
 12550.39643 0.6426554 0.0046818
 12562.92658 0.6442336 0.0050085
 12575.50186 0.6477848 0.0052299
 12588.07603 0.6485489 0.0054144
 12600.67441 0.6515723 0.0050248
 12613.27169 0.6482195 0.0050539
 12625.86897 0.6483454 0.0052819
 12638.51246 0.6532914 0.0058681
 12651.15486 0.6621952 0.0052829
 12663.79726 0.6676752 0.0046088
 12676.46276 0.6686593 0.0043815
 12689.12826 0.6741091 0.0041688
 12701.81577 0.6733415 0.0041390
 12714.52639 0.6723398 0.0054545
 12727.23591 0.6719932 0.0049703
 12739.96964 0.6760446 0.0040849
 12752.72428 0.6794104 0.0038771
 12765.45801 0.6802196 0.0033964
 12778.23575 0.6782494 0.0030989
 12791.01349 0.6783125 0.0028615
 12803.79124 0.6774138 0.0029089
 12816.61410 0.6758038 0.0028400
 12829.41495 0.6720198 0.0027173
 12842.25982 0.6684456 0.0025937
 12855.10579 0.6652265 0.0025604
 12867.95175 0.6609554 0.0026680
 12880.81973 0.6581129 0.0027724
 12893.70971 0.6572902 0.0027298
 12906.60080 0.6535681 0.0027314
 12919.51389 0.6507209 0.0028229
 12932.42698 0.6461191 0.0029376
 12945.36208 0.6390647 0.0031064
 12958.29828 0.6370695 0.0031715
 12971.25649 0.6327708 0.0031568
 12984.23671 0.6332884 0.0031402
 12997.21802 0.6323095 0.0031272
 13010.22135 0.6312078 0.0030959
 13023.22467 0.6286651 0.0030594
 13036.25000 0.6319209 0.0029796
 13049.27643 0.6307406 0.0029867
 13062.34688 0.6328896 0.0028649
 13075.39532 0.6311725 0.0027220
 13088.48888 0.6276979 0.0027277
 13101.55933 0.6268657 0.0028236
 13114.67599 0.6246530 0.0030560
 13127.79156 0.6239675 0.0033564
 13140.90712 0.6264426 0.0035671
 13154.04579 0.6174862 0.0036200
 13167.20757 0.6146291 0.0035838
 13180.36825 0.6055173 0.0037876
 13193.55204 0.6018540 0.0039864
 13206.75784 0.5949871 0.0043452
 13219.96363 0.5878983 0.0040915
 13233.16943 0.5839453 0.0039528
 13246.42144 0.5840374 0.0039590
 13259.64925 0.5824829 0.0043510
 13272.92327 0.5837579 0.0046168
 13286.19729 0.5918884 0.0048054
 13299.47131 0.5886756 0.0051149
 13312.78934 0.5885139 0.0052198
 13326.08647 0.5825924 0.0051947
 13339.42761 0.5820856 0.0052083
 13352.76876 0.5830895 0.0052862
 13366.10990 0.5860119 0.0059835
 13379.47416 0.5902645 0.0059697
 13392.86042 0.5855071 0.0050851
 13406.24668 0.5846769 0.0045914
 13419.65494 0.5833902 0.0042399
 13433.08742 0.5809871 0.0041577
 13446.51880 0.5801687 0.0039719
 13459.95017 0.5790990 0.0037708
 13473.42667 0.5799222 0.0034541
 13486.90316 0.5792425 0.0034327
 13500.37965 0.5779867 0.0033108
 13513.87815 0.5747242 0.0032273
 13527.39976 0.5754589 0.0029759
 13540.92137 0.5741851 0.0027741
 13554.46608 0.5700181 0.0027808
 13568.03281 0.5687488 0.0026805
 13581.59953 0.5645773 0.0025417
 13595.18827 0.5594845 0.0024429
 13608.77810 0.5535969 0.0024384
 13622.38994 0.5476657 0.0024922
 13636.00068 0.5400202 0.0024359
 13649.63563 0.5324119 0.0023368
 13663.29258 0.5251295 0.0022756
 13676.94954 0.5174190 0.0022590
 13690.62850 0.5101913 0.0022518
 13704.33058 0.5047954 0.0022539
 13718.03265 0.4985436 0.0022413
 13731.75673 0.4921704 0.0021994
 13745.48081 0.4852796 0.0021810
 13759.22800 0.4791601 0.0021705
 13772.97519 0.4727968 0.0021748
 13786.76749 0.4696288 0.0021757
 13800.55870 0.4667434 0.0021655
 13814.35100 0.4621381 0.0021544
 13828.16531 0.4609892 0.0021710
 13842.00273 0.4577823 0.0022203
 13855.84016 0.4547381 0.0023014
 13869.69958 0.4516862 0.0023038
 13883.55901 0.4507340 0.0022749
 13897.44155 0.4494019 0.0022623
 13911.34609 0.4496514 0.0023166
 13925.25064 0.4511934 0.0024342
 13939.17829 0.4535793 0.0026111
 13953.12795 0.4565706 0.0028639
 13967.07761 0.4622114 0.0030109
 13981.05038 0.4662221 0.0032375
 13995.02205 0.4703079 0.0034815
 14009.01683 0.4748135 0.0039626
 14023.03471 0.4823345 0.0040964
 14037.05260 0.4853963 0.0043978
 14051.09249 0.4917192 0.0046843
 14065.15439 0.4994027 0.0045185
 14079.19428 0.4997192 0.0046620
 14093.27929 0.5066466 0.0053615
 14107.38741 0.5020544 0.0071216
 14121.49442 0.5008029 0.0057065
 14135.62455 0.4987676 0.0059332
 14149.75467 0.4981458 0.0066115
 14163.90681 0.4964071 0.0063227
 14178.06004 0.4917859 0.0061949
 14192.23528 0.4883325 0.0066169
 14206.43253 0.4785721 0.0073139
 14220.65289 0.4759079 0.0069984
 14234.87324 0.4756648 0.0060442
 14249.09360 0.4731285 0.0057734
 14263.35907 0.4733444 0.0054297
 14277.62455 0.4728053 0.0052782
 14291.88892 0.4717907 0.0049868
 14306.17750 0.4693362 0.0075836
 14320.48809 0.4649134 0.0058337
 14334.82069 0.4599387 0.0047651
 14349.15328 0.4600964 0.0043843
 14363.48588 0.4593916 0.0041174
 14377.86469 0.4605259 0.0037473
 14392.24240 0.4596241 0.0035754
 14406.64323 0.4580793 0.0034693
 14421.04295 0.4593304 0.0032510
 14435.46578 0.4607270 0.0032190
 14449.91171 0.4627005 0.0031492
 14464.33454 0.4658433 0.0032274
 14478.80359 0.4674082 0.0034021
 14493.29354 0.4740994 0.0037071
 14507.78459 0.4774111 0.0038394
 14522.29765 0.4794009 0.0038558
 14536.81071 0.4831595 0.0038823
 14551.36889 0.4864947 0.0039671
 14565.90506 0.4965057 0.0038811
 14580.46324 0.4998562 0.0037966
 14595.06653 0.5080579 0.0037990
 14609.64672 0.5117165 0.0038125
 14624.25001 0.5137758 0.0037281
 14638.87641 0.5164589 0.0037529
 14653.52482 0.5198122 0.0036654
 14668.17323 0.5237877 0.0037332
 14682.84365 0.5249192 0.0037425
 14697.53717 0.5256081 0.0038936
 14712.23070 0.5256321 0.0038047
 14726.94733 0.5265144 0.0039829
 14741.66286 0.5253610 0.0041818
 14756.40150 0.5238808 0.0042486
 14771.16325 0.5181693 0.0042920
 14785.94591 0.5171126 0.0043598
 14800.72967 0.5133104 0.0044307
 14815.53653 0.5118293 0.0045995
 14830.34230 0.5041795 0.0047528
 14845.17117 0.5008709 0.0047862
 14860.02205 0.4926909 0.0048630
 14874.89604 0.4828393 0.0050212
 14889.77003 0.4774224 0.0052560
 14904.64402 0.4687310 0.0059308
 14919.56202 0.4661153 0.0058359
 14934.48113 0.4601888 0.0057085
 14949.42224 0.4518567 0.0056013
 14964.36446 0.4453132 0.0056084
 14979.32758 0.4427479 0.0056156
 14994.31491 0.4369881 0.0059117
 15009.30114 0.4277262 0.0060837
 15024.30937 0.4209523 0.0058546
 15039.34182 0.4157067 0.0058815
 15054.37316 0.4101490 0.0059953
 15069.42652 0.4058789 0.0058612
 15084.50298 0.4057840 0.0060166
 15099.58054 0.3978079 0.0061203
 15114.67901 0.3898191 0.0061038
 15129.80059 0.3840458 0.0063346
 15144.92216 0.3777474 0.0063003
 15160.08886 0.3704636 0.0064709
 15175.23354 0.3641101 0.0069440
 15190.42224 0.3623501 0.0072544
 15205.61205 0.3564182 0.0072324
 15220.82386 0.3526624 0.0072472
 15236.03567 0.3497442 0.0073278
 15251.26948 0.3466942 0.0075483
 15266.52641 0.3444871 0.0079532
 15281.78333 0.3408239 0.0087437
 15297.08537 0.3412293 0.0099057
 15312.36541 0.3401850 0.0105097
 15327.68946 0.3395242 0.0113547
 15343.01461 0.3385547 0.0123346
 15358.36066 0.3395161 0.0139977
 15373.73093 0.3441696 0.0154358
 15389.10010 0.3495056 0.0174311
 15404.49237 0.3525296 0.0207972
 15419.88464 0.3611753 0.0239482
 15435.29892 0.3618634 0.0289486
