# SOURCE  = 'Quimby et al. 2018' /                                                
# OBJECT  = 'PTF09atu'           /                                                
# Z       =             0.501400 / wavelengths in OBSERVER FRAME                 
# NORM    =          1.32280E-18 / fluxes divided by norm                         
# CLIPPED =                    1 / galaxy emission lines removed                  
# SMOOTHED=                    1 / spectrum has been smoothed                     
# COLUMN01= 'Wavelength (Angstrom)' /                                             
# COLUMN02= 'Flux Density (erg/s/cm2/A)' /                                        
# COLUMN03= 'Flux Density Uncertainty (erg/s/cm2/A)' /                            
# END                                                                             
# 
# 
# 
# 
# 
# 
# 
# 
# 
# 
# Converted to Observer Frame using z=0.501
 5535.16030 0.4549486 0.1995584
 5540.70462 0.4158072 0.1989745
 5546.24839 0.3380168 0.1984756
 5551.79216 0.3928146 0.1984287
 5557.33594 0.4165543 0.1987469
 5562.90227 0.3703412 0.1984779
 5568.46860 0.3472795 0.1991367
 5574.03492 0.3557590 0.1983835
 5579.60180 0.3831205 0.1988775
 5585.19069 0.4277465 0.1980320
 5590.77958 0.4347307 0.1976573
 5596.36847 0.3987514 0.1972479
 5601.95735 0.3780132 0.1965322
 5607.56880 0.3809972 0.1958083
 5613.18025 0.3728016 0.1946595
 5618.79169 0.3928622 0.1928557
 5624.40314 0.3778383 0.1921560
 5630.03714 0.3005168 0.1900253
 5635.67114 0.2796583 0.1893640
 5641.30515 0.1933476 0.1876764
 5646.93915 0.2274726 0.1862247
 5652.59571 0.2016377 0.1849722
 5658.22972 0.1647563 0.1833432
 5663.88628 0.1928641 0.1812509
 5669.56540 0.2392628 0.1804236
 5675.22196 0.2509860 0.1782204
 5680.90108 0.2781399 0.1774348
 5686.58020 0.3371376 0.1757319
 5692.28187 0.3814999 0.1747214
 5697.96044 0.4126788 0.1741631
 5703.66212 0.4741286 0.1738473
 5709.36380 0.4566538 0.1738599
 5715.08803 0.4730907 0.1738837
 5720.78971 0.4494630 0.1739927
 5726.51395 0.4669178 0.1731820
 5732.23818 0.4283063 0.1733978
 5737.96187 0.4186245 0.1721019
 5743.70866 0.3347210 0.1714631
 5749.45546 0.3525110 0.1709855
 5755.20225 0.2813619 0.1703272
 5760.97160 0.2729395 0.1695642
 5766.71784 0.3337762 0.1687155
 5772.48720 0.3449589 0.1670704
 5778.25655 0.2998390 0.1648510
 5784.04846 0.2784711 0.1641360
 5789.81726 0.2244431 0.1623784
 5795.60917 0.2492156 0.1615367
 5801.40108 0.2024069 0.1615861
 5807.21555 0.1985081 0.1607299
 5813.02946 0.1430496 0.1601098
 5818.82137 0.1595912 0.1589610
 5824.65840 0.1707656 0.1587797
 5830.47232 0.1923140 0.1579882
 5836.30934 0.1963635 0.1566763
 5842.14637 0.1806663 0.1566201
 5847.98284 0.1479159 0.1556601
 5853.84243 0.1038134 0.1555761
 5859.67890 0.0708186 0.1556585
 5865.53849 0.0933944 0.1555136
 5871.42063 0.1937634 0.1549130
 5877.27966 0.2055801 0.1540085
 5883.16180 0.2561774 0.1532981
 5889.04339 0.3011413 0.1522366
 5894.94809 0.3079059 0.1507333
 5900.82969 0.3473994 0.1496678
 5906.73439 0.3764569 0.1492579
 5912.63853 0.4322364 0.1476919
 5918.54323 0.4040261 0.1464413
 5924.46994 0.4432828 0.1452668
 5930.39720 0.4472279 0.1444759
 5936.32391 0.4251760 0.1436296
 5942.27372 0.4141119 0.1430923
 5948.20043 0.3882777 0.1425080
 5954.15025 0.4117442 0.1424748
 5960.09951 0.3790040 0.1429682
 5966.07189 0.4116218 0.1425945
 5972.04371 0.4063496 0.1429393
 5978.01553 0.4697405 0.1434637
 5983.98791 0.4515731 0.1438701
 5989.98229 0.4920796 0.1441677
 5995.95466 0.5218868 0.1440990
 6001.94904 0.4552110 0.1435595
 6007.96598 0.4712300 0.1436234
 6013.96092 0.4594727 0.1443252
 6019.97786 0.4487235 0.1442351
 6025.99480 0.4503907 0.1449373
 6032.03484 0.4549760 0.1456528
 6038.05178 0.5393044 0.1454969
 6044.09128 0.5295129 0.1462438
 6050.15334 0.5478809 0.1463967
 6056.19338 0.5430362 0.1459452
 6062.25544 0.5254597 0.1458579
 6068.31750 0.5310364 0.1458588
 6074.37955 0.5147756 0.1459854
 6080.46472 0.5148695 0.1461475
 6086.54933 0.4802453 0.1462754
 6092.63394 0.5045600 0.1460623
 6098.71856 0.5359279 0.1450901
 6104.82573 0.5810067 0.1444641
 6110.91089 0.5720621 0.1438689
 6117.04062 0.5713372 0.1439445
 6123.14779 0.5386736 0.1430613
 6129.27752 0.5096678 0.1426566
 6135.40725 0.5635340 0.1421332
 6141.53698 0.5359684 0.1413534
 6147.68927 0.5717654 0.1399879
 6153.81900 0.5417947 0.1389127
 6159.97129 0.5391169 0.1385510
 6166.14613 0.5315385 0.1377882
 6172.29897 0.5091135 0.1368627
 6178.47382 0.5101732 0.1364307
 6184.64866 0.4944623 0.1361488
 6190.84607 0.4976338 0.1359758
 6197.04347 0.4927512 0.1354458
 6203.24088 0.5001101 0.1353122
 6209.43828 0.4998023 0.1352869
 6215.63568 0.5284206 0.1357678
 6221.85565 0.5087222 0.1357715
 6228.07561 0.4727951 0.1352593
 6234.31758 0.4980557 0.1350830
 6240.53754 0.4450194 0.1347866
 6246.78006 0.4713480 0.1344261
 6253.04514 0.5406310 0.1335808
 6259.28766 0.5422878 0.1330269
 6265.55273 0.5732346 0.1323079
 6271.81781 0.5996833 0.1314740
 6278.08289 0.6077381 0.1305919
 6284.37053 0.6310609 0.1297147
 6290.65761 0.6800866 0.1284912
 6296.94525 0.7012786 0.1281621
 6303.23288 0.7213883 0.1272494
 6309.54308 0.7030217 0.1263703
 6315.85327 0.6788814 0.1255392
 6322.16347 0.7221178 0.1244667
 6328.49567 0.7513953 0.1237313
 6334.82842 0.8057300 0.1230558
 6341.16117 0.8173957 0.1225388
 6347.49392 0.8028377 0.1222628
 6353.84868 0.8028987 0.1221918
 6360.20399 0.7922157 0.1217565
 6366.55930 0.7477304 0.1216334
 6372.91406 0.7734724 0.1214740
 6379.29193 0.7577805 0.1212624
 6385.66980 0.7115939 0.1209771
 6392.06967 0.7320868 0.1206857
 6398.44754 0.7472403 0.1204943
 6404.84797 0.7338389 0.1200217
 6411.27040 0.7345221 0.1198995
 6417.67083 0.7035554 0.1197833
 6424.09381 0.7309886 0.1196292
 6430.51625 0.6977188 0.1194244
 6436.93923 0.7125589 0.1192817
 6443.38422 0.7438776 0.1191423
 6449.82976 0.7721627 0.1189732
 6456.27531 0.7372464 0.1187667
 6462.74286 0.7168048 0.1182691
 6469.18840 0.7068183 0.1181468
 6475.65595 0.6991032 0.1181351
 6482.14661 0.7168243 0.1182193
 6488.61416 0.7062796 0.1183165
 6495.10482 0.7207050 0.1184253
 6501.61748 0.7259377 0.1184944
 6508.10814 0.7302015 0.1184720
 6514.62081 0.7535293 0.1184034
 6521.13347 0.7563922 0.1179240
 6527.64669 0.7972648 0.1178725
 6534.18191 0.8295220 0.1178471
 6540.71769 0.8202445 0.1174968
 6547.25291 0.7994760 0.1175213
 6553.81069 0.8057118 0.1175151
 6560.36902 0.8119482 0.1175015
 6566.92681 0.8674124 0.1176104
 6573.48459 0.8705359 0.1177875
 6580.06548 0.8556876 0.1179669
 6586.64582 0.8479142 0.1182209
 6593.22616 0.8340734 0.1185377
 6599.82961 0.7890271 0.1185330
 6606.43250 0.8176938 0.1187308
 6613.03540 0.8229778 0.1187651
 6619.63885 0.8004684 0.1187180
 6626.26431 0.7987504 0.1186518
 6632.88976 0.7681605 0.1185489
 6639.51522 0.8037392 0.1183814
 6646.16323 0.8452299 0.1181764
 6652.81180 0.8284783 0.1179455
 6659.45981 0.7978310 0.1172580
 6666.13038 0.7949225 0.1169544
 6672.77840 0.8127924 0.1166027
 6679.44897 0.8415824 0.1161794
 6686.14265 0.7844071 0.1157085
 6692.83578 0.7790894 0.1152494
 6699.52891 0.8030655 0.1147865
 6706.22204 0.7938621 0.1139043
 6712.93773 0.7639428 0.1135070
 6719.63086 0.7537178 0.1132482
 6726.36910 0.7286638 0.1131019
 6733.08479 0.7235342 0.1131087
 6739.82304 0.6805518 0.1129245
 6746.56128 0.6762655 0.1130908
 6753.29953 0.6538540 0.1132176
 6760.06034 0.6498166 0.1132970
 6766.82114 0.6936178 0.1133713
 6773.58194 0.6877174 0.1134504
 6780.36531 0.6617261 0.1131994
 6787.14867 0.6415163 0.1132694
 6793.93203 0.6257416 0.1133365
 6800.71539 0.6180192 0.1136987
 6807.52131 0.6768097 0.1133244
 6814.32723 0.7000232 0.1132260
 6821.15571 0.6883009 0.1130702
 6827.96163 0.6683084 0.1129288
 6834.79011 0.6695990 0.1127678
 6841.64115 0.6683053 0.1122018
 6848.46907 0.6532987 0.1119878
 6855.32011 0.6404923 0.1117715
 6862.17115 0.6347097 0.1115258
 6869.04474 0.6186595 0.1107974
 6875.91834 0.6471536 0.1107281
 6882.79138 0.6026245 0.1103443
 6889.66497 0.6175261 0.1099412
 6896.56113 0.5845984 0.1091472
 6903.45728 0.5709462 0.1087630
 6910.35343 0.5331959 0.1083917
 6917.27159 0.5435315 0.1080566
 6924.19030 0.5258972 0.1074346
 6931.10901 0.5217744 0.1072266
 6938.04973 0.5317312 0.1073424
 6944.99100 0.5287935 0.1068240
 6951.93227 0.5194595 0.1066432
 6958.87298 0.5514432 0.1064318
 6965.83681 0.5707746 0.1058915
 6972.80064 0.5522216 0.1056993
 6979.78647 0.4764757 0.1058274
 6986.75030 0.4997896 0.1053701
 6993.73668 0.5113863 0.1052299
 7000.74508 0.5517585 0.1051172
 7007.75402 0.5367131 0.1050011
 7014.73985 0.5590644 0.1045320
 7021.77135 0.5850882 0.1046533
 7028.77974 0.6222848 0.1041403
 7035.81124 0.6465588 0.1039628
 7042.84220 0.6243894 0.1037740
 7049.89625 0.6151525 0.1032559
 7056.94976 0.6862277 0.1033428
 7064.00382 0.7277334 0.1031290
 7071.05733 0.7243528 0.1025669
 7078.13395 0.7702364 0.1023451
 7085.21001 0.7725071 0.1021207
 7092.30919 0.7832492 0.1019069
 7099.38525 0.8028988 0.1017571
 7106.48388 0.7993330 0.1013083
 7113.60561 0.7848611 0.1011872
 7120.70423 0.7753789 0.1013694
 7127.82597 0.7609043 0.1010140
 7134.96971 0.7642213 0.1009209
 7142.09089 0.7919536 0.1004914
 7149.23518 0.8050621 0.1007568
 7156.40148 0.7863141 0.1008261
 7163.54522 0.7891328 0.1006642
 7170.71152 0.7609814 0.1007553
 7177.87837 0.7510031 0.1009691
 7185.06722 0.7565047 0.1012013
 7192.25608 0.7400063 0.1012085
 7199.44493 0.6925357 0.1014821
 7206.63434 0.6916614 0.1021089
 7213.84576 0.7054232 0.1249087
 7221.05717 0.7312340 0.1254789
 7228.29114 0.6956599 0.1262196
 7235.50256 0.6589460 0.1267814
 7242.73708 0.6117594 0.1266816
 7249.99361 0.5939823 0.1275488
 7257.22758 0.5688608 0.1277111
 7264.50667 0.5773131 0.1271330
 7271.76320 0.5713162 0.1275453
 7279.04229 0.5872859 0.1266718
 7286.32138 0.6587983 0.1268450
 7293.60047 0.6435928 0.1257946
 7300.90211 0.6454558 0.1253742
 7308.20376 0.7206820 0.1248722
 7315.50541 0.7298864 0.1244874
 7322.82961 0.7859218 0.1240870
 7330.15382 0.7476693 0.1240176
 7337.47802 0.7426635 0.1229586
 7344.80222 0.7084254 0.1226311
 7352.14899 0.6678116 0.1223747
 7359.51831 0.6544298 0.1222174
 7366.86507 0.6997314 0.1225427
 7374.23439 0.7072302 0.1221236
 7381.60371 0.6648249 0.1217775
 7388.99559 0.6692396 0.1217571
 7396.38747 0.6763179 0.1213261
 7403.77935 0.6805509 0.1218740
 7411.19378 0.6726383 0.1215790
 7418.58511 0.6165110 0.1223493
 7426.02211 0.5866773 0.1221033
 7433.43654 0.6253738 0.1217004
 7440.87354 0.6089778 0.1223212
 7448.31053 0.6276218 0.1218491
 7455.76954 0.6524997 0.1223243
 7463.22909 0.6728786 0.1216617
 7470.68864 0.7499194 0.1219074
 7478.14819 0.7993216 0.1211592
 7485.62975 0.8169304 0.1208666
 7493.11186 0.8478352 0.1206183
 7500.61653 0.8202583 0.1206549
 7508.12120 0.8806252 0.1208401
 7515.62532 0.9081118 0.1202237
 7523.12999 0.8741633 0.1187361
 7530.65722 0.8928877 0.1189012
 7538.18389 0.8561037 0.1183728
 7545.73368 0.8349314 0.1189935
 7553.28291 0.7900124 0.1187732
 7560.83270 0.7748523 0.1192470
 7568.38248 0.7735132 0.1190495
 7575.95427 0.7655670 0.1192510
 7583.52662 0.7950436 0.1189475
 7591.12097 0.7803693 0.1196036
 7598.71587 0.6946687 0.1191547
 7606.31022 0.7118034 0.1191960
 7613.92768 0.6863145 0.1191497
 7621.54459 0.7080300 0.1189361
 7629.16205 0.6971099 0.1181542
 7636.77895 0.6790061 0.1183586
 7644.41897 0.7638252 0.1180026
 7652.05844 0.7690524 0.1172091
 7659.72046 0.7959985 0.1173822
 7667.38304 0.8573288 0.1168229
 7675.04506 0.8896521 0.1169004
 7682.73019 0.8595408 0.1166491
 7690.39222 0.8905455 0.1176045
 7698.09936 0.9017935 0.1184769
 7705.78449 0.9183500 0.1181126
 7713.49163 0.9089551 0.1176678
 7721.22133 0.8316854 0.1176804
 7728.92902 0.8587985 0.1177503
 7736.65872 0.7910832 0.1178166
 7744.38842 0.7318811 0.1178138
 7752.14068 0.6872641 0.1177333
 7759.89348 0.6955531 0.1177037
 7767.66830 0.6380500 0.1172207
 7775.42056 0.5695570 0.1172179
 7783.19537 0.5723512 0.1177256
 7790.99274 0.6046668 0.1173406
 7798.76811 0.5730757 0.1174940
 7806.56548 0.6516181 0.1172297
 7814.38541 0.7068921 0.1175167
 7822.20534 0.7246345 0.1182452
 7830.02527 0.7119276 0.1184440
 7837.84521 0.7366742 0.1180885
 7845.68769 0.7520966 0.1181305
 7853.53018 0.7786756 0.1182804
 7861.39578 0.7710678 0.1181004
 7869.26083 0.8353695 0.1180477
 7877.12587 0.8464139 0.1180615
 7884.99092 0.8251258 0.1177537
 7892.87853 0.8181281 0.1180275
 7900.76613 0.8094761 0.1184323
 7908.67629 0.8304870 0.1188209
 7916.58646 0.8271121 0.1191247
 7924.49662 0.7969347 0.1196028
 7932.42879 0.8201721 0.1202454
 7940.36151 0.7300136 0.1208898
 7948.29423 0.7610053 0.1210053
 7956.24951 0.8090785 0.1216965
 7964.20479 0.8101516 0.1224038
 7972.18263 0.8377872 0.1230065
 7980.13791 0.8739654 0.1229413
 7988.11574 0.9497676 0.1233539
 7996.11559 0.9685008 0.1240378
 8004.11598 0.9832360 0.1241675
 8012.11638 0.9605397 0.1238466
 8020.11677 0.9745221 0.1240316
 8028.13973 0.9135562 0.1241082
 8036.16213 0.8871763 0.1241139
 8044.20764 0.9065614 0.1241630
 8052.25315 0.8891003 0.1242666
 8060.32067 0.8739821 0.1234152
 8068.36618 0.8793057 0.1232923
 8076.43425 0.9109350 0.1231300
 8084.52433 0.8393753 0.1230143
 8092.59240 0.8384836 0.1229283
 8100.68302 0.8509782 0.1228550
 8108.79566 0.8458762 0.1223720
 8116.90884 0.9118519 0.1224257
 8125.02203 0.9367451 0.1225739
 8133.15722 0.9269689 0.1228176
 8141.27041 0.9459115 0.1231424
 8149.42816 0.9538940 0.1235106
 8157.56390 0.9866410 0.1239306
 8165.72165 0.9944374 0.1244089
 8173.90251 0.9818402 0.1243762
 8182.06026 1.0253580 0.1248658
 8190.24112 1.0156595 0.1253928
 8198.44399 0.9881861 0.1259937
 8206.64740 1.0083405 0.1266903
 8214.85027 0.9476101 0.1274825
 8223.07625 0.9157134 0.1283114
 8231.27911 0.8559609 0.1291767
 8239.52710 0.8105655 0.1301093
 8247.75307 0.8308789 0.1312161
 8256.00105 0.8082578 0.1332451
 8264.27160 0.7713517 0.1359379
 8272.52013 0.7602356 0.1379859
 8280.81323 0.7652764 0.1370663
 8289.08377 0.7990118 0.1366484
 8297.37742 0.8215297 0.1384889
 8305.67052 0.8854014 0.1413814
 8313.98617 0.9233789 0.1447168
 8322.27927 0.9878399 0.1482418
 8330.61804 1.0170968 0.1516847
 8338.93370 1.0937500 0.1546716
 8347.29447 1.1139938 0.1568596
 8355.63268 1.1274155 0.1580061
 8363.99346 1.2019167 0.1579788
 8372.35478 1.3052158 0.1568222
 8380.71555 1.3857532 0.1536277
 8389.09889 1.4152782 0.1495668
 8397.50477 1.3377579 0.1448621
 8405.88811 1.2462434 0.1398199
 8414.29400 1.2163436 0.1346188
 8422.72244 1.1017230 0.1295160
 8431.12833 1.0282800 0.1247250
 8439.57934 1.0037814 0.1203060
 8448.00778 1.0122303 0.1168606
 8456.45879 1.0152123 0.1143605
 8464.90979 1.0247720 0.1128289
 8473.38336 1.0288442 0.1114129
 8481.85692 1.0393052 0.1086327
 8490.33048 1.0271804 0.1058651
 8498.82661 0.9640452 0.1036124
 8507.32273 0.9250394 0.1021275
 8515.84141 0.8667998 0.1009548
 8524.33753 0.8573936 0.0998583
 8532.87876 0.8747488 0.0987117
 8541.39744 0.8391164 0.0976047
 8549.93813 0.8516156 0.0964881
 8558.50193 0.8655286 0.0953108
 8567.06572 0.8042967 0.0940769
 8575.62952 0.8011738 0.0928500
 8584.19331 0.7483639 0.0916406
 8592.77912 0.7132877 0.0904351
 8601.38803 0.6952692 0.0894524
 8609.97438 0.6875140 0.0883384
 8618.58329 0.6512833 0.0866848
 8627.21421 0.6062905 0.0854197
 8635.84568 0.5369397 0.0844400
 8644.47715 0.5207779 0.0834720
 8653.10807 0.5283950 0.0829190
 8661.76210 0.6111207 0.0825762
 8670.43868 0.6619411 0.0824583
 8679.11472 0.6745981 0.0822452
 8687.79130 0.7192165 0.0818378
 8696.46734 0.7507579 0.0813055
 8705.16648 0.8147846 0.0808782
 8713.86508 0.8374929 0.0800462
 8722.58678 0.8469409 0.0814668
 8731.30793 0.9140202 0.0814345
 8740.05219 0.9479771 0.0807654
 8748.77334 0.9699358 0.0792975
 8757.54016 1.0306371 0.0783636
 8766.28387 1.0354794 0.0783613
 8775.05068 1.0543766 0.0785737
 8783.83951 1.0430133 0.0793535
 8792.62888 1.1049528 0.0803144
 8801.41771 1.1335334 0.0813429
 8810.20654 1.1727020 0.0824304
 8819.01847 1.1805089 0.0835683
 8827.85241 1.2015713 0.0841957
 8836.66379 1.2123007 0.0847102
 8845.52084 1.1706069 0.0844465
 8854.35478 1.1174695 0.0838806
 8863.21128 1.1103884 0.0831286
 8872.06833 1.1894083 0.0820640
 8880.94739 1.1738174 0.0805000
 8889.82645 1.2024564 0.0792220
 8898.72806 1.1787341 0.0779712
 8907.60767 1.1721854 0.0766369
 8916.53185 1.1928509 0.0754976
 8925.43346 1.1967406 0.0743603
 8934.35763 1.1764053 0.0738757
 8943.30437 1.1522574 0.0741997
 8952.25110 1.1194781 0.0753760
 8961.19783 1.0816767 0.0736695
 8970.16767 1.0733510 0.0731878
 8979.13696 1.0919189 0.0725381
 8988.10625 1.0818111 0.0722803
 8997.09810 1.0870267 0.0718477
 9006.08994 1.1137480 0.0716215
 9015.10435 1.1323589 0.0714333
 9024.11875 1.1722358 0.0712537
 9033.13316 1.1114628 0.0710224
 9042.17012 1.0769511 0.0708792
 9051.20709 1.0386406 0.0707231
 9060.26661 1.0324755 0.0705239
 9069.32613 1.0186012 0.0700310
 9078.40766 1.0211875 0.0698439
 9087.46718 1.0216932 0.0700207
 9096.57182 0.9901800 0.0694868
 9105.67646 1.0065190 0.0691666
 9114.78109 0.9527529 0.0688938
 9123.88573 0.9532585 0.0684018
 9133.01238 0.9501835 0.0698182
 9142.13957 0.9443383 0.0687407
 9151.28933 0.9713411 0.0679402
 9160.43908 0.9721467 0.0678189
 9169.58883 0.9390171 0.0678755
 9178.76060 0.9223229 0.0680507
 9187.95547 0.9100961 0.0683213
 9197.12778 0.9373235 0.0685889
 9206.34466 0.9578002 0.0685505
 9215.53952 0.9889231 0.0690309
 9224.75695 1.0023333 0.0691509
 9233.97438 0.9911864 0.0689076
 9243.21327 1.0055103 0.0689153
 9252.45325 1.0052973 0.0687168
 9261.71635 0.9983672 0.0679319
 9270.97834 0.9573305 0.0675054
 9280.24033 0.9578544 0.0667394
 9289.52543 0.9706022 0.0663931
 9298.81054 0.9873289 0.0658647
 9308.11765 0.9617304 0.0651648
 9317.42476 0.9301037 0.0648608
 9326.73187 0.9233136 0.0648599
 9336.06208 0.8956380 0.0651923
 9345.41431 0.8645475 0.0649260
 9354.74453 0.8286601 0.0644215
 9364.11986 0.8306323 0.0646851
 9373.47209 0.8296245 0.0653309
 9382.84742 0.8139294 0.0650261
 9392.22165 0.7961185 0.0652176
 9401.61900 0.7548175 0.0653704
 9411.01744 0.7311440 0.0659878
 9420.43679 0.6875293 0.0663708
 9429.85724 0.6900265 0.0670384
 9439.29970 0.6859413 0.0672526
 9448.72015 0.6991340 0.0671395
 9458.18461 0.7001429 0.0668915
 9467.62707 0.7019133 0.0795532
 9477.09264 0.6923205 0.0780704
 9486.58021 0.7227587 0.0775598
 9496.06778 0.7218081 0.0760799
 9505.55536 0.7065310 0.0748601
 9515.06604 0.6991533 0.0735066
 9524.57562 0.6909977 0.0724770
 9534.10831 0.6883867 0.0717222
 9543.64100 0.6784589 0.0717870
 9553.19680 0.6400054 0.0701911
 9562.75150 0.6634913 0.0687171
 9572.30729 0.6814662 0.0671543
 9581.88510 0.7138144 0.0667077
 9591.46291 0.7226760 0.0657487
 9601.06272 0.7649356 0.0649175
 9610.66363 0.7591900 0.0639696
 9620.26345 0.7852584 0.0633644
 9629.88637 0.7696115 0.0629756
 9639.50929 0.8168923 0.0629683
 9649.15532 0.8168837 0.0628078
 9658.80025 0.8493692 0.0626299
 9668.46829 0.8239873 0.0627846
 9678.13633 0.8343046 0.0625525
 9687.80437 0.8334395 0.0628806
 9697.49441 0.9087679 0.0627238
 9707.20757 0.9116493 0.0632099
 9716.89871 0.9045686 0.0630724
 9726.63387 0.9417930 0.0633924
 9736.34703 0.9592888 0.0630688
 9746.08219 0.9742227 0.0630592
 9755.84046 0.9556680 0.0632010
 9765.59873 0.9727900 0.0629896
 9775.35700 0.9807323 0.0628257
 9785.13728 1.0055854 0.0629596
 9794.91756 1.0212961 0.0630139
 9804.72094 0.9918085 0.0636684
 9814.52433 0.9301984 0.0637430
 9824.32772 0.9384320 0.0639552
 9834.15311 0.9136779 0.0640472
 9844.00161 0.8809584 0.0641803
 9853.82701 0.8444682 0.0640410
 9863.69752 0.8405027 0.0634983
 9873.54602 0.8801116 0.0625552
 9883.41653 0.8765610 0.0620937
 9893.31015 0.8634246 0.0612864
 9903.20376 0.8627446 0.0602959
 9913.11939 0.8694900 0.0597886
 9923.01301 0.8286473 0.0589712
 9932.95064 0.8100041 0.0586110
 9942.88938 0.7926828 0.0589086
 9952.82811 0.7901912 0.0583807
 9962.76575 0.7956828 0.0577347
 9972.74960 0.8312713 0.0573181
 9982.71034 0.8509504 0.0575320
 9992.69419 0.8507423 0.0574204
 10002.70005 0.8673018 0.0573307
 10012.68390 0.9248021 0.0578224
 10022.71176 0.9052040 0.0577801
 10032.71762 0.9478781 0.0580037
 10042.76859 0.9750265 0.0581296
 10052.79756 1.0155491 0.0581137
 10062.87164 1.0770972 0.0578693
 10072.92262 1.0657241 0.0574628
 10082.99560 1.0911503 0.0566870
 10093.09169 1.1276785 0.0563743
 10103.16577 1.1963911 0.0562817
 10113.28387 1.2327325 0.0555707
 10123.37996 1.2711575 0.0543401
 10133.52117 1.2597944 0.0539598
 10143.64037 1.2932971 0.0540832
 10153.78157 1.3416511 0.0544380
 10163.94479 1.3894714 0.0548371
 10174.10910 1.3882725 0.0550290
 10184.29542 1.4323077 0.0547622
 10194.45864 1.4565543 0.0554326
 10204.66807 1.4933596 0.0563085
 10214.87640 1.4853915 0.0564713
 10225.08583 1.5167739 0.0563081
 10235.31617 1.5361789 0.0563086
 10245.54760 1.5621499 0.0566311
 10255.80215 1.5668699 0.0565496
 10266.05560 1.5717354 0.0568250
 10276.31014 1.6125110 0.0573119
 10286.58560 1.6802574 0.0580679
 10296.88526 1.7457976 0.0588200
 10307.18382 1.7515033 0.0593806
 10317.48349 1.7471281 0.0589004
 10327.80406 1.7264450 0.0590249
 10338.12573 1.7018561 0.0586590
 10348.47050 1.6519285 0.0583115
 10358.81418 1.6125726 0.0576171
 10369.18097 1.5838073 0.0567237
 10379.54666 1.5449628 0.0558473
 10389.93655 1.5094682 0.0548195
 10400.32534 1.4683946 0.0545972
 10410.71414 1.4094996 0.0542601
 10421.12604 1.4143999 0.0537940
 10431.55995 1.4095957 0.0532364
 10441.99496 1.3980689 0.0527549
 10452.42887 1.4066747 0.0520950
 10462.88589 1.4258378 0.0516245
 10473.34181 1.4547907 0.0512573
 10483.82084 1.4286897 0.0508674
 10494.30096 1.4659876 0.0502987
 10504.80200 1.4420487 0.0497268
 10515.30413 1.4624456 0.0494358
 10525.82827 1.4593939 0.0490573
 10536.33041 1.4256485 0.0488804
 10546.87656 1.3890989 0.0485623
 10557.42381 1.3604757 0.0484612
 10567.99307 1.3085068 0.0484952
 10578.56233 1.2433515 0.0484866
 10589.13159 1.1648437 0.0483475
 10599.72395 1.0857157 0.0482969
 10610.31632 1.0407407 0.0482079
 10620.93069 1.0179878 0.0480813
 10631.54507 0.9989286 0.0475248
 10642.18145 0.9894810 0.0471266
 10652.84094 0.9697343 0.0468938
 10663.47842 0.9779740 0.0467260
 10674.13792 0.9856225 0.0466747
 10684.82051 0.9746624 0.0466195
 10695.50201 1.0184562 0.0464926
 10706.20662 1.0508149 0.0465399
 10716.91123 1.0978919 0.0466010
 10727.63894 1.1260376 0.0464947
 10738.34355 1.1376480 0.0465919
 10749.09327 1.1559263 0.0465926
 10759.84189 1.1788423 0.0473952
 10770.61472 1.2067699 0.0474758
 10781.38645 1.1895576 0.0466741
 10792.15928 1.1619697 0.0461775
 10802.95412 1.1653221 0.0464096
 10813.74896 1.1804080 0.0473635
 10824.56581 1.2040880 0.0486315
 10835.38266 1.2274808 0.0494669
 10846.22261 1.2034936 0.0503064
 10857.08567 1.1723799 0.0516323
 10867.94764 1.2008283 0.0531446
 10878.80960 1.1990864 0.0554848
 10889.67266 1.1822252 0.0566714
 10900.57974 1.1784292 0.0582141
 10911.46481 1.1496153 0.0585278
 10922.37189 1.1290151 0.0582237
 10933.30208 1.1566575 0.0580265
 10944.23226 1.1704735 0.0583539
 10955.18446 1.1875706 0.0589959
 10966.13665 1.2556432 0.0599555
 10977.11196 1.2817003 0.0592452
 10988.08726 1.2990650 0.0584417
 10999.06256 1.3249793 0.0577624
 11010.08188 1.3406444 0.0565055
 11021.08029 1.3786790 0.0556534
 11032.09961 1.4108032 0.0552675
 11043.14314 1.3738635 0.0543749
 11054.18556 1.3296020 0.0529444
 11065.22799 1.2829020 0.0514000
 11076.31553 1.2528796 0.0499813
 11087.38107 1.2445033 0.0494597
 11098.46861 1.1780171 0.0488312
 11109.57926 1.0887626 0.0486668
 11120.66680 1.0836643 0.0475592
 11131.79946 1.0578849 0.0471242
 11142.93212 1.0166634 0.0466417
 11154.06478 1.0101422 0.0469581
 11165.22055 1.0025730 0.0472648
 11176.39832 1.0152655 0.0472857
 11187.57610 0.9875742 0.0474517
 11198.75387 0.9989786 0.0477619
 11209.95476 0.9853153 0.0480240
 11221.17765 0.9922808 0.0480066
 11232.40054 1.0052522 0.0479111
 11243.62343 1.0257884 0.0482531
 11254.86833 0.9921597 0.0482658
 11266.11433 0.9974842 0.0477708
 11277.38233 0.9730555 0.0471741
 11288.67235 0.9504737 0.0471447
 11299.96346 0.9412996 0.0479830
 11311.25348 0.8863655 0.0477339
 11322.56660 0.8493591 0.0466671
 11333.87972 0.8562384 0.0468894
 11345.21486 0.8333620 0.0472831
 11356.57309 0.8093875 0.0482913
 11367.93133 0.8083163 0.0501999
 11379.31268 0.8038023 0.0526136
 11390.67092 0.8109733 0.0553565
 11402.07428 0.7885024 0.0585332
 11413.47653 0.7983022 0.0619211
 11424.87989 0.7853183 0.0638269
 11436.30635 0.8469985 0.0650907
 11447.75372 0.9076392 0.0659472
 11459.20219 0.9672446 0.0650447
 11470.65066 0.9642877 0.0640410
 11482.12114 0.9482211 0.0581506
 11493.61473 0.9874030 0.0545667
 11505.10832 1.0258821 0.0523898
 11516.60190 1.0450419 0.0524612
 11528.11750 1.0564958 0.0516822
 11539.65620 1.0807709 0.0508123
 11551.19490 1.1142516 0.0511361
 11562.75562 1.1462340 0.0521173
 11574.31633 1.1367261 0.0528426
 11585.87704 1.1615678 0.0545169
 11597.48396 1.1758264 0.0534834
 11609.06668 1.1900975 0.0528484
 11620.67361 1.1908106 0.0527389
 11632.30145 1.1945759 0.0531407
 11643.93038 1.2119004 0.0524170
 11655.58132 1.2630309 0.0529525
 11667.23227 1.2572430 0.0534652
 11678.90632 1.2491798 0.0545352
 11690.57927 1.2394096 0.0551347
 11702.27643 1.2437600 0.0542010
 11713.97249 1.2627544 0.0537020
 11725.69056 1.2756761 0.0532737
 11737.40972 1.3029138 0.0536468
 11749.15090 1.2944711 0.0534495
 11760.91518 1.3102241 0.0535302
 11772.65636 1.2911286 0.0536753
 11784.44265 1.3059691 0.0534873
 11796.22894 1.2935573 0.0535489
 11808.01523 1.3037655 0.0543209
 11819.82353 1.2921613 0.0535035
 11831.65494 1.2971087 0.0538506
 11843.48635 1.2926908 0.0542747
 11855.31775 1.2976050 0.0537477
 11867.17227 1.3398219 0.0527225
 11879.04879 1.3500047 0.0521091
 11890.92531 1.3541987 0.0511891
 11902.82385 1.3652439 0.0505094
 11914.72348 1.3437704 0.0497553
 11926.64402 1.3384897 0.0495034
 11938.56566 1.3102494 0.0489994
 11950.51040 1.3305910 0.0483751
 11962.45405 1.3316303 0.0480468
 11974.42081 1.3300177 0.0478263
 11986.38756 1.3427987 0.0492233
 11998.37633 1.3259268 0.0509165
 12010.38820 1.3238190 0.0481314
 12022.40007 1.3314505 0.0473321
 12034.41194 1.3783455 0.0470211
 12046.44582 1.3749335 0.0474547
 12058.50281 1.3812922 0.0471529
 12070.55979 1.4016465 0.0467188
 12082.63879 1.4127005 0.0466710
 12094.69578 1.4213539 0.0467649
 12106.79788 1.4514838 0.0465790
 12118.92199 1.4643563 0.0464237
 12131.02410 1.4513686 0.0453790
 12143.17022 1.4365865 0.0449300
 12155.29543 1.4652354 0.0442838
 12167.46465 1.4849471 0.0431874
 12179.63388 1.4926028 0.0418280
 12191.80311 1.5122629 0.0409012
 12203.99545 1.5168293 0.0405188
 12216.20979 1.5148228 0.0405987
 12228.42413 1.5180284 0.0402296
 12240.66158 1.5102338 0.0392574
 12252.89794 1.5303595 0.0390421
 12265.15850 1.5379415 0.0389730
 12277.41796 1.5229597 0.0389209
 12289.69942 1.5356175 0.0387721
 12301.98199 1.5159361 0.0384800
 12314.28657 1.4942292 0.0389214
 12326.59114 1.4712490 0.0389010
 12338.91883 1.4991027 0.0388654
 12351.26852 1.4648039 0.0384356
 12363.61821 1.4576041 0.0384881
 12375.98991 1.4628221 0.0390585
 12388.36271 1.4509767 0.0398865
 12400.75752 1.4462548 0.0414185
 12413.15232 1.4333125 0.0430388
 12425.56914 1.4410321 0.0436201
 12437.98705 1.4142939 0.0437355
 12450.42698 1.3965501 0.0438748
 12462.86690 1.3733736 0.0448244
 12475.32883 1.3678739 0.0452554
 12487.81387 1.3751012 0.0462260
 12500.29891 1.3545398 0.0458057
 12512.80596 1.3501229 0.0458186
 12525.31411 1.3438088 0.0457271
 12537.84426 1.2780657 0.0460122
 12550.39643 1.2922254 0.0464614
 12562.92658 1.2780122 0.0472664
 12575.50186 1.2754390 0.0475794
 12588.07603 1.2400621 0.0476131
 12600.67441 1.2228371 0.0468461
 12613.27169 1.1803060 0.0464396
 12625.86897 1.1748666 0.0467177
 12638.51246 1.1941506 0.0482708
 12651.15486 1.1510061 0.0487108
 12663.79726 1.1415118 0.0463495
 12676.46276 1.1240366 0.0447248
 12689.12826 1.0899616 0.0439829
 12701.81577 1.0810200 0.0435050
 12714.52639 1.0449704 0.0425555
 12727.23591 1.0190737 0.0414908
 12739.96964 1.0108443 0.0404194
 12752.72428 1.0051738 0.0399552
 12765.45801 0.9950045 0.0393713
 12778.23575 0.9814871 0.0386367
 12791.01349 0.9929360 0.0375110
 12803.79124 0.9973500 0.0375107
 12816.61410 1.0235029 0.0375059
 12829.41495 1.0191778 0.0373679
 12842.25982 1.0045125 0.0363342
 12855.10579 1.0263370 0.0359944
 12867.95175 1.0683265 0.0371739
 12880.81973 1.0742875 0.0387987
 12893.70971 1.0858738 0.0402554
 12906.60080 1.0829997 0.0414584
 12919.51389 1.0786809 0.0442317
 12932.42698 1.0574524 0.0477818
 12945.36208 1.0338216 0.0524377
 12958.29828 1.0108999 0.0557318
 12971.25649 1.0093238 0.0575139
 12984.23671 0.9846736 0.0585602
 12997.21802 0.9713348 0.0578300
 13010.22135 0.9197474 0.0545481
 13023.22467 0.9181052 0.0531008
 13036.25000 0.9280435 0.0504265
 13049.27643 0.9241869 0.0485671
 13062.34688 0.9407202 0.0441642
 13075.39532 0.9351985 0.0414728
 13088.48888 0.9393461 0.0401233
 13101.55933 0.9709567 0.0402969
 13114.67599 0.9804983 0.0420527
 13127.79156 0.9980354 0.0438517
 13140.90712 1.0351423 0.0446510
 13154.04579 1.0390916 0.0442781
 13167.20757 1.0606352 0.0443654
 13180.36825 1.1054361 0.0447991
 13193.55204 1.1190166 0.0445685
 13206.75784 1.1363521 0.0453152
 13219.96363 1.1060423 0.0449636
 13233.16943 1.0994349 0.0447637
 13246.42144 1.0861683 0.0443773
 13259.64925 1.0807770 0.0448443
 13272.92327 1.1017185 0.0473261
 13286.19729 1.0457273 0.0478660
 13299.47131 1.0072798 0.0498530
 13312.78934 1.0181001 0.0491682
 13326.08647 0.9704766 0.0480283
 13339.42761 0.9379445 0.0476464
 13352.76876 0.9669865 0.0483180
 13366.10990 0.9403265 0.0499884
 13379.47416 0.9501043 0.0529126
 13392.86042 0.9664741 0.0508069
 13406.24668 0.9729995 0.0493076
 13419.65494 0.9409332 0.0493134
 13433.08742 0.9303260 0.0478686
 13446.51880 0.9025499 0.0467684
 13459.95017 0.9137686 0.0453908
 13473.42667 0.9092337 0.0429663
 13486.90316 0.8871099 0.0412116
 13500.37965 0.8915620 0.0394998
 13513.87815 0.9140084 0.0392432
 13527.39976 0.8988015 0.0383642
 13540.92137 0.8923779 0.0370148
 13554.46608 0.9142308 0.0369732
 13568.03281 0.9331368 0.0357623
 13581.59953 0.9114236 0.0349876
 13595.18827 0.9093423 0.0341133
 13608.77810 0.9103472 0.0340662
 13622.38994 0.9000342 0.0341793
 13636.00068 0.9041550 0.0333773
 13649.63563 0.9116077 0.0326312
 13663.29258 0.9010959 0.0318898
 13676.94954 0.8846937 0.0316840
 13690.62850 0.8900358 0.0316835
 13704.33058 0.9053761 0.0318684
 13718.03265 0.9436826 0.0316133
 13731.75673 0.9524762 0.0310110
 13745.48081 0.9625078 0.0309158
 13759.22800 0.9914104 0.0308120
 13772.97519 1.0187912 0.0308863
 13786.76749 1.0661063 0.0309261
 13800.55870 1.0958546 0.0308576
 13814.35100 1.0944964 0.0306387
 13828.16531 1.0803205 0.0307567
 13842.00273 1.0576034 0.0313311
 13855.84016 1.0460528 0.0316235
 13869.69958 1.0038209 0.0323277
 13883.55901 0.9552139 0.0318779
 13897.44155 0.9372413 0.0318657
 13911.34609 0.9184724 0.0328565
 13925.25064 0.8912430 0.0343076
 13939.17829 0.8788636 0.0364486
 13953.12795 0.8700931 0.0389990
 13967.07761 0.8930571 0.0416139
 13981.05038 0.8973463 0.0448870
 13995.02205 0.8732170 0.0478812
 14009.01683 0.9076628 0.0511261
 14023.03471 0.8924758 0.0529119
 14037.05260 0.9211923 0.0549145
 14051.09249 0.9508982 0.0543750
 14065.15439 0.9361803 0.0531966
 14079.19428 0.9056005 0.0506328
 14093.27929 0.8997775 0.0511506
 14107.38741 0.9300923 0.0524023
 14121.49442 0.9618424 0.0530770
 14135.62455 0.9586769 0.0532173
 14149.75467 0.9478272 0.0538997
 14163.90681 1.0020583 0.0536601
 14178.06004 1.0363456 0.0533705
 14192.23528 1.1088548 0.0549058
 14206.43253 1.2139000 0.0586375
 14220.65289 1.2105685 0.0589373
 14234.87324 1.2041343 0.0567151
 14249.09360 1.2069896 0.0567803
 14263.35907 1.2006905 0.0554386
 14277.62455 1.1942495 0.0560836
 14291.88892 1.1803831 0.0550684
 14306.17750 1.1590025 0.0579988
 14320.48809 1.1435432 0.0539518
 14334.82069 1.1466182 0.0537313
 14349.15328 1.1897124 0.0512304
 14363.48588 1.2350634 0.0510871
 14377.86469 1.2434675 0.0498439
 14392.24240 1.2496682 0.0487614
 14406.64323 1.1837163 0.0481833
 14421.04295 1.1890264 0.0471332
 14435.46578 1.1780505 0.0475483
 14449.91171 1.1741078 0.0462297
 14464.33454 1.1759453 0.0457369
 14478.80359 1.1841518 0.0452763
 14493.29354 1.1966251 0.0461567
 14507.78459 1.1760542 0.0462454
 14522.29765 1.1682293 0.0470526
 14536.81071 1.1748474 0.0469770
 14551.36889 1.1725256 0.0464972
 14565.90506 1.1809278 0.0456112
 14580.46324 1.1499001 0.0456005
 14595.06653 1.1467891 0.0464773
 14609.64672 1.1309887 0.0461523
 14624.25001 1.0957793 0.0458011
 14638.87641 1.0653683 0.0454138
 14653.52482 1.0608276 0.0454770
 14668.17323 1.0550863 0.0449302
 14682.84365 1.0233654 0.0442798
 14697.53717 1.0058703 0.0447440
 14712.23070 1.0128065 0.0444376
 14726.94733 0.9994888 0.0449429
 14741.66286 0.9788582 0.0452011
 14756.40150 1.0279881 0.0460582
 14771.16325 1.0452489 0.0461545
 14785.94591 1.0421516 0.0474438
 14800.72967 1.0650554 0.0485824
 14815.53653 1.0762649 0.0491464
 14830.34230 1.0683521 0.0504184
 14845.17117 1.0689405 0.0508523
 14860.02205 1.0934768 0.0523341
 14874.89604 1.0902247 0.0540752
 14889.77003 1.1197299 0.0576374
 14904.64402 1.1036583 0.0602387
 14919.56202 1.1207042 0.0622313
 14934.48113 1.1339234 0.0635917
 14949.42224 1.1397455 0.0646650
 14964.36446 1.1376997 0.0658956
 14979.32758 1.1038007 0.0666456
 14994.31491 1.1109892 0.0674993
 15009.30114 1.0846879 0.0688385
 15024.30937 1.0337189 0.0702954
 15039.34182 0.9728541 0.0714039
 15054.37316 0.9329333 0.0741274
 15069.42652 0.9329944 0.0746550
 15084.50298 0.9255996 0.0759364
 15099.58054 0.8883288 0.0777525
 15114.67901 0.8660331 0.0790090
 15129.80059 0.8621188 0.0819343
 15144.92216 0.9055481 0.0842692
 15160.08886 0.8671640 0.0889526
 15175.23354 0.8424989 0.0980855
 15190.42224 0.8541462 0.0985523
 15205.61205 0.8627763 0.0992719
 15220.82386 0.8457875 0.1004913
 15236.03567 0.8441106 0.1021474
 15251.26948 0.8767430 0.1051816
 15266.52641 0.9059756 0.1094605
 15281.78333 0.8881557 0.1173680
 15297.08537 0.7737243 0.1302030
 15312.36541 0.7365520 0.1378524
