# SOURCE  = 'Quimby et al. 2018' /                                                
# OBJECT  = 'PTF09atu'           /                                                
# Z       =             0.501400 / wavelengths in OBSERVER FRAME                 
# NORM    =          7.03290E-19 / fluxes divided by norm                         
# CLIPPED =                    1 / galaxy emission lines removed                  
# SMOOTHED=                    1 / spectrum has been smoothed                     
# COLUMN01= 'Wavelength (Angstrom)' /                                             
# COLUMN02= 'Flux Density (erg/s/cm2/A)' /                                        
# COLUMN03= 'Flux Density Uncertainty (erg/s/cm2/A)' /                            
# END                                                                             
# 
# 
# 
# 
# 
# 
# 
# 
# 
# 
# Converted to Observer Frame using z=0.501
 5109.79304 0.0269202 0.2015262
 5114.90876 0.0733964 0.1998444
 5120.02447 0.0734041 0.1978466
 5125.14019 0.0652452 0.1963735
 5130.25591 0.0573773 0.1949937
 5135.39419 0.0218965 0.1928112
 5140.53247 0.0292786 0.1912073
 5145.67074 0.0098257 0.1889277
 5150.80902 0.0465169 0.1872633
 5155.96931 0.0247982 0.1847923
 5161.13014 0.0073199 0.1830914
 5166.29098 0.0644074 0.1808504
 5171.45181 0.0696054 0.1794051
 5176.61265 0.0859970 0.1778563
 5181.79604 0.0883879 0.1757270
 5186.97888 0.0689533 0.1744417
 5192.16228 0.0968233 0.1725478
 5197.36823 0.0758539 0.1712754
 5202.55162 0.0917035 0.1695018
 5207.75757 0.0457262 0.1683391
 5212.96297 0.0774329 0.1666438
 5218.19148 0.1169423 0.1655813
 5223.39743 0.0974213 0.1643232
 5228.62594 0.1065059 0.1634156
 5233.85390 0.0615385 0.1621189
 5239.08241 0.0314483 0.1612636
 5244.33348 -0.0050335 0.1601801
 5249.56144 -0.0195135 0.1594124
 5254.81251 -0.0021172 0.1582081
 5260.08613 -0.0509488 0.1575795
 5265.33665 -0.0195794 0.1562534
 5270.61027 -0.0238907 0.1553262
 5275.86134 -0.0218663 0.1540751
 5281.15697 -0.0266560 0.1532108
 5286.43060 0.0274157 0.1519529
 5291.72678 0.0543180 0.1512376
 5296.99986 0.0860228 0.1499524
 5302.29604 0.0941852 0.1491041
 5307.61423 0.1210675 0.1479920
 5312.91042 0.1053254 0.1471762
 5318.22861 0.1085613 0.1459648
 5323.54735 0.1131036 0.1453774
 5328.86609 0.1283407 0.1443095
 5334.20684 0.1387026 0.1436835
 5339.52558 0.1509495 0.1429141
 5344.86633 0.1641860 0.1423816
 5350.23019 0.1393996 0.1414347
 5355.57094 0.1646387 0.1409487
 5360.93479 0.1799867 0.1403181
 5366.27554 0.2158581 0.1396140
 5371.66196 0.2292773 0.1385829
 5377.02527 0.2358412 0.1378440
 5382.41168 0.2666668 0.1368536
 5387.79755 0.2750761 0.1360853
 5393.18341 0.2926107 0.1355159
 5398.56983 0.2959009 0.1347612
 5403.97825 0.3201607 0.1341879
 5409.36467 0.3190981 0.1331525
 5414.77309 0.3148791 0.1326256
 5420.20407 0.3114101 0.1316735
 5425.61304 0.2879808 0.1307202
 5431.04403 0.2896324 0.1302298
 5436.47556 0.3137501 0.1292606
 5441.90654 0.3015043 0.1287625
 5447.36008 0.3224615 0.1278349
 5452.79161 0.3145013 0.1272686
 5458.24515 0.2916365 0.1265476
 5463.72125 0.2835682 0.1256988
 5469.17534 0.2805809 0.1252568
 5474.65143 0.2708221 0.1243907
 5480.12753 0.3058894 0.1238396
 5485.60363 0.3221637 0.1230755
 5491.08028 0.3215994 0.1222259
 5496.57893 0.3195690 0.1218394
 5502.07759 0.3159209 0.1210340
 5507.57624 0.3365620 0.1205576
 5513.07545 0.3596102 0.1199249
 5518.59666 0.3403468 0.1191254
 5524.11787 0.3341556 0.1188048
 5529.63909 0.3359867 0.1180995
 5535.16030 0.3354700 0.1177132
 5540.70462 0.3161191 0.1170225
 5546.24839 0.3234599 0.1161446
 5551.79216 0.3442255 0.1157082
 5557.33594 0.3660279 0.1148371
 5562.90227 0.3738235 0.1140270
 5568.46860 0.3727127 0.1134040
 5574.03492 0.3567065 0.1124521
 5579.60180 0.3723478 0.1116555
 5585.19069 0.3643789 0.1110831
 5590.77958 0.3933278 0.1102874
 5596.36847 0.4044085 0.1097147
 5601.95735 0.4030071 0.1089559
 5607.56880 0.3798487 0.1081350
 5613.18025 0.3860490 0.1077493
 5618.79169 0.3710047 0.1069782
 5624.40314 0.3423185 0.1063180
 5630.03714 0.3392116 0.1058221
 5635.67114 0.2437311 0.1493339
 5641.30515 0.2560409 0.1478867
 5646.93915 0.2149256 0.1467799
 5652.59571 0.2601233 0.1459094
 5658.22972 0.2750748 0.1449105
 5663.88628 0.3006065 0.1442047
 5669.56540 0.3338093 0.1431879
 5675.22196 0.3646771 0.1418094
 5680.90108 0.3881075 0.1415021
 5686.58020 0.4030657 0.1403437
 5692.28187 0.3772827 0.1392062
 5697.96044 0.3892258 0.1385797
 5703.66212 0.4237172 0.1379562
 5709.36380 0.4125513 0.1369352
 5715.08803 0.3951222 0.1368696
 5720.78971 0.3650294 0.1362756
 5726.51395 0.3369298 0.1352357
 5732.23818 0.3111736 0.1350045
 5737.96187 0.2647070 0.1338304
 5743.70866 0.2863098 0.1329802
 5749.45546 0.3273053 0.1323290
 5755.20225 0.3267387 0.1317023
 5760.97160 0.2755341 0.1307800
 5766.71784 0.2456050 0.1305075
 5772.48720 0.2013784 0.1293699
 5778.25655 0.1758109 0.1279651
 5784.04846 0.1300378 0.1275478
 5789.81726 0.1127342 0.1262890
 5795.60917 0.1170809 0.1256594
 5801.40108 0.1031024 0.1257216
 5807.21555 0.1175714 0.1250592
 5813.02946 0.0887754 0.1246243
 5818.82137 0.0905557 0.1242874
 5824.65840 0.0786872 0.1237777
 5830.47232 0.0647730 0.1231420
 5836.30934 0.0788306 0.1219981
 5842.14637 0.0894665 0.1217440
 5847.98284 0.0534200 0.1207935
 5853.84243 0.0758946 0.1204217
 5859.67890 0.0638297 0.1201007
 5865.53849 0.0886638 0.1197412
 5871.42063 0.0798279 0.1191002
 5877.27966 0.1352053 0.1180623
 5883.16180 0.1502793 0.1178455
 5889.04339 0.1379374 0.1170825
 5894.94809 0.1373115 0.1159638
 5900.82969 0.1364664 0.1152101
 5906.73439 0.1709137 0.1149881
 5912.63853 0.1914624 0.1139882
 5918.54323 0.2030208 0.1133329
 5924.46994 0.2283069 0.1127156
 5930.39720 0.2249343 0.1123487
 5936.32391 0.2365284 0.1119380
 5942.27372 0.2512852 0.1113983
 5948.20043 0.2732482 0.1113605
 5954.15025 0.2741817 0.1114128
 5960.09951 0.2781747 0.1114978
 5966.07189 0.2984608 0.1116756
 5972.04371 0.3412307 0.1121714
 5978.01553 0.3552019 0.1119222
 5983.98791 0.3086675 0.1127733
 5989.98229 0.2752467 0.1130076
 5995.95466 0.3094217 0.1125518
 6001.94904 0.3323177 0.1124781
 6007.96598 0.3131565 0.1125774
 6013.96092 0.2911471 0.1130647
 6019.97786 0.2838693 0.1128291
 6025.99480 0.2736457 0.1131204
 6032.03484 0.2760747 0.1133920
 6038.05178 0.2857590 0.1130478
 6044.09128 0.2370351 0.1133801
 6050.15334 0.2636055 0.1132495
 6056.19338 0.2409891 0.1126833
 6062.25544 0.2152540 0.1123340
 6068.31750 0.2344645 0.1119431
 6074.37955 0.2232496 0.1116111
 6080.46472 0.2005783 0.1114264
 6086.54933 0.1878485 0.1111550
 6092.63394 0.1726422 0.1107432
 6098.71856 0.1925952 0.1099161
 6104.82573 0.1668970 0.1094061
 6110.91089 0.1919660 0.1089106
 6117.04062 0.2131753 0.1088366
 6123.14779 0.2396643 0.1081617
 6129.27752 0.2539172 0.1078065
 6135.40725 0.2776148 0.1074646
 6141.53698 0.3301827 0.1070336
 6147.68927 0.3093831 0.1062430
 6153.81900 0.3257930 0.1058055
 6159.97129 0.3439876 0.1054042
 6166.14613 0.3894506 0.1054426
 6172.29897 0.4186873 0.1048845
 6178.47382 0.4303728 0.1047304
 6184.64866 0.4575529 0.1046194
 6190.84607 0.4559008 0.1045184
 6197.04347 0.4618465 0.1041226
 6203.24088 0.4896453 0.1041932
 6209.43828 0.5198674 0.1042770
 6215.63568 0.5166047 0.1039536
 6221.85565 0.5127158 0.1041936
 6228.07561 0.5241473 0.1037421
 6234.31758 0.5463402 0.1035690
 6240.53754 0.5172575 0.1033485
 6246.78006 0.5031356 0.1030878
 6253.04514 0.4949694 0.1027486
 6259.28766 0.5232738 0.1020791
 6265.55273 0.5423200 0.1016261
 6271.81781 0.5378686 0.1011103
 6278.08289 0.5229160 0.1006498
 6284.37053 0.5209516 0.1001784
 6290.65761 0.5555651 0.0994221
 6296.94525 0.5686925 0.0989938
 6303.23288 0.6101201 0.0985077
 6309.54308 0.6325579 0.0980234
 6315.85327 0.6311277 0.0979366
 6322.16347 0.6066231 0.0972753
 6328.49567 0.6012093 0.0968769
 6334.82842 0.6249046 0.0964988
 6341.16117 0.6214753 0.0961612
 6347.49392 0.6108664 0.0961814
 6353.84868 0.6551627 0.0960058
 6360.20399 0.6486956 0.0958536
 6366.55930 0.6506573 0.0953463
 6372.91406 0.6324487 0.0951667
 6379.29193 0.6400721 0.0949800
 6385.66980 0.6279812 0.0947027
 6392.06967 0.6062762 0.0944596
 6398.44754 0.6054731 0.0942740
 6404.84797 0.6257436 0.0940738
 6411.27040 0.6247650 0.0936186
 6417.67083 0.6196294 0.0934586
 6424.09381 0.6355690 0.0932715
 6430.51625 0.6261100 0.0930776
 6436.93923 0.6030870 0.0928945
 6443.38422 0.5873064 0.0927741
 6449.82976 0.5681028 0.0926458
 6456.27531 0.5902715 0.0924641
 6462.74286 0.5949017 0.0923334
 6469.18840 0.6119972 0.0919540
 6475.65595 0.6123350 0.0919356
 6482.14661 0.6095004 0.0916550
 6488.61416 0.6315427 0.0916528
 6495.10482 0.6504194 0.0916593
 6501.61748 0.6594844 0.0916493
 6508.10814 0.6750707 0.0916324
 6514.62081 0.6896426 0.0915825
 6521.13347 0.6999332 0.0915262
 6527.64669 0.6956667 0.0914916
 6534.18191 0.7169809 0.0914477
 6540.71769 0.7735677 0.1113185
 6547.25291 0.7636111 0.1114243
 6553.81069 0.7857098 0.1112955
 6560.36902 0.7801690 0.1110013
 6566.92681 0.7682151 0.1110665
 6573.48459 0.7509764 0.1110827
 6580.06548 0.7456560 0.1112717
 6586.64582 0.7208076 0.1115675
 6593.22616 0.7171289 0.1118242
 6599.82961 0.7345855 0.1120799
 6606.43250 0.7449451 0.1124203
 6613.03540 0.7566018 0.1127781
 6619.63885 0.7556786 0.1131284
 6626.26431 0.7594066 0.1134818
 6632.88976 0.7612107 0.1131440
 6639.51522 0.7630678 0.1131581
 6646.16323 0.7379731 0.1131172
 6652.81180 0.7486283 0.1129348
 6659.45981 0.7620361 0.1126438
 6666.13038 0.8269126 0.1122708
 6672.77840 0.8002566 0.1119758
 6679.44897 0.7804624 0.1116858
 6686.14265 0.7518353 0.1113984
 6692.83578 0.7226889 0.1111001
 6699.52891 0.7201771 0.1109893
 6706.22204 0.6483045 0.1108954
 6712.93773 0.6151052 0.1108337
 6719.63086 0.6055519 0.1108712
 6726.36910 0.6312968 0.1109008
 6733.08479 0.6013179 0.1109417
 6739.82304 0.5561502 0.1104660
 6746.56128 0.5151760 0.1105442
 6753.29953 0.5637061 0.1106208
 6760.06034 0.5409369 0.1106884
 6766.82114 0.5384861 0.1107315
 6773.58194 0.5389788 0.1107227
 6780.36531 0.5372742 0.1102893
 6787.14867 0.5321360 0.1103763
 6793.93203 0.5197669 0.1109428
 6800.71539 0.5286611 0.1109667
 6807.52131 0.5657109 0.1109175
 6814.32723 0.5829388 0.1103593
 6821.15571 0.6029150 0.1103193
 6827.96163 0.6821463 0.1102546
 6834.79011 0.6884002 0.1101810
 6841.64115 0.6565629 0.1100880
 6848.46907 0.6200154 0.1094626
 6855.32011 0.5789359 0.1098106
 6862.17115 0.5380444 0.1096093
 6869.04474 0.5481871 0.1094376
 6875.91834 0.5034894 0.1087625
 6882.79138 0.4722672 0.1086047
 6889.66497 0.4467912 0.1085036
 6896.56113 0.4783515 0.1084496
 6903.45728 0.4909616 0.1079175
 6910.35343 0.4604311 0.1082383
 6917.27159 0.4505510 0.1080668
 6924.19030 0.4947710 0.1079591
 6931.10901 0.5273774 0.1073715
 6938.04973 0.5230330 0.1072793
 6944.99100 0.5415252 0.1072203
 6951.93227 0.5230625 0.1076259
 6958.87298 0.5264216 0.1070933
 6965.83681 0.5744410 0.1070125
 6972.80064 0.5757496 0.1069868
 6979.78647 0.6238819 0.1064792
 6986.75030 0.6679494 0.1069013
 6993.73668 0.6839212 0.1068517
 7000.74508 0.7345004 0.1063235
 7007.75402 0.7375208 0.1062350
 7014.73985 0.6936863 0.1061379
 7021.77135 0.6669136 0.1065207
 7028.77974 0.6442000 0.1059522
 7035.81124 0.6230054 0.1058394
 7042.84220 0.6261453 0.1056751
 7049.89625 0.6044807 0.1054865
 7056.94976 0.5937546 0.1053030
 7064.00382 0.6215401 0.1051509
 7071.05733 0.6274778 0.1045992
 7078.13395 0.6694714 0.1045359
 7085.21001 0.6780226 0.1043947
 7092.30919 0.7232463 0.1044652
 7099.38525 0.7451507 0.1055079
 7106.48388 0.7444034 0.1042789
 7113.60561 0.7301219 0.1039630
 7120.70423 0.7055377 0.1037985
 7127.82597 0.6688224 0.1035281
 7134.96971 0.6653135 0.1044426
 7142.09089 0.7012905 0.1046149
 7149.23518 0.6832651 0.1052342
 7156.40148 0.6277906 0.1059148
 7163.54522 0.6255422 0.1066731
 7170.71152 0.5795354 0.1072339
 7177.87837 0.5646886 0.1072562
 7185.06722 0.5626255 0.1080264
 7192.25608 0.5319381 0.1081641
 7199.44493 0.5904970 0.1077105
 7206.63434 0.5762767 0.1081117
 7213.84576 0.5544707 0.1072420
 7221.05717 0.6145180 0.1067801
 7228.29114 0.6342165 0.1062037
 7235.50256 0.6568965 0.1056232
 7242.73708 0.7053469 0.1049797
 7249.99361 0.7018721 0.1043221
 7257.22758 0.7009752 0.1038927
 7264.50667 0.7525851 0.1031369
 7271.76320 0.7951797 0.1038653
 7279.04229 0.8137026 0.1037320
 7286.32138 0.7965841 0.1038738
 7293.60047 0.8496876 0.1023572
 7300.90211 0.8640776 0.1022125
 7308.20376 0.8702070 0.1017082
 7315.50541 0.8662749 0.1020840
 7322.82961 0.8386481 0.1017056
 7330.15382 0.7867680 0.1021653
 7337.47802 0.7009726 0.1018164
 7344.80222 0.6925756 0.1018369
 7352.14899 0.6983898 0.1019008
 7359.51831 0.6512893 0.1019534
 7366.86507 0.6766292 0.1020063
 7374.23439 0.6952600 0.1019841
 7381.60371 0.6394335 0.1015407
 7388.99559 0.6148877 0.1020139
 7396.38747 0.5519848 0.1015927
 7403.77935 0.5901171 0.1019663
 7411.19378 0.5725122 0.1015743
 7418.58511 0.5730567 0.1020268
 7426.02211 0.5706637 0.1014910
 7433.43654 0.5636500 0.1011425
 7440.87354 0.5310099 0.1017361
 7448.31053 0.5377857 0.1014426
 7455.76954 0.5386913 0.1020142
 7463.22909 0.5717526 0.1017568
 7470.68864 0.6010005 0.1016536
 7478.14819 0.6214131 0.1011013
 7485.62975 0.6220816 0.1009760
 7493.11186 0.6214200 0.1008959
 7500.61653 0.5924835 0.1007391
 7508.12120 0.5872436 0.1006211
 7515.62532 0.5915279 0.1005050
 7523.12999 0.5980623 0.1000356
 7530.65722 0.6227126 0.1004026
 7538.18389 0.6278849 0.1000062
 7545.73368 0.6532878 0.1000966
 7553.28291 0.6697046 0.1001320
 7560.83270 0.6488882 0.1002236
 7568.38248 0.6556083 0.1000417
 7575.95427 0.6643578 0.1004234
 7583.52662 0.7425792 0.1001006
 7591.12097 0.7520152 0.1006202
 7598.71587 0.7752132 0.1003296
 7606.31022 0.7668520 0.1004921
 7613.92768 0.7922406 0.1005656
 7621.54459 0.8084788 0.1006449
 7629.16205 0.8114847 0.1004956
 7636.77895 0.7988293 0.1007008
 7644.41897 0.8095338 0.1012710
 7652.05844 0.8147103 0.1009350
 7659.72046 0.7975392 0.1009751
 7667.38304 0.8214936 0.1011030
 7675.04506 0.8239106 0.1012334
 7682.73019 0.8573540 0.1013002
 7690.39222 0.8532728 0.1013434
 7698.09936 0.8350378 0.1013324
 7705.78449 0.8305514 0.1008477
 7713.49163 0.8321150 0.1006379
 7721.22133 0.7957435 0.1008865
 7728.92902 0.8369148 0.1007039
 7736.65872 0.8277594 0.1004422
 7744.38842 0.8578271 0.0999075
 7752.14068 0.8776340 0.1003595
 7759.89348 0.8669480 0.1007043
 7767.66830 0.9113271 0.1002941
 7775.42056 0.9316975 0.1005705
 7783.19537 0.9507157 0.1009106
 7790.99274 0.9505016 0.1012368
 7798.76811 0.9367893 0.1016176
 7806.56548 0.9844959 0.1020177
 7814.38541 0.9921556 0.1020407
 7822.20534 1.0295776 0.1024298
 7830.02527 1.0654281 0.1030928
 7837.84521 1.0807586 0.1028426
 7845.68769 1.0352763 0.1029112
 7853.53018 1.0305078 0.1028385
 7861.39578 1.0206150 0.1023932
 7869.26083 0.9977164 0.1027335
 7877.12587 0.9866439 0.1026115
 7884.99092 0.9508426 0.1025801
 7892.87853 0.8931820 0.1022060
 7900.76613 0.9057620 0.1023276
 7908.67629 0.8731474 0.1024475
 7916.58646 0.8721496 0.1021895
 7924.49662 0.8355070 0.1029394
 7932.42879 0.8470916 0.1034739
 7940.36151 0.8683178 0.1034298
 7948.29423 0.8423876 0.1032931
 7956.24951 0.8365092 0.1036754
 7964.20479 0.8350490 0.1040886
 7972.18263 0.8469273 0.1044081
 7980.13791 0.8252987 0.1047276
 7988.11574 0.8540792 0.1045749
 7996.11559 0.9028358 0.1047489
 8004.11598 0.9425634 0.1049064
 8012.11638 0.9494662 0.1055455
 8020.11677 0.9393033 0.1053825
 8028.13973 0.9662883 0.1055776
 8036.16213 0.9722438 0.1057548
 8044.20764 0.9300404 0.1059506
 8052.25315 0.8694980 0.1061084
 8060.32067 0.8486530 0.1063183
 8068.36618 0.8364275 0.1060594
 8076.43425 0.8385901 0.1062068
 8084.52433 0.8184540 0.1063450
 8092.59240 0.7507178 0.1065158
 8100.68302 0.7380963 0.1066720
 8108.79566 0.7164004 0.1068867
 8116.90884 0.6986049 0.1066395
 8125.02203 0.6849482 0.1068868
 8133.15722 0.6861584 0.1071497
 8141.27041 0.7136899 0.1073957
 8149.42816 0.7072982 0.1076779
 8157.56390 0.7001244 0.1079064
 8165.72165 0.6965349 0.1081579
 8173.90251 0.7078144 0.1083882
 8182.06026 0.7290813 0.1081529
 8190.24112 0.7622359 0.1083267
 8198.44399 0.7823603 0.1084863
 8206.64740 0.8230047 0.1086793
 8214.85027 0.8337317 0.1089024
 8223.07625 0.8082215 0.1091208
 8231.27911 0.8472785 0.1093553
 8239.52710 0.8707854 0.1096712
 8247.75307 0.8528584 0.1100395
 8256.00105 0.8351728 0.1109784
 8264.27160 0.8429917 0.1125402
 8272.52013 0.8466510 0.1129574
 8280.81323 0.8592191 0.1124316
 8289.08377 0.8422549 0.1126735
 8297.37742 0.8427010 0.1136843
 8305.67052 0.8656889 0.1151371
 8313.98617 0.9250937 0.1169751
 8322.27927 0.9535258 0.1191853
 8330.61804 1.0223753 0.1216940
 8338.93370 1.0663885 0.1240657
 8347.29447 1.0881149 0.1257997
 8355.63268 1.0746701 0.1272109
 8363.99346 1.0979036 0.1284420
 8372.35478 1.1113147 0.1295129
 8380.71555 1.1685975 0.1293053
 8389.09889 1.1507972 0.1284084
 8397.50477 1.1355263 0.1270013
 8405.88811 1.1560481 0.1250500
 8414.29400 1.1223834 0.1226290
 8422.72244 1.1186708 0.1198787
 8431.12833 1.0750762 0.1168636
 8439.57934 1.0617549 0.1137163
 8448.00778 1.1118647 0.1106827
 8456.45879 1.1012911 0.1078987
 8464.90979 1.0669730 0.1054994
 8473.38336 1.0140920 0.1037211
 8481.85692 1.0451463 0.1019114
 8490.33048 1.0291040 0.0994308
 8498.82661 0.9901580 0.0970640
 8507.32273 0.9464862 0.0946989
 8515.84141 0.9896820 0.0915862
 8524.33753 0.9441457 0.0893676
 8532.87876 0.9415575 0.0879441
 8541.39744 0.9314294 0.0869795
 8549.93813 0.8887859 0.0861647
 8558.50193 0.8749866 0.0852343
 8567.06572 0.8928493 0.0842077
 8575.62952 0.9002631 0.0833467
 8584.19331 0.8679894 0.0824429
 8592.77912 0.8381835 0.0814785
 8601.38803 0.8142335 0.0800473
 8609.97438 0.7591329 0.0788091
 8618.58329 0.8197166 0.0775017
 8627.21421 0.8502658 0.0761573
 8635.84568 0.8552227 0.0747716
 8644.47715 0.8490813 0.0728368
 8653.10807 0.8426746 0.0715031
 8661.76210 0.8839777 0.0702282
 8670.43868 0.9024339 0.0690977
 8679.11472 0.8808142 0.0680618
 8687.79130 0.9032160 0.0672561
 8696.46734 0.9146158 0.0667509
 8705.16648 0.9290401 0.0664678
 8713.86508 0.9497952 0.0661096
 8722.58678 0.9925650 0.0658185
 8731.30793 1.0023147 0.0657235
 8740.05219 1.0648870 0.0650266
 8748.77334 1.0864823 0.0643088
 8757.54016 1.1109295 0.0638128
 8766.28387 1.1397085 0.0637304
 8775.05068 1.1643183 0.0641344
 8783.83951 1.2279698 0.0644473
 8792.62888 1.2375990 0.0735844
 8801.41771 1.2838943 0.0744755
 8810.20654 1.3700995 0.0755115
 8819.01847 1.4479491 0.0766170
 8827.85241 1.5072252 0.0775245
 8836.66379 1.5208180 0.0781174
 8845.52084 1.5264022 0.0784181
 8854.35478 1.5279952 0.0780952
 8863.21128 1.4861586 0.0778852
 8872.06833 1.5275052 0.0770569
 8880.94739 1.4907212 0.0754859
 8889.82645 1.5087663 0.0744623
 8898.72806 1.4956517 0.0738128
 8907.60767 1.4604511 0.0737026
 8916.53185 1.4315983 0.0742191
 8925.43346 1.3989853 0.0757011
 8934.35763 1.4149711 0.0756755
 8943.30437 1.4672736 0.0752039
 8952.25110 1.4591521 0.0741519
 8961.19783 1.4782366 0.0735302
 8970.16767 1.4782569 0.0730750
 8979.13696 1.5066923 0.0720170
 8988.10625 1.5339419 0.0704147
 8997.09810 1.5506577 0.0695090
 9006.08994 1.5479101 0.0686522
 9015.10435 1.5377481 0.0678419
 9024.11875 1.5084136 0.0672424
 9033.13316 1.4987042 0.0685867
 9042.17012 1.4857720 0.0688262
 9051.20709 1.4168451 0.0678234
 9060.26661 1.3621844 0.0675353
 9069.32613 1.2961586 0.0680915
 9078.40766 1.2521235 0.0688459
 9087.46718 1.2484854 0.0699839
 9096.57182 1.2633915 0.0704722
 9105.67646 1.2538000 0.0708860
 9114.78109 1.2463835 0.0710526
 9123.88573 1.2177627 0.0705793
 9133.01238 1.2148764 0.0703427
 9142.13957 1.1933556 0.0696166
 9151.28933 1.1745110 0.0687379
 9160.43908 1.1762841 0.0676365
 9169.58883 1.2072527 0.0673168
 9178.76060 1.2384020 0.0668034
 9187.95547 1.2238959 0.0659444
 9197.12778 1.2151370 0.0656786
 9206.34466 1.2013243 0.0660578
 9215.53952 1.1663643 0.0664164
 9224.75695 1.1275008 0.0652939
 9233.97438 1.1239423 0.0650522
 9243.21327 1.1592360 0.0647565
 9252.45325 1.1617821 0.0645111
 9261.71635 1.1841191 0.0642176
 9270.97834 1.1800405 0.0638142
 9280.24033 1.1549248 0.0637723
 9289.52543 1.1373661 0.0630623
 9298.81054 1.1156614 0.0629349
 9308.11765 1.1050423 0.0629252
 9317.42476 1.0792608 0.0627723
 9326.73187 1.0683068 0.0626610
 9336.06208 1.0722383 0.0626918
 9345.41431 1.0932510 0.0627786
 9354.74453 1.0717150 0.0627784
 9364.11986 1.0732605 0.0628737
 9373.47209 1.0476927 0.0632075
 9382.84742 1.0442679 0.0626518
 9392.22165 1.0325325 0.0621404
 9401.61900 1.0221715 0.0626564
 9411.01744 1.0222124 0.0627965
 9420.43679 0.9858800 0.0630223
 9429.85724 0.9560816 0.0632622
 9439.29970 0.9476509 0.0634084
 9448.72015 0.9246332 0.0632084
 9458.18461 0.9166374 0.0633485
 9467.62707 0.9589721 0.0629474
 9477.09264 0.9764481 0.0612570
 9486.58021 1.0014313 0.0606891
 9496.06778 1.0161476 0.0595446
 9505.55536 1.0502557 0.0590004
 9515.06604 1.1008264 0.0581975
 9524.57562 1.1225729 0.0578614
 9534.10831 1.1471918 0.0577037
 9543.64100 1.1643262 0.0579259
 9553.19680 1.1466761 0.0577803
 9562.75150 1.1459553 0.0571090
 9572.30729 1.1145390 0.0562877
 9581.88510 1.0983655 0.0563315
 9591.46291 1.0779285 0.0559877
 9601.06272 1.0153489 0.0553940
 9610.66363 0.9981299 0.0545320
 9620.26345 0.9894758 0.0546506
 9629.88637 0.9994758 0.0546171
 9639.50929 0.9981291 0.0551444
 9649.15532 1.0358156 0.0558632
 9658.80025 1.0368977 0.0560065
 9668.46829 1.0755053 0.0566792
 9678.13633 1.0990824 0.0566388
 9687.80437 1.1348654 0.0569764
 9697.49441 1.1755434 0.0567932
 9707.20757 1.1850410 0.0570422
 9716.89871 1.2252495 0.0567464
 9726.63387 1.2257797 0.0561911
 9736.34703 1.2385945 0.0557734
 9746.08219 1.2437797 0.0553979
 9755.84046 1.2193972 0.0553448
 9765.59873 1.1961420 0.0553170
 9775.35700 1.1583104 0.0554948
 9785.13728 1.1244206 0.0552793
 9794.91756 1.1087897 0.0548795
 9804.72094 1.0957767 0.0552363
 9814.52433 1.0516871 0.0550439
 9824.32772 1.0014381 0.0550049
 9834.15311 0.9863173 0.0548858
 9844.00161 0.9792978 0.0548939
 9853.82701 0.9826904 0.0546164
 9863.69752 0.9485368 0.0540655
 9873.54602 0.9335920 0.0533834
 9883.41653 0.9734366 0.0528501
 9893.31015 0.9757767 0.0522894
 9903.20376 0.9837174 0.0516504
 9913.11939 0.9935854 0.0517037
 9923.01301 1.0114025 0.0510712
 9932.95064 0.9953384 0.0504286
 9942.88938 0.9579649 0.0502504
 9952.82811 0.9880769 0.0504271
 9962.76575 1.0397652 0.0507823
 9972.74960 1.0892519 0.0508579
 9982.71034 1.1123649 0.0515154
 9992.69419 1.1168213 0.0522156
 10002.70005 1.1496321 0.0523375
 10012.68390 1.1541597 0.0528845
 10022.71176 1.2149135 0.0529482
 10032.71762 1.2418596 0.0525969
 10042.76859 1.2780879 0.0522690
 10052.79756 1.2841389 0.0517861
 10062.87164 1.3281472 0.0510084
 10072.92262 1.3800436 0.0501554
 10082.99560 1.3831463 0.0491899
 10093.09169 1.4055822 0.0488649
 10103.16577 1.4225388 0.0487272
 10113.28387 1.4369781 0.0478549
 10123.37996 1.4467529 0.0471703
 10133.52117 1.4812583 0.0471701
 10143.64037 1.5314109 0.0469380
 10153.78157 1.6160249 0.0466213
 10163.94479 1.6534519 0.0461123
 10174.10910 1.7022533 0.0461199
 10184.29542 1.7215472 0.0464860
 10194.45864 1.7465460 0.0469537
 10204.66807 1.7736647 0.0479929
 10214.87640 1.8350294 0.0486920
 10225.08583 1.8561331 0.0488006
 10235.31617 1.8518702 0.0491485
 10245.54760 1.8733978 0.0499006
 10255.80215 1.9082590 0.0501140
 10266.05560 1.9195884 0.0509197
 10276.31014 1.9043671 0.0512427
 10286.58560 1.9280652 0.0508056
 10296.88526 1.9314153 0.0507228
 10307.18382 1.9394599 0.0508173
 10317.48349 1.9337988 0.0512518
 10327.80406 1.9718258 0.0522731
 10338.12573 1.9733433 0.0523469
 10348.47050 1.9862136 0.0520535
 10358.81418 1.9631064 0.0516523
 10369.18097 1.9440848 0.0507674
 10379.54666 1.8874317 0.0498798
 10389.93655 1.8927203 0.0487748
 10400.32534 1.8596261 0.0484997
 10410.71414 1.8505018 0.0480768
 10421.12604 1.8337450 0.0467238
 10431.55995 1.7780459 0.0457054
 10441.99496 1.7869507 0.0447963
 10452.42887 1.7565662 0.0442973
 10462.88589 1.7244031 0.0441738
 10473.34181 1.6869228 0.0439684
 10483.82084 1.6658465 0.0431171
 10494.30096 1.6590927 0.0428594
 10504.80200 1.6164920 0.0423402
 10515.30413 1.5559785 0.0420245
 10525.82827 1.5241309 0.0418974
 10536.33041 1.4734895 0.0417666
 10546.87656 1.4151310 0.0414928
 10557.42381 1.3667372 0.0414029
 10567.99307 1.3109018 0.0413706
 10578.56233 1.2719038 0.0412854
 10589.13159 1.2535644 0.0410556
 10599.72395 1.1978495 0.0409186
 10610.31632 1.1693698 0.0405800
 10620.93069 1.1323982 0.0404274
 10631.54507 1.1157044 0.0401702
 10642.18145 1.1167126 0.0398854
 10652.84094 1.1030035 0.0397283
 10663.47842 1.0992835 0.0395896
 10674.13792 1.0901093 0.0394590
 10684.82051 1.1015280 0.0393620
 10695.50201 1.1143959 0.0391880
 10706.20662 1.0873173 0.0391725
 10716.91123 1.0712894 0.0391513
 10727.63894 1.0927919 0.0391666
 10738.34355 1.1101356 0.0392125
 10749.09327 1.1095508 0.0392158
 10759.84189 1.1312659 0.0392839
 10770.61472 1.1251813 0.0395014
 10781.38645 1.1190906 0.0391427
 10792.15928 1.1303710 0.0388501
 10802.95412 1.1388429 0.0389659
 10813.74896 1.1210626 0.0395212
 10824.56581 1.1212451 0.0401053
 10835.38266 1.1555696 0.0404850
 10846.22261 1.1563251 0.0409763
 10857.08567 1.1781164 0.0416763
 10867.94764 1.1916598 0.0426566
 10878.80960 1.1898323 0.0437067
 10889.67266 1.2167466 0.0436555
 10900.57974 1.2213228 0.0440210
 10911.46481 1.2079777 0.0446921
 10922.37189 1.2185994 0.0444816
 10933.30208 1.2325445 0.0445499
 10944.23226 1.2530377 0.0448011
 10955.18446 1.3027018 0.0453216
 10966.13665 1.3304102 0.0455241
 10977.11196 1.3041754 0.0456843
 10988.08726 1.3004462 0.0455933
 10999.06256 1.3080812 0.0453438
 11010.08188 1.3272283 0.0453831
 11021.08029 1.3158309 0.0444429
 11032.09961 1.3727725 0.0436905
 11043.14314 1.3651029 0.0431052
 11054.18556 1.3423899 0.0426419
 11065.22799 1.3166291 0.0423087
 11076.31553 1.3203721 0.0420396
 11087.38107 1.2959481 0.0419764
 11098.46861 1.3048722 0.0411790
 11109.57926 1.2700604 0.0410523
 11120.66680 1.2445827 0.0404267
 11131.79946 1.2508506 0.0397248
 11142.93212 1.2356124 0.0391967
 11154.06478 1.2474878 0.0389307
 11165.22055 1.2767833 0.0385488
 11176.39832 1.2444899 0.0382290
 11187.57610 1.2229120 0.0381495
 11198.75387 1.2258352 0.0379418
 11209.95476 1.2170979 0.0382908
 11221.17765 1.2446731 0.0388653
 11232.40054 1.2555089 0.0379242
 11243.62343 1.2405702 0.0376721
 11254.86833 1.1983078 0.0381024
 11266.11433 1.1692414 0.0381716
 11277.38233 1.1329015 0.0384075
 11288.67235 1.1133553 0.0387253
 11299.96346 1.0746213 0.0397579
 11311.25348 1.0601830 0.0404107
 11322.56660 0.9974908 0.0398300
 11333.87972 0.9806580 0.0402590
 11345.21486 0.9612537 0.0409116
 11356.57309 0.9621593 0.0412588
 11367.93133 0.9643221 0.0420693
 11379.31268 0.9800320 0.0432269
 11390.67092 0.9500126 0.0450825
 11402.07428 0.9771153 0.0469646
 11413.47653 1.0075482 0.0477507
 11424.87989 1.0176826 0.0489574
 11436.30635 1.1004103 0.0497104
 11447.75372 1.1124965 0.0488206
 11459.20219 1.0933763 0.0474027
 11470.65066 1.1203933 0.0464370
 11482.12114 1.1115191 0.0441006
 11493.61473 1.1109571 0.0414045
 11505.10832 1.1120367 0.0402668
 11516.60190 1.1176540 0.0400483
 11528.11750 1.1198151 0.0395126
 11539.65620 1.1226990 0.0386997
 11551.19490 1.1342287 0.0390979
 11562.75562 1.1525843 0.0403389
 11574.31633 1.1990613 0.0409269
 11585.87704 1.2039119 0.0420151
 11597.48396 1.2140118 0.0423414
 11609.06668 1.2161103 0.0427540
 11620.67361 1.2597868 0.0430660
 11632.30145 1.2718146 0.0429959
 11643.93038 1.2604054 0.0423491
 11655.58132 1.2757678 0.0417772
 11667.23227 1.2756099 0.0413043
 11678.90632 1.2798913 0.0412127
 11690.57927 1.2799640 0.0408232
 11702.27643 1.2534173 0.0403602
 11713.97249 1.2625470 0.0398650
 11725.69056 1.2212267 0.0404475
 11737.40972 1.2152380 0.0405181
 11749.15090 1.2182325 0.0407362
 11760.91518 1.2315246 0.0409224
 11772.65636 1.2444402 0.0412075
 11784.44265 1.2768540 0.0412194
 11796.22894 1.2853824 0.0412036
 11808.01523 1.3131813 0.0410420
 11819.82353 1.3188144 0.0412567
 11831.65494 1.3490555 0.0409517
 11843.48635 1.3961725 0.0411747
 11855.31775 1.4045868 0.0407857
 11867.17227 1.4255414 0.0398976
 11879.04879 1.4740858 0.0394142
 11890.92531 1.4873731 0.0391927
 11902.82385 1.4954695 0.0387060
 11914.72348 1.5005699 0.0384004
 11926.64402 1.5005130 0.0389667
 11938.56566 1.5057880 0.0381708
 11950.51040 1.4818622 0.0374358
 11962.45405 1.5093298 0.0372686
 11974.42081 1.5298003 0.0372586
 11986.38756 1.5215446 0.0380144
 11998.37633 1.5090618 0.0380396
 12010.38820 1.5031264 0.0376633
 12022.40007 1.5020527 0.0372337
 12034.41194 1.5275642 0.0368681
 12046.44582 1.5224985 0.0367248
 12058.50281 1.5413445 0.0361703
 12070.55979 1.5670328 0.0360519
 12082.63879 1.5551629 0.0353287
 12094.69578 1.5424736 0.0349053
 12106.79788 1.5527854 0.0345414
 12118.92199 1.5262182 0.0340243
 12131.02410 1.5217526 0.0332165
 12143.17022 1.5246134 0.0330594
 12155.29543 1.5264870 0.0330225
 12167.46465 1.5282555 0.0323465
 12179.63388 1.5352042 0.0319008
 12191.80311 1.5718991 0.0315825
 12203.99545 1.5814281 0.0313594
 12216.20979 1.5647825 0.0312270
 12228.42413 1.5685401 0.0309653
 12240.66158 1.5651743 0.0307022
 12252.89794 1.5730578 0.0305295
 12265.15850 1.5826733 0.0304313
 12277.41796 1.5815250 0.0303005
 12289.69942 1.5898170 0.0307035
 12301.98199 1.5597928 0.0303518
 12314.28657 1.5463518 0.0310788
 12326.59114 1.5155133 0.0305479
 12338.91883 1.5197030 0.0305373
 12351.26852 1.4893363 0.0304205
 12363.61821 1.4583873 0.0309654
 12375.98991 1.4285917 0.0320150
 12388.36271 1.4052757 0.0332555
 12400.75752 1.3887269 0.0348404
 12413.15232 1.3695379 0.0368631
 12425.56914 1.3578261 0.0372241
 12437.98705 1.3295013 0.0373879
 12450.42698 1.3181058 0.0372706
 12462.86690 1.2942218 0.0374801
 12475.32883 1.2753681 0.0369291
 12487.81387 1.2677832 0.0368398
 12500.29891 1.2480104 0.0358190
 12512.80596 1.2355961 0.0355276
 12525.31411 1.1999835 0.0359047
 12537.84426 1.1774067 0.0357599
 12550.39643 1.1863124 0.0369062
 12562.92658 1.1718917 0.0360163
 12575.50186 1.1955734 0.0357410
 12588.07603 1.1892751 0.0354083
 12600.67441 1.1558003 0.0346832
 12613.27169 1.1161429 0.0339819
 12625.86897 1.1012073 0.0341600
 12638.51246 1.0965710 0.0348279
 12651.15486 1.1005874 0.0353253
 12663.79726 1.0572857 0.0337779
 12676.46276 1.0517895 0.0334409
 12689.12826 1.0622667 0.0332942
 12701.81577 1.0430611 0.0334826
 12714.52639 1.0376430 0.0332384
 12727.23591 1.0171583 0.0330474
 12739.96964 0.9661280 0.0321724
 12752.72428 0.9392593 0.0319516
 12765.45801 0.8999007 0.0314245
 12778.23575 0.8978779 0.0311371
 12791.01349 0.8888111 0.0301030
 12803.79124 0.8737969 0.0296897
 12816.61410 0.8538193 0.0293954
 12829.41495 0.8525727 0.0292258
 12842.25982 0.8377891 0.0283890
 12855.10579 0.8184140 0.0280800
 12867.95175 0.8231022 0.0287636
 12880.81973 0.8235707 0.0292389
 12893.70971 0.8139091 0.0295510
 12906.60080 0.8032251 0.0298973
 12919.51389 0.8138961 0.0309394
 12932.42698 0.8260692 0.0321953
 12945.36208 0.8226183 0.0336005
 12958.29828 0.8135654 0.0348686
 12971.25649 0.7919420 0.0351936
 12984.23671 0.7660617 0.0354636
 12997.21802 0.7617187 0.0357744
 13010.22135 0.7571338 0.0353707
 13023.22467 0.7633185 0.0348253
 13036.25000 0.7373556 0.0338522
 13049.27643 0.7181127 0.0331025
 13062.34688 0.7253870 0.0310411
 13075.39532 0.7314397 0.0298925
 13088.48888 0.7453114 0.0295696
 13101.55933 0.7469656 0.0298578
 13114.67599 0.7686457 0.0307807
 13127.79156 0.7695314 0.0322211
 13140.90712 0.7970573 0.0330168
 13154.04579 0.8103294 0.0328411
 13167.20757 0.8002965 0.0330399
 13180.36825 0.8281526 0.0334125
 13193.55204 0.8448658 0.0327115
 13206.75784 0.8560441 0.0331018
 13219.96363 0.8787351 0.0323053
 13233.16943 0.8841705 0.0322171
 13246.42144 0.8847750 0.0321801
 13259.64925 0.8961859 0.0335697
 13272.92327 0.8804563 0.0340284
 13286.19729 0.9028291 0.0346373
 13299.47131 0.9354126 0.0352126
 13312.78934 0.9497057 0.0349142
 13326.08647 0.9452861 0.0346205
 13339.42761 0.9582812 0.0335946
 13352.76876 0.9604238 0.0332652
 13366.10990 0.9713600 0.0331370
 13379.47416 0.9707957 0.0339552
 13392.86042 0.9617098 0.0321502
 13406.24668 0.9641478 0.0311143
 13419.65494 0.9483348 0.0307143
 13433.08742 0.9728149 0.0306613
 13446.51880 0.9918044 0.0300422
 13459.95017 0.9888819 0.0301246
 13473.42667 0.9789829 0.0288340
 13486.90316 0.9502792 0.0282034
 13500.37965 0.9504778 0.0278664
 13513.87815 0.9379056 0.0279732
 13527.39976 0.9076116 0.0274672
 13540.92137 0.9034595 0.0267614
 13554.46608 0.8914886 0.0266029
 13568.03281 0.8902011 0.0262330
 13581.59953 0.8831347 0.0261098
 13595.18827 0.8993438 0.0256364
 13608.77810 0.8993567 0.0256159
 13622.38994 0.8999562 0.0254621
 13636.00068 0.8861430 0.0250182
 13649.63563 0.9066541 0.0244671
 13663.29258 0.9229241 0.0240296
 13676.94954 0.9542993 0.0238478
 13690.62850 1.0017130 0.0237288
 13704.33058 1.0310310 0.0237110
 13718.03265 1.0435823 0.0238092
 13731.75673 1.0566882 0.0232740
 13745.48081 1.0736550 0.0231716
 13759.22800 1.0970488 0.0229908
 13772.97519 1.1064647 0.0230859
 13786.76749 1.1044444 0.0230607
 13800.55870 1.1143216 0.0229616
 13814.35100 1.1182733 0.0231230
 13828.16531 1.1186574 0.0231884
 13842.00273 1.1208584 0.0239385
 13855.84016 1.1202558 0.0242786
 13869.69958 1.0971502 0.0248699
 13883.55901 1.0799145 0.0245347
 13897.44155 1.0543945 0.0244047
 13911.34609 1.0500135 0.0255491
 13925.25064 1.0364928 0.0266738
 13939.17829 1.0337523 0.0290383
 13953.12795 1.0096542 0.0312675
 13967.07761 0.9803910 0.0333006
 13981.05038 0.9619613 0.0365011
 13995.02205 0.8991216 0.0403752
 14009.01683 0.8743608 0.0438785
 14023.03471 0.8397775 0.0445600
 14037.05260 0.8184732 0.0463071
 14051.09249 0.8049960 0.0432560
 14065.15439 0.7898921 0.0416071
 14079.19428 0.8030993 0.0401996
 14093.27929 0.8055693 0.0397474
 14107.38741 0.8493251 0.0399680
 14121.49442 0.8709219 0.0394731
 14135.62455 0.9078600 0.0391869
 14149.75467 0.9378150 0.0394175
 14163.90681 0.9467657 0.0392132
 14178.06004 0.9843900 0.0400634
 14192.23528 1.0166090 0.0404123
 14206.43253 1.0561537 0.0430986
 14220.65289 1.0832253 0.0416546
 14234.87324 1.0897523 0.0400465
 14249.09360 1.0837543 0.0391757
 14263.35907 1.0887102 0.0381010
 14277.62455 1.1074103 0.0388857
 14291.88892 1.1415095 0.0372730
 14306.17750 1.1723019 0.0383612
 14320.48809 1.2206379 0.0361195
 14334.82069 1.2392424 0.0355310
 14349.15328 1.2458264 0.0342074
 14363.48588 1.2733741 0.0334464
 14377.86469 1.2870517 0.0328213
 14392.24240 1.2972513 0.0317016
 14406.64323 1.3492362 0.0316225
 14421.04295 1.3554169 0.0311257
 14435.46578 1.3462144 0.0305456
 14449.91171 1.3463677 0.0304786
 14464.33454 1.3309526 0.0300916
 14478.80359 1.3175099 0.0303845
 14493.29354 1.3102144 0.0309071
 14507.78459 1.2766017 0.0318249
 14522.29765 1.2628976 0.0325011
 14536.81071 1.2398580 0.0331237
 14551.36889 1.2103392 0.0323527
 14565.90506 1.1920962 0.0320927
 14580.46324 1.1943489 0.0317304
 14595.06653 1.1788324 0.0318305
 14609.64672 1.1624596 0.0321181
 14624.25001 1.1452124 0.0319175
 14638.87641 1.1328468 0.0322856
 14653.52482 1.1082319 0.0312144
 14668.17323 1.0686212 0.0310843
 14682.84365 1.0493335 0.0312615
 14697.53717 1.0482732 0.0313924
 14712.23070 1.0461351 0.0315385
 14726.94733 1.0586261 0.0326798
 14741.66286 1.0620667 0.0332959
 14756.40150 1.0660855 0.0340116
 14771.16325 1.0247189 0.0342263
 14785.94591 1.0065215 0.0347536
 14800.72967 0.9995033 0.0354746
 14815.53653 0.9735162 0.0363748
 14830.34230 0.9402144 0.0373240
 14845.17117 0.9087572 0.0375673
 14860.02205 0.8765377 0.0379354
 14874.89604 0.8520824 0.0386744
 14889.77003 0.8369489 0.0395977
 14904.64402 0.8031937 0.0409629
 14919.56202 0.7516754 0.0428553
 14934.48113 0.7195647 0.0429639
 14949.42224 0.6881869 0.0428298
 14964.36446 0.6798440 0.0434220
 14979.32758 0.6343582 0.0436045
 14994.31491 0.6042233 0.0442291
 15009.30114 0.5666888 0.0450316
 15024.30937 0.5445628 0.0466328
 15039.34182 0.5122029 0.0475864
 15054.37316 0.4635214 0.0476625
 15069.42652 0.4403105 0.0487864
 15084.50298 0.4148172 0.0484300
 15099.58054 0.3673347 0.0495085
 15114.67901 0.3243324 0.0503124
 15129.80059 0.3312239 0.0517513
 15144.92216 0.3320958 0.0526369
 15160.08886 0.3251439 0.0531031
 15175.23354 0.3490273 0.0553460
 15190.42224 0.3621197 0.0587413
 15205.61205 0.3208345 0.0602154
 15220.82386 0.2888020 0.0621484
 15236.03567 0.2696209 0.0638390
 15251.26948 0.2523429 0.0658739
 15266.52641 0.2475741 0.0693451
 15281.78333 0.2493479 0.0743788
 15297.08537 0.2662804 0.0823662
 15312.36541 0.2560610 0.0922860
 15327.68946 0.2641854 0.1006830
 15343.01461 0.2623752 0.1125721
 15358.36066 0.2688774 0.1271288
 15373.73093 0.2769836 0.1484757
 15389.10010 0.2472223 0.1733322
 15404.49237 0.2754447 0.2112116
