# SOURCE  = 'Quimby et al. 2018' /                                                
# OBJECT  = 'PTF09atu'           /                                                
# Z       =             0.501400 / wavelengths divided by (1 + z)                 
# NORM    =          1.32280E-18 / fluxes divided by norm                         
# CLIPPED =                    1 / galaxy emission lines removed                  
# SMOOTHED=                    1 / spectrum has been smoothed                     
# COLUMN01= 'Wavelength (Angstrom)' /                                             
# COLUMN02= 'Flux Density (erg/s/cm2/A)' /                                        
# COLUMN03= 'Flux Density Uncertainty (erg/s/cm2/A)' /                            
# END                                                                             
# 
# 
# 
# 
# 
# 
# 
# 
# 
# 
   3687.6484347      0.4549486      0.1995584
   3691.3421867      0.4158072      0.1989745
   3695.0355720      0.3380168      0.1984756
   3698.7289573      0.3928146      0.1984287
   3702.4223427      0.4165543      0.1987469
   3706.1307567      0.3703412      0.1984779
   3709.8391707      0.3472795      0.1991367
   3713.5475847      0.3557590      0.1983835
   3717.2563653      0.3831205      0.1988775
   3720.9798080      0.4277465      0.1980320
   3724.7032507      0.4347307      0.1976573
   3728.4266933      0.3987514      0.1972479
   3732.1501360      0.3780132      0.1965322
   3735.8886073      0.3809972      0.1958083
   3739.6270787      0.3728016      0.1946595
   3743.3655500      0.3928622      0.1928557
   3747.1040213      0.3778383      0.1921560
   3750.8575213      0.3005168      0.1900253
   3754.6110213      0.2796583      0.1893640
   3758.3645213      0.1933476      0.1876764
   3762.1180213      0.2274726      0.1862247
   3765.8865500      0.2016377      0.1849722
   3769.6400500      0.1647563      0.1833432
   3773.4085787      0.1928641      0.1812509
   3777.1921360      0.2392628      0.1804236
   3780.9606647      0.2509860      0.1782204
   3784.7442220      0.2781399      0.1774348
   3788.5277793      0.3371376      0.1757319
   3792.3263653      0.3814999      0.1747214
   3796.1095560      0.4126788      0.1741631
   3799.9081420      0.4741286      0.1738473
   3803.7067280      0.4566538      0.1738599
   3807.5203427      0.4730907      0.1738837
   3811.3189287      0.4494630      0.1739927
   3815.1325433      0.4669178      0.1731820
   3818.9461580      0.4283063      0.1733978
   3822.7594060      0.4186245      0.1721019
   3826.5880493      0.3347210      0.1714631
   3830.4166927      0.3525110      0.1709855
   3834.2453360      0.2813619      0.1703272
   3838.0890080      0.2729395      0.1695642
   3841.9172847      0.3337762      0.1687155
   3845.7609567      0.3449589      0.1670704
   3849.6046287      0.2998390      0.1648510
   3853.4633293      0.2784711      0.1641360
   3857.3066347      0.2244431      0.1623784
   3861.1653353      0.2492156      0.1615367
   3865.0240360      0.2024069      0.1615861
   3868.8977653      0.1985081      0.1607299
   3872.7711280      0.1430496      0.1601098
   3876.6298287      0.1595912      0.1589610
   3880.5185867      0.1707656      0.1587797
   3884.3919493      0.1923140      0.1579882
   3888.2807073      0.1963635      0.1566763
   3892.1694653      0.1806663      0.1566201
   3896.0578567      0.1479159      0.1556601
   3899.9616433      0.1038134      0.1555761
   3903.8500347      0.0708186      0.1556585
   3907.7538213      0.0933944      0.1555136
   3911.6726367      0.1937634      0.1549130
   3915.5760567      0.2055801      0.1540085
   3919.4948720      0.2561774      0.1532981
   3923.4133207      0.3011413      0.1522366
   3927.3471647      0.3079059      0.1507333
   3931.2656133      0.3473994      0.1496678
   3935.1994573      0.3764569      0.1492579
   3939.1329347      0.4322364      0.1476919
   3943.0667787      0.4040261      0.1464413
   3947.0152847      0.4432828      0.1452668
   3950.9641573      0.4472279      0.1444759
   3954.9126633      0.4251760      0.1436296
   3958.8765647      0.4141119      0.1430923
   3962.8250707      0.3882777      0.1425080
   3966.7889720      0.4117442      0.1424748
   3970.7525067      0.3790040      0.1429682
   3974.7314367      0.4116218      0.1425945
   3978.7100000      0.4063496      0.1429393
   3982.6885633      0.4697405      0.1434637
   3986.6674933      0.4515731      0.1438701
   3990.6610853      0.4920796      0.1441677
   3994.6400153      0.5218868      0.1440990
   3998.6336073      0.4552110      0.1435595
   4002.6422280      0.4712300      0.1436234
   4006.6361867      0.4594727      0.1443252
   4010.6448073      0.4487235      0.1442351
   4014.6534280      0.4503907      0.1449373
   4018.6774440      0.4549760      0.1456528
   4022.6860647      0.5393044      0.1454969
   4026.7097140      0.5295129      0.1462438
   4030.7483920      0.5478809      0.1463967
   4034.7724080      0.5430362      0.1459452
   4038.8110860      0.5254597      0.1458579
   4042.8497640      0.5310364      0.1458588
   4046.8884420      0.5147756      0.1459854
   4050.9425153      0.5148695      0.1461475
   4054.9962220      0.4802453      0.1462754
   4059.0499287      0.5045600      0.1460623
   4063.1036353      0.5359279      0.1450901
   4067.1723707      0.5810067      0.1444641
   4071.2264440      0.5720621      0.1438689
   4075.3102080      0.5713372      0.1439445
   4079.3789433      0.5386736      0.1430613
   4083.4627073      0.5096678      0.1426566
   4087.5464713      0.5635340      0.1421332
   4091.6302353      0.5359684      0.1413534
   4095.7290280      0.5717654      0.1399879
   4099.8127920      0.5417947      0.1389127
   4103.9115847      0.5391169      0.1385510
   4108.0254060      0.5315385      0.1377882
   4112.1245653      0.5091135      0.1368627
   4116.2383867      0.5101732      0.1364307
   4120.3522080      0.4944623      0.1361488
   4124.4810580      0.4976338      0.1359758
   4128.6099080      0.4927512      0.1354458
   4132.7387580      0.5001101      0.1353122
   4136.8676080      0.4998023      0.1352869
   4140.9964580      0.5284206      0.1357678
   4145.1403367      0.5087222      0.1357715
   4149.2842153      0.4727951      0.1352593
   4153.4427560      0.4980557      0.1350830
   4157.5866347      0.4450194      0.1347866
   4161.7455420      0.4713480      0.1344261
   4165.9194780      0.5406310      0.1335808
   4170.0783853      0.5422878      0.1330269
   4174.2523213      0.5732346      0.1323079
   4178.4262573      0.5996833      0.1314740
   4182.6001933      0.6077381      0.1305919
   4186.7891580      0.6310609      0.1297147
   4190.9777560      0.6800866      0.1284912
   4195.1667207      0.7012786      0.1281621
   4199.3556853      0.7213883      0.1272494
   4203.5596787      0.7030217      0.1263703
   4207.7636720      0.6788814      0.1255392
   4211.9676653      0.7221178      0.1244667
   4216.1863207      0.7513953      0.1237313
   4220.4053427      0.8057300      0.1230558
   4224.6243647      0.8173957      0.1225388
   4228.8433867      0.8028377      0.1222628
   4233.0770707      0.8028987      0.1221918
   4237.3111213      0.7922157      0.1217565
   4241.5451720      0.7477304      0.1216334
   4245.7788560      0.7734724      0.1214740
   4250.0279353      0.7577805      0.1212624
   4254.2770147      0.7115939      0.1209771
   4258.5407560      0.7320868      0.1206857
   4262.7898353      0.7472403      0.1204943
   4267.0539433      0.7338389      0.1200217
   4271.3327133      0.7345221      0.1198995
   4275.5968213      0.7035554      0.1197833
   4279.8759580      0.7309886      0.1196292
   4284.1547280      0.6977188      0.1194244
   4288.4338647      0.7125589      0.1192817
   4292.7276633      0.7438776      0.1191423
   4297.0218287      0.7721627      0.1189732
   4301.3159940      0.7372464      0.1187667
   4305.6248213      0.7168048      0.1182691
   4309.9189867      0.7068183      0.1181468
   4314.2278140      0.6991032      0.1181351
   4318.5520367      0.7168243      0.1182193
   4322.8608640      0.7062796      0.1183165
   4327.1850867      0.7207050      0.1184253
   4331.5239713      0.7259377      0.1184944
   4335.8481940      0.7302015      0.1184720
   4340.1870787      0.7535293      0.1184034
   4344.5259633      0.7563922      0.1179240
   4348.8652147      0.7972648      0.1178725
   4353.2191280      0.8295220      0.1178471
   4357.5734080      0.8202445      0.1174968
   4361.9273213      0.7994760      0.1175213
   4366.2962633      0.8057118      0.1175151
   4370.6655720      0.8119482      0.1175015
   4375.0345140      0.8674124      0.1176104
   4379.4034560      0.8705359      0.1177875
   4383.7877933      0.8556876      0.1179669
   4388.1717640      0.8479142      0.1182209
   4392.5557347      0.8340734      0.1185377
   4396.9551007      0.7890271      0.1185330
   4401.3541000      0.8176938      0.1187308
   4405.7530993      0.8229778      0.1187651
   4410.1524653      0.8004684      0.1187180
   4414.5664933      0.7987504      0.1186518
   4418.9805213      0.7681605      0.1185489
   4423.3945493      0.8037392      0.1183814
   4427.8236060      0.8452299      0.1181764
   4432.2530293      0.8284783      0.1179455
   4436.6820860      0.7978310      0.1172580
   4441.1261713      0.7949225      0.1169544
   4445.5552280      0.8127924      0.1166027
   4449.9993133      0.8415824      0.1161794
   4454.4587940      0.7844071      0.1157085
   4458.9179080      0.7790894      0.1152494
   4463.3770220      0.8030655      0.1147865
   4467.8361360      0.7938621      0.1139043
   4472.3102787      0.7639428      0.1135070
   4476.7693927      0.7537178      0.1132482
   4481.2585640      0.7286638      0.1131019
   4485.7327067      0.7235342      0.1131087
   4490.2218780      0.6805518      0.1129245
   4494.7110493      0.6762655      0.1130908
   4499.2002207      0.6538540      0.1132176
   4503.7044207      0.6498166      0.1132970
   4508.2086207      0.6936178      0.1133713
   4512.7128207      0.6877174      0.1134504
   4517.2320493      0.6617261      0.1131994
   4521.7512780      0.6415163      0.1132694
   4526.2705067      0.6257416      0.1133365
   4530.7897353      0.6180192      0.1136987
   4535.3239927      0.6768097      0.1133244
   4539.8582500      0.7000232      0.1132260
   4544.4075360      0.6883009      0.1130702
   4548.9417933      0.6683084      0.1129288
   4553.4910793      0.6695990      0.1127678
   4558.0553940      0.6683053      0.1122018
   4562.6043133      0.6532987      0.1119878
   4567.1686280      0.6404923      0.1117715
   4571.7329427      0.6347097      0.1115258
   4576.3122860      0.6186595      0.1107974
   4580.8916293      0.6471536      0.1107281
   4585.4706060      0.6026245      0.1103443
   4590.0499493      0.6175261      0.1099412
   4594.6443213      0.5845984      0.1091472
   4599.2386933      0.5709462      0.1087630
   4603.8330653      0.5331959      0.1083917
   4608.4420993      0.5435315      0.1080566
   4613.0515000      0.5258972      0.1074346
   4617.6609007      0.5217744      0.1072266
   4622.2849633      0.5317312      0.1073424
   4626.9093927      0.5287935      0.1068240
   4631.5338220      0.5194595      0.1066432
   4636.1578847      0.5514432      0.1064318
   4640.7973427      0.5707746      0.1058915
   4645.4368007      0.5522216      0.1056993
   4650.0909207      0.4764757      0.1058274
   4654.7303787      0.4997896      0.1053701
   4659.3848653      0.5113863      0.1052299
   4664.0540140      0.5517585      0.1051172
   4668.7235293      0.5367131      0.1050011
   4673.3776493      0.5590644      0.1045320
   4678.0621933      0.5850882      0.1046533
   4682.7313420      0.6222848      0.1041403
   4687.4158860      0.6465588      0.1039628
   4692.1000633      0.6243894      0.1037740
   4696.7996360      0.6151525      0.1032559
   4701.4988420      0.6862277      0.1033428
   4706.1984147      0.7277334      0.1031290
   4710.8976207      0.7243528      0.1025669
   4715.6122220      0.7702364      0.1023451
   4720.3264567      0.7725071      0.1021207
   4725.0560867      0.7832492      0.1019069
   4729.7703213      0.8028988      0.1017571
   4734.4995847      0.7993330      0.1013083
   4739.2442433      0.7848611      0.1011872
   4743.9735067      0.7753789      0.1013694
   4748.7181653      0.7609043      0.1010140
   4753.4774860      0.7642213      0.1009209
   4758.2217780      0.7919536      0.1004914
   4762.9814653      0.8050621      0.1007568
   4767.7558147      0.7863141      0.1008261
   4772.5151353      0.7891328      0.1006642
   4777.2894847      0.7609814      0.1007553
   4782.0642007      0.7510031      0.1009691
   4786.8535787      0.7565047      0.1012013
   4791.6429567      0.7400063      0.1012085
   4796.4323347      0.6925357      0.1014821
   4801.2220793      0.6916614      0.1021089
   4806.0264860      0.7054232      0.1249087
   4810.8308927      0.7312340      0.1254789
   4815.6503280      0.6956599      0.1262196
   4820.4547347      0.6589460      0.1267814
   4825.2745367      0.6117594      0.1266816
   4830.1090007      0.5939823      0.1275488
   4834.9284360      0.5688608      0.1277111
   4839.7779287      0.5773131      0.1271330
   4844.6123927      0.5713162      0.1275453
   4849.4618853      0.5872859      0.1266718
   4854.3113780      0.6587983      0.1268450
   4859.1608707      0.6435928      0.1257946
   4864.0253920      0.6454558      0.1253742
   4868.8899133      0.7206820      0.1248722
   4873.7544347      0.7298864      0.1244874
   4878.6339847      0.7859218      0.1240870
   4883.5135347      0.7476693      0.1240176
   4888.3930847      0.7426635      0.1229586
   4893.2726347      0.7084254      0.1226311
   4898.1672133      0.6678116      0.1223747
   4903.0768207      0.6544298      0.1222174
   4907.9713993      0.6997314      0.1225427
   4912.8810067      0.7072302      0.1221236
   4917.7906140      0.6648249      0.1217775
   4922.7152500      0.6692396      0.1217571
   4927.6398860      0.6763179      0.1213261
   4932.5645220      0.6805509      0.1218740
   4937.5041867      0.6726383      0.1215790
   4942.4284560      0.6165110      0.1223493
   4947.3831493      0.5866773      0.1221033
   4952.3228140      0.6253738      0.1217004
   4957.2775073      0.6089778      0.1223212
   4962.2322007      0.6276218      0.1218491
   4967.2015560      0.6524997      0.1223243
   4972.1712780      0.6728786      0.1216617
   4977.1410000      0.7499194      0.1219074
   4982.1107220      0.7993216      0.1211592
   4987.0951060      0.8169304      0.1208666
   4992.0798567      0.8478352      0.1206183
   4997.0796360      0.8202583      0.1206549
   5002.0794153      0.8806252      0.1208401
   5007.0788280      0.9081118      0.1202237
   5012.0786073      0.8741633      0.1187361
   5017.0934153      0.8928877      0.1189012
   5022.1078567      0.8561037      0.1183728
   5027.1376933      0.8349314      0.1189935
   5032.1671633      0.7900124      0.1187732
   5037.1970000      0.7748523      0.1192470
   5042.2268367      0.7735132      0.1190495
   5047.2713353      0.7655670      0.1192510
   5052.3162007      0.7950436      0.1189475
   5057.3757280      0.7803693      0.1196036
   5062.4356220      0.6946687      0.1191547
   5067.4951493      0.7118034      0.1191960
   5072.5700720      0.6863145      0.1191497
   5077.6446280      0.7080300      0.1189361
   5082.7195507      0.6971099      0.1181542
   5087.7941067      0.6790061      0.1183586
   5092.8840580      0.7638252      0.1180026
   5097.9736427      0.7690524      0.1172091
   5103.0782560      0.7959985      0.1173822
   5108.1832360      0.8573288      0.1168229
   5113.2878493      0.8896521      0.1169004
   5118.4078580      0.8595408      0.1166491
   5123.5124713      0.8905455      0.1176045
   5128.6471420      0.9017935      0.1184769
   5133.7671507      0.9183500      0.1181126
   5138.9018213      0.9089551      0.1176678
   5144.0515207      0.8316854      0.1176804
   5149.1865580      0.8587985      0.1177503
   5154.3362573      0.7910832      0.1178166
   5159.4859567      0.7318811      0.1178138
   5164.6506847      0.6872641      0.1177333
   5169.8157793      0.6955531      0.1177037
   5174.9955360      0.6380500      0.1172207
   5180.1602640      0.5695570      0.1172179
   5185.3400207      0.5723512      0.1177256
   5190.5348060      0.6046668      0.1173406
   5195.7149293      0.5730757      0.1174940
   5200.9097147      0.6516181      0.1172297
   5206.1195287      0.7068921      0.1175167
   5211.3293427      0.7246345      0.1182452
   5216.5391567      0.7119276      0.1184440
   5221.7489707      0.7366742      0.1180885
   5226.9738133      0.7520966      0.1181305
   5232.1986560      0.7786756      0.1182804
   5237.4388940      0.7710678      0.1181004
   5242.6787653      0.8353695      0.1180477
   5247.9186367      0.8464139      0.1180615
   5253.1585080      0.8251258      0.1177537
   5258.4134080      0.8181281      0.1180275
   5263.6683080      0.8094761      0.1184323
   5268.9382367      0.8304870      0.1188209
   5274.2081653      0.8271121      0.1191247
   5279.4780940      0.7969347      0.1196028
   5284.7626847      0.8201721      0.1202454
   5290.0476420      0.7300136      0.1208898
   5295.3325993      0.7610053      0.1210053
   5300.6325853      0.8090785      0.1216965
   5305.9325713      0.8101516      0.1224038
   5311.2475860      0.8377872      0.1230065
   5316.5475720      0.8739654      0.1229413
   5321.8625867      0.9497676      0.1233539
   5327.1922633      0.9685008      0.1240378
   5332.5223067      0.9832360      0.1241675
   5337.8523500      0.9605397      0.1238466
   5343.1823933      0.9745221      0.1240316
   5348.5274653      0.9135562      0.1241082
   5353.8721707      0.8871763      0.1241139
   5359.2322713      0.9065614      0.1241630
   5364.5923720      0.8891003      0.1242666
   5369.9671347      0.8739821      0.1234152
   5375.3272353      0.8793057      0.1232923
   5380.7023647      0.9109350      0.1231300
   5386.0921560      0.8393753      0.1230143
   5391.4672853      0.8384836      0.1229283
   5396.8574433      0.8509782      0.1228550
   5402.2622633      0.8458762      0.1223720
   5407.6674500      0.9118519      0.1224257
   5413.0726367      0.9367451      0.1225739
   5418.4924853      0.9269689      0.1228176
   5423.8976720      0.9459115      0.1231424
   5429.3325493      0.9538940      0.1235106
   5434.7527647      0.9866410      0.1239306
   5440.1876420      0.9944374      0.1244089
   5445.6379147      0.9818402      0.1243762
   5451.0727920      1.0253580      0.1248658
   5456.5230647      1.0156595      0.1253928
   5461.9879993      0.9881861      0.1259937
   5467.4533007      1.0083405      0.1266903
   5472.9182353      0.9476101      0.1274825
   5478.3985653      0.9157134      0.1283114
   5483.8635000      0.8559609      0.1291767
   5489.3584920      0.8105655      0.1301093
   5494.8388220      0.8308789      0.1312161
   5500.3338140      0.8082578      0.1332451
   5505.8438347      0.7713517      0.1359379
   5511.3391933      0.7602356      0.1379859
   5516.8642427      0.7652764      0.1370663
   5522.3742633      0.7990118      0.1366484
   5527.8996793      0.8215297      0.1384889
   5533.4247287      0.8854014      0.1413814
   5538.9648067      0.9233789      0.1447168
   5544.4898560      0.9878399      0.1482418
   5550.0453293      1.0170968      0.1516847
   5555.5854073      1.0937500      0.1546716
   5561.1555427      1.1139938      0.1568596
   5566.7106493      1.1274155      0.1580061
   5572.2807847      1.2019167      0.1579788
   5577.8512867      1.3052158      0.1568222
   5583.4214220      1.3857532      0.1536277
   5589.0065860      1.4152782      0.1495668
   5594.6067787      1.3377579      0.1448621
   5600.1919427      1.2462434      0.1398199
   5605.7921353      1.2163436      0.1346188
   5611.4073567      1.1017230      0.1295160
   5617.0075493      1.0282800      0.1247250
   5622.6377993      1.0037814      0.1203060
   5628.2530207      1.0122303      0.1168606
   5633.8832707      1.0152123      0.1143605
   5639.5135207      1.0247720      0.1128289
   5645.1587993      1.0288442      0.1114129
   5650.8040780      1.0393052      0.1086327
   5656.4493567      1.0271804      0.1058651
   5662.1096640      0.9640452      0.1036124
   5667.7699713      0.9250394      0.1021275
   5673.4453073      0.8667998      0.1009548
   5679.1056147      0.8573936      0.0998583
   5684.7959793      0.8747488      0.0987117
   5690.4713153      0.8391164      0.0976047
   5696.1613133      0.8516156      0.0964881
   5701.8667067      0.8655286      0.0953108
   5707.5721000      0.8042967      0.0940769
   5713.2774933      0.8011738      0.0928500
   5718.9828867      0.7483639      0.0916406
   5724.7029420      0.7132877      0.0904351
   5730.4383927      0.6952692      0.0894524
   5736.1588147      0.6875140      0.0883384
   5741.8942653      0.6512833      0.0866848
   5747.6443780      0.6062905      0.0854197
   5753.3948573      0.5369397      0.0844400
   5759.1453367      0.5207779      0.0834720
   5764.8954493      0.5283950      0.0829190
   5770.6609573      0.6111207      0.0825762
   5776.4414940      0.6619411      0.0824583
   5782.2216640      0.6745981      0.0822452
   5788.0022007      0.7192165      0.0818378
   5793.7823707      0.7507579      0.0813055
   5799.5779360      0.8147846      0.0808782
   5805.3731347      0.8374929      0.0800462
   5811.1837287      0.8469409      0.0814668
   5816.9939560      0.9140202      0.0814345
   5822.8195787      0.9479771      0.0807654
   5828.6298060      0.9699358      0.0792975
   5834.4704573      1.0306371      0.0783636
   5840.2957133      1.0354794      0.0783613
   5846.1363647      1.0543766      0.0785737
   5851.9916780      1.0430133      0.0793535
   5857.8473580      1.1049528      0.0803144
   5863.7026713      1.1335334      0.0813429
   5869.5579847      1.1727020      0.0824304
   5875.4286933      1.1805089      0.0835683
   5881.3140640      1.2015713      0.0841957
   5887.1844060      1.2123007      0.0847102
   5893.0851720      1.1706069      0.0844465
   5898.9705427      1.1174695      0.0838806
   5904.8709420      1.1103884      0.0831286
   5910.7717080      1.1894083      0.0820640
   5916.6871360      1.1738174      0.0805000
   5922.6025640      1.2024564      0.0792220
   5928.5330207      1.1787341      0.0779712
   5934.4488153      1.1721854      0.0766369
   5940.3943007      1.1928509      0.0754976
   5946.3247573      1.1967406      0.0743603
   5952.2702427      1.1764053      0.0738757
   5958.2307567      1.1522574      0.0741997
   5964.1912707      1.1194781      0.0753760
   5970.1517847      1.0816767      0.0736695
   5976.1276940      1.0733510      0.0731878
   5982.1032367      1.0919189      0.0725381
   5988.0787793      1.0818111      0.0722803
   5994.0693507      1.0870267      0.0718477
   6000.0599220      1.1137480      0.0716215
   6006.0655220      1.1323589      0.0714333
   6012.0711220      1.1722358      0.0712537
   6018.0767220      1.1114628      0.0710224
   6024.0973507      1.0769511      0.0708792
   6030.1179793      1.0386406      0.0707231
   6036.1536367      1.0324755      0.0705239
   6042.1892940      1.0186012      0.0700310
   6048.2396133      1.0211875      0.0698439
   6054.2752707      1.0216932      0.0700207
   6060.3409853      0.9901800      0.0694868
   6066.4067000      1.0065190      0.0691666
   6072.4724147      0.9527529      0.0688938
   6078.5381293      0.9532585      0.0684018
   6084.6185060      0.9501835      0.0698182
   6090.6992493      0.9443383      0.0687407
   6096.7950213      0.9713411      0.0679402
   6102.8907933      0.9721467      0.0678189
   6108.9865653      0.9390171      0.0678755
   6115.0969993      0.9223229      0.0680507
   6121.2228287      0.9100961      0.0683213
   6127.3336293      0.9373235      0.0685889
   6133.4741207      0.9578002      0.0685505
   6139.5999500      0.9889231      0.0690309
   6145.7408080      1.0023333      0.0691509
   6151.8816659      0.9911864      0.0689076
   6158.0368195      1.0055103      0.0689153
   6164.1927060      1.0052973      0.0687168
   6170.3639879      0.9983672      0.0679319
   6176.5345367      0.9573305      0.0675054
   6182.7050853      0.9578544      0.0667394
   6188.8910293      0.9706022      0.0663931
   6195.0769732      0.9873289      0.0658647
   6201.2775793      0.9617304      0.0651648
   6207.4781853      0.9301037      0.0648608
   6213.6787915      0.9233136      0.0648599
   6219.8947927      0.8956380      0.0651923
   6226.1254560      0.8645475      0.0649260
   6232.3414573      0.8286601      0.0644215
   6238.5875159      0.8306323      0.0646851
   6244.8181793      0.8296245      0.0653309
   6251.0642379      0.8139294      0.0650261
   6257.3095633      0.7961185      0.0652176
   6263.5702841      0.7548175      0.0653704
   6269.8317379      0.7311440      0.0659878
   6276.1071207      0.6875293      0.0663708
   6282.3832367      0.6900265      0.0670384
   6288.6740147      0.6859413      0.0672526
   6294.9501305      0.6991340      0.0671395
   6301.2555707      0.7001429      0.0668915
   6307.5463488      0.7019133      0.0795532
   6313.8525220      0.6923205      0.0780704
   6320.1733573      0.7227587      0.0775598
   6326.4941927      0.7218081      0.0760799
   6332.8150280      0.7065310      0.0748601
   6339.1512585      0.6991533      0.0735066
   6345.4867560      0.6909977      0.0724770
   6351.8376488      0.6883867      0.0717222
   6358.1885415      0.6784589      0.0717870
   6364.5548293      0.6400054      0.0701911
   6370.9203841      0.6634913      0.0687171
   6377.2866720      0.6814662      0.0671543
   6383.6676220      0.7138144      0.0667077
   6390.0485720      0.7226760      0.0657487
   6396.4441841      0.7649356      0.0649175
   6402.8405293      0.7591900      0.0639696
   6409.2361415      0.7852584      0.0633644
   6415.6471488      0.7696115      0.0629756
   6422.0581560      0.8168923      0.0629683
   6428.4845585      0.8168837      0.0628078
   6434.9102280      0.8493692      0.0626299
   6441.3512927      0.8239873      0.0627846
   6447.7923573      0.8343046      0.0625525
   6454.2334220      0.8334395      0.0628806
   6460.6891488      0.9087679      0.0627238
   6467.1602707      0.9116493      0.0632099
   6473.6167305      0.9045686      0.0630724
   6480.1025147      0.9417930      0.0633924
   6486.5736367      0.9592888      0.0630688
   6493.0594207      0.9742227      0.0630592
   6499.5606000      0.9556680      0.0632010
   6506.0617793      0.9727900      0.0629896
   6512.5629585      0.9807323      0.0628257
   6519.0788000      1.0055854      0.0629596
   6525.5946415      1.0212961      0.0630139
   6532.1258780      0.9918085      0.0636684
   6538.6571147      0.9301984      0.0637430
   6545.1883512      0.9384320      0.0639552
   6551.7342500      0.9136779      0.0640472
   6558.2955440      0.8809584      0.0641803
   6564.8414427      0.8444682      0.0640410
   6571.4173988      0.8405027      0.0634983
   6577.9786927      0.8801116      0.0625552
   6584.5546488      0.8765610      0.0620937
   6591.1460000      0.8634246      0.0612864
   6597.7373512      0.8627446      0.0602959
   6604.3433647      0.8694900      0.0597886
   6610.9347159      0.8286473      0.0589712
   6617.5553915      0.8100041      0.0586110
   6624.1768000      0.7926828      0.0589086
   6630.7982085      0.7901912      0.0583807
   6637.4188841      0.7956828      0.0577347
   6644.0703500      0.8312713      0.0573181
   6650.7064207      0.8509504      0.0575320
   6657.3578867      0.8507423      0.0574204
   6664.0240147      0.8673018      0.0573307
   6670.6754805      0.9248021      0.0578224
   6677.3562707      0.9052040      0.0577801
   6684.0223988      0.9478781      0.0580037
   6690.7185841      0.9750265      0.0581296
   6697.4001073      1.0155491      0.0581137
   6704.1116879      1.0770972      0.0578693
   6710.8078732      1.0657241      0.0574628
   6717.5187207      1.0911503      0.0566870
   6724.2449633      1.1276785      0.0563743
   6730.9565440      1.1963911      0.0562817
   6737.6974488      1.2327325      0.0555707
   6744.4236915      1.2711575      0.0543401
   6751.1799915      1.2597944      0.0539598
   6757.9216293      1.2932971      0.0540832
   6764.6779293      1.3416511      0.0544380
   6771.4488915      1.3894714      0.0548371
   6778.2205867      1.3882725      0.0550290
   6785.0069440      1.4323077      0.0547622
   6791.7779060      1.4565543      0.0554326
   6798.5796585      1.4933596      0.0563085
   6805.3806780      1.4853915      0.0564713
   6812.1824305      1.5167739      0.0563081
   6818.9981121      1.5361789      0.0563086
   6825.8145268      1.5621499      0.0566311
   6832.6463367      1.5668699      0.0565496
   6839.4774133      1.5717354      0.0568250
   6846.3092232      1.6125110      0.0573119
   6853.1549621      1.6802574      0.0580679
   6860.0168293      1.7457976      0.0588200
   6866.8779633      1.7515033      0.0593806
   6873.7398305      1.7471281      0.0589004
   6880.6156268      1.7264450      0.0590249
   6887.4921560      1.7018561      0.0586590
   6894.3840805      1.6519285      0.0583115
   6901.2752720      1.6125726      0.0576171
   6908.1818585      1.5838073      0.0567237
   6915.0877121      1.5449628      0.0558473
   6922.0096940      1.5094682      0.0548195
   6928.9309427      1.4683946      0.0545972
   6935.8521915      1.4094996      0.0542601
   6942.7888353      1.4143999      0.0537940
   6949.7401415      1.4095957      0.0532364
   6956.6921805      1.3980689      0.0527549
   6963.6434867      1.4066747      0.0520950
   6970.6101879      1.4258378      0.0516245
   6977.5761560      1.4547907      0.0512573
   6984.5575195      1.4286897      0.0508674
   6991.5396159      1.4659876      0.0502987
   6998.5356415      1.4420487      0.0497268
   7005.5324000      1.4624456      0.0494358
   7012.5438207      1.4593939      0.0490573
   7019.5405793      1.4256485      0.0488804
   7026.5666621      1.3890989      0.0485623
   7033.5934780      1.3604757      0.0484612
   7040.6349560      1.3085068      0.0484952
   7047.6764341      1.2433515      0.0484866
   7054.7179121      1.1648437      0.0483475
   7061.7747853      1.0857157      0.0482969
   7068.8316585      1.0407407      0.0482079
   7075.9031940      1.0179878      0.0480813
   7082.9747293      0.9989286      0.0475248
   7090.0609268      0.9894810      0.0471266
   7097.1625195      0.9697343      0.0468938
   7104.2494500      0.9779740      0.0467260
   7111.3510427      0.9856225      0.0466747
   7118.4680305      0.9746624      0.0466195
   7125.5842853      1.0184562      0.0464926
   7132.7159353      1.0508149      0.0465399
   7139.8475853      1.0978919      0.0466010
   7146.9946305      1.1260376      0.0464947
   7154.1262805      1.1376480      0.0465919
   7161.2879879      1.1559263      0.0465926
   7168.4489621      1.1788423      0.0473952
   7175.6260647      1.2067699      0.0474758
   7182.8024341      1.1895576      0.0466741
   7189.9795367      1.1619697      0.0461775
   7197.1713012      1.1653221      0.0464096
   7204.3630659      1.1804080      0.0473635
   7211.5694927      1.2040880      0.0486315
   7218.7759195      1.2274808      0.0494669
   7225.9977415      1.2034936      0.0503064
   7233.2349585      1.1723799      0.0516323
   7240.4714427      1.2008283      0.0531446
   7247.7079268      1.1990864      0.0554848
   7254.9451440      1.1822252      0.0566714
   7262.2116853      1.1784292      0.0582141
   7269.4635647      1.1496153      0.0585278
   7276.7301060      1.1290151      0.0582237
   7284.0120427      1.1566575      0.0580265
   7291.2939793      1.1704735      0.0583539
   7298.5905780      1.1875706      0.0589959
   7305.8871768      1.2556432      0.0599555
   7313.1991707      1.2817003      0.0592452
   7320.5111647      1.2990650      0.0584417
   7327.8231585      1.3249793      0.0577624
   7335.1644768      1.3406444      0.0565055
   7342.4918659      1.3786790      0.0556534
   7349.8331841      1.4108032      0.0552675
   7357.1906305      1.3738635      0.0543749
   7364.5473440      1.3296020      0.0529444
   7371.9040573      1.2829020      0.0514000
   7379.2908280      1.2528796      0.0499813
   7386.6629367      1.2445033      0.0494597
   7394.0497073      1.1780171      0.0488312
   7401.4518732      1.0887626      0.0486668
   7408.8386440      1.0836643      0.0475592
   7416.2554720      1.0578849      0.0471242
   7423.6723000      1.0166634      0.0466417
   7431.0891280      1.0101422      0.0469581
   7438.5213512      1.0025730      0.0472648
   7445.9682367      1.0152655      0.0472857
   7453.4151220      0.9875742      0.0474517
   7460.8620073      0.9989786      0.0477619
   7468.3242879      0.9853153      0.0480240
   7475.8012305      0.9922808      0.0480066
   7483.2781732      1.0052522      0.0479111
   7490.7551159      1.0257884      0.0482531
   7498.2467207      0.9921597      0.0482658
   7505.7390585      0.9974842      0.0477708
   7513.2460585      0.9730555      0.0471741
   7520.7677207      0.9504737      0.0471447
   7528.2901159      0.9412996      0.0479830
   7535.8117780      0.8863655      0.0477339
   7543.3488353      0.8493591      0.0466671
   7550.8858927      0.8562384      0.0468894
   7558.4376121      0.8333620      0.0472831
   7566.0047268      0.8093875      0.0482913
   7573.5718415      0.8083163      0.0501999
   7581.1543512      0.8038023      0.0526136
   7588.7214659      0.8109733      0.0553565
   7596.3186379      0.7885024      0.0585332
   7603.9150768      0.7983022      0.0619211
   7611.5122488      0.7853183      0.0638269
   7619.1248159      0.8469985      0.0650907
   7626.7513121      0.9076392      0.0659472
   7634.3785415      0.9672446      0.0650447
   7642.0057707      0.9642877      0.0640410
   7649.6476621      0.9482211      0.0581506
   7657.3049488      0.9874030      0.0545667
   7664.9622353      1.0258821      0.0523898
   7672.6195220      1.0450419      0.0524612
   7680.2914707      1.0564958      0.0516822
   7687.9788147      1.0807709      0.0508123
   7695.6661585      1.1142516      0.0511361
   7703.3681647      1.1462340      0.0521173
   7711.0701707      1.1367261      0.0528426
   7718.7721768      1.1615678      0.0545169
   7726.5049732      1.1758264      0.0534834
   7734.2216415      1.1900975      0.0528484
   7741.9544379      1.1908106      0.0527389
   7749.7011633      1.1945759      0.0531407
   7757.4486220      1.2119004      0.0524170
   7765.2107427      1.2630309      0.0529525
   7772.9728633      1.2572430      0.0534652
   7780.7503793      1.2491798      0.0545352
   7788.5271621      1.2394096      0.0551347
   7796.3200732      1.2437600      0.0542010
   7804.1122512      1.2627544      0.0537020
   7811.9190915      1.2756761      0.0532737
   7819.7266647      1.3029138      0.0536468
   7827.5489000      1.2944711      0.0534495
   7835.3865305      1.3102241      0.0535302
   7843.2087659      1.2911286      0.0536753
   7851.0610585      1.3059691      0.0534873
   7858.9133512      1.2935573      0.0535489
   7866.7656440      1.3037655      0.0543209
   7874.6325988      1.2921613      0.0535035
   7882.5149488      1.2971087      0.0538506
   7890.3972988      1.2926908      0.0542747
   7898.2796488      1.2976050      0.0537477
   7906.1773940      1.3398219      0.0527225
   7914.0898012      1.3500047      0.0521091
   7922.0022085      1.3541987      0.0511891
   7929.9292780      1.3652439      0.0505094
   7937.8570805      1.3437704      0.0497553
   7945.7988121      1.3384897      0.0495034
   7953.7412768      1.3102494      0.0489994
   7961.6991367      1.3305910      0.0483751
   7969.6562633      1.3316303      0.0480468
   7977.6287853      1.3300177      0.0478263
   7985.6013073      1.3427987      0.0492233
   7993.5884915      1.3259268      0.0509165
   8001.5910707      1.3238190      0.0481314
   8009.5936500      1.3314505      0.0473321
   8017.5962293      1.3783455      0.0470211
   8025.6134707      1.3749335      0.0474547
   8033.6461073      1.3812922      0.0471529
   8041.6787440      1.4016465      0.0467188
   8049.7260427      1.4127005      0.0466710
   8057.7586793      1.4213539      0.0467649
   8065.8213732      1.4514838      0.0465790
   8073.8987293      1.4643563      0.0464237
   8081.9614232      1.4513686      0.0453790
   8090.0534415      1.4365865      0.0449300
   8098.1315305      1.4652354      0.0442838
   8106.2389440      1.4849471      0.0431874
   8114.3463573      1.4926028      0.0418280
   8122.4537707      1.5122629      0.0409012
   8130.5765793      1.5168293      0.0405188
   8138.7140500      1.5148228      0.0405987
   8146.8515207      1.5180284      0.0402296
   8155.0043867      1.5102338      0.0392574
   8163.1565195      1.5303595      0.0390421
   8171.3247805      1.5379415      0.0389730
   8179.4923085      1.5229597      0.0389209
   8187.6744988      1.5356175      0.0387721
   8195.8574220      1.5159361      0.0384800
   8204.0550073      1.4942292      0.0389214
   8212.2525927      1.4712490      0.0389010
   8220.4655732      1.4991027      0.0388654
   8228.6932159      1.4648039      0.0384356
   8236.9208585      1.4576041      0.0384881
   8245.1631633      1.4628221      0.0390585
   8253.4062012      1.4509767      0.0398865
   8261.6639012      1.4462548      0.0414185
   8269.9216012      1.4333125      0.0430388
   8278.1939633      1.4410321      0.0436201
   8286.4670585      1.4142939      0.0437355
   8294.7548159      1.3965501      0.0438748
   8303.0425732      1.3733736      0.0448244
   8311.3449927      1.3678739      0.0452554
   8319.6628073      1.3751012      0.0462260
   8327.9806220      1.3545398      0.0458057
   8336.3130988      1.3501229      0.0458186
   8344.6463085      1.3438088      0.0457271
   8352.9941805      1.2780657      0.0460122
   8361.3567147      1.2922254      0.0464614
   8369.7045867      1.2780122      0.0472664
   8378.0825159      1.2754390      0.0475794
   8386.4597121      1.2400621      0.0476131
   8394.8530367      1.2228371      0.0468461
   8403.2456280      1.1803060      0.0464396
   8411.6382195      1.1748666      0.0467177
   8420.0616012      1.1941506      0.0482708
   8428.4842500      1.1510061      0.0487108
   8436.9068988      1.1415118      0.0463495
   8445.3449427      1.1240366      0.0447248
   8453.7829867      1.0899616      0.0439829
   8462.2356927      1.0810200      0.0435050
   8470.7037940      1.0449704      0.0425555
   8479.1711621      1.0190737      0.0414908
   8487.6546585      1.0108443      0.0404194
   8496.1520841      1.0051738      0.0399552
   8504.6355805      0.9950045      0.0393713
   8513.1484012      0.9814871      0.0386367
   8521.6612220      0.9929360      0.0375110
   8530.1740427      0.9973500      0.0375107
   8538.7169207      1.0235029      0.0375059
   8547.2451367      1.0191778      0.0373679
   8555.8026768      1.0045125      0.0363342
   8564.3609500      1.0263370      0.0359944
   8572.9192232      1.0683265      0.0371739
   8581.4921585      1.0742875      0.0387987
   8590.0797560      1.0858738      0.0402554
   8598.6680867      1.0829997      0.0414584
   8607.2710793      1.0786809      0.0442317
   8615.8740720      1.0574524      0.0477818
   8624.4917268      1.0338216      0.0524377
   8633.1101147      1.0108999      0.0557318
   8641.7431647      1.0093238      0.0575139
   8650.3908768      0.9846736      0.0585602
   8659.0393220      0.9713348      0.0578300
   8667.7024293      0.9197474      0.0545481
   8676.3655367      0.9181052      0.0531008
   8685.0433060      0.9280435      0.0504265
   8693.7218085      0.9241869      0.0485671
   8702.4296353      0.9407202      0.0441642
   8711.1228000      0.9351985      0.0414728
   8719.8460220      0.9393461      0.0401233
   8728.5538488      0.9709567      0.0402969
   8737.2924659      0.9804983      0.0420527
   8746.0303500      0.9980354      0.0438517
   8754.7682341      1.0351423      0.0446510
   8763.5215133      1.0390916      0.0442781
   8772.2901879      1.0606352      0.0443654
   8781.0581293      1.1054361      0.0447991
   8789.8414659      1.1190166      0.0445685
   8798.6394647      1.1363521      0.0453152
   8807.4374633      1.1060423      0.0449636
   8816.2354621      1.0994349      0.0447637
   8825.0642512      1.0861683      0.0443773
   8833.8769121      1.0807770      0.0448443
   8842.7203633      1.1017185      0.0473261
   8851.5638147      1.0457273      0.0478660
   8860.4072659      1.0072798      0.0498530
   8869.2800415      1.0181001      0.0491682
   8878.1388879      0.9704766      0.0480283
   8887.0270585      0.9379445      0.0476464
   8895.9152293      0.9669865      0.0483180
   8904.8034000      0.9403265      0.0499884
   8913.7069659      0.9501043      0.0529126
   8922.6251940      0.9664741      0.0508069
   8931.5434220      0.9729995      0.0493076
   8940.4763121      0.9409332      0.0493134
   8949.4253305      0.9303260      0.0478686
   8958.3736159      0.9025499      0.0467684
   8967.3219012      0.9137686      0.0453908
   8976.3002440      0.9092337      0.0429663
   8985.2785867      0.8871099      0.0412116
   8994.2569293      0.8915620      0.0394998
   9003.2499341      0.9140084      0.0392432
   9012.2583341      0.8988015      0.0383642
   9021.2667341      0.8923779      0.0370148
   9030.2905293      0.9142308      0.0369732
   9039.3289867      0.9331368      0.0357623
   9048.3674440      0.9114236      0.0349876
   9057.4205633      0.9093423      0.0341133
   9066.4744159      0.9103472      0.0340662
   9075.5429305      0.9000342      0.0341793
   9084.6107121      0.9041550      0.0333773
   9093.6946220      0.9116077      0.0326312
   9102.7931940      0.9010959      0.0318898
   9111.8917659      0.8846937      0.0316840
   9121.0050000      0.8900358      0.0316835
   9130.1336293      0.9053761      0.0318684
   9139.2622585      0.9436826      0.0316133
   9148.4055500      0.9524762      0.0310110
   9157.5488415      0.9625078      0.0309158
   9166.7075280      0.9914104      0.0308120
   9175.8662147      1.0187912      0.0308863
   9185.0549585      1.0661063      0.0309261
   9194.2429695      1.0958546      0.0308576
   9203.4317133      1.0944964      0.0306387
   9212.6351195      1.0803205      0.0307567
   9221.8539207      1.0576034      0.0313311
   9231.0727220      1.0460528      0.0316235
   9240.3061853      1.0038209      0.0323277
   9249.5396488      0.9552139      0.0318779
   9258.7885073      0.9372413      0.0318657
   9268.0520280      0.9184724      0.0328565
   9277.3155488      0.8912430      0.0343076
   9286.5944647      0.8788636      0.0364486
   9295.8880427      0.8700931      0.0389990
   9305.1816207      0.8930571      0.0416139
   9314.4905940      0.8973463      0.0448870
   9323.7988341      0.8732170      0.0478812
   9333.1224695      0.9076628      0.0511261
   9342.4615000      0.8924758      0.0529119
   9351.8005305      0.9211923      0.0549145
   9361.1542232      0.9508982      0.0543750
   9370.5225780      0.9361803      0.0531966
   9379.8762707      0.9056005      0.0506328
   9389.2600207      0.8997775      0.0511506
   9398.6591659      0.9300923      0.0524023
   9408.0575780      0.9618424      0.0530770
   9417.4713853      0.9586769      0.0532173
   9426.8851927      0.9478272      0.0538997
   9436.3136621      1.0020583      0.0536601
   9445.7428647      1.0363456      0.0533705
   9455.1867293      1.1088548      0.0549058
   9464.6452560      1.2139000      0.0586375
   9474.1191780      1.2105685      0.0589373
   9483.5931000      1.2041343      0.0567151
   9493.0670220      1.2069896      0.0567803
   9502.5710012      1.2006905      0.0554386
   9512.0749805      1.1942495      0.0560836
   9521.5782268      1.1803831      0.0550684
   9531.0976012      1.1590025      0.0579988
   9540.6316379      1.1435432      0.0539518
   9550.1803367      1.1466182      0.0537313
   9559.7290353      1.1897124      0.0512304
   9569.2777341      1.2350634      0.0510871
   9578.8572232      1.2434675      0.0498439
   9588.4359793      1.2496682      0.0487614
   9598.0301305      1.1837163      0.0481833
   9607.6235488      1.1890264      0.0471332
   9617.2323621      1.1780505      0.0475483
   9626.8565707      1.1741078      0.0462297
   9636.4653841      1.1759453      0.0457369
   9646.1049879      1.1841518      0.0452763
   9655.7585207      1.1966251      0.0461567
   9665.4127867      1.1760542      0.0462454
   9675.0817147      1.1682293      0.0470526
   9684.7506427      1.1748474      0.0469770
   9694.4496280      1.1725256      0.0464972
   9704.1339512      1.1809278      0.0456112
   9713.8329367      1.1499001      0.0456005
   9723.5619793      1.1467891      0.0464773
   9733.2756268      1.1309887      0.0461523
   9743.0046695      1.0957793      0.0458011
   9752.7491073      1.0653683      0.0454138
   9762.5082073      1.0608276      0.0454770
   9772.2673073      1.0550863      0.0449302
   9782.0410695      1.0233654      0.0442798
   9791.8302268      1.0058703      0.0447440
   9801.6193841      1.0128065      0.0444376
   9811.4239367      0.9994888      0.0449429
   9821.2277560      0.9788582      0.0452011
   9831.0469707      1.0279881      0.0460582
   9840.8815805      1.0452489      0.0461545
   9850.7301195      1.0421516      0.0474438
   9860.5793915      1.0650554      0.0485824
   9870.4440585      1.0762649      0.0491464
   9880.3079927      1.0683521      0.0504184
   9890.1873220      1.0689405      0.0508523
   9900.0813133      1.0934768      0.0523341
   9909.9907000      1.0902247      0.0540752
   9919.9000867      1.1197299      0.0576374
   9929.8094732      1.1036583      0.0602387
   9939.7481841      1.1207042      0.0622313
   9949.6876280      1.1339234      0.0635917
   9959.6417341      1.1397455      0.0646650
   9969.5965732      1.1376997      0.0658956
   9979.5653415      1.1038007      0.0666456
   9989.5502379      1.1109892      0.0674993
   9999.5344012      1.0846879      0.0688385
   10009.5332268      1.0337189      0.0702954
   10019.5481805      0.9728541      0.0714039
   10029.5624012      0.9329333      0.0741274
   10039.5912841      0.9329944      0.0746550
   10049.6355621      0.9255996      0.0759364
   10059.6805732      0.8883288      0.0777525
   10069.7395133      0.8660331      0.0790090
   10079.8138488      0.8621188      0.0819343
   10089.8881841      0.9055481      0.0842692
   10099.9925768      0.8671640      0.0889526
   10110.0823073      0.8424989      0.0980855
   10120.2013621      0.8541462      0.0985523
   10130.3211500      0.8627763      0.0992719
   10140.4556000      0.8457875      0.1004913
   10150.5900500      0.8441106      0.1021474
   10160.7391621      0.8767430      0.1051816
   10170.9036695      0.9059756      0.1094605
   10181.0681768      0.8881557      0.1173680
   10191.2627415      0.7737243      0.1302030
   10201.4426440      0.7365520      0.1378524
