# SOURCE  = 'Quimby et al. 2018' /                                                
# OBJECT  = 'PTF10hgi'           /                                                
# Z       =            0.0982000 / wavelengths in OBSERVER FRAME                 
# NORM    =            0.0237839 / fluxes divided by norm                         
# CLIPPED =                    1 / galaxy emission lines removed                  
# SMOOTHED=                    1 / spectrum has been smoothed                     
# COLUMN01= 'Wavelength (Angstrom)' /                                             
# COLUMN02= 'Flux Density (erg/s/cm2/A)' /                                        
# COLUMN03= 'Flux Density Uncertainty (erg/s/cm2/A)' /                            
# END                                                                             
# 
# 
# 
# 
# 
# 
# 
# 
# 
# 
# Converted to Observer Frame using z=0.0982
 3780.39082 0.8840512 0.2724472
 3784.16560 0.8205585 0.2353299
 3787.95274 0.7619451 0.2238563
 3791.73959 0.7315947 0.1776826
 3795.53880 0.7192887 0.1717857
 3799.32564 0.7067944 0.1541965
 3803.12456 0.6954499 0.1320980
 3806.93585 0.7356534 0.1292172
 3810.73477 0.7363555 0.1206419
 3814.54605 0.7264781 0.1101408
 3818.36911 0.7244539 0.1079617
 3822.18011 0.7526615 0.1010534
 3826.00346 0.7533098 0.0987344
 3829.83860 0.7606732 0.0966805
 3833.66166 0.7319433 0.0928181
 3837.49680 0.7313784 0.0919239
 3841.33222 0.7025247 0.0899167
 3845.17943 0.6808404 0.0874696
 3849.02664 0.6846690 0.0872953
 3852.87385 0.7044993 0.0853221
 3856.72135 0.7562514 0.0847968
 3860.58063 0.7451835 0.0843276
 3864.43991 0.7485001 0.0840914
 3868.31126 0.7896298 0.0835545
 3872.17054 0.8289843 0.0830720
 3876.04218 0.8197235 0.0812423
 3879.92561 0.8374943 0.0823362
 3883.79696 0.7993531 0.0818403
 3887.69246 0.7650883 0.0800845
 3891.57588 0.7504522 0.0811426
 3895.47138 0.7420368 0.0806332
 3899.36687 0.7631799 0.0789515
 3903.26237 0.7236304 0.0783901
 3907.16994 0.7480257 0.0794519
 3911.07751 0.7379848 0.0789786
 3914.98507 0.7244843 0.0772718
 3918.90471 0.7013631 0.0782968
 3922.82435 0.6941127 0.0778085
 3926.74400 0.7193409 0.0761796
 3930.66364 0.6650524 0.0756406
 3934.59535 0.6800455 0.0766658
 3938.53913 0.6840824 0.0751145
 3942.47085 0.6734380 0.0745633
 3946.41463 0.6440535 0.0740545
 3950.35842 0.6401685 0.0750783
 3954.31427 0.6575449 0.0735136
 3958.27013 0.6768284 0.0729918
 3962.22599 0.6629882 0.0725105
 3966.19392 0.6608423 0.0724923
 3970.14948 0.6454918 0.0719574
 3974.12948 0.6378511 0.0714622
 3978.09741 0.6403136 0.0715004
 3982.07741 0.6365014 0.0709522
 3986.05741 0.6211083 0.0704431
 3990.04919 0.6627148 0.0699720
 3994.04127 0.6622297 0.0699770
 3998.03334 0.6795545 0.0694540
 4002.02541 0.6846218 0.0689683
 4006.02927 0.7021087 0.0675159
 4010.03341 0.7187752 0.0684958
 4014.04963 0.7110201 0.0679955
 4018.06585 0.7543378 0.0675311
 4022.08177 0.7746810 0.0661173
 4026.09799 0.7749772 0.0670545
 4030.12628 0.7804101 0.0665749
 4034.15428 0.7982517 0.0651616
 4038.19464 0.7831614 0.0647520
 4042.23471 0.7839882 0.0656515
 4046.27507 0.8023494 0.0651905
 4050.31543 0.7817367 0.0638132
 4054.36757 0.7866128 0.0634188
 4058.42001 0.7661716 0.0642852
 4062.48422 0.7632307 0.0638410
 4066.54873 0.7538958 0.0624973
 4070.61294 0.7577231 0.0621167
 4074.68952 0.7606580 0.0629543
 4078.76580 0.7652295 0.0616088
 4082.84238 0.7636796 0.0612130
 4086.91867 0.7210287 0.0608447
 4091.00732 0.7304917 0.0616577
 4095.09568 0.7154304 0.0603435
 4099.19611 0.7041358 0.0599596
 4103.29683 0.6913803 0.0596022
 4107.39726 0.7013088 0.0603947
 4111.51006 0.6608952 0.0591096
 4115.61048 0.6602100 0.0587365
 4119.73506 0.6638708 0.0583888
 4123.84785 0.6367301 0.0580663
 4127.97243 0.6339487 0.0579070
 4132.10907 0.6301787 0.0575434
 4136.23394 0.6393512 0.0572040
 4140.37059 0.6457050 0.0560493
 4144.50723 0.6423941 0.0567350
 4148.65595 0.6671116 0.0563798
 4152.80496 0.6684548 0.0560479
 4156.96575 0.6944970 0.0549224
 4161.11447 0.6962419 0.0555937
 4165.27526 0.7251926 0.0552458
 4169.44812 0.7040157 0.0549204
 4173.60921 0.7198030 0.0538264
 4177.78207 0.7411955 0.0534702
 4181.96701 0.7487937 0.0541414
 4186.15194 0.7391465 0.0538215
 4190.33688 0.7477149 0.0527612
 4194.52181 0.7472659 0.0524115
 4198.71882 0.7376214 0.0530666
 4202.91582 0.7338943 0.0527515
 4207.12520 0.7377596 0.0517267
 4211.33428 0.7414817 0.0513829
 4215.54336 0.7577732 0.0510581
 4219.75244 0.7607155 0.0517107
 4223.97359 0.7696891 0.0507231
 4228.19474 0.7859923 0.0503845
 4232.42796 0.7981423 0.0500640
 4236.66119 0.8051798 0.0506993
 4240.89441 0.8265776 0.0497508
 4245.13941 0.8265916 0.0494165
 4249.38471 0.8361713 0.0491000
 4253.63000 0.8419138 0.0488007
 4257.88737 0.8508120 0.0488098
 4262.14474 0.8556383 0.0484795
 4266.41418 0.8533390 0.0481662
 4270.67155 0.8707772 0.0478696
 4274.94099 0.8957364 0.0469342
 4279.22220 0.9295737 0.0475738
 4283.50372 0.9477169 0.0472633
 4287.78523 0.9571135 0.0469690
 4292.06674 0.9735746 0.0466903
 4296.36033 0.9971516 0.0457849
 4300.65362 1.0187804 0.0463918
 4304.95927 1.0264359 0.0460992
 4309.26493 1.0449288 0.0458218
 4313.58236 1.0476027 0.0449287
 4317.88802 1.0486349 0.0446816
 4322.20575 1.0512364 0.0452610
 4326.53526 1.0290785 0.0449846
 4330.85299 1.0210418 0.0441027
 4335.18279 1.0102249 0.0438562
 4339.52437 1.0168065 0.0436225
 4343.86624 1.0065398 0.0441793
 4348.20811 0.9948952 0.0439173
 4352.56176 0.9921859 0.0439716
 4356.90364 0.9924712 0.0444924
 4361.26936 0.9784448 0.0453803
 4365.62331 0.9634129 0.0459322
 4369.98903 0.9587003 0.0463224
 4374.36712 0.9583275 0.0478764
 4378.73284 0.9257857 0.0431695
 4383.11093 0.9310722 0.0420505
 4387.50080 0.9168573 0.0418465
 4391.89096 0.9177317 0.0426250
 4396.28083 0.9200056 0.0427527
 4400.68307 0.9186096 0.0431252
 4405.07293 0.9194502 0.0436558
 4409.48695 0.9164795 0.0437723
 4413.88918 0.9081232 0.0450106
 4418.30319 0.9300147 0.0455981
 4422.72928 0.9324951 0.0461743
 4427.14358 0.9424502 0.0466793
 4431.58174 0.9457914 0.0463884
 4436.00783 0.9720959 0.0466227
 4440.44628 0.9999052 0.0478298
 4444.88443 1.0199857 0.0477391
 4449.33466 1.0458717 0.0473563
 4453.77282 1.0677468 0.0456602
 4458.23541 1.1043566 0.0450076
 4462.68564 1.1171017 0.0453092
 4467.16002 1.1666311 0.0443459
 4471.62232 1.1792367 0.0433312
 4476.09669 1.1793199 0.0417269
 4480.57136 1.2026594 0.0408302
 4485.04573 1.2029686 0.0399922
 4489.53218 1.2046506 0.0397476
 4494.03070 1.1873488 0.0389259
 4498.51714 1.1834674 0.0377772
 4503.01566 1.1835896 0.0372499
 4507.52625 1.1824299 0.0369439
 4512.02477 1.1617258 0.0369865
 4516.54743 1.1559899 0.0375909
 4521.05802 1.1347508 0.0368778
 4525.58068 1.1069582 0.0395551
 4530.10334 1.0972126 0.0381648
 4534.63808 1.0898725 0.0374484
 4539.17281 1.0688552 0.0364343
 4543.70755 1.0445359 0.0357778
 4548.25435 1.0320235 0.0356006
 4552.80116 1.0189465 0.0349669
 4557.36004 1.0087465 0.0348060
 4561.90684 0.9750541 0.0346523
 4566.47780 0.9568320 0.0340389
 4571.03667 0.9325607 0.0338997
 4575.60733 0.9067591 0.0343486
 4580.19035 0.8802804 0.0341922
 4584.77338 0.8700833 0.0475279
 4589.35640 0.8689554 0.0473408
 4593.93942 0.8732013 0.0485728
 4598.53422 0.8614916 0.0484462
 4603.14139 0.8576632 0.0469627
 4607.73649 0.8354785 0.0467353
 4612.34365 0.8317536 0.0465336
 4616.96260 0.7940246 0.0463569
 4621.58184 0.7797400 0.0462048
 4626.20108 0.7924361 0.0474398
 4630.82003 0.7971475 0.0460242
 4635.45134 0.8015485 0.0458067
 4640.09472 0.8150339 0.0456132
 4644.73781 0.8319344 0.0454430
 4649.38120 0.8559279 0.0452956
 4654.02429 0.8620581 0.0451706
 4658.67974 0.8755009 0.0451689
 4663.33490 0.8922026 0.0449573
 4668.00243 0.8988342 0.0447684
 4672.66967 0.9222836 0.0446012
 4677.34927 0.9390253 0.0444551
 4682.01650 0.9801408 0.0443296
 4686.70818 0.9919156 0.0428992
 4691.38748 1.0117736 0.0441904
 4696.07915 1.0271144 0.0440026
 4700.78261 1.0508264 0.0438352
 4705.48635 1.0722743 0.0436874
 4710.18980 1.0930831 0.0435588
 4714.89325 1.1261607 0.0434490
 4719.60907 1.1573050 0.0420524
 4724.33667 1.1918390 0.0433212
 4729.05219 1.2486639 0.0431510
 4733.79215 1.2816337 0.0442321
 4738.51975 1.2849963 0.0463382
 4743.25941 1.2775583 0.0476139
 4747.99937 1.2955399 0.0518172
 4752.75111 1.3045230 0.0565704
 4757.50285 1.3148842 0.0461637
 4762.26667 1.3536278 0.0484338
 4767.01870 1.3592013 0.0506532
 4771.79458 1.3877134 0.0541589
 4776.55840 1.4109426 0.0582584
 4781.33428 1.4755158 0.0619180
 4786.12224 1.4814020 0.0616318
 4790.91019 1.5377741 0.0604653
 4795.69815 1.5904166 0.0581219
 4800.49847 1.6115078 0.0597870
 4805.29850 1.6437063 0.0565511
 4810.09853 1.6793249 0.0539050
 4814.91063 1.7023675 0.0525239
 4819.72273 1.6999907 0.0437374
 4824.54690 1.6876034 0.0527825
 4829.37108 1.6568683 0.0504660
 4834.19525 1.6624486 0.0450491
 4839.03150 1.6629117 0.0434826
 4843.86774 1.6607794 0.0422370
 4848.71606 1.6611667 0.0407430
 4853.56438 1.6732179 0.0406624
 4858.42447 1.6780462 0.0393539
 4863.27279 1.6765319 0.0392968
 4868.14525 1.6904263 0.0392504
 4873.01771 1.6681201 0.0392147
 4877.89017 1.6594151 0.0391897
 4882.76263 1.6537038 0.0391756
 4887.64687 1.6409180 0.0391719
 4892.53141 1.6225572 0.0401343
 4897.42801 1.5854801 0.0388412
 4902.32462 1.5508912 0.0387881
 4907.22123 1.5104071 0.0387445
 4912.12961 1.4719840 0.0387101
 4917.05036 1.4572409 0.0386850
 4921.95904 1.4264290 0.0386692
 4926.89157 1.4313307 0.0386623
 4931.81232 1.4169953 0.0386645
 4936.74514 1.4164948 0.0386762
 4941.67796 1.4083323 0.0383746
 4946.62227 1.4187354 0.0383303
 4951.56717 1.4267342 0.0382942
 4956.52443 1.4337612 0.0382660
 4961.48110 1.4269360 0.0382458
 4966.43777 1.4199504 0.0382333
 4971.40681 1.4109510 0.0382284
 4976.37585 1.3894541 0.0382313
 4981.35667 1.3723191 0.0382416
 4986.33749 1.3560736 0.0382594
 4991.31830 1.3612342 0.0370562
 4996.31149 1.3486751 0.0370241
 5001.31645 1.3454115 0.0379209
 5006.30963 1.3647331 0.0379012
 5011.32696 1.3624636 0.0378879
 5016.33192 1.3455305 0.0378811
 5021.34925 1.3470854 0.0378804
 5026.36599 1.3294996 0.0378860
 5031.39510 1.3068883 0.0378979
 5036.42479 1.2928926 0.0379157
 5041.46568 1.2706819 0.0368029
 5046.50715 1.2471273 0.0367769
 5051.56040 1.2041657 0.0367559
 5056.60187 1.1389599 0.0367397
 5061.66690 1.0948712 0.0367281
 5066.72015 1.0584525 0.0376311
 5071.78577 1.0454729 0.0376301
 5076.86316 1.0240158 0.0376341
 5081.94056 1.0396069 0.0376429
 5087.01795 1.0702401 0.0376568
 5092.10771 1.0674599 0.0376751
 5097.19689 1.0954680 0.0376980
 5102.29843 1.1246523 0.0366389
 5107.39997 1.1412332 0.0366239
 5112.51387 1.1749806 0.0366127
 5117.62719 1.2136633 0.0366053
 5122.74110 1.2416918 0.0366015
 5127.86678 1.2508473 0.0366013
 5132.99246 1.2929116 0.0366045
 5138.12992 1.2952986 0.0366110
 5143.26797 1.2934544 0.0366207
 5148.40544 1.2870392 0.0375369
 5153.55526 1.2699214 0.0375553
 5158.70509 1.2741323 0.0375770
 5163.86729 1.2834200 0.0376019
 5169.02889 1.2923561 0.0366351
 5174.20287 1.2835336 0.0366288
 5179.37684 1.2952523 0.0366255
 5184.55081 1.2992032 0.0366251
 5189.73656 1.2614491 0.0366276
 5194.93468 1.2638212 0.0366324
 5200.12102 1.2492342 0.0366400
 5205.33091 1.2416646 0.0366499
 5210.52903 1.2370819 0.0366622
 5215.73892 1.2191880 0.0366767
 5220.96119 1.2260050 0.0366935
 5226.18345 1.2142034 0.0367123
 5231.40571 1.2171792 0.0367332
 5236.63975 1.2003878 0.0367559
 5241.87379 1.2288429 0.0367805
 5247.12019 1.2243875 0.0368068
 5252.36660 1.2197957 0.0357926
 5257.61300 1.2274390 0.0358203
 5262.87119 1.2216237 0.0358495
 5268.14174 1.2102876 0.0358802
 5273.39992 1.2074271 0.0368713
 5278.68225 1.2039574 0.0368839
 5283.95280 1.1905669 0.0368981
 5289.23513 1.1917810 0.0369140
 5294.52982 1.1876067 0.0369314
 5299.82452 1.1713105 0.0369503
 5305.13099 1.1759871 0.0369706
 5310.42569 1.1619629 0.0369922
 5315.74394 1.1401011 0.0370151
 5321.06277 1.1641724 0.0370392
 5326.38161 1.1591525 0.0370644
 5331.69986 1.1643779 0.0370907
 5337.04285 1.1682177 0.0371179
 5342.37346 1.1992927 0.0371462
 5347.71645 1.2010889 0.0371753
 5353.07121 1.2089065 0.0372052
 5358.41419 1.2067604 0.0372359
 5363.78073 1.2096200 0.0372673
 5369.13549 1.2169123 0.0372995
 5374.51440 1.2351393 0.0362720
 5379.88153 1.2741332 0.0363040
 5385.27280 1.2925516 0.0363365
 5390.65171 1.3227063 0.0363694
 5396.04239 1.3373306 0.0364028
 5401.44544 1.3424817 0.0364365
 5406.83671 1.3455920 0.0364705
 5412.25154 1.3505965 0.0365049
 5417.65459 1.3428022 0.0365395
 5423.08178 1.3657691 0.0365743
 5428.49720 1.4023610 0.0366094
 5433.92440 1.4228094 0.0366446
 5439.36337 1.4246716 0.0366798
 5444.80293 1.4721088 0.0367151
 5450.25427 1.4892855 0.0367505
 5455.69324 1.5136617 0.0367861
 5461.15695 1.5393391 0.0368215
 5466.62006 1.5553133 0.0368569
 5472.08377 1.5742356 0.0368924
 5477.55866 1.5741554 0.0369277
 5483.03415 1.5922227 0.0369629
 5488.52200 1.5704410 0.0369979
 5494.00926 1.5727642 0.0370329
 5499.49711 1.5747954 0.0370678
 5504.99615 1.5464332 0.0371025
 5510.50814 1.5491720 0.0371369
 5516.01955 1.5521311 0.0371713
 5521.53154 1.5540093 0.0372054
 5527.05472 1.5758699 0.0372393
 5532.57850 1.5908502 0.0372732
 5538.11464 1.5962821 0.0373067
 5543.65019 1.5958298 0.0373399
 5549.19810 1.6282253 0.0373730
 5554.74543 1.6300304 0.0374058
 5560.30571 1.6574782 0.0374386
 5565.86541 1.6557903 0.0374710
 5571.42510 1.6329893 0.0375033
 5576.99716 1.6292170 0.0375354
 5582.58100 1.6045139 0.0375673
 5588.16543 1.5952586 0.0375989
 5593.74927 1.5637918 0.0376305
 5599.34547 1.5501868 0.0376618
 5604.94109 1.5214543 0.0376932
 5610.54907 1.5058554 0.0377243
 5616.15765 1.4922307 0.0369455
 5621.77741 1.4752505 0.0369760
 5627.39776 1.4482789 0.0370064
 5633.02989 1.4206988 0.0370367
 5638.65024 1.3972729 0.0370669
 5644.29414 1.3692281 0.0370972
 5649.93864 1.3188810 0.0371274
 5655.59491 1.3072747 0.0371577
 5661.25118 1.2715604 0.0371880
 5666.90745 1.2556933 0.0372184
 5672.57609 1.2168455 0.0372489
 5678.24473 1.1769379 0.0372796
 5683.92515 1.1409317 0.0373104
 5689.60556 1.1130666 0.0373414
 5695.29776 1.0762610 0.0373728
 5701.00232 1.0509276 0.0374044
 5706.69510 1.0318013 0.0374363
 5712.39966 1.0235778 0.0374685
 5718.11659 1.0227846 0.0375013
 5723.83293 1.0359766 0.0375345
 5729.56163 1.0545965 0.0384566
 5735.29034 1.0787890 0.0384693
 5741.03141 1.0934910 0.0384821
 5746.76012 1.1087028 0.0376598
 5752.51297 1.1128852 0.0376740
 5758.26523 1.1459888 0.0376885
 5764.03044 1.1932240 0.0377033
 5769.79507 1.2015107 0.0377185
 5775.56029 1.2079378 0.0377342
 5781.33728 1.2141877 0.0377503
 5787.11428 1.2294852 0.0377669
 5792.90305 1.2271227 0.0377842
 5798.69182 1.2250773 0.0378021
 5804.49296 1.2382504 0.0378207
 5810.30646 1.2460384 0.0378402
 5816.11938 1.2529540 0.0378605
 5821.93230 1.2694408 0.0378817
 5827.74580 1.3010726 0.0379041
 5833.58286 1.3295552 0.0370233
 5839.40815 1.3378702 0.0370197
 5845.24521 1.3509102 0.0370167
 5851.09463 1.3323511 0.0370144
 5856.94406 1.3321838 0.0370131
 5862.80527 1.3147134 0.0379746
 5868.66647 1.3036124 0.0379742
 5874.54004 1.2916205 0.0379749
 5880.41362 1.2891634 0.0379769
 5886.28719 1.2821831 0.0379803
 5892.18432 1.2898585 0.0379851
 5898.07025 1.2771214 0.0379913
 5903.96738 1.2600383 0.0379992
 5909.87746 1.2674415 0.0371425
 5915.78696 1.2792128 0.0371196
 5921.69645 1.2569630 0.0370982
 5927.63009 1.2539113 0.0370783
 5933.55195 1.2826637 0.0370599
 5939.48559 1.2993829 0.0370430
 5945.43160 1.3008717 0.0370278
 5951.36523 1.3040222 0.0379682
 5957.32302 1.2914752 0.0379554
 5963.28080 1.2800158 0.0379447
 5969.23858 1.2782561 0.0379363
 5975.20873 1.2819566 0.0371032
 5981.19066 1.2882149 0.0370605
 5987.17259 1.3101665 0.0370199
 5993.15451 1.3469620 0.0369815
 5999.14881 1.3675795 0.0369455
 6005.15488 1.3986890 0.0369117
 6011.16095 1.4196765 0.0368802
 6017.16702 1.4513564 0.0368512
 6023.18487 1.4806739 0.0368247
 6029.20331 1.5100565 0.0377407
 6035.23353 1.5342205 0.0369188
 6041.27552 1.5449532 0.0368564
 6047.31811 1.5532147 0.0367971
 6053.36010 1.5354744 0.0367406
 6059.41446 1.5311711 0.0366872
 6065.46882 1.4992148 0.0366369
 6071.53496 1.4464970 0.0365896
 6077.61346 1.3888485 0.0365455
 6083.69197 1.3378476 0.0357520
 6089.78284 1.2874070 0.0357147
 6095.86135 1.2132403 0.0365381
 6101.96400 1.1839449 0.0364594
 6108.06606 1.1623188 0.0363846
 6114.16871 1.1323040 0.0363137
 6120.28372 1.1119930 0.0362465
 6126.40993 1.0926352 0.0361831
 6132.53672 1.0779805 0.0353717
 6138.66351 1.0740505 0.0353172
 6144.80209 1.0845958 0.0352661
 6150.95302 1.0887659 0.0352185
 6157.10396 1.0861155 0.0359499
 6163.25490 1.0970333 0.0358602
 6169.41762 1.1001900 0.0357751
 6175.59270 1.1242197 0.0356947
 6181.76778 1.1344881 0.0348701
 6187.95464 1.1400049 0.0348007
 6194.14150 1.1686831 0.0347354
 6200.32836 1.2004794 0.0346744
 6206.53996 1.2352333 0.0353726
 6212.73860 1.2663954 0.0352683
 6218.95019 1.3111107 0.0351695
 6225.17297 1.3276505 0.0343319
 6231.39634 1.3487787 0.0342470
 6237.63149 1.3727293 0.0341669
 6243.86664 1.3870517 0.0340919
 6250.11416 1.3955115 0.0340220
 6256.36109 1.3962801 0.0339575
 6262.62097 1.3940682 0.0345495
 6268.88026 1.3735733 0.0337057
 6275.15133 1.3490138 0.0336087
 6281.42299 1.3241918 0.0335174
 6287.70643 1.3037155 0.0334320
 6294.00224 1.3016526 0.0333525
 6300.28567 1.2963072 0.0332790
 6306.59326 1.2740794 0.0331102
 6312.90084 1.2744111 0.0329986
 6319.20842 1.2744426 0.0328935
 6325.52778 1.2850766 0.0327949
 6331.85951 1.2863243 0.0327029
 6338.19124 1.2823024 0.0326177
 6344.52296 1.2706809 0.0325394
 6350.86706 1.2862542 0.0323377
 6357.22293 1.2906692 0.0322215
 6363.57880 1.2968571 0.0321125
 6369.94645 1.3113657 0.0320109
 6376.31469 1.3217707 0.0319165
 6382.69411 1.3301879 0.0310795
 6389.07413 1.3377059 0.0317509
 6395.46651 1.3291301 0.0331856
 6401.85831 1.3322738 0.0339490
 6408.26247 1.3449229 0.0359198
 6414.66663 1.3576350 0.0372442
 6421.08257 1.3609391 0.0317274
 6427.51087 1.3721097 0.0327372
 6433.93917 1.3985538 0.0345674
 6440.36748 1.4160028 0.0362655
 6446.80756 1.4310484 0.0379873
 6453.26001 1.4134550 0.0395345
 6459.71246 1.3664331 0.0389340
 6466.17669 1.3539711 0.0385400
 6472.62914 1.3381125 0.0373060
 6479.10573 1.3186345 0.0370684
 6485.59410 1.3269901 0.0350362
 6492.07069 1.3318411 0.0321907
 6498.57084 1.3375062 0.0307510
 6505.05980 1.3262569 0.0296537
 6511.57232 1.3036776 0.0362852
 6518.08483 1.2822239 0.0327210
 6524.59735 1.2428575 0.0306364
 6531.12223 1.2331420 0.0296346
 6537.65889 1.2226074 0.0285740
 6544.19555 1.2192678 0.0278444
 6550.74458 1.2284805 0.0283149
 6557.29302 1.2251978 0.0275769
 6563.85441 1.2114375 0.0274234
 6570.41522 1.2159032 0.0272801
 6576.98780 1.2031429 0.0271468
 6583.56097 1.2029717 0.0270234
 6590.14592 1.2149246 0.0268764
 6596.73087 1.2133774 0.0267213
 6603.32818 1.2240421 0.0265768
 6609.93728 1.2411066 0.0264429
 6616.54637 1.2515233 0.0257708
 6623.16724 1.2710574 0.0261669
 6629.78870 1.2721616 0.0260124
 6636.42194 1.2639858 0.0258691
 6643.05518 1.2521690 0.0257366
 6649.70019 1.2222579 0.0250798
 6656.34580 1.2025976 0.0254527
 6663.00318 1.1772904 0.0253013
 6669.66056 1.1513637 0.0251614
 6676.32972 1.1126826 0.0245087
 6683.01125 1.0874372 0.0243936
 6689.69277 1.0605383 0.0247395
 6696.38608 1.0509197 0.0245934
 6703.07997 1.0342056 0.0244592
 6709.78564 1.0321476 0.0238264
 6716.50309 1.0217232 0.0237172
 6723.20876 1.0128962 0.0240331
 6729.93858 1.0210356 0.0238947
 6736.66781 1.0249250 0.0232695
 6743.40999 1.0172812 0.0231574
 6750.15158 1.0397015 0.0234809
 6756.89317 1.0538425 0.0233398
 6763.65950 1.0552227 0.0227235
 6770.42524 1.0606017 0.0226100
 6777.19098 1.0653735 0.0225075
 6783.96908 1.0632415 0.0227956
 6790.74718 1.0735506 0.0221898
 6797.53707 1.0771103 0.0220762
 6804.33932 1.0810218 0.0219738
 6811.14098 1.0985457 0.0222637
 6817.95559 1.0869483 0.0216698
 6824.78140 1.0851856 0.0215574
 6831.59601 1.0867466 0.0214565
 6838.43418 1.0791067 0.0213673
 6845.27235 1.0436217 0.0211653
 6852.11052 1.0123370 0.0210554
 6858.97284 0.9829935 0.0209574
 6865.82338 0.9412537 0.0208713
 6872.69747 0.8661973 0.0206782
 6879.57215 0.8322520 0.0205723
 6886.44683 0.8038921 0.0204785
 6893.33329 0.7748076 0.0203968
 6900.23153 0.7600315 0.0202109
 6907.13036 0.7494597 0.0201102
 6914.04096 0.7415170 0.0200219
 6920.95157 0.7337927 0.0194964
 6927.87395 0.7364402 0.0197657
 6934.79692 0.7420067 0.0196716
 6941.73167 0.7537641 0.0195901
 6948.67819 0.7688727 0.0190753
 6955.62531 0.8077430 0.0193453
 6962.58420 0.8325391 0.0192590
 6969.54310 0.8485087 0.0191858
 6976.51377 0.8668697 0.0186797
 6983.48503 0.8874204 0.0189524
 6990.47984 0.9031596 0.0188754
 6997.46288 0.9134820 0.0184033
 7004.47006 0.9280822 0.0183124
 7011.46488 0.9470595 0.0185899
 7018.48442 0.9724762 0.0185235
 7025.50338 1.0040541 0.0180565
 7032.52234 1.0285653 0.0179764
 7039.55367 1.0484703 0.0182610
 7046.59736 1.0626998 0.0178240
 7053.64047 1.0703003 0.0177428
 7060.69594 1.0815494 0.0180243
 7067.76319 1.0930532 0.0176154
 7074.83043 1.0973397 0.0175335
 7081.89768 1.0966851 0.0174653
 7088.98966 1.0978317 0.0177578
 7096.06869 1.0888282 0.0173491
 7103.17245 1.0813099 0.0172813
 7110.27621 1.0723885 0.0172274
 7117.37997 1.0680259 0.0171898
 7124.50729 1.0631198 0.0171232
 7131.62341 1.0584480 0.0170708
 7138.76309 1.0639282 0.0170563
 7145.90277 1.0614595 0.0169914
 7153.04246 1.0695949 0.0169412
 7160.19450 1.0871744 0.0166003
 7167.35833 1.0993110 0.0168867
 7174.52216 1.1043818 0.0168393
 7181.69776 1.1083922 0.0168066
 7188.88632 1.1141247 0.0168096
 7196.07429 1.1131995 0.0167657
 7203.26226 1.1093056 0.0167369
 7210.47438 1.1008208 0.0167610
 7217.68649 1.0898165 0.0167211
 7224.89861 1.0727170 0.0166970
 7232.12250 1.0433975 0.0163988
 7239.35876 1.0201870 0.0167065
 7246.59502 1.0057271 0.0166875
 7253.84364 0.9994971 0.0163991
 7261.10405 0.9809952 0.0167224
 7268.36445 0.9643469 0.0167094
 7275.63663 0.9510477 0.0164309
 7282.90940 0.9322431 0.0167699
 7290.19395 0.9255632 0.0167636
 7297.47791 0.9120086 0.0164951
 7304.77483 0.9095681 0.0168495
 7312.08352 0.9071929 0.0168504
 7319.39221 0.9091637 0.0165919
 7326.71268 0.9153117 0.0166272
 7334.04552 0.9163749 0.0166934
 7341.37836 0.9298804 0.0167210
 7348.72297 0.9492442 0.0167646
 7356.06759 0.9648805 0.0168457
 7363.42457 0.9760248 0.0168815
 7370.78155 0.9915673 0.0169335
 7378.16268 1.0191664 0.0170279
 7385.54321 1.0377872 0.0170718
 7392.92434 1.0518128 0.0171326
 7400.31724 1.0635418 0.0172383
 7407.72251 1.0660483 0.0172907
 7415.12778 1.0711623 0.0173604
 7422.54483 1.0726235 0.0174756
 7429.96188 1.0713995 0.0175367
 7437.39129 1.0641172 0.0173116
 7444.83249 1.0666842 0.0177384
 7452.27368 1.0627207 0.0178084
 7459.72724 1.0548820 0.0175815
 7467.19258 1.0443702 0.0180253
 7474.65791 1.0311809 0.0181045
 7482.13562 1.0246207 0.0178736
 7489.61273 1.0214111 0.0183350
 7497.10221 1.0090307 0.0184239
 7504.60406 1.0029178 0.0185871
 7512.10591 0.9939709 0.0186663
 7519.61953 0.9742472 0.0184520
 7527.14494 0.9592950 0.0189290
 7534.65856 0.9453212 0.0190182
 7542.19633 0.9358296 0.0187943
 7549.74647 0.9313035 0.0192900
 7557.29602 0.9244130 0.0190871
 7564.85793 0.9135538 0.0191539
 7572.41985 0.9047168 0.0196690
 7579.99354 0.9016967 0.0194531
 7587.56782 0.9029056 0.0199649
 7595.15388 0.8961686 0.0197683
 7602.75172 0.8815575 0.0198339
 7610.36192 0.8636223 0.0203658
 7617.97213 0.8320116 0.0201525
 7625.58233 0.8117400 0.0206139
 7633.21668 0.7646014 0.0204543
 7640.85102 0.7318724 0.0205529
 7648.48478 0.7074005 0.0207312
 7656.13150 0.6755974 0.0210547
 7663.78999 0.6554569 0.0213052
 7671.46026 0.6411358 0.0217298
 7679.13053 0.6468803 0.0219689
 7686.80080 0.6622908 0.0222163
 7694.49580 0.6927452 0.0225102
 7702.19022 0.7272786 0.0226344
 7709.89700 0.7984310 0.0228271
 7717.60319 0.8556908 0.0228078
 7725.32175 0.9135011 0.0227896
 7733.05268 0.9914396 0.0227853
 7740.77124 1.0469157 0.0227299
 7748.51453 1.1059709 0.0227960
 7756.26901 1.1423645 0.0228155
 7764.02408 1.1686276 0.0226232
 7771.79093 1.1959163 0.0236748
 7779.55778 1.2163624 0.0232401
 7787.34877 1.2219205 0.0235095
 7795.12798 1.2285427 0.0235775
 7802.91897 1.2215720 0.0233428
 7810.73411 1.2029046 0.0239179
 7818.53688 1.1908345 0.0236652
 7826.35202 1.1717753 0.0242603
 7834.17952 1.1562097 0.0243328
 7842.01880 1.1373144 0.0240908
 7849.85808 1.1230106 0.0246632
 7857.70914 1.1201468 0.0244036
 7865.57257 1.1034545 0.0249934
 7873.43599 1.0989647 0.0247155
 7881.31178 1.0922137 0.0248248
 7889.18699 1.0828357 0.0250255
 7897.07456 1.0700512 0.0251242
 7904.97449 1.0620773 0.0253326
 7912.88562 1.0573380 0.0254206
 7920.79733 1.0661888 0.0260132
 7928.72142 1.0616806 0.0260897
 7936.64491 1.0575762 0.0259558
 7944.58077 1.0571167 0.0260024
 7952.52840 1.0548054 0.0261434
 7960.48841 1.0442166 0.0265321
 7968.44841 1.0421380 0.0267562
 7976.40841 1.0372263 0.0272327
 7984.39197 1.0449024 0.0274446
 7992.37612 1.0540557 0.0272195
 8000.37204 1.0650899 0.0279742
 8008.36856 1.0714233 0.0276015
 8016.37626 1.0711066 0.0281443
 8024.39692 1.0677787 0.0280618
 8032.41699 1.0702006 0.0280597
 8040.44884 1.0642147 0.0279028
 8048.49364 1.0575012 0.0278610
 8056.53785 1.0465039 0.0277169
 8064.59385 1.0300975 0.0278601
 8072.66220 1.0242473 0.0278820
 8080.73115 1.0119205 0.0276977
 8088.81129 1.0071512 0.0280811
 8096.90379 1.0054417 0.0276803
 8104.99629 0.9882481 0.0282634
 8113.11294 0.9723680 0.0278570
 8121.21781 0.9720839 0.0284320
 8129.34624 0.9616128 0.0280191
 8137.47525 0.9596008 0.0285859
 8145.61604 0.9405216 0.0281661
 8153.75683 0.9245898 0.0287244
 8161.90940 0.8985685 0.0282969
 8170.07434 0.8818243 0.0288467
 8178.23928 0.8776868 0.0284110
 8186.42836 0.8718445 0.0284136
 8194.60566 0.8644509 0.0285074
 8202.80652 0.8590631 0.0285024
 8211.00797 0.8490704 0.0285855
 8219.22060 0.8429704 0.0285732
 8227.44619 0.8374122 0.0286445
 8235.67120 0.8287894 0.0286251
 8243.90857 0.8135617 0.0286837
 8252.14594 0.8090422 0.0286576
 8260.39508 0.7872370 0.0287025
 8268.65660 0.7755005 0.0286700
 8276.92989 0.7713488 0.0287001
 8285.20377 0.7584888 0.0286615
 8293.48884 0.7529988 0.0286759
 8301.78686 0.7420502 0.0281860
 8310.08430 0.7386139 0.0286293
 8318.40588 0.7323857 0.0281310
 8326.71568 0.7375516 0.0285597
 8335.04904 0.7465758 0.0280536
 8343.38299 0.7611460 0.0284665
 8351.71694 0.7801825 0.0279531
 8360.07444 0.8026764 0.0283491
 8368.43253 0.8185396 0.0278290
 8376.80240 0.8262276 0.0282069
 8385.18464 0.8328400 0.0276806
 8393.56628 0.8525229 0.0280396
 8401.96030 0.8875074 0.0275076
 8410.36668 0.9133445 0.0278464
 8418.77306 0.9266604 0.0273094
 8427.19122 0.9570283 0.0271643
 8435.62115 0.9814594 0.0270857
 8444.06346 0.9846835 0.0269180
 8452.50576 0.9899455 0.0268364
 8460.94806 0.9877170 0.0266460
 8469.41451 0.9957774 0.0265617
 8477.89273 0.9942971 0.0263487
 8486.35918 0.9991713 0.0266194
 8494.84977 0.9881484 0.0260275
 8503.35273 0.9843663 0.0258116
 8511.84332 0.9879435 0.0256840
 8520.35806 0.9762556 0.0254469
 8528.88457 0.9654571 0.0253201
 8537.41109 0.9609950 0.0250627
 8545.94997 0.9570593 0.0249376
 8554.50062 0.9448100 0.0246611
 8563.05187 0.9528601 0.0240570
 8571.61490 0.9470841 0.0242441
 8580.18970 0.9305406 0.0236324
 8588.76450 0.9239309 0.0238136
 8597.35167 0.9021204 0.0235217
 8605.95062 0.8964611 0.0233718
 8614.56193 0.9094058 0.0230644
 8623.17324 0.9240027 0.0224641
 8631.79634 0.9263049 0.0225989
 8640.43120 0.9469492 0.0219945
 8649.06666 0.9621417 0.0221272
 8657.72626 0.9668260 0.0215198
 8666.38528 0.9884052 0.0216515
 8675.04488 1.0140440 0.0222796
 8683.71626 1.0250139 0.0226769
 8692.41179 1.0453541 0.0236000
 8701.09553 1.0513597 0.0206856
 8709.80284 1.0580831 0.0205889
 8718.51073 1.0629923 0.0211144
 8727.23040 1.0815470 0.0215437
 8735.96243 1.0815088 0.0224929
 8744.69388 1.0878779 0.0224845
 8753.43769 1.1074408 0.0225352
 8762.19387 1.1331294 0.0226893
 8770.96124 1.1783379 0.0217722
 8779.72920 1.2079309 0.0210509
 8788.50952 1.2194990 0.0199657
 8797.30163 1.2163430 0.0189207
 8806.09373 1.2179126 0.0181602
 8814.89761 1.2073818 0.0173848
 8823.71385 1.1913848 0.0166999
 8832.54188 1.1848119 0.0169304
 8841.37049 1.1580262 0.0175932
 8850.21088 1.1525334 0.0167882
 8859.06305 1.1492218 0.0160289
 8867.92759 1.1289780 0.0153807
 8876.79153 1.1038260 0.0154139
 8885.66844 1.0667336 0.0151747
 8894.55712 1.0269521 0.0147486
 8903.45758 0.9986154 0.0147915
 8912.35803 0.9767914 0.0143935
 8921.27086 0.9592211 0.0144338
 8930.18309 0.9528288 0.0142266
 8939.12006 0.9322287 0.0138502
 8948.05703 0.9211501 0.0139042
 8957.00578 0.9126087 0.0135570
 8965.96689 0.8935041 0.0133737
 8974.92741 0.8791414 0.0134441
 8983.90031 0.8681180 0.0133511
 8992.88556 0.8600582 0.0137246
 9001.88260 0.8557195 0.0141913
 9010.89200 0.8750793 0.0131218
 9019.90081 0.8790485 0.0131422
 9028.92199 0.8739355 0.0136789
 9037.94317 0.8636290 0.0146233
 9046.98850 0.8502791 0.0160139
 9056.03382 0.8292337 0.0157564
 9065.09151 0.8080683 0.0159665
 9074.16098 0.8013791 0.0167260
 9083.23045 0.7941769 0.0179818
 9092.31170 0.7729784 0.0187749
 9101.40531 0.7742992 0.0191673
 9110.51070 0.7497064 0.0202883
 9119.61668 0.7587107 0.0200146
 9128.73444 0.7255734 0.0177351
 9137.86397 0.7081818 0.0179508
 9147.00588 0.6860376 0.0176297
 9156.14778 0.6833580 0.0165092
 9165.31382 0.6804289 0.0155792
 9174.47928 0.6748620 0.0142809
 9183.65770 0.6694513 0.0137411
 9192.83552 0.6530486 0.0137959
 9202.02571 0.6370751 0.0173993
 9211.22768 0.6380715 0.0191516
 9220.44201 0.6383702 0.0159028
 9229.66813 0.6344088 0.0162996
 9238.89424 0.6397297 0.0176481
 9248.13272 0.6474190 0.0190932
 9257.38298 0.6603636 0.0211795
 9266.63323 0.6724643 0.0227108
 9275.90764 0.7080690 0.0254837
 9285.18204 0.7066176 0.0273563
 9294.46881 0.7120646 0.0246252
 9303.76735 0.7185441 0.0240278
 9313.06590 0.7614145 0.0233680
 9322.38859 0.7814812 0.0216606
 9331.69950 0.8064694 0.0217608
 9341.03397 0.8300456 0.0281705
 9350.38081 0.8469871 0.0238925
 9359.72764 0.8494734 0.0223257
 9369.08684 0.8319997 0.0213031
 9378.45782 0.8281334 0.0206028
 9387.84058 0.8323388 0.0202618
 9397.22334 0.8298343 0.0198699
 9406.61846 0.8161222 0.0200466
 9416.02595 0.7962837 0.0208490
 9425.44522 0.7951465 0.0215656
 9434.86449 0.7943959 0.0223257
 9444.30731 0.7804971 0.0225319
 9453.75073 0.7382426 0.0234644
 9463.20650 0.7185840 0.0243029
 9472.67347 0.7096438 0.0245538
 9482.14103 0.7152312 0.0254221
 9491.62037 0.7247013 0.0264951
 9501.12443 0.7206513 0.0274622
 9510.61555 0.7092544 0.0277434
 9520.13139 0.6971311 0.0287388
 9529.64724 0.6808105 0.0299628
 9539.18723 0.6597166 0.0302954
 9548.72663 0.6284449 0.0313749
 9558.26662 0.6195931 0.0325030
 9567.83076 0.6141624 0.0338881
 9577.39430 0.5864907 0.0342537
 9586.97021 0.5611207 0.0354682
 9596.55849 0.5457935 0.0367331
 9606.15855 0.5141823 0.0373847
 9615.75861 0.4774019 0.0386849
 9625.38281 0.4708509 0.0400348
 9635.00701 0.4683726 0.0414345
 9644.64358 0.4746816 0.0418782
 9654.29193 0.5341363 0.0299423
 9663.94027 0.5429540 0.0304033
 9673.61276 0.5411406 0.0314599
 9683.28525 0.5514635 0.0325163
 9692.95774 0.5585784 0.0330118
 9702.65379 0.5336279 0.0340939
 9712.36279 0.5263342 0.0352005
 9722.07120 0.5422626 0.0363735
 9731.80435 0.5486926 0.0368983
 9741.52454 0.5594553 0.0380508
 9751.26946 0.5652002 0.0392237
 9761.02675 0.5786884 0.0404160
 9770.78345 0.5927735 0.0410026
 9780.55252 0.6178318 0.0422254
 9790.33337 0.6458610 0.0434491
 9800.12658 0.6829742 0.0446877
 9809.93157 0.6906720 0.0452700
 9819.73656 0.6796381 0.0465221
 9829.55392 0.6744865 0.0478224
 9839.39542 0.6529177 0.0490904
 9849.22455 0.6393527 0.0496556
 9859.07783 0.6310683 0.0509285
 9868.94348 0.6184798 0.0522075
 9878.80853 0.6453226 0.0534917
 9888.68655 0.6578540 0.0541012
 9898.57634 0.6308901 0.0553774
 9908.47790 0.6269529 0.0566552
 9918.39125 0.6385589 0.0579331
 9928.30460 0.6410429 0.0584062
 9938.23090 0.6443527 0.0596606
 9948.16780 0.6620875 0.0610721
 9958.11766 0.6571912 0.0623270
 9968.08047 0.6178459 0.0635760
 9978.04210 0.6156010 0.0639947
 9988.02847 0.6182266 0.0652100
 9998.01366 0.6254803 0.0664156
 10008.01181 0.6473614 0.0676102
 10018.02173 0.6606643 0.0682022
 10028.04461 0.6648148 0.0699003
 10038.06631 0.6821541 0.0710599
 10048.10097 0.6557963 0.0718496
 10058.15918 0.6367838 0.0727790
 10068.20561 0.6489560 0.0730185
 10078.27678 0.6540369 0.0741121
 10088.35855 0.6657485 0.0755962
 10098.45327 0.6594826 0.0774208
 10108.54799 0.6408573 0.0782842
 10118.65449 0.6227968 0.0785086
 10128.77277 0.6201779 0.0796568
