# SOURCE  = 'Quimby et al. 2018' /                                                
# OBJECT  = 'PTF10hgi'           /                                                
# Z       =            0.0982000 / wavelengths in OBSERVER FRAME                 
# NORM    =          4.94682E-05 / fluxes divided by norm                         
# CLIPPED =                    1 / galaxy emission lines removed                  
# SMOOTHED=                    1 / spectrum has been smoothed                     
# COLUMN01= 'Wavelength (Angstrom)' /                                             
# COLUMN02= 'Flux Density (erg/s/cm2/A)' /                                        
# COLUMN03= 'Flux Density Uncertainty (erg/s/cm2/A)' /                            
# END                                                                             
# 
# 
# 
# 
# 
# 
# 
# 
# 
# 
# Converted to Observer Frame using z=0.0982
 5163.86729 1.1960701 0.0380054
 5169.02889 1.1917384 0.0358224
 5174.20287 1.1906315 0.0340712
 5179.37684 1.1920594 0.0326517
 5184.55081 1.1852816 0.0311366
 5189.73656 1.1837484 0.0300170
 5194.93468 1.1880763 0.0288225
 5200.12102 1.1882634 0.0279315
 5205.33091 1.1920840 0.0269825
 5210.52903 1.1988322 0.0262657
 5215.73892 1.1988314 0.0255036
 5220.96119 1.2054639 0.0249182
 5226.18345 1.2082186 0.0242986
 5231.40571 1.2055883 0.0238132
 5236.63975 1.2105055 0.0233016
 5241.87379 1.2178776 0.0228926
 5247.12019 1.1621047 0.0310052
 5252.36660 1.1815408 0.0309209
 5257.61300 1.1924869 0.0307301
 5262.87119 1.2082661 0.0306547
 5268.14174 1.2111341 0.0305475
 5273.39992 1.2391061 0.0304779
 5278.68225 1.2529539 0.0304126
 5283.95280 1.2579952 0.0302417
 5289.23513 1.2818104 0.0301847
 5294.52982 1.3024473 0.0300209
 5299.82452 1.3252331 0.0300480
 5305.13099 1.3214391 0.0298920
 5310.42569 1.3203230 0.0298478
 5315.74394 1.3364604 0.0298087
 5321.06277 1.3275597 0.0297428
 5326.38161 1.3334547 0.0297088
 5331.69986 1.3365161 0.0295690
 5337.04285 1.3287826 0.0295403
 5342.37346 1.3265262 0.0294902
 5347.71645 1.3390582 0.0294677
 5353.07121 1.3339999 0.0293395
 5358.41419 1.3174144 0.0293225
 5363.78073 1.3156617 0.0292840
 5369.13549 1.3166703 0.0292703
 5374.51440 1.3084494 0.0291495
 5379.88153 1.2860662 0.0292275
 5385.27280 1.2932720 0.0291095
 5390.65171 1.2959607 0.0291026
 5396.04239 1.3071907 0.0290762
 5401.44544 1.3029914 0.0290718
 5406.83671 1.2911800 0.0289567
 5412.25154 1.2920859 0.0290450
 5417.65459 1.3010641 0.0289297
 5423.08178 1.3174080 0.0289268
 5428.49720 1.3301729 0.0289034
 5433.92440 1.3328972 0.0288994
 5439.36337 1.3205388 0.0287804
 5444.80293 1.3412027 0.0288700
 5450.25427 1.3763911 0.0287475
 5455.69324 1.3946313 0.0287405
 5461.15695 1.4051764 0.0287093
 5466.62006 1.4271983 0.0286991
 5472.08377 1.4375623 0.0286634
 5477.55866 1.4466480 0.0286492
 5483.03415 1.4474787 0.0286077
 5488.52200 1.4499532 0.0284651
 5494.00926 1.4486758 0.0284422
 5499.49711 1.4593925 0.0283892
 5504.99615 1.4459192 0.0283598
 5510.50814 1.4461424 0.0282982
 5516.01955 1.4474609 0.0282616
 5521.53154 1.4409363 0.0281910
 5527.05472 1.4474024 0.0280169
 5532.57850 1.4496658 0.0280668
 5538.11464 1.4231209 0.0278833
 5543.65019 1.4090719 0.0279264
 5549.19810 1.4063160 0.0277342
 5554.74543 1.3999310 0.0276373
 5560.30571 1.3852667 0.0275722
 5565.86541 1.3780439 0.0274683
 5571.42510 1.3515009 0.0274007
 5576.99716 1.3646152 0.0272917
 5582.58100 1.3664535 0.0270836
 5588.16543 1.3454496 0.0271118
 5593.74927 1.3234636 0.0269027
 5599.34547 1.3158627 0.0269332
 5604.94109 1.2914871 0.0267253
 5610.54907 1.2832388 0.0266215
 5616.15765 1.2875535 0.0266603
 5621.77741 1.2753463 0.0264593
 5627.39776 1.2787497 0.0263656
 5633.02989 1.2992347 0.0263135
 5638.65024 1.3036417 0.0262278
 5644.29414 1.3150638 0.0261523
 5649.93864 1.3010499 0.0261143
 5655.59491 1.2927787 0.0260546
 5661.25118 1.3128365 0.0258921
 5666.90745 1.3075382 0.0257386
 5672.57609 1.2985688 0.0255948
 5678.24473 1.2780104 0.0253240
 5683.92515 1.2770746 0.0252008
 5689.60556 1.2661196 0.0252008
 5695.29776 1.2486129 0.0251012
 5701.00232 1.2392166 0.0248882
 5706.69510 1.2255478 0.0248135
 5712.39966 1.2208699 0.0247521
 5718.11659 1.2135561 0.0247045
 5723.83293 1.2273654 0.0245548
 5729.56163 1.2322098 0.0246526
 5735.29034 1.2303874 0.0246473
 5741.03141 1.2437451 0.0246560
 5746.76012 1.2243384 0.0245671
 5752.51297 1.2310263 0.0246034
 5758.26523 1.2323159 0.0246521
 5764.03044 1.2354568 0.0247243
 5769.79507 1.2369933 0.0247949
 5775.56029 1.2188611 0.0248757
 5781.33728 1.2080311 0.0248579
 5787.11428 1.2010894 0.0249537
 5792.90305 1.1946205 0.0251883
 5798.69182 1.1897548 0.0253001
 5804.49296 1.1894134 0.0253087
 5810.30646 1.1853609 0.0254282
 5816.11938 1.1880356 0.0255828
 5821.93230 1.1943333 0.0257069
 5827.74580 1.1828730 0.0258335
 5833.58286 1.1740396 0.0258546
 5839.40815 1.1573323 0.0261197
 5845.24521 1.1436790 0.0262447
 5851.09463 1.1361171 0.0262587
 5856.94406 1.1219349 0.0263799
 5862.80527 1.1347123 0.0266328
 5868.66647 1.1521331 0.0266300
 5874.54004 1.1656874 0.0267350
 5880.41362 1.1856637 0.0268521
 5886.28719 1.1783453 0.0269394
 5892.18432 1.1848027 0.0270194
 5898.07025 1.2015811 0.0269662
 5903.96738 1.2225147 0.0271583
 5909.87746 1.2550341 0.0270795
 5915.78696 1.2793185 0.0271094
 5921.69645 1.2963508 0.0271343
 5927.63009 1.3079520 0.0271343
 5933.55195 1.2958713 0.0269963
 5939.48559 1.2735112 0.0270940
 5945.43160 1.2700658 0.0270512
 5951.36523 1.2635170 0.0269882
 5957.32302 1.2786237 0.0269156
 5963.28080 1.2745738 0.0267011
 5969.23858 1.2686640 0.0267204
 5975.20873 1.2853814 0.0264789
 5981.19066 1.3025157 0.0263618
 5987.17259 1.3094132 0.0262075
 5993.15451 1.3270584 0.0260698
 5999.14881 1.3125008 0.0258939
 6005.15488 1.3329371 0.0257391
 6011.16095 1.3688883 0.0254420
 6017.16702 1.4060496 0.0253773
 6023.18487 1.4420847 0.0250696
 6029.20331 1.4609522 0.0249919
 6035.23353 1.4679784 0.0246774
 6041.27552 1.4828281 0.0244613
 6047.31811 1.5008355 0.0242727
 6053.36010 1.4998496 0.0239600
 6059.41446 1.4994270 0.0238630
 6065.46882 1.4909091 0.0238126
 6071.53496 1.4826258 0.0244603
 6077.61346 1.4396740 0.0232705
 6083.69197 1.4100900 0.0229484
 6089.78284 1.3864226 0.0229495
 6095.86135 1.3519804 0.0230470
 6101.96400 1.3331000 0.0232076
 6108.06606 1.2811311 0.0233602
 6114.16871 1.2528237 0.0233409
 6120.28372 1.2302415 0.0234980
 6126.40993 1.2145644 0.0232979
 6132.53672 1.1968385 0.0230607
 6138.66351 1.1724133 0.0227511
 6144.80209 1.1511734 0.0223482
 6150.95302 1.1375090 0.0219534
 6157.10396 1.1333765 0.0215210
 6163.25490 1.1335984 0.0211429
 6169.41762 1.1249512 0.0208737
 6175.59270 1.1205498 0.0207604
 6181.76778 1.1152099 0.0208115
 6187.95464 1.1233971 0.0210930
 6194.14150 1.1361067 0.0204749
 6200.32836 1.1443902 0.0204241
 6206.53996 1.1608572 0.0203820
 6212.73860 1.1665409 0.0203511
 6218.95019 1.1804436 0.0203210
 6225.17297 1.1736695 0.0202098
 6231.39634 1.1970775 0.0202819
 6237.63149 1.2073799 0.0202683
 6243.86664 1.2155505 0.0201710
 6250.11416 1.2221767 0.0201681
 6256.36109 1.2142880 0.0201648
 6262.62097 1.2166346 0.0201676
 6268.88026 1.2251333 0.0201742
 6275.15133 1.2357821 0.0200930
 6281.42299 1.2485443 0.0201884
 6287.70643 1.2598622 0.0202004
 6294.00224 1.2713823 0.0201239
 6300.28567 1.2752599 0.0201365
 6306.59326 1.2774967 0.0201499
 6312.90084 1.2664398 0.0201607
 6319.20842 1.2539488 0.0201721
 6325.52778 1.2550677 0.0201830
 6331.85951 1.2480093 0.0201929
 6338.19124 1.2414157 0.0201118
 6344.52296 1.2346574 0.0202048
 6350.86706 1.2476943 0.0202080
 6357.22293 1.2378643 0.0201198
 6363.57880 1.2418004 0.0201182
 6369.94645 1.2351834 0.0201139
 6376.31469 1.2281841 0.0201066
 6382.69411 1.2338339 0.0200078
 6389.07413 1.2523823 0.0200791
 6395.46651 1.2574528 0.0200606
 6401.85831 1.2574645 0.0200383
 6408.26247 1.2602859 0.0199276
 6414.66663 1.2651064 0.0198963
 6421.08257 1.2544889 0.0198606
 6427.51087 1.2478962 0.0198205
 6433.93917 1.2342179 0.0197756
 6440.36748 1.2274109 0.0196444
 6446.80756 1.2247603 0.0195901
 6453.26001 1.2064722 0.0196190
 6459.71246 1.1745306 0.0195533
 6466.17669 1.1542321 0.0194819
 6472.62914 1.1476058 0.0193268
 6479.10573 1.1325212 0.0192444
 6485.59410 1.1287113 0.0191559
 6492.07069 1.1078011 0.0190611
 6498.57084 1.0962442 0.0189598
 6505.05980 1.0902272 0.0188519
 6511.57232 1.0818887 0.0187374
 6518.08483 1.0731311 0.0185466
 6524.59735 1.0608408 0.0184193
 6531.12223 1.0628352 0.0182857
 6537.65889 1.0595953 0.0181458
 6544.19555 1.0549980 0.0180002
 6550.74458 1.0533376 0.0178492
 6557.29302 1.0504985 0.0176936
 6563.85441 1.0405535 0.0175340
 6570.41522 1.0474186 0.0173712
 6576.98780 1.0449325 0.0171457
 6583.56097 1.0409926 0.0169797
 6590.14592 1.0428956 0.0168130
 6596.73087 1.0468959 0.0166463
 6603.32818 1.0485022 0.0164805
 6609.93728 1.0463446 0.0162366
 6616.54637 1.0441206 0.0160761
 6623.16724 1.0352699 0.0159192
 6629.78870 1.0400096 0.0157666
 6636.42194 1.0396775 0.0156191
 6643.05518 1.0428537 0.0154776
 6649.70019 1.0329729 0.0153429
 6656.34580 1.0242684 0.0152158
 6663.00318 1.0174643 0.0150971
 6669.66056 1.0047265 0.0149183
 6676.32972 1.0070847 0.0148198
 6683.01125 1.0085931 0.0147319
 6689.69277 1.0019304 0.0146555
 6696.38608 1.0127583 0.0145911
 6703.07997 1.0075227 0.0145394
 6709.78564 1.0024242 0.0145012
 6716.50309 1.0009209 0.0144194
 6723.20876 0.9998983 0.0144107
 6729.93858 0.9963896 0.0144167
 6736.66781 0.9856434 0.0144374
 6743.40999 0.9867726 0.0145337
 6750.15158 0.9822807 0.0145321
 6756.89317 0.9954090 0.0145974
 6763.65950 0.9979929 0.0146759
 6770.42524 0.9955132 0.0147667
 6777.19098 0.9850038 0.0148690
 6783.96908 0.9730610 0.0149321
 6790.74718 0.9728971 0.0150533
 6797.53707 0.9631769 0.0151828
 6804.33932 0.9718194 0.0153193
 6811.14098 0.9626236 0.0154883
 6817.95559 0.9507891 0.0156352
 6824.78140 0.9525355 0.0157856
 6831.59601 0.9410654 0.0159381
 6838.43418 0.9405690 0.0160399
 6845.27235 0.9350502 0.0161924
 6852.11052 0.9266710 0.0167220
 6858.97284 0.9062551 0.0168924
 6865.82338 0.8994185 0.0166802
 6872.69747 0.9097648 0.0168127
 6879.57215 0.9066234 0.0170718
 6886.44683 0.9105103 0.0174586
 6893.33329 0.9084195 0.0179529
 6900.23153 0.9021809 0.0183311
 6907.13036 0.8956530 0.0186921
 6914.04096 0.8852227 0.0189684
 6920.95157 0.8766788 0.0191197
 6927.87395 0.8695024 0.0190504
 6934.79692 0.8709236 0.0188638
 6941.73167 0.8548652 0.0185153
 6948.67819 0.8496504 0.0182265
 6955.62531 0.8435633 0.0178721
 6962.58420 0.8453678 0.0174931
 6969.54310 0.8451421 0.0172553
 6976.51377 0.8388295 0.0172287
 6983.48503 0.8491772 0.0176167
 6990.47984 0.8378695 0.0171982
 6997.46288 0.8390060 0.0168179
 7004.47006 0.8355547 0.0166879
 7011.46488 0.8314791 0.0164698
 7018.48442 0.8360666 0.0163220
 7025.50338 0.8374864 0.0161427
 7032.52234 0.8487679 0.0159805
 7039.55367 0.8630472 0.0157392
 7046.59736 0.8740054 0.0156170
 7053.64047 0.8836144 0.0153698
 7060.69594 0.8965913 0.0152417
 7067.76319 0.8963704 0.0151434
 7074.83043 0.9093260 0.0150174
 7081.89768 0.9202139 0.0146307
 7088.98966 0.9332609 0.0144684
 7096.06869 0.9383385 0.0143169
 7103.17245 0.9360247 0.0143199
 7110.27621 0.9346743 0.0142261
 7117.37997 0.9376515 0.0142453
 7124.50729 0.9318553 0.0141259
 7131.62341 0.9382929 0.0140537
 7138.76309 0.9340127 0.0139229
 7145.90277 0.9422175 0.0137709
 7153.04246 0.9435982 0.0135795
 7160.19450 0.9348240 0.0133258
 7167.35833 0.9334161 0.0131833
 7174.52216 0.9313886 0.0129443
 7181.69776 0.9279926 0.0129848
 7188.88632 0.9128459 0.0127588
 7196.07429 0.9046142 0.0126217
 7203.26226 0.8974785 0.0126807
 7210.47438 0.9007977 0.0127961
 7217.68649 0.8896522 0.0127023
 7224.89861 0.8784689 0.0128659
 7232.12250 0.8671487 0.0129300
 7239.35876 0.8620472 0.0130954
 7246.59502 0.8540682 0.0131322
 7253.84364 0.8548667 0.0132046
 7261.10405 0.8626238 0.0132246
 7268.36445 0.8657616 0.0132318
 7275.63663 0.8671659 0.0131596
 7282.90940 0.8727933 0.0131872
 7290.19395 0.8780671 0.0131139
 7297.47791 0.8768885 0.0131221
 7304.77483 0.8807130 0.0131836
 7312.08352 0.8868801 0.0132969
 7319.39221 0.8896742 0.0136034
 7326.71268 0.8980697 0.0136389
 7334.04552 0.9091902 0.0136690
 7341.37836 0.9168290 0.0138731
 7348.72297 0.9265999 0.0139813
 7356.06759 0.9326751 0.0141610
 7363.42457 0.9461199 0.0142783
 7370.78155 0.9611366 0.0145071
 7378.16268 0.9748439 0.0146998
 7385.54321 0.9774209 0.0148235
 7392.92434 0.9860152 0.0150166
 7400.31724 1.0056969 0.0152522
 7407.72251 1.0050961 0.0153702
 7415.12778 1.0144359 0.0155543
 7422.54483 1.0189012 0.0157321
 7429.96188 1.0162858 0.0158297
 7437.39129 1.0044008 0.0159895
 7444.83249 0.9970825 0.0161877
 7452.27368 0.9949409 0.0163230
 7459.72724 0.9852789 0.0163720
 7467.19258 0.9827178 0.0164753
 7474.65791 0.9809026 0.0165595
 7482.13562 0.9817358 0.0165546
 7489.61273 0.9989460 0.0165956
 7497.10221 1.0042807 0.0166749
 7504.60406 1.0158498 0.0166675
 7512.10591 1.0157949 0.0165722
 7519.61953 1.0281651 0.0165097
 7527.14494 1.0373273 0.0164177
 7534.65856 1.0568376 0.0162957
 7542.19633 1.0745872 0.0161443
 7549.74647 1.0814543 0.0161768
 7557.29602 1.1092515 0.0157413
 7564.85793 1.1088421 0.0154923
 7572.41985 1.1303078 0.0153230
 7579.99354 1.1489152 0.0151802
 7587.56782 1.1574703 0.0151075
 7595.15388 1.1706179 0.0150193
 7602.75172 1.1695020 0.0146155
 7610.36192 1.1672692 0.0143537
 7617.97213 1.1610681 0.0141417
 7625.58233 1.1680609 0.0139640
 7633.21668 1.1616150 0.0137303
 7640.85102 1.1506256 0.0134661
 7648.48478 1.1358446 0.0131443
 7656.13150 1.1043915 0.0128375
 7663.78999 1.0794798 0.0124693
 7671.46026 1.0605264 0.0121804
 7679.13053 1.0413926 0.0119363
 7686.80080 1.0221678 0.0120100
 7694.49580 1.0198730 0.0117628
 7702.19022 1.0135915 0.0114077
 7709.89700 1.0120735 0.0113130
 7717.60319 1.0199419 0.0113200
 7725.32175 1.0205024 0.0114331
 7733.05268 1.0233084 0.0116809
 7740.77124 1.0335915 0.0120070
 7748.51453 1.0402977 0.0120322
 7756.26901 1.0482500 0.0123088
 7764.02408 1.0631208 0.0126216
 7771.79093 1.0856266 0.0129158
 7779.55778 1.0860105 0.0132145
 7787.34877 1.0959795 0.0135160
 7795.12798 1.0872905 0.0138052
 7802.91897 1.0760329 0.0141281
 7810.73411 1.0737149 0.0144833
 7818.53688 1.0743237 0.0149038
 7826.35202 1.0638812 0.0154531
 7834.17952 1.0630569 0.0162788
 7842.01880 1.0709405 0.0164556
 7849.85808 1.0632848 0.0170087
 7857.70914 1.0672123 0.0176225
 7865.57257 1.0601226 0.0184539
 7873.43599 1.0675074 0.0190495
 7881.31178 1.0569029 0.0191797
 7889.18699 1.0471421 0.0197222
 7897.07456 1.0529722 0.0205842
 7904.97449 1.0545044 0.0214101
 7912.88562 1.0572889 0.0225587
 7920.79733 1.0461473 0.0232641
 7928.72142 1.0305108 0.0240571
 7936.64491 1.0288337 0.0247184
 7944.58077 1.0077575 0.0253582
 7952.52840 0.9870275 0.0260374
 7960.48841 0.9703503 0.0259591
 7968.44841 0.9599901 0.0257101
 7976.40841 0.9528829 0.0252691
 7984.39197 0.9386508 0.0244139
 7992.37612 0.9462239 0.0238696
 8000.37204 0.9469538 0.0235662
 8008.36856 0.9312318 0.0235392
 8016.37626 0.9331489 0.0240100
 8024.39692 0.9213035 0.0229950
 8032.41699 0.9414453 0.0222017
 8040.44884 0.9525831 0.0218401
 8048.49364 0.9755261 0.0214228
 8056.53785 1.0015557 0.0211717
 8064.59385 1.0121024 0.0211345
 8072.66220 1.0047389 0.0205461
 8080.73115 1.0080651 0.0202466
 8088.81129 0.9986266 0.0198512
 8096.90379 0.9933878 0.0195948
 8104.99629 0.9780906 0.0192035
 8113.11294 0.9732131 0.0189053
 8121.21781 0.9634839 0.0186593
 8129.34624 0.9566160 0.0182939
 8137.47525 0.9379267 0.0180233
 8145.61604 0.9279974 0.0177307
 8153.75683 0.9115434 0.0174863
 8161.90940 0.8956783 0.0171838
 8170.07434 0.8929783 0.0170106
 8178.23928 0.8823852 0.0167408
 8186.42836 0.8956317 0.0165555
 8194.60566 0.8800426 0.0163589
 8202.80652 0.8810781 0.0161366
 8211.00797 0.8783134 0.0160340
 8219.22060 0.8552549 0.0158395
 8227.44619 0.8538698 0.0157170
 8235.67120 0.8446481 0.0155915
 8243.90857 0.8432473 0.0154902
 8252.14594 0.8435926 0.0153874
 8260.39508 0.8317882 0.0153046
 8268.65660 0.8362810 0.0151762
 8276.92989 0.8346885 0.0151010
 8285.20377 0.8450127 0.0150424
 8293.48884 0.8339106 0.0149824
 8301.78686 0.8389789 0.0148842
 8310.08430 0.8365719 0.0148889
 8318.40588 0.8363693 0.0148014
 8326.71568 0.8349806 0.0148160
 8335.04904 0.8273529 0.0147375
 8343.38299 0.8241623 0.0147113
 8351.71694 0.8140093 0.0146913
 8360.07444 0.8146877 0.0146748
 8368.43253 0.8031691 0.0146179
 8376.80240 0.7964162 0.0146142
 8385.18464 0.7987954 0.0147127
 8393.56628 0.7890731 0.0148112
 8401.96030 0.7904602 0.0146701
 8410.36668 0.7949403 0.0146903
 8418.77306 0.8024655 0.0147946
 8427.19122 0.8165947 0.0149182
 8435.62115 0.8235350 0.0152375
 8444.06346 0.8437601 0.0153983
 8452.50576 0.8434802 0.0155483
 8460.94806 0.8646340 0.0158220
 8469.41451 0.8732559 0.0160737
 8477.89273 0.8843817 0.0166620
 8486.35918 0.8830025 0.0168169
 8494.84977 0.8880114 0.0169411
 8503.35273 0.8931809 0.0171942
 8511.84332 0.9013788 0.0176325
 8520.35806 0.9000943 0.0177248
 8528.88457 0.8966953 0.0180856
 8537.41109 0.9082983 0.0185437
 8545.94997 0.9141523 0.0190973
 8554.50062 0.9215383 0.0199522
 8563.05187 0.9323757 0.0200127
 8571.61490 0.9603511 0.0204940
 8580.18970 0.9795422 0.0208752
 8588.76450 0.9930262 0.0214853
 8597.35167 1.0144818 0.0223374
 8605.95062 1.0256470 0.0220544
 8614.56193 1.0230042 0.0222081
 8623.17324 1.0314087 0.0224840
 8631.79634 1.0289379 0.0228737
 8640.43120 1.0226030 0.0235996
 8649.06666 1.0212613 0.0234729
 8657.72626 1.0287799 0.0237217
 8666.38528 1.0437268 0.0241845
 8675.04488 1.0687973 0.0249219
 8683.71626 1.0980653 0.0247614
 8692.41179 1.1442600 0.0248946
 8701.09553 1.2031212 0.0250605
 8709.80284 1.2766593 0.0251498
 8718.51073 1.3582934 0.0251561
 8727.23040 1.4289207 0.0255608
 8735.96243 1.5159633 0.0250116
 8744.69388 1.6296173 0.0246185
 8753.43769 1.7476505 0.0243561
 8762.19387 1.8523664 0.0240584
 8770.96124 1.9181559 0.0237547
 8779.72920 1.9841026 0.0233516
 8788.50952 2.0605290 0.0228262
 8797.30163 2.1160233 0.0221742
 8806.09373 2.1646471 0.0214089
 8814.89761 2.1775508 0.0204988
 8823.71385 2.1483946 0.0194518
 8832.54188 2.1154127 0.0185099
 8841.37049 2.0428879 0.0175811
 8850.21088 1.9535604 0.0166900
 8859.06305 1.8596438 0.0158559
 8867.92759 1.7631938 0.0150943
 8876.79153 1.6590027 0.0144182
 8885.66844 1.5484250 0.0137684
 8894.55712 1.4340779 0.0133162
 8903.45758 1.3325773 0.0128367
 8912.35803 1.2531010 0.0124427
 8921.27086 1.1680406 0.0121364
 8930.18309 1.0922862 0.0119052
 8939.12006 1.0263900 0.0117162
 8948.05703 0.9781231 0.0116447
 8957.00578 0.9476458 0.0116512
 8965.96689 0.9162704 0.0117355
 8974.92741 0.8953662 0.0118810
 8983.90031 0.8742194 0.0121197
 8992.88556 0.8564943 0.0124297
 9001.88260 0.8496885 0.0128079
 9010.89200 0.8318661 0.0133120
 9019.90081 0.8206695 0.0138419
 9028.92199 0.8210200 0.0144826
 9037.94317 0.8160305 0.0149653
 9046.98850 0.8063884 0.0156471
 9056.03382 0.7967714 0.0164460
 9065.09151 0.7879875 0.0173194
 9074.16098 0.7756422 0.0184558
 9083.23045 0.7797046 0.0194830
 9092.31170 0.7569849 0.0203442
 9101.40531 0.7602430 0.0213571
 9110.51070 0.7601261 0.0224039
 9119.61668 0.7570193 0.0237728
 9128.73444 0.7681161 0.0246081
 9137.86397 0.7603257 0.0252532
 9147.00588 0.7722470 0.0256081
 9156.14778 0.7735279 0.0258775
 9165.31382 0.7923349 0.0255563
 9174.47928 0.8010669 0.0256646
 9183.65770 0.8276726 0.0253786
 9192.83552 0.8372257 0.0260808
 9202.02571 0.8726102 0.0257175
 9211.22768 0.8790374 0.0250049
 9220.44201 0.9103348 0.0246290
 9229.66813 0.9250441 0.0244393
 9238.89424 0.9309728 0.0245069
 9248.13272 0.9273012 0.0248456
 9257.38298 0.9424530 0.0251708
 9266.63323 0.9594958 0.0242473
 9275.90764 0.9675009 0.0239605
 9285.18204 0.9717705 0.0235610
 9294.46881 0.9759234 0.0230254
 9303.76735 1.0056133 0.0225010
 9313.06590 0.9962672 0.0217208
 9322.38859 1.0175325 0.0210073
 9331.69950 1.0383888 0.0202198
 9341.03397 1.0610811 0.0194245
 9350.38081 1.0734756 0.0191464
 9359.72764 1.0816579 0.0182195
 9369.08684 1.0798099 0.0177384
 9378.45782 1.0727803 0.0173376
 9387.84058 1.0524048 0.0169339
 9397.22334 1.0387331 0.0165168
 9406.61846 1.0081320 0.0162554
 9416.02595 0.9792871 0.0163320
 9425.44522 0.9597564 0.0161040
 9434.86449 0.9335718 0.0160772
 9444.30731 0.9017852 0.0158732
 9453.75073 0.8645656 0.0158952
 9463.20650 0.8369280 0.0158877
 9472.67347 0.8124147 0.0159845
 9482.14103 0.8094955 0.0160123
 9491.62037 0.7881262 0.0161068
 9501.12443 0.7942747 0.0162249
 9510.61555 0.7935011 0.0163763
 9520.13139 0.7926987 0.0166584
 9529.64724 0.7873887 0.0170689
 9539.18723 0.7898830 0.0173484
 9548.72663 0.7981322 0.0176511
 9558.26662 0.8036003 0.0179078
 9567.83076 0.8126953 0.0183649
 9577.39430 0.8281288 0.0189499
 9586.97021 0.8300724 0.0198762
 9596.55849 0.8569446 0.0213023
 9606.15855 0.8609992 0.0218645
 9615.75861 0.8437048 0.0225972
 9625.38281 0.8404225 0.0235792
 9635.00701 0.8433810 0.0247490
 9644.64358 0.8397663 0.0260370
 9654.29193 0.8403245 0.0271221
 9663.94027 0.8470575 0.0281972
 9673.61276 0.8261853 0.0287098
 9683.28525 0.8241731 0.0290703
 9692.95774 0.8140950 0.0293295
 9702.65379 0.7903872 0.0301389
 9712.36279 0.7668478 0.0302564
 9722.07120 0.7678882 0.0305461
 9731.80435 0.7739502 0.0305690
 9741.52454 0.7716136 0.0308877
 9751.26946 0.7735745 0.0303469
 9761.02675 0.7735688 0.0295942
 9770.78345 0.7744535 0.0291841
 9780.55252 0.7669551 0.0288004
 9790.33337 0.7568086 0.0290577
 9800.12658 0.7519855 0.0269824
 9809.93157 0.7588721 0.0256368
 9819.73656 0.7614641 0.0243052
 9829.55392 0.7212338 0.0229078
 9839.39542 0.7009379 0.0214121
 9849.22455 0.6971934 0.0200798
 9859.07783 0.6920624 0.0183468
 9868.94348 0.6962401 0.0169356
 9878.80853 0.6846097 0.0156459
 9888.68655 0.6689457 0.0143795
 9898.57634 0.6545366 0.0132238
 9908.47790 0.6428020 0.0121370
 9918.39125 0.6285341 0.0111439
 9928.30460 0.6107590 0.0102414
 9938.23090 0.5986869 0.0093267
 9948.16780 0.5809655 0.0086310
 9958.11766 0.5655835 0.0082547
 9968.08047 0.5473539 0.0076018
 9978.04210 0.5272966 0.0071839
 9988.02847 0.5098704 0.0069001
 9998.01366 0.4965196 0.0066789
 10008.01181 0.4800222 0.0065671
 10018.02173 0.4660588 0.0065280
 10028.04461 0.4544518 0.0065485
 10038.06631 0.4460298 0.0065786
 10048.10097 0.4414941 0.0065557
 10058.15918 0.4385533 0.0066267
 10068.20561 0.4406612 0.0067473
 10078.27678 0.4441763 0.0068800
 10088.35855 0.4495804 0.0070525
 10098.45327 0.4613913 0.0072960
 10108.54799 0.4754077 0.0075601
 10118.65449 0.4925677 0.0078350
 10128.77277 0.5137357 0.0082143
 10138.90401 0.5347204 0.0086212
 10149.04702 0.5594962 0.0091359
 10159.19003 0.5832223 0.0096772
 10169.35660 0.6188475 0.0102819
 10179.52317 0.6560689 0.0110668
 10189.70269 0.6872669 0.0114469
 10199.89399 0.7136700 0.0121955
 10210.09707 0.7537993 0.0129136
 10220.31193 0.7888476 0.0137440
 10230.52678 0.8288615 0.0144810
 10240.75460 0.8649874 0.0152717
 10250.99418 0.9107159 0.0161334
 10261.24555 0.9355797 0.0168228
 10271.50870 0.9562500 0.0175050
 10281.78362 0.9859727 0.0180004
 10292.07150 1.0050083 0.0185391
 10302.35938 1.0318224 0.0189331
 10312.65903 1.0379636 0.0192538
 10322.97047 1.0352784 0.0193467
 10333.29368 1.0360903 0.0193898
 10343.62985 1.0324292 0.0192392
 10353.97779 1.0312892 0.0189406
 10364.32574 1.0541782 0.0184633
 10374.69724 1.0657362 0.0179613
 10385.06992 1.0552957 0.0175870
 10395.45320 1.0381899 0.0165836
 10405.84943 1.0276525 0.0164184
 10416.25744 1.0143152 0.0164447
 10426.67841 0.9953684 0.0164771
 10437.09820 0.9696878 0.0165428
 10447.54272 0.9431797 0.0166270
 10457.98724 0.9151932 0.0167817
 10468.44355 0.8938372 0.0170771
 10478.91162 0.8758036 0.0174934
 10489.39266 0.8551413 0.0181802
 10499.88429 0.8225476 0.0191393
 10510.37710 0.7854601 0.0204820
 10520.89465 0.7498199 0.0221704
 10531.42279 0.7088152 0.0243059
 10541.93916 0.6640742 0.0273377
 10552.49204 0.6125171 0.0314099
 10563.04492 0.5493029 0.0371857
