# SOURCE  = 'Quimby et al. 2018' /                                                
# OBJECT  = 'PTF09cwl'           /                                                
# Z       =             0.350200 / wavelengths in OBSERVER FRAME                 
# NORM    =          3.71790E-19 / fluxes divided by norm                         
# CLIPPED =                    1 / galaxy emission lines removed                  
# SMOOTHED=                    1 / spectrum has been smoothed                     
# COLUMN01= 'Wavelength (Angstrom)' /                                             
# COLUMN02= 'Flux Density (erg/s/cm2/A)' /                                        
# COLUMN03= 'Flux Density Uncertainty (erg/s/cm2/A)' /                            
# END                                                                             
# 
# 
# 
# 
# 
# 
# 
# 
# 
# 
# Converted to Observer Frame using z=0.3502
 4297.85339 -1.3064920 -1.7982064
 4302.15552 -1.3587538 -1.7493860
 4306.45809 -1.1822963 1.7037798
 4310.76066 -1.2795360 1.6458000
 4315.08103 -1.3057415 1.6054024
 4319.38360 -0.9177296 -1.5664014
 4323.70397 -1.1181387 1.5233854
 4328.04304 -1.1514091 1.4878209
 4332.36341 -1.1132200 1.4538502
 4336.70248 -1.0192451 1.4162666
 4341.02285 -0.8297157 1.3802009
 4345.38017 -0.9029675 1.3512754
 4349.71879 -0.7842742 1.3235811
 4354.07611 -0.9675314 1.2846348
 4358.43298 -0.7015825 1.2599114
 4362.78985 -0.6458663 1.2360865
 4367.14716 -0.5848345 1.2059613
 4371.52228 -0.6447155 1.1850966
 4375.87959 -0.4341661 1.1661296
 4380.25471 -0.2309609 1.1430792
 4384.64808 0.0034584 1.1238874
 4389.02364 0.0129453 1.1044039
 4393.41701 0.0670004 1.0784312
 4397.81082 -0.0978202 1.0589992
 4402.20418 0.0722370 1.0398895
 4406.61580 0.0138359 1.0149947
 4411.00961 -0.2739615 0.9971110
 4415.42123 -0.1722175 0.9797252
 4419.85109 -0.0562995 0.9572264
 4424.26315 -0.0831209 0.9408693
 4428.69301 -0.0796338 0.9250834
 4433.12287 -0.1491932 0.9059178
 4437.55274 -0.1990515 0.8917686
 4441.98304 -0.1577868 0.8772385
 4446.43115 -0.2362086 0.8603306
 4450.87926 -0.0221144 0.8474128
 4455.32738 0.0527152 0.8347652
 4459.77593 0.0397074 0.8182257
 4464.24229 -0.0808534 0.8065100
 4468.70865 -0.2192550 0.7946875
 4473.17501 -0.3196211 0.7789809
 4477.64137 -0.2550716 0.7677081
 4482.12642 -0.2235047 0.7571989
 4486.61103 -0.2031392 0.7436854
 4491.09563 -0.2314331 0.7334773
 4495.58024 -0.2542565 0.7202096
 4500.08310 -0.3062134 0.7100861
 4504.58595 -0.1984823 0.7001273
 4509.08881 -0.2323990 0.6872529
 4513.59211 -0.1015213 0.6780466
 4518.11321 -0.0524969 0.6695915
 4522.63432 -0.1984770 0.6591891
 4527.15542 -0.0839120 0.6515740
 4531.67652 0.0945965 0.6410143
 4536.21588 0.0994960 0.6329881
 4540.75523 0.1270643 0.6250577
 4545.29458 0.0979473 0.6144962
 4549.83393 0.1498642 0.6071482
 4554.39153 0.1326985 0.5973654
 4558.94913 0.1062280 0.5905816
 4563.50673 0.2154460 0.5839813
 4568.06433 0.2005730 0.5754767
 4572.64018 0.2658845 0.5693179
 4577.19778 0.3180711 0.5613074
 4581.77363 0.2976816 0.5556313
 4586.36773 0.2880481 0.5482029
 4590.94357 0.3322889 0.5428591
 4595.53767 0.2792237 0.5378885
 4600.13177 0.3157090 0.5318174
 4604.74411 0.3174222 0.5280109
 4609.33776 0.3113208 0.5220606
 4613.95011 0.2835938 0.5177223
 4618.56245 0.3137505 0.5117164
 4623.19305 0.3964169 0.5073742
 4627.80539 0.4603276 0.5027307
 4632.43598 0.5439247 0.4961641
 4637.06658 0.5043882 0.4916233
 4641.69672 0.5187877 0.4852983
 4646.34556 0.5205502 0.4809190
 4650.99441 0.5934703 0.4749376
 4655.64325 0.6026016 0.4710143
 4660.31034 0.6312344 0.4653418
 4664.95873 0.6216568 0.4614917
 4669.62582 0.6651071 0.4577857
 4674.29291 0.6810726 0.4529339
 4678.97825 0.6446701 0.4493628
 4683.64489 0.5722522 0.4444401
 4688.33023 0.5614013 0.4412684
 4693.01557 0.4858711 0.4367867
 4697.71915 0.4867665 0.4339332
 4702.42229 0.3753514 0.4302379
 4707.10763 0.3197008 0.4274903
 4711.82947 0.2742046 0.4235894
 4716.53261 0.3309757 0.4210764
 4721.25444 0.3157733 0.4176517
 4725.97627 0.3545433 0.4150134
 4730.69766 0.4074794 0.4111512
 4735.43774 0.4370409 0.4091088
 4740.15913 0.4014654 0.4054175
 4744.89922 0.3478426 0.4029212
 4749.65755 0.3203233 0.3996071
 4754.39718 0.3268629 0.3972328
 4759.15551 0.3042848 0.3937395
 4763.91340 0.3743325 0.3916646
 4768.68998 0.3333441 0.3882231
 4773.44786 0.3532253 0.3859380
 4778.22444 0.3612511 0.3829203
 4783.00057 0.3001537 0.3807583
 4787.77715 0.2477736 0.3776358
 4792.57153 0.2050606 0.3760075
 4797.36636 0.2335074 0.3731714
 4802.16074 0.2586493 0.3714909
 4806.97382 0.2058109 0.3693637
 4811.76820 0.1681640 0.3677416
 4816.58127 0.1912791 0.3650918
 4821.39390 0.1281502 0.3637401
 4826.22523 0.1125042 0.3610683
 4831.05611 0.1750441 0.3582372
 4835.88698 0.2012305 0.3568442
 4840.71831 0.2329980 0.3542985
 4845.56743 0.2363477 0.3528555
 4850.39876 0.1714016 0.3509597
 4855.24788 0.1730846 0.3495472
 4860.11526 0.2395295 0.3475565
 4864.96483 0.2384408 0.3459483
 4869.83220 0.2846564 0.3433560
 4874.69958 0.2849112 0.3412283
 4879.58565 0.2332291 0.3396615
 4884.45302 0.2819229 0.3370830
 4889.33864 0.2965978 0.3358839
 4894.24251 0.3549713 0.3333012
 4899.12858 0.4124536 0.3320305
 4904.03245 0.3749222 0.3296544
 4908.93632 0.3238380 0.3272831
 4913.84019 0.4172394 0.3260687
 4918.76276 0.4222171 0.3236988
 4923.68488 0.4624793 0.3225443
 4928.60700 0.4334351 0.3202908
 4933.52912 0.4093913 0.3179800
 4938.46948 0.4648224 0.3168266
 4943.39205 0.4033772 0.3145539
 4948.35066 0.4025449 0.3135011
 4953.29103 0.3776948 0.3114264
 4958.24965 0.3873438 0.3093276
 4963.20826 0.3782026 0.3083378
 4968.16688 0.4160521 0.3061977
 4973.14374 0.4245318 0.3053977
 4978.10236 0.4407865 0.3035210
 4983.07922 0.4934331 0.3016546
 4988.07433 0.5576444 0.3001075
 4993.05164 0.5217052 0.2978214
 4998.04675 0.5602199 0.2957726
 5003.04186 0.5623109 0.2941729
 5008.05522 0.5523067 0.2919835
 5013.06858 0.5740715 0.2903331
 5018.08194 0.5584857 0.2882505
 5023.09530 0.5623091 0.2859404
 5028.10866 0.5546843 0.2843944
 5033.14027 0.5486668 0.2824340
 5038.17188 0.5300591 0.2802296
 5043.22129 0.4812770 0.2790775
 5048.25290 0.4554578 0.2769317
 5053.30276 0.4617267 0.2751210
 5058.37086 0.4232006 0.2738075
 5063.42072 0.3883306 0.2721142
 5068.48882 0.3247846 0.2702525
 5073.55693 0.2872028 0.2694632
 5078.62503 0.2970352 0.2677636
 5083.71139 0.3127958 0.2662143
 5088.79729 0.3055877 0.2649394
 5093.88365 0.3143208 0.2628675
 5098.97000 0.3388115 0.2610080
 5104.07460 0.3555587 0.2595765
 5109.17920 0.3293275 0.2576122
 5114.28380 0.3423771 0.2555688
 5119.40621 0.3731135 0.2540610
 5124.52906 0.4187469 0.2529658
 5129.65191 0.4293534 0.2513967
 5134.77475 0.4875770 0.2495588
 5139.91541 0.4921034 0.2485420
 5145.05650 0.5048382 0.2466084
 5150.19760 0.5102564 0.2447622
 5155.33825 0.4669160 0.2427257
 5160.49760 0.4324898 0.2417540
 5165.65695 0.3981952 0.2406673
 5170.83410 0.3797925 0.2391526
 5175.99344 0.3914055 0.2380498
 5181.17103 0.3744428 0.2365739
 5186.36643 0.3674092 0.2348836
 5191.54403 0.4210643 0.2334623
 5196.73987 0.3908238 0.2327062
 5201.93526 0.3915129 0.2311127
 5207.13111 0.4267109 0.2297803
 5212.34475 0.4627960 0.2282793
 5217.55884 0.4895926 0.2275030
 5222.77293 0.5348915 0.2259971
 5228.00483 0.5348395 0.2246889
 5233.21892 0.4926473 0.2231980
 5238.45081 0.4872444 0.2225409
 5243.70140 0.4817645 0.2211770
 5248.93329 0.4790929 0.2201172
 5254.18388 0.4772666 0.2188563
 5259.45227 0.5208158 0.2182579
 5264.70285 0.4747183 0.2171520
 5269.97124 0.4950672 0.2158736
 5275.23963 0.4967134 0.2149365
 5280.50847 0.5482622 0.2138412
 5285.79511 0.5700412 0.2134306
 5291.08219 0.5984671 0.2123843
 5296.36883 0.5979856 0.2116469
 5301.67371 0.5582228 0.2109682
 5306.97905 0.5854095 0.2100131
 5312.28393 0.5600873 0.2097771
 5317.58882 0.5569912 0.2088441
 5322.91240 0.5375583 0.2081979
 5328.23553 0.5211622 0.2073350
 5333.55867 0.5274245 0.2067956
 5338.90049 0.5108841 0.2066855
 5344.24188 0.5067948 0.2059806
 5349.58326 0.4761613 0.2055764
 5354.92509 0.4840157 0.2049243
 5360.28472 0.4684397 0.2045871
 5365.64435 0.4591915 0.2041931
 5371.00398 0.4921612 0.2039220
 5376.38186 0.5010967 0.2035985
 5381.76018 0.5230685 0.2031868
 5387.13806 0.5210635 0.2024600
 5392.53419 0.5230521 0.2019479
 5397.91207 0.5659453 0.2012038
 5403.30820 0.5203530 0.2007992
 5408.72302 0.5400434 0.2007442
 5414.13739 0.5474255 0.1999958
 5419.55177 0.5529134 0.1994670
 5424.96614 0.5442511 0.1988966
 5430.39877 0.5431383 0.1980394
 5435.81314 0.5522785 0.1974103
 5441.26401 0.6043988 0.1965036
 5446.69664 0.6049281 0.1959112
 5452.14751 0.5771431 0.1956944
 5457.59838 0.6011107 0.1948164
 5463.04925 0.6119770 0.1942836
 5468.51837 0.6093183 0.1937897
 5473.98749 0.6397797 0.1930120
 5479.45661 0.6376210 0.1925126
 5484.94398 0.6404771 0.1919724
 5490.43135 0.6708049 0.1911409
 5495.91872 0.7165239 0.1905618
 5501.40609 0.7057645 0.1899312
 5506.91170 0.7016136 0.1894650
 5512.41732 0.6382447 0.1888803
 5517.94119 0.6417616 0.1883297
 5523.44680 0.6718536 0.1875449
 5528.97067 0.6342043 0.1870390
 5534.51278 0.6497941 0.1865426
 5540.03620 0.6490614 0.1860559
 5545.57831 0.6153296 0.1852132
 5551.12043 0.6005833 0.1845804
 5556.68079 0.5866755 0.1839774
 5562.24115 0.5772013 0.1831260
 5567.80106 0.5541186 0.1825196
 5573.36142 0.5378761 0.1819532
 5578.94003 0.5176631 0.1812398
 5584.51864 0.5158759 0.1807661
 5590.09725 0.5236039 0.1803070
 5595.69367 0.5542344 0.1795661
 5601.29052 0.5353974 0.1788644
 5606.88738 0.5582243 0.1784172
 5612.50204 0.5585262 0.1782769
 5618.11715 0.5756607 0.1777405
 5623.73225 0.5526782 0.1770150
 5629.34691 0.5350322 0.1765003
 5634.98027 0.5357500 0.1759426
 5640.61362 0.5592201 0.1753648
 5646.26478 0.5592584 0.1746012
 5651.89813 0.5433004 0.1740310
 5657.54973 0.5360945 0.1734851
 5663.21914 0.5550531 0.1729836
 5668.88899 0.5465297 0.1722824
 5674.54015 0.5475318 0.1717856
 5680.22825 0.5215880 0.1709448
 5685.89765 0.5120337 0.1704547
 5691.58575 0.5138548 0.1697164
 5697.27340 0.5319219 0.1691971
 5702.97975 0.5577918 0.1687339
 5708.68565 0.5316917 0.1683221
 5714.39200 0.5377917 0.1679130
 5720.09790 0.4794374 0.1673315
 5725.82249 0.4952056 0.1669550
 5731.54664 0.4472038 0.1665961
 5737.28949 0.4134405 0.1662124
 5743.01364 0.4356206 0.1656404
 5748.75604 0.4008740 0.1652603
 5754.51713 0.4250805 0.1648663
 5760.25953 0.4182781 0.1645037
 5766.02062 0.3854716 0.1641807
 5771.79951 0.3653153 0.1639005
 5777.56016 0.3340206 0.1634234
 5783.33950 0.3226496 0.1631567
 5789.13664 0.3455459 0.1626131
 5794.91553 0.3522542 0.1624152
 5800.71268 0.3702205 0.1622319
 5806.51026 0.4144259 0.1618391
 5812.32566 0.4335573 0.1617270
 5818.14105 0.4344736 0.1616066
 5823.95644 0.4630154 0.1615200
 5829.77227 0.4615341 0.1614922
 5835.60591 0.4860191 0.1614704
 5841.43955 0.5461435 0.1612023
 5847.29144 0.5501996 0.1610643
 5853.12508 0.5559975 0.1617026
 5858.97741 0.5655108 0.1613956
 5864.84755 0.5411288 0.1611492
 5870.69943 0.5909485 0.1609503
 5876.58782 0.6217331 0.1607988
 5882.45795 0.6216806 0.1606721
 5888.34634 0.6282128 0.1600994
 5894.23472 0.6198034 0.1600478
 5900.12310 0.6642504 0.1599987
 5906.02974 0.6830901 0.1599872
 5911.93637 0.7119449 0.1599906
 5917.84300 0.7301099 0.1599813
 5923.76788 0.7340382 0.1597192
 5929.69276 0.7232548 0.1597252
 5935.61764 0.7253403 0.1597480
 5941.54252 0.7256468 0.1595554
 5947.48565 0.7079836 0.1596382
 5953.44702 0.7135051 0.1597112
 5959.39015 0.6492163 0.1595315
 5965.35153 0.6619840 0.1595905
 5971.31291 0.7231765 0.1596303
 5977.29253 0.7303020 0.1596649
 5983.27216 0.7222865 0.1597087
 5989.25178 0.7665036 0.1594884
 5995.24965 0.8043707 0.1595122
 6001.22883 0.8211676 0.1595131
 6007.24495 0.8530217 0.1595344
 6013.24283 0.8487936 0.1592947
 6019.25895 0.8446321 0.1592790
 6025.27507 0.8457916 0.1590186
 6031.30899 0.8382815 0.1590041
 6037.34336 0.8530295 0.1587160
 6043.37773 0.8681743 0.1586870
 6049.41210 0.8954128 0.1587029
 6055.46427 0.9107202 0.1587347
 6061.51689 0.9199330 0.1584704
 6067.58776 0.9223704 0.1584324
 6073.65862 0.9308175 0.1583431
 6079.72904 0.9503708 0.1582296
 6085.79991 0.9425612 0.1578903
 6091.88902 0.9375618 0.1577816
 6097.97769 0.9803493 0.1576436
 6104.08505 0.9934013 0.1575340
 6110.19197 0.9753028 0.1571640
 6116.29933 0.9830605 0.1570283
 6122.40670 0.9772947 0.1569173
 6128.53186 0.9543049 0.1565610
 6134.65747 0.9055352 0.1564237
 6140.80089 0.9089606 0.1562651
 6146.94474 0.8962604 0.1558765
 6153.08816 0.9246343 0.1557551
 6159.25026 0.9342960 0.1556083
 6165.41193 0.9268661 0.1552468
 6171.57403 0.8831257 0.1551652
 6177.73569 0.8321014 0.1550828
 6183.91605 0.8231836 0.1547215
 6190.09596 0.7874296 0.1546238
 6196.29412 0.7928988 0.1544925
 6202.49272 0.7817689 0.1541086
 6208.69088 0.7848743 0.1541490
 6214.90773 0.7853092 0.1539784
 6221.10589 0.7454574 0.1535710
 6227.34054 0.7727860 0.1533972
 6233.55739 0.7907993 0.1532432
 6239.79205 0.7924271 0.1528329
 6246.04495 0.8170430 0.1526623
 6252.28005 0.8062468 0.1522979
 6258.53295 0.8217225 0.1521717
 6264.78586 0.8733299 0.1520666
 6271.05701 0.8581111 0.1517637
 6277.32860 0.8605685 0.1516928
 6283.61800 0.8716584 0.1513885
 6289.88915 0.8646998 0.1515380
 6296.17855 0.8747582 0.1514692
 6302.48620 0.8918347 0.1511796
 6308.77604 0.8812886 0.1511333
 6315.08369 0.8912743 0.1508864
 6321.40959 0.9318274 0.1508797
 6327.73548 0.9121174 0.1509057
 6334.06138 0.9148147 0.1507381
 6340.38727 0.9020042 0.1502821
 6346.73142 0.9324940 0.1500329
 6353.07556 0.9632971 0.1499914
 6359.43840 0.9562798 0.1497443
 6365.80079 0.9562864 0.1497061
 6372.16318 0.9891450 0.1494614
 6378.52557 1.0004667 0.1494141
 6384.90621 1.0197123 0.1491552
 6391.28685 1.0365397 0.1493144
 6397.68574 1.0366365 0.1490775
 6404.08463 1.0127107 0.1490663
 6410.48352 1.0062308 0.1490583
 6416.90021 1.0193727 0.1488354
 6423.31735 1.0051211 0.1488480
 6429.73448 1.0066681 0.1488514
 6436.16987 0.9861724 0.1486239
 6442.60525 0.9993562 0.1486143
 6449.05889 1.0014368 0.1483985
 6455.49427 1.0455762 0.1483884
 6461.94790 1.0715617 0.1483950
 6468.41934 1.0837408 0.1483812
 6474.89122 1.1065724 0.1481609
 6481.36310 1.1209272 0.1481563
 6487.83498 1.0861886 0.1479603
 6494.32511 1.0591447 0.1481707
 6500.81480 1.0535585 0.1479606
 6507.32317 1.0072588 0.1479656
 6513.83155 0.9989237 0.1477519
 6520.35773 1.0021241 0.1475550
 6526.86611 0.9839474 0.1477888
 6533.39274 1.0001026 0.1476135
 6539.93717 0.9963772 0.1476634
 6546.46379 0.9860393 0.1474899
 6553.00866 0.9805353 0.1477216
 6559.57134 0.9509730 0.1475285
 6566.13446 0.9227519 0.1473675
 6572.69759 0.9528519 0.1473991
 6579.27851 0.9189508 0.1474256
 6585.84163 0.9022532 0.1474504
 6592.44081 0.8710421 0.1472702
 6599.02218 0.8877666 0.1472973
 6605.62135 0.8866062 0.1473437
 6612.23922 0.8707307 0.1472039
 6618.83839 0.8769541 0.1470678
 6625.45626 0.8432260 0.1473350
 6632.09193 0.8588474 0.1471808
 6638.72804 0.8522313 0.1472262
 6645.36371 0.8776955 0.1472936
 6652.01808 0.8875619 0.1471597
 6658.65375 0.8883946 0.1472205
 6665.32591 0.8873475 0.1473106
 6671.98028 0.9065131 0.1471930
 6678.65244 0.8614042 0.1472735
 6685.34286 0.9080306 0.1473669
 6692.01547 0.9028967 0.1472508
 6698.72413 0.9211751 0.1471462
 6705.41455 0.9550102 0.1474333
 6712.12365 0.9476318 0.1472992
 6718.83232 0.9433016 0.1473382
 6725.55923 0.9503030 0.1476116
 6732.26789 0.9638909 0.1474691
 6739.01349 0.9910126 0.1473749
 6745.74040 0.9819146 0.1475102
 6752.50381 0.9632648 0.1476527
 6759.24897 0.9585446 0.1475877
 6766.01238 0.9387135 0.1477518
 6772.77623 0.9789405 0.1478706
 6779.53964 0.9726674 0.1480087
 6786.32129 0.9427061 0.1479144
 6793.12120 0.9799236 0.1478101
 6799.90285 0.9835150 0.1479222
 6806.70276 0.9773704 0.1480146
 6813.52091 0.9734305 0.1481118
 6820.32081 0.9607973 0.1480125
 6827.15721 0.9649633 0.1479395
 6833.97536 0.9869007 0.1482372
 6840.81176 0.9760357 0.1481227
 6847.64816 0.9514868 0.1482861
 6854.50281 0.9406340 0.1482526
 6861.35746 0.9232064 0.1484289
 6868.21211 0.9480311 0.1485647
 6875.08501 0.9075292 0.1485385
 6881.95790 0.9091747 0.1487373
 6888.84905 0.9070629 0.1487135
 6895.72194 0.9079385 0.1489129
 6902.63134 0.8982656 0.1488876
 6909.52248 0.9012771 0.1492725
 6916.43143 0.9214267 0.1492496
 6923.35907 0.9119418 0.1494798
 6930.28671 0.9538999 0.1494862
 6937.21435 0.9544011 0.1497060
 6944.14199 0.9635107 0.1497143
 6951.08744 0.9692354 0.1499437
 6958.05158 0.9775012 0.1499612
 6964.99747 0.9940355 0.1503627
 6971.96160 1.0335099 0.1503897
 6978.94354 1.0561538 0.1506552
 6985.92593 1.0617201 0.1506794
 6992.90832 1.0632982 0.1509424
 6999.89026 1.0550064 0.1509747
 7006.89089 1.0595565 0.1512589
 7013.90977 1.0590357 0.1513290
 7020.92821 1.0658982 0.1516119
 7027.94709 1.0797729 0.1516729
 7034.96553 1.0839714 0.1519898
 7042.00266 1.1365011 0.1520726
 7049.03934 1.1538593 0.1525539
 7056.09472 1.1754967 0.1528950
 7063.14966 1.1720718 0.1530140
 7070.22328 1.2288554 0.1533596
 7077.27822 1.2433937 0.1534827
 7084.37009 1.2834277 0.1538215
 7091.44327 1.2800411 0.1539532
 7098.53515 1.2900842 0.1542987
 7105.64483 1.3358469 0.1546526
 7112.75495 1.3982011 0.1547511
 7119.86463 1.4037217 0.1551031
 7126.97431 1.4145057 0.1552303
 7134.10268 1.4498175 0.1556061
 7141.24885 1.4995143 0.1559993
 7148.37678 1.5297054 0.1561626
 7155.54165 1.5422382 0.1565653
 7162.68782 1.5880934 0.1569459
 7169.85224 1.6135303 0.1569363
 7177.01711 1.6122200 0.1573444
 7184.19978 1.6216747 0.1575217
 7191.38245 1.6756507 0.1579575
 7198.58337 1.6641526 0.1583936
 7205.76649 1.6788971 0.1585848
 7212.98566 1.6677444 0.1590418
 7220.18657 1.6595182 0.1594945
 7227.40574 1.6525913 0.1597065
 7234.64316 1.6611805 0.1603661
 7241.88057 1.6442122 0.1613795
 7249.11799 1.6383121 0.1618123
 7256.37410 1.6355661 0.1620384
 7263.62976 1.6123158 0.1622117
 7270.88543 1.6340730 0.1624785
 7278.15934 1.6348201 0.1622524
 7285.43325 1.6565911 0.1625411
 7292.72541 1.6600676 0.1629048
 7300.01757 1.6684771 0.1630249
 7307.30973 1.6395373 0.1634163
 7314.62014 1.6018847 0.1637807
 7321.93055 1.5948688 0.1642077
 7329.25920 1.5913405 0.1644295
 7336.58786 1.5573431 0.1649542
 7343.93432 1.5386329 0.1654798
 7351.26298 1.5070339 0.1660354
 7358.62813 1.4940344 0.1663833
 7365.99328 1.4616036 0.1669906
 7373.35843 1.4291811 0.1675826
 7380.72359 1.4280390 0.1682133
 7388.10654 1.4243017 0.1685346
 7395.48994 1.3917547 0.1691152
 7402.89159 1.3541903 0.1697239
 7410.29324 1.3327051 0.1703541
 7417.69489 1.3450994 0.1709214
 7425.11435 1.2986487 0.1712091
 7432.55249 1.3157912 0.1717272
 7439.97239 1.2442427 0.1721853
 7447.42834 1.2565541 0.1725565
 7454.86648 1.2443275 0.1728601
 7462.32288 1.2754469 0.1730719
 7469.77927 1.2204787 0.1728864
 7477.25302 1.3012682 0.2556725
 7484.72767 1.3283373 0.2579735
 7492.22100 1.4116545 0.2599891
 7499.71345 1.4168737 0.2617328
 7507.20589 1.4478027 0.2631230
 7514.71703 1.3855659 0.2640617
 7522.22817 1.4368970 0.2644941
 7529.75711 1.4549997 0.2645692
 7537.28605 1.5140828 0.2639058
 7544.81499 1.3951761 0.2626185
 7552.36263 1.3733031 0.2607520
 7559.92807 1.3660848 0.2583438
 7567.47570 1.4118420 0.2565239
 7575.05983 1.2904310 0.2532488
 7582.62527 1.2444592 0.2496067
 7590.20940 1.1379805 0.2445224
 7597.79264 1.0661288 0.2402563
 7605.39458 1.0836352 0.2358305
 7612.99740 1.0136248 0.2312898
 7620.61714 0.9752859 0.2267185
 7628.23777 0.9631441 0.2221832
 7635.87620 0.9184657 0.2177480
 7643.49683 0.9805482 0.2134260
 7651.15306 0.8998599 0.2093746
 7658.79149 0.8453437 0.2055750
 7666.44862 0.8517969 0.2019732
 7674.12354 0.8582422 0.1986888
 7681.79847 0.8490881 0.1948013
 7689.47340 0.8391997 0.1907688
 7697.16702 0.8683469 0.1872071
 7704.85975 0.9466121 0.1839274
 7712.57117 1.0372099 0.1808509
 7720.28260 1.0342027 0.1779156
 7728.01272 0.9896799 0.1751305
 7735.74194 1.0035636 0.1724827
 7743.47206 1.0595284 0.1700135
 7751.21998 0.9409595 0.1670326
 7758.96790 0.9499229 0.1648809
 7766.73362 1.0044433 0.1630432
 7774.50024 0.9504120 0.1612886
 7782.26596 0.9538032 0.1594903
 7790.05038 0.9313786 0.1577557
 7797.83479 0.9401192 0.1568641
 7805.63790 0.9651874 0.1562009
 7813.44012 1.0774013 0.1548779
 7821.26104 1.1062753 0.1522902
 7829.08195 1.0640589 0.1505793
 7836.90286 1.0256431 0.1492808
 7844.74158 1.0746969 0.1482372
 7852.59899 1.0768242 0.1474524
 7860.43859 1.0361782 0.1468896
 7868.31381 1.0005299 0.1463948
 7876.17121 0.9749824 0.1457298
 7884.04643 0.9473602 0.1455757
 7891.94033 0.9429792 0.1454090
 7899.83424 0.9328702 0.1452471
 7907.72814 0.9362811 0.1451439
 7915.63985 0.9331274 0.1451098
 7923.55156 0.9580121 0.1446338
 7931.48196 0.9786897 0.1445263
 7939.41237 0.9888004 0.1444431
 7947.34277 0.9625043 0.1447516
 7955.29097 0.9305285 0.1446306
 7963.25787 0.9802063 0.1438872
 7971.20608 1.0583693 0.1434795
 7979.19078 1.0430866 0.1430485
 7987.15768 1.0899134 0.1425653
 7995.14238 1.1001126 0.1419725
 8003.14578 1.1687187 0.1408442
 8011.14917 1.2149997 0.1400746
 8019.17037 1.2112415 0.1392650
 8027.17376 1.1981338 0.1384081
 8035.21277 1.1819495 0.1371564
 8043.25266 1.2385085 0.1362760
 8051.29255 1.2092506 0.1354333
 8059.33155 1.1974505 0.1346327
 8067.40794 1.2215370 0.1335288
 8075.46563 1.2398446 0.1332357
 8083.54202 1.2132112 0.1327524
 8091.63621 1.2630811 0.1323546
 8099.71260 1.3162445 0.1318593
 8107.82459 1.3328878 0.1319456
 8115.91878 1.3691137 0.1316359
 8124.04947 1.3904494 0.1305815
 8132.16235 1.3537577 0.1299623
 8140.31174 1.3011452 0.1296262
 8148.44242 1.3621331 0.1293010
 8156.59091 1.4026994 0.1290431
 8164.75810 1.3591526 0.1288538
 8172.90748 1.4021240 0.1287381
 8181.09246 1.4299175 0.1282553
 8189.25965 1.4794946 0.1281255
 8197.46333 1.4544816 0.1280235
 8205.64921 1.5328482 0.1278139
 8213.85289 1.5542032 0.1276780
 8222.07437 1.5859517 0.1274976
 8230.29674 1.5759311 0.1269811
 8238.53692 1.6127381 0.1267979
 8246.75840 1.5772669 0.1265679
 8255.01727 1.5994641 0.1265302
 8263.27525 1.6369836 0.1264744
 8271.53412 1.6491972 0.1258097
 8279.80990 1.7052292 0.1253633
 8288.08658 1.7228835 0.1254576
 8296.38194 1.7225038 0.1248063
 8304.67642 1.7429020 0.1243837
 8312.97179 1.7425745 0.1236731
 8321.28407 1.7488782 0.1234088
 8329.61593 1.7564195 0.1236167
 8337.94690 1.7323903 0.1230744
 8346.27876 1.7168946 0.1234228
 8354.62754 1.6870123 0.1223952
 8362.97721 1.7247721 0.1217644
 8371.34556 1.7367703 0.1212155
 8379.71303 1.7382253 0.1206389
 8388.09920 1.7185162 0.1204740
 8396.48447 1.7473751 0.1202518
 8404.88932 1.7683235 0.1202416
 8413.29329 1.7446338 0.1200207
 8421.69725 1.7207695 0.1201981
 8430.11991 1.6498187 0.1206896
 8438.56037 1.6400805 0.1201997
 8447.00173 1.6318400 0.1200919
 8455.44219 1.6619544 0.1199405
 8463.90134 1.6427563 0.1197249
 8472.35961 1.6831156 0.1190596
 8480.83657 1.7009217 0.1187119
 8489.31441 1.7433195 0.1182188
 8497.80918 1.7769698 0.1177677
 8506.30483 1.7419550 0.1168546
 8514.81828 1.7514122 0.1163771
 8523.31393 1.7159836 0.1153035
 8531.84519 1.6930338 0.1145224
 8540.37734 1.6358516 0.1136158
 8548.92729 1.6098799 0.1127361
 8557.47724 1.5612302 0.1115737
 8566.02719 1.5428883 0.1110793
 8574.59584 1.5004803 0.1098815
 8583.16448 1.4776022 0.1090191
 8591.75093 1.4984832 0.1080038
 8600.33737 1.5084904 0.1069238
 8608.94162 1.4783368 0.1065349
 8617.56457 1.4410005 0.1062348
 8626.16971 1.4175774 0.1059481
 8634.79265 1.3962089 0.1056239
 8643.43429 1.3567679 0.1054821
 8652.07504 1.3471687 0.1053441
 8660.73448 1.3471493 0.1054219
 8669.39392 1.3390762 0.1052527
 8678.07205 1.3275275 0.1050740
 8686.73149 1.3306894 0.1042890
 8695.42743 1.3437186 0.1041391
 8704.12247 1.3594489 0.1048236
 8712.83710 1.3553880 0.1054467
 8721.55084 1.3710442 0.1063407
 8730.26547 1.3742461 0.1071825
 8738.99791 1.3815463 0.1084717
 8747.73034 1.3807575 0.1094146
 8756.48058 1.3701217 0.1105930
 8765.23081 1.3719233 0.1115342
 8773.99974 1.4071891 0.1120171
 8782.78736 1.4541535 0.1128480
 8791.57410 1.4815884 0.1132932
 8800.36083 1.5108364 0.1136866
 8809.14845 1.5402293 0.1132846
 8817.97168 1.5729792 0.1130202
 8826.77711 1.5593385 0.1126424
 8835.60034 1.5617592 0.1119468
 8844.44226 1.5289387 0.1108070
 8853.28418 1.5236238 0.1100707
 8862.14391 1.5051455 0.1087538
 8871.00363 1.4837652 0.1078711
 8879.88205 1.4475557 0.1061926
 8888.76047 1.4019054 0.1049247
 8897.63889 1.3718435 0.1033021
 8906.55291 1.3563401 0.1017542
 8915.45002 1.3683991 0.1004561
 8924.36405 1.3547281 0.0990358
 8933.29766 1.3224212 0.0978794
 8942.23037 1.2963325 0.0970771
 8951.16309 1.2336369 0.0967094
 8960.13231 1.2329644 0.0962402
 8969.08372 1.2069995 0.0960337
 8978.05293 1.2113045 0.0954782
 8987.04084 1.2119960 0.0954393
 8996.01006 1.2203211 0.0948806
 9005.01577 1.1742089 0.0943635
 9014.02148 1.1633399 0.0936576
 9023.02719 1.1361610 0.0941838
 9032.05159 1.1284670 0.0932508
 9041.09380 1.1356115 0.0925952
 9050.13601 1.1299413 0.0921705
 9059.17822 1.1099136 0.0912918
 9068.23912 1.0924437 0.0908084
 9077.31782 1.1120949 0.0902592
 9086.39652 1.1027693 0.0900238
 9095.47523 1.0448252 0.0901439
 9104.57173 1.0297791 0.0899307
 9113.66913 1.0144486 0.0897127
 9122.78433 0.9897746 0.0895347
 9131.91733 1.0217187 0.0892863
 9141.05123 1.0266498 0.0892971
 9150.18423 1.0745643 0.0891069
 9159.33593 1.0663180 0.0889854
 9168.48762 1.0796303 0.0892944
 9177.65712 1.0961182 0.0895567
 9186.84532 1.1408147 0.0895911
 9196.03351 1.1162421 0.0899794
 9205.24040 1.1319880 0.0907433
 9214.42859 1.1832610 0.0908503
 9223.65328 1.2030994 0.0912939
 9232.87708 1.2221597 0.0913735
 9242.10177 1.2423036 0.0913877
 9251.34515 1.2862203 0.0917019
 9260.60545 1.3352112 0.0916214
 9269.86663 1.3683867 0.0915417
 9279.12782 1.3709347 0.0917827
 9288.40681 1.3892825 0.0914725
 9297.70449 1.4310485 0.0908185
 9307.00217 1.4672236 0.0900877
 9316.29985 1.5084614 0.0895571
 9325.61534 1.5734895 0.0890872
 9334.94952 1.6217506 0.0886947
 9344.28370 1.6534740 0.0880097
 9353.63568 1.6481428 0.0875303
 9362.98766 1.6644170 0.0871366
 9372.33964 1.6709929 0.0868770
 9381.72901 1.6711558 0.0867958
 9391.09879 1.6772439 0.0856027
 9400.48816 1.6667826 0.0849800
 9409.89444 1.6863229 0.0843953
 9419.30162 1.7095789 0.0836448
 9428.72659 1.7184486 0.0829274
 9438.15156 1.7113591 0.0825141
 9447.59523 1.6899350 0.0822561
 9457.03801 1.6858894 0.0822902
 9466.50037 1.6878031 0.0822301
 9475.96184 1.6727302 0.0819031
 9485.44112 1.6541402 0.0809241
 9494.92128 1.6392279 0.0799741
 9504.41925 1.6089851 0.0792921
 9513.93591 1.6321096 0.0787174
 9523.43388 1.6001000 0.0783728
 9532.96834 1.5900891 0.0781641
 9542.50280 1.6177325 0.0777800
 9552.03727 1.6150405 0.0776700
 9561.58953 1.5990210 0.0776949
 9571.16050 1.5989782 0.0777404
 9580.73146 1.6116352 0.0777337
 9590.30242 1.5971748 0.0782086
 9599.89207 1.6011235 0.0785736
 9609.49953 1.5691255 0.0784102
 9619.10698 1.5571836 0.0783181
 9628.73224 1.5516305 0.0788193
 9638.35839 1.5517600 0.0793965
 9648.00145 1.5291409 0.0794642
 9657.64541 1.5733780 0.0785747
 9667.30805 1.5648146 0.0784509
 9676.96981 1.5755790 0.0786191
 9686.65026 1.5903958 0.0790136
 9696.33071 1.6069427 0.0791650
 9706.02896 1.5770102 0.0796120
 9715.74591 1.5892220 0.0799965
 9725.46285 1.5779667 0.0806927
 9735.17980 1.6095183 0.0808613
 9744.91455 1.5776498 0.0815413
 9754.66799 1.5701416 0.0822315
 9764.42143 1.5780714 0.0828817
 9774.19268 1.5545936 0.0832294
 9783.94612 1.5737300 0.0837066
 9793.73606 1.5327433 0.0845250
 9803.54380 1.5123419 0.0854327
 9813.33374 1.4656364 0.0861527
 9823.15928 1.4177800 0.0868726
 9832.96792 1.3991396 0.0875963
 9842.81215 1.3562524 0.0880288
 9852.65639 1.3407224 0.0876982
 9862.50063 1.3112054 0.0867624
 9872.36356 1.3198973 0.0857139
 9882.24430 1.3335834 0.0851906
 9892.12503 1.3272634 0.0846099
 9902.02446 1.2821136 0.0839274
 9911.92300 1.2835828 0.0832247
 9921.84112 1.2888407 0.0825137
 9931.75835 1.2678519 0.0812901
 9941.69338 1.2717352 0.0795289
 9951.62931 1.2714224 0.0786800
 9961.58303 1.2838840 0.0785939
 9971.53676 1.3096149 0.0783934
 9981.50918 1.3265927 0.0772582
 9991.49941 1.3172328 0.0767961
 10001.48963 1.3399822 0.0770598
 10011.49766 1.3375992 0.0766703
 10021.50657 1.3479086 0.0760248
 10031.53329 1.3328886 0.0756006
 10041.56002 1.3357956 0.0751127
 10051.60454 1.2956705 0.0752710
 10061.64995 1.3280129 0.0758871
 10071.71317 1.3486426 0.0764275
 10081.77639 1.3508776 0.0772481
 10091.85741 1.3598459 0.0769379
 10101.95712 1.3888344 0.0772080
 10112.05683 1.3517691 0.0774103
 10122.17435 1.3553284 0.0769213
 10132.29275 1.3116518 0.0772255
 10142.42896 1.2944614 0.0775068
 10152.58298 1.2604045 0.0777899
 10162.71919 1.2193310 0.0780545
 10172.89189 1.2111999 0.0787610
 10183.06371 1.1616688 0.0796573
 10193.25511 1.1492035 0.0805130
 10203.44561 1.1156822 0.0808565
 10213.63612 1.0953238 0.0819745
 10223.86402 1.1129309 0.0828064
 10234.09102 1.0847706 0.0829737
 10244.31803 1.0599728 0.0832356
 10254.56373 1.0229329 0.0835022
 10264.80943 0.9896412 0.0844662
 10275.07293 0.9683245 0.0846170
 10285.35512 0.9680417 0.0842698
 10295.63643 0.9544690 0.0843030
 10305.93732 0.9368949 0.0841348
 10316.25512 0.9001471 0.0840228
 10326.55601 0.8703663 0.0834375
 10336.89250 0.8649344 0.0826303
 10347.22900 0.8388954 0.0823595
 10357.56549 0.8298624 0.0827240
 10367.93848 0.8075897 0.0817830
 10378.29367 0.7697286 0.0808991
 10388.68446 0.7019466 0.0808368
 10399.07615 0.6922382 0.0811914
 10409.46783 0.6754187 0.0810577
 10419.87732 0.6479726 0.0801688
 10430.30461 0.6437739 0.0792680
 10440.73279 0.6144309 0.0788486
 10451.17877 0.6258697 0.0792020
 10461.62476 0.6845513 0.0801340
 10472.08855 0.6544521 0.0808784
 10482.55322 0.6371689 0.0812558
 10493.03570 0.6584818 0.0806877
 10503.53599 0.6674355 0.0808116
 10514.03716 0.6836244 0.0805430
 10524.55614 0.6932365 0.0803565
 10535.07511 0.6756345 0.0801482
 10545.61189 0.6571363 0.0804558
 10556.14956 0.6403971 0.0801922
 10566.72284 0.6884937 0.0802337
 10577.27831 0.6999393 0.0802108
 10587.87028 0.6948282 0.0809165
 10598.44356 0.7086805 0.0801685
 10609.05422 0.6873978 0.0804980
 10619.66399 0.7250682 0.0810218
 10630.27377 0.7399081 0.0807085
 10640.90223 0.7563178 0.0797319
 10651.54939 0.7409934 0.0790674
 10662.19566 0.7209316 0.0793404
 10672.86062 0.7395745 0.0799747
 10683.54339 0.7511132 0.0787043
 10694.22615 0.7175453 0.0776048
 10704.90892 0.6825519 0.0770639
 10715.62907 0.7084679 0.0766712
 10726.32964 0.7155577 0.0762739
 10737.06759 0.7232607 0.0757087
 10747.80555 0.7466451 0.0749459
 10758.54350 0.7288254 0.0744041
 10769.31707 0.7314498 0.0741899
 10780.07371 0.7415299 0.0734707
 10790.86597 0.7295529 0.0731366
 10801.65822 0.7257423 0.0731027
 10812.45048 0.7751885 0.0731323
 10823.26143 0.8090057 0.0721108
 10834.09018 0.8311187 0.0710788
 10844.91893 0.8615854 0.0704635
 10855.76548 0.8514206 0.0697484
 10866.63162 0.9236634 0.0690167
 10877.49687 0.9323547 0.0683642
 10888.36211 0.9334562 0.0677014
 10899.26386 0.9607542 0.0674244
 10910.16560 0.9776961 0.0667602
 10921.06735 0.9796478 0.0662389
 10931.98689 0.9621919 0.0656126
 10942.92513 0.9339404 0.0651183
 10953.86337 0.9475220 0.0646729
 10964.82031 0.9572141 0.0648798
 10975.79504 0.9680693 0.0647296
 10986.76978 0.9931274 0.0646853
 10997.76232 0.9548136 0.0641318
 11008.75575 0.9339195 0.0636353
 11019.76698 0.9109829 0.0628105
 11030.77733 0.8834456 0.0630555
 11041.80725 0.8772767 0.0638739
 11052.85498 0.8571923 0.0649689
 11063.90271 0.8575264 0.0654078
 11074.96824 0.8214998 0.0662001
 11086.05247 0.8054394 0.0674412
 11097.13669 0.8048696 0.0688494
 11108.23872 0.8175765 0.0690144
 11119.34075 0.8353639 0.0699807
 11130.46148 0.8625562 0.0710240
 11141.58220 0.8945792 0.0721925
 11152.73942 0.8756018 0.0727413
 11163.89574 0.8618768 0.0739493
 11175.05296 0.8823963 0.0739623
 11186.22799 0.8949006 0.0743146
 11197.42170 0.9116414 0.0745585
 11208.61542 0.9193363 0.0751940
 11219.82693 0.9478624 0.0747738
 11231.03845 0.9775193 0.0740161
 11242.26866 1.0307482 0.0736304
 11253.51668 1.0706487 0.0734622
 11264.76469 1.0713677 0.0734595
 11276.03140 1.0913379 0.0719764
 11287.31591 1.1012408 0.0708341
 11298.60042 1.1111549 0.0696785
 11309.90363 1.1216089 0.0690009
 11321.20594 1.1234858 0.0685836
 11332.52695 1.1463104 0.0678745
 11343.86665 1.1734869 0.0674541
 11355.20635 1.1502764 0.0670734
 11366.56385 1.1698414 0.0666529
 11377.93916 1.2044358 0.0663162
 11389.29666 1.2196497 0.0659608
 11400.69066 1.2212714 0.0657801
 11412.10336 1.2115510 0.0654981
 11423.51516 1.2033666 0.0652808
 11434.94566 1.2116846 0.0646100
 11446.37615 1.2224551 0.0631549
 11457.82445 1.2413220 0.0625441
 11469.27364 1.2338052 0.0622093
 11480.74064 1.1954088 0.0615044
 11492.22543 1.2009965 0.0609649
 11503.72892 1.2221177 0.0596016
 11515.23241 1.2055506 0.0588677
 11526.73590 1.2294556 0.0585764
 11538.27589 1.2295561 0.0586319
 11549.81587 1.2229301 0.0586745
 11561.35497 1.2058624 0.0590579
 11572.91365 1.1885481 0.0592809
 11584.49013 1.1831437 0.0595604
 11596.08442 1.1705561 0.0601076
 11607.67870 1.1720275 0.0611272
 11619.27299 1.1726238 0.0611048
 11630.90466 1.1571486 0.0612536
 11642.53544 1.1318151 0.0617099
 11654.18492 1.0944518 0.0611955
 11665.83350 1.0590622 0.0605717
 11677.50078 1.0489095 0.0605357
 11689.18675 1.0336241 0.0616406
 11700.85403 1.0114384 0.0622925
 11712.55869 0.9888275 0.0613596
 11724.28027 1.0009898 0.0602216
 11736.00274 0.9844193 0.0599605
 11747.74301 0.9598204 0.0598920
 11759.48328 0.9545721 0.0595982
 11771.26005 0.9512197 0.0598100
 11783.01901 0.9422369 0.0592597
 11794.79578 0.9241430 0.0592077
 11806.60904 0.8975104 0.0593384
 11818.40362 0.9290139 0.0595844
 11830.21688 0.8978061 0.0591540
 11842.04884 0.8749526 0.0593597
 11853.89860 0.8723399 0.0599535
 11865.74836 0.8857170 0.0609999
 11877.61592 0.8828841 0.0611189
 11889.50218 0.8679371 0.0609620
 11901.38843 0.8370957 0.0615693
 11913.29338 0.8310524 0.0622657
 11925.19744 0.7993032 0.0630696
 11937.12020 0.7903810 0.0624718
 11949.06164 0.7978198 0.0623527
 11961.02000 0.7850417 0.0622334
 11972.97925 0.7709457 0.0624151
 11984.95719 0.7764988 0.0625533
 11996.93425 0.7729335 0.0621912
 12008.92999 0.7600746 0.0618594
 12020.94354 0.7568066 0.0616869
 12032.97578 0.7348680 0.0613989
 12045.00803 0.7137425 0.0612654
 12057.04027 0.7381592 0.0615854
 12069.10812 0.7349809 0.0611317
 12081.17686 0.6979551 0.0601492
 12093.26340 0.6796185 0.0589777
 12105.35083 0.6362476 0.0580758
 12117.45517 0.6087906 0.0573077
 12129.57910 0.6087490 0.0568861
 12141.70214 0.6064122 0.0563677
 12153.84298 0.5817749 0.0562000
 12166.00341 0.5770493 0.0548859
 12178.16294 0.5905163 0.0537365
 12190.34028 0.5924671 0.0531182
 12202.53631 0.6089936 0.0524390
 12214.73323 0.5964001 0.0520554
 12226.94707 0.6159422 0.0514092
 12239.17959 0.6219527 0.0511236
 12251.41212 0.6220298 0.0504395
 12263.68115 0.6363190 0.0502173
 12275.93237 0.6371443 0.0499117
 12288.21919 0.6351134 0.0495195
 12300.50691 0.6206336 0.0489648
 12312.81243 0.6146925 0.0489477
 12325.11795 0.6205307 0.0492832
 12337.44127 0.6104127 0.0495243
 12349.78329 0.5910898 0.0492798
 12362.12531 0.5636091 0.0489254
 12374.50382 0.5592397 0.0486785
 12386.86453 0.5833817 0.0481010
 12399.26085 0.5553743 0.0476790
 12411.65805 0.5479518 0.0478911
 12424.07217 0.5329912 0.0483310
 12436.50587 0.5360763 0.0481457
 12448.93869 0.5502099 0.0484808
 12461.39019 0.5260954 0.0486622
 12473.84170 0.5235200 0.0493721
 12486.31101 0.4964668 0.0502514
 12498.79901 0.4850535 0.0513552
 12511.30482 0.4625018 0.0522942
 12523.81151 0.4738109 0.0535900
 12536.33512 0.4898898 0.0545317
 12548.87831 0.4546334 0.0559288
 12561.42061 0.4103794 0.0573636
 12573.99941 0.4049536 0.0588386
 12586.56041 0.5161461 0.0422043
 12599.15701 0.5152724 0.0426967
 12611.75450 0.5019341 0.0432919
 12624.35199 0.5119388 0.0441230
 12636.98509 0.5155466 0.0448491
 12649.61908 0.5136469 0.0455669
 12662.27087 0.5114676 0.0460034
 12674.94135 0.4970491 0.0465689
 12687.61095 0.5080359 0.0471543
 12700.29923 0.5088574 0.0479643
 12713.00622 0.5235139 0.0488883
 12725.71320 0.5213370 0.0498674
 12738.43798 0.5153365 0.0503708
 12751.18057 0.4832535 0.0512726
 12763.94185 0.4859631 0.0519345
 12776.70313 0.4698942 0.0525414
 12789.46441 0.4973736 0.0533997
 12802.26218 0.4788214 0.0537900
 12815.07776 0.4663758 0.0542931
 12827.87554 0.4532434 0.0552495
 12840.70981 0.4488085 0.0558325
 12853.56278 0.4643189 0.0564095
 12866.39705 0.4832433 0.0566927
 12879.26782 0.4926199 0.0572520
 12892.15640 0.5041620 0.0570989
 12905.04497 0.5322263 0.0571272
 12917.95223 0.5624052 0.0575391
 12930.87730 0.5836004 0.0580343
 12943.80326 0.5914801 0.0581379
 12956.74702 0.6143418 0.0578302
 12969.70859 0.6186601 0.0575157
 12982.67016 0.6666585 0.0569070
 12995.65041 0.6732515 0.0570215
 13008.64848 0.6879622 0.0573735
 13021.66523 0.6982719 0.0575521
 13034.68199 0.7176704 0.0577508
 13047.71654 0.7268834 0.0580345
 13060.76891 0.7517074 0.0585791
 13073.82216 0.7578288 0.0591135
 13086.91191 0.7710849 0.0597168
 13100.00076 0.7626910 0.0598920
 13113.09051 0.7639556 0.0597942
 13126.19806 0.7753255 0.0599931
 13139.34211 0.7761066 0.0603355
 13152.46835 0.7754806 0.0607906
 13165.63020 0.7593687 0.0613763
 13178.79295 0.7774257 0.0621296
 13191.97349 0.7699123 0.0621327
 13205.17273 0.7520374 0.0624374
 13218.37107 0.7433892 0.0636236
 13231.58811 0.7236611 0.0648369
 13244.82385 0.7452003 0.0668171
 13258.07649 0.7394872 0.0668801
 13271.33003 0.7290007 0.0680151
 13284.60226 0.7160215 0.0681570
 13297.89229 0.7164769 0.0699569
 13311.18233 0.7036265 0.0709023
 13324.49016 0.6985195 0.0733325
 13337.81669 0.6853482 0.0732062
 13351.16103 0.7234425 0.0754312
 13364.50625 0.7109531 0.0772790
 13377.86927 0.6882594 0.0781999
 13391.25010 0.6646330 0.0784700
 13404.64963 0.6581682 0.0793532
 13418.04826 0.6273841 0.0809479
 13431.46647 0.6370629 0.0834959
 13444.90249 0.5921526 0.0848830
 13458.35631 0.5781569 0.0866235
 13471.81014 0.5548512 0.0881501
